curr_dens,Volts_tot,Temp_tot,t_tot,SOC_tot
3.56999403669242,3.74793123781846,287,0,28
3.56999403669242,3.74797200232278,286.999537454621,0.5,28.0016962839935
3.40974503521163,3.74772021622867,286.999062373149,1,28.0033164256144
-17.642645226341,3.70963563662986,287.00226178178,1.5,27.9949335161773
13.4603029884563,3.7656364870633,287.001021383705,2,28.0013291841455
-64.0444529280802,3.62738247509998,287.019999138028,2.5,27.970898438531
-5.75876820267177,3.73042470728282,287.02164493861,3,27.968162157679
-38.543191637253,3.67122569310601,287.030884270518,3.5,27.9498483458458
-25.5242274335345,3.69417447862465,287.036584044846,4,27.9377204996933
20.409640459998,3.7768804351595,287.034872820402,4.5,27.9474181479442
20.617413206549,3.77750217280835,287.032729723159,5,27.9572145194929
-43.5237486815795,3.66228313466553,287.043397922746,5.5,27.9365341941289
-20.635165624348,3.70285106161252,287.047853961452,6,27.9267293875123
-16.13841966376,3.71081252898684,287.050958285872,6.5,27.9190612114103
38.9292716603328,3.80902311390353,287.04912798368,7,27.9375584693099
8.00781649868948,3.7549008370521,287.047703932106,7.5,27.9413633862958
-13.4329852291527,3.71618282431735,287.049867161239,8,27.9349806983711
-16.1613811184848,3.71110027206058,287.052846921017,8.5,27.9273016121253
-32.794336487713,3.6809077310168,287.060314278851,9,27.9117193709534
1.58213824718466,3.74280570002133,287.06030725931,9.5,27.9124711245296
-0.86826293811741,3.73842568117759,287.06026647357,10,27.9120585690718
16.1035365987058,3.76901816816703,287.058455128401,10.5,27.9197101704725
-23.3080134195337,3.69796513922743,287.0628665906,11,27.9086353592325
-19.7870209751036,3.70409411961642,287.066808948668,11.5,27.8992335488612
-9.31219015619641,3.72291804735631,287.068423612499,12,27.8948088582471
-44.2622661716291,3.65989204765903,287.079729936589,12.5,27.8737776260231
14.4321515354097,3.76534790704016,287.078450904309,13,27.8806350681897
-11.2580478087,3.71908759464009,287.080084500562,13.5,27.8752858025887
-49.5715964208519,3.65017060497387,287.093453247952,14,27.8517318401233
-34.5766833367078,3.67628403525885,287.102011190302,14.5,27.8353027161835
16.6405073427686,3.76865493608056,287.10036884384,15,27.8432094594328
24.7766715809046,3.78334607425497,287.09784606431,15.5,27.8549821041441
-33.2848734384805,3.67891175366795,287.105057100354,16,27.8391667841576
-4.28212478813623,3.73112697544029,287.105852311975,16.5,27.8371321309729
-20.3941284045359,3.70185137803849,287.109707016229,17,27.8274418532809
-37.9983730551055,3.66992474674298,287.118972407106,17.5,27.8093869121995
31.2634077865687,3.7942439064252,287.116871671582,18,27.8242417320301
5.91628836227605,3.74949891257522,287.115521375351,18.5,27.8270528586445
-32.5306822709358,3.67991590688119,287.122646242178,19,27.8115958928717
-20.4862907050488,3.70134301978202,287.126828773098,19.5,27.8018618242283
-0.513424376803439,3.73748033855796,287.126813257483,20,27.8016178704448
-3.10690547833877,3.7328214755353,287.126989078034,20.5,27.8001416231519
1.49365539410005,3.74119039573985,287.126484341773,21,27.8008513340676
10.9292121906543,3.75829992276786,287.124830681862,21.5,27.8060443533025
14.553851149739,3.76496067849055,287.122798935949,22,27.812959621086
-29.743412360589,3.68494528386069,287.128948098436,22.5,27.7988270276471
4.4826425308871,3.74672141238456,287.12833528998,23,27.8009569569119
7.68523152811048,3.75259399856717,287.12697801431,23.5,27.8046085975291
17.329174049409,3.7700166335662,287.124791722612,24,27.81284256102
16.5234064316303,3.76878140677346,287.122592765006,24.5,27.8206936637278
28.7391446546149,3.7905868652697,287.120037516253,25,27.834349078993
-24.4406898282533,3.69520947527478,287.124485716076,25.5,27.8227360761364
6.46220331795744,3.75095170384864,287.123590649937,26,27.8258065944449
10.4284018984713,3.75817562451958,287.121972970705,26.5,27.8307616534833
-11.3072230053638,3.71894965372448,287.123501975209,27,27.8253890222693
-3.45390811625778,3.73308927968605,287.1238207957,27.5,27.823747896544
-10.9596407160708,3.71943489925243,287.125418123438,28,27.818540419184
2.8137971133791,3.74431794037605,287.124811591705,28.5,27.8198773959283
6.92851525466251,3.75179900813942,287.123573366362,29,27.823169482527
7.7879569181482,3.75343587562973,287.122210460039,29.5,27.8268699331515
-36.1387369292284,3.6740833199151,287.130319362078,30,27.8096985988666
2.20768034056993,3.74307273100076,287.130075957687,30.5,27.810747579001
7.80237560943259,3.75322956347397,287.128731134853,31,27.814454880672
-3.52579520506173,3.73283489110254,287.128858716062,31.5,27.8127795977698
-12.7242018701334,3.71610653936519,287.130810507223,32,27.8067336885215
36.928066196149,3.80470459617146,287.12862492162,32.5,27.824280072901
5.35023874373822,3.74918120053043,287.127283369697,33,27.8268222408288
-53.0829438094962,3.64421482672211,287.141578186302,33.5,27.8015998603465
-22.7895006482068,3.69762446248607,287.146504286186,34,27.7907714206425
-14.9908242834313,3.71154566814161,287.149150289577,34.5,27.7836485249121
-4.19949587884216,3.73103184527165,287.149586078957,35,27.7816531328843
-23.4354569710432,3.6960888342977,287.154092709712,35.5,27.7705177667934
17.4264420996517,3.76982490116203,287.152130325402,36,27.7787979472345
0.158726285297512,3.73895184929125,287.151549673938,36.5,27.778873366088
10.3856047916439,3.75745922438658,287.149900738161,37,27.7838080900651
-16.4414992776919,3.70897286486349,287.152495487638,37.5,27.7759959055719
-26.7485639774015,3.69013238355422,287.158019466136,38,27.7632863154555
-12.8981061431353,3.7149782835239,287.16024028528,38.5,27.7571577755273
1.52290890699692,3.74108127191294,287.159740394692,39,27.7578813862605
-30.6683467675028,3.68273423734521,287.166240246967,39.5,27.7433093098943
-0.356077091318127,3.73743617536746,287.16621066648,40,27.743140119732
-7.0521235262352,3.7253118597121,287.166962940393,40.5,27.7397893006172
2.91421401116484,3.74337704721112,287.166191631601,41,27.7411739904879
11.7755195330832,3.75944261535994,287.164335632634,41.5,27.746769132971
-4.12250665198637,3.73084328325501,287.164446820502,42,27.744810322403
-23.9579797602863,3.69479062042748,287.169058752912,42.5,27.7334266794146
-12.4544677558216,3.7154383224369,287.171133031721,43,27.727508934431
39.8361827404028,3.80867767697685,287.168833362794,43.5,27.7464371114674
-31.7617798005938,3.68086801426115,287.17526978667,44,27.7313454899891
-11.8100356366549,3.71666456581026,287.177277915496,44.5,27.7257339471665
3.72691291611118,3.74479307560116,287.176420595537,45,27.727504791224
-49.850185432727,3.64824700003271,287.189590044419,45.5,27.703818457086
6.08280459996326,3.74862866478038,287.188877047668,46,27.7067087039527
-12.0422976762134,3.71582276747919,287.190506838728,46.5,27.7009868017357
11.1458567145906,3.75779513508032,287.188782564813,47,27.7062827596966
9.5760162770351,3.75512837867949,287.186991618497,47.5,27.71083280739
-10.8226672898961,3.71826887967484,287.188316950973,48,27.7056904130044
-12.9492762036784,3.71430849748557,287.190295521035,48.5,27.6995375596029
22.7119127765787,3.77855976396317,287.187843074776,49,27.7103291334008
-5.80098831442367,3.72749197332184,287.188089216867,49.5,27.707572791647
-37.0998256525375,3.67077702093143,287.19664604031,50,27.689944795698
4.71709383719398,3.74616408414486,287.195909160042,50.5,27.6921861245881
-17.1723432747906,3.70647455438414,287.198671137667,51,27.684026679298
11.6743363088787,3.75866283644981,287.196932288831,51.5,27.6895737445346
-14.005347655835,3.71225272960295,287.198895551863,52,27.6829190983901
19.3272435525068,3.77240560013835,287.196576170845,52.5,27.6921024453481
-9.28531382826472,3.72096971860361,287.197480220177,53,27.6876905250312
-21.3937643639377,3.69887705438958,287.201408728702,53.5,27.6775252699415
0.571777418460337,3.73860476019134,287.201031147353,54,27.6777969501944
-1.87066631515402,3.73421236061681,287.200790003495,54.5,27.6769081023994
0.570898228982733,3.7386577831845,287.200200314451,55,27.6771793649051
1.00556777391504,3.73948326423852,287.199524055281,55.5,27.6776571608067
-24.8513216291708,3.6925335458055,287.204262611135,56,27.6658490460972
-28.2947693408399,3.68604171302089,287.210293263441,56.5,27.6524047759276
-0.59062355573219,3.7361165084473,287.21015749269,57,27.6521241409255
-57.3898980969145,3.6340151173158,287.22657671177,57.5,27.6248553095127
23.6444115192784,3.7791676133382,287.224481640469,58,27.6360899604348
-12.558798374354,3.71411166825773,287.225997224116,58.5,27.6301226427191
-37.4314610037055,3.66896503955004,287.234807196058,59,27.6123370701097
-41.2584694832612,3.66171141518925,287.245328042207,59.5,27.5927330929987
8.13535559483699,3.75090518505172,287.244105235588,60,27.5965986102335
-18.9147689322608,3.70184195254664,287.24724259577,60.5,27.5876112507446
-6.27693085662709,3.72473762886799,287.24789937164,61,27.584628764715
-20.2275696092823,3.69930276643626,287.251513016043,61.5,27.5750176274964
-9.49789318953045,3.71870301305321,287.25280866559,62,27.570504700017
-10.5496656040574,3.71674819957916,287.254195417296,62.5,27.5654920224839
-19.0227598332768,3.70124469460115,287.257547182914,63,27.5564533510782
3.93886660067858,3.74294996094478,287.256534523439,63.5,27.5583249050076
-0.738664584879546,3.73455629699926,287.255964031535,64,27.5579739282555
6.903755231355,3.7484836403622,287.254376526041,64.5,27.5612542501199
17.3978044986498,3.76749964240344,287.251752194283,65,27.5695208233943
19.6593908174651,3.77175934175049,287.248924359223,65.5,27.5788619902487
-15.0387733887041,3.70917759942093,287.250949105975,66,27.5717163114831
31.8886028021312,3.79344062708655,287.248160662299,66.5,27.5868681929577
-19.3897677181527,3.70151532931853,287.251103309673,67,27.5776551376191
9.42862894154827,3.7536870420519,287.249455727428,67.5,27.5821351541653
-8.46418914100074,3.7213380368056,287.250171102825,68,27.5781133915488
-7.49419582424292,3.72303312272559,287.25088060888,68.5,27.5745525216173
-27.7829446057563,3.68608195090146,287.256476603467,69,27.5613514451608
12.5220359788927,3.75900006480029,287.254606458376,69.5,27.5673012952107
-59.2441665364338,3.62999599362793,287.271640812114,70,27.5391514074595
0.631526413043238,3.73705243717085,287.271584921597,70.5,27.5394514774694
0.457027650217041,3.73680160022648,287.270812895597,71,27.5396686343273
9.96681558094798,3.7540879083075,287.268832844709,71.5,27.5444043704553
-10.5292931772169,3.71700127377732,287.269931720379,72,27.5394013728883
-8.87012874023466,3.71994746368771,287.270902889037,72.5,27.5351867279204
-13.2419269898581,3.71191845736701,287.272774220124,73,27.528894821389
-25.3212352057731,3.68982490060244,287.277744181434,73.5,27.516863427069
14.1895163422097,3.76139264846465,287.275626854629,74,27.5236055810333
7.40240694621538,3.74935506036773,287.273785699182,74.5,27.5271228374453
6.93708101449062,3.74863097110585,287.272066968553,75,27.5304189940679
-23.2249460267162,3.69386066973259,287.276204607302,75.5,27.5193836523304
-3.37859428526601,3.72978473653666,287.276292228978,76,27.517778312
-9.72813891247145,3.71821445491036,287.277344925868,76.5,27.5131559831797
-4.7747571876261,3.72717803121909,287.27752099956,77,27.5108872555272
-13.0813988816202,3.71201865037324,287.279298443361,77.5,27.5046716239862
-18.3895902456891,3.7022349708425,287.282413855479,78,27.4959338033454
-19.3955284867263,3.70023777674975,287.285851730341,78.5,27.4867180107755
-3.34760675394884,3.72934615761335,287.285880469963,79,27.4851273941821
-11.6463789799934,3.71422251519895,287.287335379598,79.5,27.4795936128807
-2.96012798763657,3.72999401140267,287.287205059848,80,27.4781871069671
-12.5322038691873,3.71254769719989,287.288844348994,80.5,27.4722324256403
-1.58513674651842,3.73243171157029,287.288490367632,81,27.471479247326
-27.9049447403539,3.6844982965282,287.294084976154,81.5,27.4582202024602
-17.2516384490351,3.70361066488547,287.297111771552,82,27.4500230800386
1.55816607418732,3.73780491550623,287.296306437981,82.5,27.450763443228
18.931084289246,3.76924046843351,287.293489069456,83,27.4597585549648
-8.60969874239166,3.7196053581185,287.294078991462,83.5,27.4556676534071
-28.2177852269705,3.68382502285866,287.299822088604,84,27.4422599622678
-33.0329623083536,3.67481789271964,287.307331039502,84.5,27.4265643379484
0.0185779738028948,3.73471632793666,287.306930418072,85,27.4265731652796
18.8081592355575,3.76873628660247,287.304094729938,85.5,27.4355098691315
14.6033944115089,3.76144775267983,287.30141291016,86,27.4424486774142
-16.3774306826266,3.70533380526927,287.303712547948,86.5,27.4346669351378
13.6551228475252,3.75979755409524,287.301458031137,87,27.4411551718345
18.5593196945468,3.76876955919155,287.298561737833,87.5,27.449973639486
-38.6794631911052,3.66522953883499,287.307339226387,88,27.4315950781733
4.08517355831996,3.74251780236916,287.30640179002,88.5,27.4335361499081
-21.0630127140757,3.69675897330519,287.309961880806,89,27.4235280515877
28.0772701653226,3.78539364761063,287.307011527581,89.5,27.4368689769433
-10.2513379579992,3.71664483231069,287.307806934851,90,27.431998049902
25.7577427852096,3.78154721790155,287.304820383093,90.5,27.4442368509607
-12.4251640928799,3.71291258186811,287.306082488307,91,27.4383330296235
7.55714918166102,3.74915361162646,287.304401773226,91.5,27.4419238118662
4.62688886945111,3.74394954686124,287.302882481392,92,27.4441222798324
-4.79638865407216,3.72688263107082,287.30283467655,92.5,27.4418432739805
2.04953885100662,3.73930615417703,287.301789802324,93,27.4428171131274
-17.1466191751881,3.70437106824182,287.304344417387,93.5,27.4346698906528
0.811037712272821,3.73693148420439,287.30361089476,94,27.4350552555233
-18.4534764732499,3.70185131516593,287.306504668171,94.5,27.4262870793178
-36.5236458102035,3.66891240753748,287.314930562564,95,27.408932855435
-41.7230031270478,3.6591704522162,287.325477980473,95.5,27.3891081549905
-11.0328256261476,3.7144068629551,287.327195100588,96,27.3838659037933
-0.862862705870331,3.73292099718646,287.326616192902,96.5,27.3834559142579
-48.7103651455803,3.64624740938779,287.339464669841,97,27.3603111661531
-16.1838474932131,3.70448908728018,287.342455314573,97.5,27.352621405001
-28.6500639689324,3.68165135296806,287.348445427414,98,27.3390083164568
-25.5483517647823,3.68703358261071,287.353678778323,98.5,27.3268690076193
12.1635812148619,3.75562423444053,287.351502924908,99,27.3326485377548
-10.1263526750362,3.71523725767987,287.352380744982,99.5,27.3278369975172
-7.1685240114685,3.72060568707062,287.352877058793,100,27.3244308706686
24.6363186141303,3.77810144064415,287.349665685902,100.5,27.3361368266156
2.53645226314465,3.73864600466807,287.348165004511,101,27.3373420228512
-3.94737109640482,3.72689750495863,287.347907887618,101.5,27.3354664280075
40.9687339581698,3.80697311016237,287.34481105,102,27.354932737176
9.55696110443758,3.75193381890916,287.34233083688,102.5,27.3594737307972
13.79671798975,3.75969649776302,287.339705656178,103,27.3660292464783
-3.26506681180628,3.72893200543804,287.339218753734,103.5,27.364477848769
1.61190534936104,3.7377889491101,287.338125847859,104,27.3652437461949
12.1760964536153,3.75695027444818,287.335733442083,104.5,27.3710292229508
-35.3834478298536,3.67068434672851,287.343345112376,105,27.3542167645622
-25.0517363459558,3.68897393318469,287.348352986671,105.5,27.3423134227256
-26.6346349388363,3.68583518516869,287.353710384129,106,27.3296579660342
13.3272752062816,3.75833553807425,287.351451255951,106.5,27.3359904258022
7.95115824550112,3.74881396355577,287.349335974752,107,27.3397684215981
19.9225521449988,3.77045778843963,287.346264754057,107.5,27.3492346296551
-35.5735510935297,3.67001185833152,287.353884400303,108,27.3323318436301
17.168103294511,3.76541829216644,287.351440686939,108.5,27.340489274292
0.75306602088874,3.7359667244197,287.3502507938,109,27.3408470938917
-3.6508660003009,3.72797660768896,287.349929097051,109.5,27.3391123835546
-0.0412637286966664,3.73453928523871,287.349060739312,110,27.3390927770786
14.5878442754654,3.76104460891625,287.346437489982,110.5,27.3460241967085
-40.9019180153096,3.66053453463429,287.355934127057,111,27.3265896351601
-5.62002547213984,3.72414456854987,287.356446656356,111.5,27.323919277968
25.865511482658,3.78089037286964,287.353239024391,112,27.3362092853633
2.66283580986025,3.73953028229729,287.351693549558,112.5,27.3374745327881
-41.5662666107206,3.65925021272912,287.361542719991,113,27.3177243057577
-18.2543286969195,3.70097543494062,287.364802506931,113.5,27.3090507546921
13.6682875979626,3.75891424287601,287.362387131725,114,27.3155452466248
-11.1350322836934,3.71401551296206,287.363366163021,114.5,27.3102544318963
-37.5227733826817,3.66595790268778,287.371992330644,115,27.2924254721761
-3.50315881212308,3.72748775434376,287.372056970331,115.5,27.2907609449644
-10.3587288969611,3.7149746379711,287.373042724091,116,27.2858389910786
-9.52995327394871,3.71642387068663,287.373928807577,116.5,27.2813108302381
-8.06662829611009,3.71904347752531,287.374508159713,117,27.2774779688048
-26.7457006798025,3.68489411273952,287.37968892289,117.5,27.2647697391853
-10.4298894751702,3.71443182686255,287.380958739949,118,27.2598139733243
-0.50314136241457,3.73252111166402,287.380175780056,118.5,27.2595749055189
12.6090080471605,3.75637439171322,287.377610561838,119,27.2655660803794
-7.63432649615754,3.71973631269856,287.377869036673,119.5,27.261938627307
-3.43423917789701,3.72736930815842,287.377546883967,120,27.2603068472851
-3.24243479334048,3.72772493257328,287.377147036041,120.5,27.2587662031878
6.79610836221622,3.74601067798317,287.375253411535,121,27.2619953766023
5.13525046105859,3.74310722309722,287.373477658041,121.5,27.2644353927677
-2.51734172060845,3.72926058951387,287.372869146141,122,27.2632392769134
-5.5789288597103,3.72367322717955,287.37288092447,122.5,27.260588446792
-21.6740510483703,3.69423267286867,287.376572797545,123,27.25029001338
-17.4951629218836,3.70164559440863,287.379385174006,123.5,27.2419771802146
10.3851389360583,3.75234128346575,287.377227590225,124,27.2469116828403
-20.8602859496337,3.69551201704099,287.380550160369,124.5,27.2369999102175
-0.264286119394995,3.73296114155494,287.379840465374,125,27.2368743345696
-8.50613022328661,3.71794446961346,287.380393279542,125.5,27.2328326436322
-41.3677182248058,3.65813001070668,287.390414193718,126,27.2131767569411
-5.82002899095796,3.72238849368044,287.390928059546,126.5,27.2104113680027
9.95674381053587,3.75112849674123,287.388650904601,127,27.2151423185253
31.2204473767451,3.78920536081389,287.385059562456,127.5,27.2299767257011
-21.4329958935591,3.69440867467892,287.388322036601,128,27.2197928297355
-34.5331186649323,3.6703754279848,287.396064586888,128.5,27.2033844055657
-2.83849628481985,3.72784492587297,287.395922306325,129,27.2020356930009
-7.95713306123757,3.71850507953629,287.396366816899,129.5,27.1982548582692
27.6546486326462,3.7827735115372,287.392959096758,130,27.2113949748464
26.7018617888114,3.78141361673659,287.389301154929,130.5,27.2240823744005
-44.6804773963276,3.65250858077093,287.400088734133,131,27.2028524289577
-14.5616988670888,3.70658763531123,287.40244280747,131.5,27.1959334323283
24.1046002906221,3.77656462071215,287.399202234544,132,27.2073867421162
59.2640036015595,3.83702742923116,287.397306361049,132.5,27.2355460554563
9.34157500881252,3.75103471096742,287.394608392867,133,27.239984708294
-15.8437164834977,3.70526422110571,287.396559780963,133.5,27.2324565605177
-3.39341170378817,3.72781829157519,287.396245545966,134,27.2308441796853
-13.8117574561874,3.70876336225495,287.397871369935,134.5,27.2242815179961
-8.1945638314202,3.71888500716565,287.398425617245,135,27.2203878679456
-19.9695138785087,3.69730139684554,287.401606743184,135.5,27.2108993460035
-29.0797886195355,3.68050579745681,287.407507868306,136,27.1970820736318
-11.7991355695636,3.71172955383989,287.409007052434,136.5,27.1914757099801
-17.0554265821865,3.70202606493919,287.411524858368,137,27.1833718177
6.4833939019866,3.74486877259953,287.409724233366,137.5,27.1864524047224
-5.58660504734929,3.72298286570451,287.409564353978,138,27.1837979272576
13.2375740852735,3.75718224895049,287.406914372833,138.5,27.1900877655047
-36.6962397308697,3.66646824842668,287.414938116365,139,27.1726515335564
-41.3731420899992,3.65762873586023,287.425256735603,139.5,27.1529930697137
5.21548566530758,3.74207912326331,287.423888773169,140,27.1554712096662
-18.1188682276231,3.6995376836925,287.426493680897,140.5,27.146862022693
0.632176068757818,3.73370301980574,287.42549858637,141,27.147162401387
-24.4600163285284,3.68786506622799,287.429854514691,141.5,27.1355402155366
-19.4893765231794,3.69671556436264,287.433150118131,142,27.1262798310373
-29.9888356641188,3.67738821902815,287.439425080372,142.5,27.1120306246245
-11.6801790135073,3.71058440760596,287.440912984731,143,27.1064807832246
1.2171767615131,3.73414899261599,287.439727866377,143.5,27.1070591252153
-61.1146657938224,3.62146157648558,287.457978572438,144,27.0780204690467
16.8032524881662,3.7619100042039,287.455547364439,144.5,27.0860045407123
-36.785827559708,3.66442236375247,287.463718510396,145,27.0685257410738
-14.0539416816898,3.70555843659915,287.46582110773,145.5,27.0618480054598
1.9526149678379,3.73483448259387,287.464494202799,146,27.0627757911876
-30.5576426393308,3.67539220523772,287.470727277314,146.5,27.0482563159291
8.18882451502459,3.74604403031446,287.468715360626,147,27.0521472389412
-33.5389721841302,3.66987148798142,287.475855726118,147.5,27.0362111838413
-20.4174743969844,3.69350299833707,287.479520171296,148,27.0265098132923
0.0250938050293339,3.73087852922703,287.478547146331,148.5,27.0265217366231
25.4943013563019,3.77698120031055,287.474777708346,149,27.0386353633889
0.562338494497974,3.73229879224634,287.473249135629,149.5,27.0389025587336
0.681338023604445,3.73257794182229,287.471929656731,150,27.0392262967488
3.13970592924491,3.73712836805078,287.470233836951,150.5,27.0407181291881
-1.64491006023508,3.72846843425319,287.469275651093,151,27.0399365495616
-30.4742343604901,3.67571744618431,287.475426326769,151.5,27.0254567057777
5.29195442050438,3.74088102160746,287.473770187042,152,27.0279711798877
3.55258713953152,3.73782439960887,287.471962930517,152.5,27.0296591929876
7.01831458077244,3.74422556175985,287.469706676423,153,27.0329939477693
2.20491480730483,3.7355753671202,287.468089096442,153.5,27.0340416138596
-9.2424064793739,3.71468470628043,287.468578146345,154,27.0296500809855
-11.4393606341349,3.71059023219383,287.469662804886,154.5,27.0242146645281
6.05543978238276,3.74251426197078,287.467692265012,155,27.0270919089916
9.61191252067673,3.74908365244073,287.465115189192,155.5,27.0316590127986
38.6884591913112,3.80080999471558,287.46137091383,156,27.050041848564
-13.0543430847228,3.70828642670225,287.462351206654,156.5,27.0438390725949
-7.6139411996759,3.71811793552654,287.462655918498,157,27.0402213056038
0.735790617915359,3.73332972089873,287.46142232554,157.5,27.0405709167894
14.6986856991069,3.75870209239229,287.458426879793,158,27.0475550027629
-46.9070064384837,3.64688162303737,287.470144883869,158.5,27.025267121218
-34.5821474348207,3.66848949476384,287.478152837176,159,27.00883540101
2.74167767330663,3.73638202958303,287.476902225525,159.5,27.0101381101756
6.37117966763238,3.74307958821935,287.474722224692,160,27.0131653785629
-25.8933800541312,3.68415164578779,287.479340209836,160.5,27.0008621294054
-12.6903083529615,3.70807225331902,287.480883400849,161,26.9948323246745
-13.5904878875893,3.70632892056256,287.482480559017,161.5,26.988374799303
-28.1307252051088,3.67960038035339,287.488025160369,162,26.9750084747655
-12.2723582599792,3.70838376394434,287.489513472718,162.5,26.9691772591765
-1.96238033687363,3.72723251277362,287.488735155592,163,26.9682448334301
25.3427317550488,3.77665045233736,287.484984929249,163.5,26.9802864418435
1.21852559571052,3.73343060071725,287.483316163511,164,26.9808654247332
-29.612033122768,3.6770249746041,287.489112412728,164.5,26.966795256188
-24.7333358498071,3.68561658992698,287.493822881494,165,26.9550432024654
0.838550187144641,3.73228782811055,287.492707861854,165.5,26.9554416398986
16.5097021866586,3.76081681592498,287.489432910878,166,26.9632862310293
16.1493025052713,3.76038942764544,287.486063841312,166.5,26.9709595781175
21.0130711492576,3.76931537961176,287.48239445824,167,26.9809439466847
0.569607291597897,3.7325754404645,287.48086366871,167.5,26.981214595801
-29.2468065328909,3.67803311033709,287.486495425848,168,26.9673179648057
-5.35244236031696,3.72146542545011,287.486513979831,168.5,26.9647747498287
10.973777217808,3.75122317618195,287.483848448323,169,26.9699889441528
25.5344996500643,3.77747818443957,287.48004304972,169.5,26.9821216711528
-51.2761306133352,3.63853674137042,287.493423285622,170,26.9577577986322
9.07553812023707,3.74770071684815,287.491513021856,170.5,26.9620700439435
-0.411443820998642,3.73055263029598,287.490223544786,171,26.961874546259
-14.3250615311189,3.70508247425047,287.49179943706,171.5,26.9550679879478
-46.4106529074031,3.64662639376662,287.503701680209,172,26.9330159489677
-12.7264572324057,3.70739381234634,287.50548605626,172.5,26.9269689680833
-16.4167809070443,3.70053332101923,287.507727241923,173,26.9191685285331
39.3245124610731,3.80081481548229,287.504026484727,173.5,26.9378535852461
-19.9906056321031,3.694378527082,287.506652756788,174,26.9283550415494
-18.5628003441423,3.69679817297634,287.50948461353,174.5,26.919534920066
-5.79146194706537,3.72007553587236,287.50941785439,175,26.9167831047691
-18.9276159635643,3.69594540944169,287.512194603384,175.5,26.9077896410085
4.36117246069287,3.73848888558152,287.510425118523,176,26.9098618537243
-20.36741359802,3.6932453406123,287.513476306344,176.5,26.9001842695825
-37.9953653234626,3.66090120067264,287.52235044052,177,26.882130757626
11.1672073553808,3.75044765870735,287.519935416238,177.5,26.8874368603518
4.8609009476435,3.73915913919779,287.517760996171,178,26.8897465192439
-19.5721334656121,3.69445111937898,287.520591359913,178.5,26.8804468127527
24.5761802382635,3.77466641322567,287.51695702181,179,26.892124193928
-2.38235870179114,3.72617862207065,287.515808583311,179.5,26.8909922153053
0.629814906089074,3.73170650377231,287.51440656936,180,26.891291472092
11.1570021828778,3.75092665006509,287.511578375008,180.5,26.8965927258263
-35.5494187371673,3.66570097007099,287.519158472383,181,26.8797014062995
-31.5442773370055,3.67257533466371,287.525983167915,181.5,26.8647131311976
-38.1100412418274,3.66031068369011,287.535051644815,182,26.8466051309358
3.34149884065977,3.73585996605958,287.533619028775,182.5,26.848192845352
13.590226646124,3.75461129649084,287.530445349623,183,26.8546502465945
-19.411570505039,3.6944097899791,287.533132587745,183.5,26.8454268316536
-19.028318764021,3.69493920047911,287.536079351572,184,26.83638551892
-24.2419123422166,3.68520715870269,287.540481255924,184.5,26.8248669652597
-10.3864970729921,3.71045782028468,287.541405592045,185,26.8199318173148
-14.9742818853083,3.70196762949486,287.543233685941,185.5,26.812816781711
-26.7243205451563,3.68027909926766,287.54835000886,186,26.8001187108704
4.03066792048495,3.73656141013733,287.54663765882,186.5,26.802033884231
9.33716916874873,3.74636026860938,287.543875505581,187,26.8064704436322
-6.82722660953768,3.71692634477176,287.543661892777,187.5,26.803226484371
-51.5779114519355,3.63534271525351,287.557756662898,188,26.7787192205728
-23.1438179693836,3.68633958037066,287.562307296898,188.5,26.767722426862
10.0491669676568,3.74713375822141,287.559713202062,189,26.772497292282
7.81571630826716,3.7432517146108,287.557044987909,189.5,26.776210932791
18.7112856154534,3.76313243656234,287.553316989279,190,26.7851016071063
-19.0298473083496,3.69438142415013,287.555829561644,190.5,26.7760595680842
-42.6676949422451,3.6510676644413,287.566438744498,191,26.7557859969726
-15.0745314481062,3.70104584848143,287.568669817477,191.5,26.7486233277517
0.742272859452111,3.73006392728769,287.567281612274,192,26.7489760189768
-23.7218187121672,3.68512353358074,287.571302865547,192.5,26.7377045879982
25.002348664873,3.77390100734339,287.56748475912,193,26.7495844632598
-11.9581802234998,3.70694091234356,287.568188993138,193.5,26.7439025294817
-4.55764142924718,3.72048556801222,287.56769876388,194,26.7417369644625
-10.0353477612356,3.71041001136079,287.568254199633,194.5,26.7369686652435
16.455541069161,3.75878907457087,287.564848312147,195,26.7447875216992
14.3403013443113,3.75519388300903,287.561391281352,195.5,26.7516013212133
-21.0728734434561,3.69050958889571,287.564457663761,196,26.7415885375637
-11.6760076522689,3.70759118142659,287.565555195071,196.5,26.7360406781877
-16.7471443014176,3.69816947960816,287.56776827701,197,26.7280832663479
-37.8461525755463,3.65939090522789,287.576551981034,197.5,26.710100652884
18.8273387260024,3.76274947720912,287.573258064615,198,26.7190464698779
-5.97138053954271,3.71778685969177,287.572719712795,198.5,26.7162091661949
32.8527354643015,3.78790799738229,287.56855243255,199,26.7318191556623
4.67900659291555,3.73773154984693,287.566090558987,199.5,26.7340423873842
-36.5411878232399,3.66223365734107,287.574066283097,200,26.7166798284074
6.74886196847389,3.74123063818495,287.572017905641,200.5,26.7198865526803
19.3729195325997,3.76421279078989,287.568225676097,201,26.7290916025972
-6.15604892495896,3.71795682465765,287.567701578246,201.5,26.7261665536623
-30.9479863901653,3.67239044121488,287.573898483827,202,26.7114616064255
13.6237256626814,3.75376364714911,287.570987746546,202.5,26.7179349247381
20.3895888340576,3.76613924405995,287.567078496579,203,26.7276230454515
-1.20198619592041,3.72717364079191,287.565633278103,203.5,26.7270519212638
-16.3608518282726,3.699321408644,287.567574231178,204,26.7192780564362
-41.7007396895745,3.65287321174512,287.577658438874,204.5,26.6994639344723
-10.1188253994427,3.71020654989184,287.578645876762,205,26.6946559708225
-11.5681009199101,3.70747858372543,287.579565826024,205.5,26.6891593833705
-35.642842439185,3.66322386218905,287.587469796297,206,26.6722236735369
-19.7876772722486,3.69190114944494,287.590771582792,206.5,26.6628215513258
-7.1568634095585,3.71502623849477,287.590851278232,207,26.6594209650165
-23.8504383242763,3.68425534079183,287.594954587611,207.5,26.6480884203813
-41.0152745216419,3.6526693216949,287.60505725753,208,26.6285999974468
29.9326482265898,3.78172603463177,287.601161418201,208.5,26.6428225063778
2.43165637847904,3.73249322454911,287.598974885692,209,26.6439779088099
0.950696963472414,3.72986348606248,287.597274457427,209.5,26.6444296328254
-53.6323607693345,3.63022224502693,287.612158890843,210,26.6189461966705
-3.42465680758928,3.72134014633421,287.611910772626,210.5,26.6173189697154
-14.0432478072893,3.70179350123797,287.613322442559,211,26.6106463152998
16.6288284500594,3.75793768442169,287.609794277392,211.5,26.6185475093188
-9.89480167584147,3.70962985803211,287.610025713456,212,26.6138459906246
-16.0421678805436,3.69823453012064,287.611983880606,212.5,26.6062235485932
5.43549548306166,3.73765711968465,287.609763852336,213,26.6088062262924
41.4353741505707,3.80194934933781,287.605468323608,213.5,26.6284942597218
-8.87096610482296,3.71200583270004,287.605251636424,214,26.6242792168797
-33.7140242261582,3.66628473911884,287.612379844993,214.5,26.608259985737
-7.97157280834335,3.71324990055639,287.612732319482,215,26.604472289954
-28.8397643707776,3.67478579377344,287.618296134387,215.5,26.5907690651933
-37.6100988721812,3.65846010536952,287.627135458409,216,26.5728986127343
19.5908998170456,3.7629640265789,287.623614256772,216.5,26.5822072360645
-21.7427767043216,3.68747849128435,287.62677870566,217,26.5718761476315
-21.0037754789972,3.68864374918527,287.630183833419,217.5,26.5618961959054
-6.7163952891242,3.71484264433939,287.630107597254,218,26.5587048981873
-38.7048646951068,3.65600416430639,287.63910786864,218.5,26.5403142673406
-4.59959183869804,3.71837768582325,287.638827907521,219,26.5381287695687
-14.4092935156011,3.70028728573803,287.640310702489,219.5,26.5312821883988
-18.4438355600236,3.69274427551407,287.642946785045,220,26.5225185930768
-19.5807160941365,3.69050823760925,287.645946063189,220.5,26.5132148085464
-16.3438586718383,3.69634406421314,287.648099215785,221,26.5054490180234
-18.2996004775111,3.69262355178911,287.650732294562,221.5,26.4967539560544
27.1465438232872,3.77559421107228,287.646454995141,222,26.5096526464426
-42.4280477083035,3.64866647135939,287.656539259364,222.5,26.4894929438032
-11.7570772234317,3.70458047776755,287.657833527114,223,26.4839065641903
-36.1876117181892,3.65950263840735,287.666037279524,223.5,26.4667120070313
-1.45877206614708,3.72324090437674,287.665084238353,224,26.4660188709419
-31.4426824696162,3.66792180120066,287.671530462871,224.5,26.451078868679
-25.2616681669829,3.67900785639086,287.676366605804,225,26.4390757776596
19.607943072479,3.76137933224784,287.672501630672,225.5,26.4483924990988
14.5426629193266,3.75250556014752,287.668639698561,226,26.4553024507905
-29.0878256385515,3.6723768581329,287.674079602477,226.5,26.4414813596263
4.81582435582911,3.73471564332899,287.671952079865,227,26.443769600359
23.2885120135137,3.7683850910023,287.667551055746,227.5,26.4548351454987
-20.8719050558947,3.68774992057989,287.670387690892,228,26.4449178520532
7.10206586429821,3.73918313393233,287.667833908291,228.5,26.4482924012885
-0.466336214983067,3.72541690666061,287.666163892975,229,26.4480708214626
18.5518129303481,3.7601869082526,287.662171194344,229.5,26.4568857222723
13.162569044439,3.75067393529999,287.658512500404,230,26.4631399218463
11.1040664277747,3.74710897408124,287.655140692897,230.5,26.4684160231369
-12.5192841038674,3.70384125544165,287.655896973523,231,26.4624674806415
-11.8827645417937,3.7049040512376,287.656757422116,231.5,26.4568213806526
14.1537394138672,3.75261123779863,287.653314586865,232,26.4635465351961
-23.3749894546077,3.68380690029387,287.656898936804,232.5,26.4524399002681
-18.1334440772221,3.69323165810558,287.659451075071,233,26.4438237875745
-53.8936987355398,3.62784945433148,287.674690453192,233.5,26.4182161765878
-13.7367201627368,3.70061203748738,287.676566118954,234,26.4116891688964
-22.9163577691955,3.68355398825693,287.680387763953,234.5,26.4008004529842
37.8517913798077,3.79386748643553,287.675948161277,235,26.4187857457281
16.7869366824692,3.75691281502791,287.671745259391,235.5,26.4267620649326
-25.8256506902507,3.67880781864099,287.676025850157,236,26.4144909974075
-32.8602191660163,3.66560836162936,287.683077201259,236.5,26.3988774520565
17.8069913727295,3.75845470768647,287.679455620986,237,26.4073384506262
-7.72936424682843,3.71192288646764,287.67905578761,237.5,26.4036658403313
0.411853982589463,3.72691128155182,287.677350668531,238,26.4038615329042
-3.99105882628846,3.71885188609834,287.676361524178,238.5,26.4019651798194
18.107805838991,3.75927237458963,287.672415526637,239,26.4105691104945
13.4498518813253,3.75107468812309,287.668705122906,239.5,26.4169598126153
-23.1441996704472,3.68394015784628,287.672191218435,240,26.4059628375391
-15.9219071034022,3.69702899797901,287.67412872391,240.5,26.3983975374607
-7.99863951065314,3.71153592291782,287.67413513161,241,26.394596980924
17.7974124970222,3.75874703121549,287.670264518498,241.5,26.4030534280874
-44.1058679848501,3.64542727860331,287.680918022653,242,26.38209650852
-19.2898844151922,3.69039809894957,287.684037629086,242.5,26.37293091277
-7.73324479522227,3.71161247214402,287.684026341297,243,26.369256458631
0.489326452336391,3.72676999037455,287.68229900247,243.5,26.3694889622767
3.43702035722102,3.73225912532216,287.680007065691,244,26.371122063777
-0.960780642952522,3.7242576457762,287.678419423731,244.5,26.3706655484974
-9.20023621255063,3.70908170743008,287.678514959382,245,26.3662940528412
-29.1071976505695,3.67225701747626,287.684111173385,245.5,26.3524637570583
-31.7403040251188,3.66711105186446,287.690853238223,246,26.3373823398027
25.7710970948654,3.77230827233974,287.686674790847,246.5,26.3496274861666
-34.4784450951168,3.6621711420068,287.693736437773,247,26.3332450401638
13.320532469555,3.74989328279286,287.690525156456,247.5,26.339574296118
-6.45940245411099,3.71376484485996,287.689880076698,248,26.336505108641
-8.49901048027297,3.70997407895473,287.689868007676,248.5,26.3324668006521
-6.40648451639902,3.71380405520534,287.689436189675,249,26.3294227571528
38.8784389628897,3.79552071808029,287.684851066981,249.5,26.3478958618774
-17.9206679674779,3.6930022124103,287.686664595179,250,26.3393808498314
-18.589841460756,3.6915858054924,287.689212722099,250.5,26.3305478797514
-23.0857151209978,3.68310106455392,287.693046389098,251,26.3195786936306
24.3466304696661,3.76986852564043,287.688842998807,251.5,26.331147004148
-49.7733634442555,3.63449619555175,287.701784364999,252,26.3074971720064
-2.48516737518285,3.72079679416236,287.701080383809,252.5,26.3063163438044
20.0739667068406,3.76206017890648,287.696878168601,253,26.3158544965467
20.9528701387566,3.763903495109,287.692437972697,253.5,26.3258102605815
23.5239347557212,3.76877018783148,287.68787713768,254,26.3369876669246
-20.3797121120616,3.68864279945798,287.690436691291,254.5,26.3273042391393
-8.83927537758418,3.70975656515089,287.69061749665,255,26.323104254158
-8.91180009150601,3.70955666482788,287.690686312646,255.5,26.318869809032
-18.5557550015753,3.69165706293413,287.69310151199,256,26.3100530351457
3.4083104772824,3.73205132595196,287.690989026451,256.5,26.3116724951359
-39.9143029188406,3.65231696586852,287.700167874587,257,26.2927071992677
-49.1701449165305,3.63506134785019,287.713655759845,257.5,26.2693439866338
-14.5983882772664,3.69794792370389,287.715605978363,258,26.2624075570175
-15.0820686873536,3.6969630117429,287.717225446686,258.5,26.2552413064746
-33.5760951587133,3.66269002307932,287.724445594156,259,26.2392876123796
-5.26858736530886,3.71475223060264,287.724047250468,259.5,26.2367842411346
3.98927712895096,3.73188346612868,287.721630679012,260,26.2386797476452
-13.8880141150014,3.69892747512317,287.722734757921,260.5,26.2320808525762
45.7891796604273,3.8064724449136,287.718281956379,261,26.253837598312
15.1640888202572,3.75292175546925,287.714045599045,261.5,26.2610428207515
5.48064434829153,3.73544543831557,287.711220715197,262,26.2636469509508
-23.3070581783351,3.68236497038232,287.714779908274,262.5,26.252572593594
-7.06056708113788,3.71219083407386,287.71458531569,263,26.2492177625209
3.99653467070669,3.73256256580704,287.712197799606,263.5,26.2511167174552
11.1429211938405,3.74574095310024,287.70874457191,264,26.2564112806024
-22.8898862071092,3.68313532910498,287.712132247339,264.5,26.2455351426628
-24.6476536113289,3.67964916566023,287.716435119822,265,26.2338238008877
-12.1901340520686,3.70246237677595,287.71741795523,265.5,26.2280316541617
-0.676753094473143,3.72368669225287,287.71585840471,266,26.2277100946773
16.5497189653709,3.75527628643118,287.7118782724,266.5,26.2355736997953
-31.0593867766526,3.66781131566367,287.71778228491,267,26.2208158206235
31.3103329476979,3.78162347158198,287.713361761326,267.5,26.2356929369618
-16.9686025083191,3.69393865882369,287.714936510936,268,26.2276302991726
-2.02457443499712,3.72143329657065,287.713669948269,268.5,26.2266683218773
-9.19328623844071,3.70819758229466,287.71369035062,269,26.2223001285039
-15.4829275048356,3.69648552795891,287.715285366404,269.5,26.2149434097449
0.589416942382902,3.72609181874088,287.713541985069,270,26.2152234714242
-19.7839219764997,3.68844606411365,287.716177128238,270.5,26.2058231335432
-4.77411252170236,3.71606632725275,287.715478261489,271,26.203554712204
1.09494722105977,3.72690825747872,287.713531420517,271.5,26.2040749767831
2.25108946993512,3.72910232102533,287.711335693877,272,26.2051445827815
-25.6730211991565,3.6775179777579,287.715670804554,272.5,26.1929460372159
-10.7549638395245,3.70488144874027,287.716334144709,273,26.1878358121498
-3.4599154455089,3.71832603830434,287.715277590346,273.5,26.1861918320398
-50.8008763938831,3.63126792238425,287.72901939471,274,26.1620537767383
-32.5281432884786,3.66397761366828,287.736342965823,274.5,26.1465980173639
-5.98883862056117,3.71284140382909,287.736052653589,275,26.1437524184673
0.560460168865896,3.72498519354101,287.734180137478,275.5,26.1440187213249
38.3980082066215,3.79324688727632,287.72928306751,276,26.162263549197
-22.0504994537095,3.68368498534946,287.732210578365,276.5,26.1517862461852
-36.3560618730874,3.65708325971867,287.740426320554,277,26.1345116498725
13.8045245732963,3.74933305549861,287.737042275235,277.5,26.1410708748547
-52.1141420196408,3.6282806920311,287.751211393708,278,26.116308820903
21.9151878006197,3.76373471414925,287.747302808995,278.5,26.1267218305324
-9.25130252573188,3.70686573298367,287.747074180514,279,26.1223260706986
-25.4991716155695,3.67668076495477,287.751496835534,279.5,26.1102101298273
-9.27848425269633,3.7065408111979,287.751782254805,280,26.1058014545857
-36.2233396615261,3.65661562678505,287.759848990146,280.5,26.0885899212811
-39.841344340399,3.64958926931041,287.769662064298,281,26.0696592917086
-19.8545779932736,3.68610541055469,287.772868452108,281.5,26.060225381595
-16.5011316050493,3.69220587779514,287.774889511149,282,26.0523848627793
-34.5168603911495,3.65870124303694,287.782527840066,282.5,26.0359841637343
-6.85995192498763,3.7097494390364,287.782395931365,283,26.0327246550273
-7.56109189866554,3.70847142619406,287.782072504815,283.5,26.0291319994012
-33.1823969517516,3.66087339888375,287.789130836477,284,26.0133653711555
10.4692867270757,3.74156956598996,287.78595303508,284.5,26.0183398566353
2.77221234624577,3.72759642697603,287.783424361879,285,26.0196570743621
-32.8710651596648,3.66151734280317,287.790216523975,285.5,26.0040383755331
-13.1984440799235,3.69773912060122,287.791522152985,286,25.9977671299226
2.12058956228086,3.72616101654898,287.789341563985,286.5,25.9987747288413
-9.04830197066162,3.70552893302569,287.789225900876,287,25.9944754247967
-1.43348289384835,3.71966614276591,287.787636997215,287.5,25.9937943048668
9.01993454474725,3.7390428336038,287.784275919688,288,25.9980801301185
25.9234233337975,3.76989159268939,287.779292086523,288.5,26.0103976543515
9.93489378239945,3.74123676011666,287.775586256511,289,26.015118222825
-32.5108067718562,3.66277274420777,287.782061230882,289.5,25.9996707009029
15.7832078713161,3.75177142683704,287.778296499613,290,26.0071700979897
-7.34793740731502,3.70937766313803,287.777640112552,290.5,26.0036787227993
-31.1432653467777,3.66517022692236,287.783842693825,291,25.9888809886937
-63.5879016586183,3.60589037111528,287.804056613846,291.5,25.9586671735846
-17.4942296811715,3.68945901692523,287.806907330389,292,25.9503547838489
23.0909914936262,3.76420740165253,287.802259348922,292.5,25.9613264770402
3.25716273899634,3.72830061502906,287.799484445575,293,25.9628741191263
-20.725737268817,3.68383265578787,287.802314732464,293.5,25.9530262773592
-35.7357259062955,3.65583557919155,287.810351167868,294,25.9360464339116
-17.6072069667895,3.68910171878932,287.812803392061,294.5,25.9276803629767
-4.20085140943172,3.71396451776415,287.811808407383,295,25.925684326868
7.63760282410383,3.73593125549975,287.808601079814,295.5,25.9293133366888
-6.72645233690087,3.70947599316799,287.807854415694,296,25.9261172603607
-4.6222971947465,3.71338632145667,287.806813242508,296.5,25.9239209741304
-59.1014044116617,3.61306047028678,287.82456316984,297,25.8958389198559
-31.9660442103299,3.66186245773283,287.831864293082,297.5,25.8806502420674
-8.18415968557525,3.7058806163616,287.831899851722,298,25.8767615355507
5.59086084249248,3.73149216200672,287.828994630482,298.5,25.8794180351582
-57.6585369598916,3.61478463133177,287.846068786367,299,25.8520215598897
19.6252244385192,3.75682077686477,287.84207388913,299.5,25.8613464925765
-2.46831441842635,3.71645766643214,287.840284237866,300,25.8601736720631
-5.30390089256745,3.71123802945568,287.839288077021,300.5,25.8576535215825
24.861314436657,3.76664803936281,287.834292374833,301,25.8694663843782
-7.71022835714912,3.70714993056338,287.833542197902,301.5,25.8658028665083
11.0750920498901,3.74191405216545,287.829852395494,302,25.8710652006125
-0.344775579102686,3.72101554386223,287.827735635974,302.5,25.8709013803679
-8.49838926287065,3.70590745765614,287.827399093433,303,25.8668633675508
7.70330765694106,3.73590953119788,287.824183438535,303.5,25.8705235970473
0.417717403622186,3.72258670359003,287.821970294298,304,25.8707220756269
-12.8620786434904,3.69794549111969,287.822657545818,304.5,25.8646106541786
-18.6158166804006,3.68712426557578,287.825009884122,305,25.8557653419633
18.9308614685674,3.75639279370959,287.820649961944,305.5,25.8647603478268
-31.0902070579531,3.66408545162567,287.826518918605,306,25.8499878243868
-4.79512226664984,3.71268384803781,287.825749361741,306.5,25.8477094202594
-11.4015597632123,3.70038750926007,287.826145666906,307,25.8422919648999
3.17842733605968,3.72742363145803,287.823657706008,307.5,25.8438021958301
24.5657424438711,3.76657015998008,287.818679053415,308,25.8554746174835
27.0592559120593,3.77133778468155,287.813435900448,308.5,25.8683318329882
-22.3194980271462,3.68082024861208,287.816394090724,309,25.8577267152043
-22.4612583935696,3.68031367231053,287.819925724153,309.5,25.8470542399296
-18.1541979869374,3.68809971109112,287.822250408693,310,25.8384282660081
-6.13310386344625,3.71033169450934,287.82159981129,310.5,25.8355141194277
-17.8132084558434,3.68855791900289,287.823652138304,311,25.8270501668087
16.560879260756,3.75203729180868,287.819500375398,311.5,25.8349190747452
-3.76643018189207,3.7148261164636,287.817998528313,312,25.8331294540443
-19.3405272092283,3.68583119678777,287.820437317312,312.5,25.8239397953518
-16.9552860107779,3.6900935977628,287.822412767433,313,25.8158834849014
-14.9607241874845,3.69366868499711,287.823841101758,313.5,25.8087748912427
36.8678616274961,3.78818701121447,287.818728027231,314,25.826292669399
-17.333567633839,3.68964674864441,287.820226156937,314.5,25.8180566182948
2.64024028658563,3.72663053898208,287.817901884156,315,25.8193111294484
29.9446590454039,3.7763386878463,287.812752416878,315.5,25.8335393453244
-20.7254780107268,3.68366510048214,287.815224120014,316,25.8236916267439
-7.07789868503143,3.70885233763464,287.814797958642,316.5,25.8203285605528
-23.2632103752092,3.67868134086194,287.818393773636,317,25.8092750374959
-21.2509122551311,3.68218569539329,287.821606280103,317.5,25.7991776586388
-2.04617218616181,3.71775559030785,287.820168443148,318,25.798205419164
-2.92143304318685,3.71616543039526,287.818683460636,318.5,25.7968172991676
-33.3710259192543,3.65954845635473,287.825572232168,319,25.7809610437979
2.06412901585552,3.72511713405105,287.823538521363,319.5,25.781941815467
-8.06096685684615,3.70638446243988,287.823086851172,320,25.7781116440687
-17.0374180998846,3.68961212131918,287.824959399932,320.5,25.7700163085256
6.72762496546067,3.73366810211957,287.821983059452,321,25.7732129420287
-27.4100626471595,3.67030667634393,287.826773827516,321.5,25.7601890405734
10.8440629011237,3.74113600777872,287.823356551256,322,25.7653416010916
28.0411181956542,3.77247066517153,287.818140390889,322.5,25.7786653488253
-28.7807370595959,3.66810972662905,287.8231312128,323,25.7649901709135
-31.3203566975753,3.66308062219475,287.829615826464,323.5,25.7501082917867
-16.461196244106,3.69040052848519,287.83161800857,324,25.7422867482726
-3.10838282911645,3.71517830710611,287.830320194717,324.5,25.740809799016
-13.0973083645114,3.69658675602491,287.831114584841,325,25.7345866080782
-6.3649321078733,3.70906063727349,287.830453046386,325.5,25.7315623082213
-8.6832791174546,3.70473106052391,287.830230248355,326,25.727436444921
-12.3690401513268,3.69781665001056,287.830909615717,326.5,25.7215592908955
-25.5133790419773,3.67321110748383,287.835335948811,327,25.7094365993602
-15.093424683583,3.69241378079442,287.836924017358,327.5,25.7022649530115
14.2788163187241,3.74683215869211,287.832917341326,328,25.7090495378928
-51.416534157552,3.62539380451485,287.846924242308,328.5,25.6846189525761
-6.92768532694454,3.70727278007018,287.846885520362,329,25.6813272603179
-7.09146105080204,3.70697335225117,287.846307728435,329.5,25.6779577499637
-13.888986023471,3.69426767643526,287.847358050771,330,25.6713583930921
-59.5567036053162,3.60993151472054,287.865579816898,330.5,25.6430600032364
17.2474376296305,3.75134649999149,287.861759083678,331,25.6512551296371
26.4930028625711,3.76834648512718,287.856357672031,331.5,25.6638432897949
30.9965195437782,3.77672525540245,287.850765410659,332,25.6785712975777
-20.9388531136378,3.68154901838061,287.853301351005,332.5,25.6686221937376
-21.0269739774765,3.6811763233134,287.856408136852,333,25.6586312192364
-40.642913328022,3.64456102639532,287.866281503271,333.5,25.6393197238614
-31.1482506682874,3.66167409846014,287.872953471863,334,25.6245196209784
4.67583197577106,3.72825312991008,287.870352956106,334.5,25.6267413442797
7.14434111218348,3.73296154511732,287.866960118172,335,25.6301359806148
31.4170114639429,3.77717238228962,287.861474943367,335.5,25.6450637852897
1.76057348828536,3.72355818494925,287.85872582335,336,25.6459003224371
-15.1858040097802,3.69203007250738,287.859931260058,336.5,25.6386847820172
-11.9573415168431,3.69793278032997,287.860514139143,337,25.6330032467509
-15.9652214853829,3.69035711295782,287.862092917745,337.5,25.6254173658277
-16.6978860739033,3.68885698514864,287.86392414063,338,25.617483359053
-28.1360769064334,3.6673655633829,287.869221330276,338.5,25.6041144916526
12.1625403373806,3.74216318474662,287.865521879373,339,25.6098935272148
12.1520712884894,3.74234680505287,287.861396527655,339.5,25.6156675884045
-16.7478187969238,3.68880497471393,287.862927064194,340,25.6077098560779
-45.3235873583979,3.63561846585589,287.874635314108,340.5,25.5861743366975
-6.85645622612584,3.70668551577365,287.874429820524,341,25.5829164889731
42.175797498497,3.79569812252101,287.869042229126,341.5,25.6029563348315
-35.8121078289767,3.65327640870994,287.876382963613,342,25.585940198485
12.3146679221086,3.74246202724455,287.872746281961,342.5,25.5917915175256
16.8049126361045,3.75087408477446,287.868098743181,343,25.5997763780111
9.21332655121191,3.73718759526841,287.864307756373,343.5,25.6041540935466
9.41740723393027,3.73770679465592,287.860572061936,344,25.6086287780943
-12.7371838815819,3.69668155373528,287.861046097471,344.5,25.6025767004385
-1.0313790611901,3.7183994903654,287.85921528276,345,25.6020866402942
29.4261387153378,3.77405643061926,287.853962181959,345.5,25.6160684810426
-7.56480193071986,3.70664322594839,287.853052012294,346,25.6124740625934
-31.6779137621553,3.66164836542369,287.859302407678,346.5,25.5974222900944
-22.0442543564535,3.67920826510664,287.862794166837,347,25.586947954443
-39.1908677580427,3.64714501042421,287.872042417977,347.5,25.5683263990603
-26.6419876222089,3.66998166448889,287.877117019868,348,25.5556674487386
-7.6295565948878,3.7052786007029,287.876814431696,348.5,25.5520422620866
3.34181928012218,3.72571708682249,287.87412827419,349,25.5536301287597
6.02556580961807,3.73079951863772,287.870901696141,349.5,25.5564931785939
17.4636856745819,3.75194321472093,287.866253529934,350,25.5647910553335
-8.22987544971584,3.70466001183293,287.865592356897,350.5,25.5608806269545
-13.1177520052299,3.69547638797097,287.866358713191,351,25.5546477222133
4.42853113532574,3.72807891366453,287.863576072198,351.5,25.5567519404283
8.55315379978905,3.73580561939706,287.859999959328,352,25.5608159746356
-19.1778918904756,3.68430873348256,287.862203160485,352.5,25.5517035921753
17.3514494286666,3.75191169202175,287.857869769594,353,25.5599481398209
12.627579377582,3.74350892808716,287.853677298362,353.5,25.5659481388559
-13.4275244987016,3.69532373135385,287.85430028276,354,25.5595680455993
7.84525893684602,3.73477272290504,287.851039616154,354.5,25.5632957232993
-13.5835478616456,3.69504235653503,287.851754455564,355,25.5568414954837
-29.086752701141,3.66599409232409,287.857240461034,355.5,25.5430209141261
-9.69595021374059,3.70188185408827,287.857447133466,356,25.538413879778
5.18996870206554,3.72954127733049,287.854527693154,356.5,25.5408798953359
-15.05024791638,3.69193187522063,287.855663907135,357,25.5337287644442
-30.097677717086,3.66371592030716,287.861549273748,357.5,25.5194278416894
-11.2561186603205,3.69859616566358,287.86215397734,358,25.514079492724
-1.53601933777415,3.71668778346032,287.860415585045,358.5,25.5133496525647
4.98285524236712,3.72884979253746,287.857434413224,359,25.5157172580853
-27.2912206485411,3.66872972698549,287.862179066137,359.5,25.5027498244499
-15.3702630242047,3.69073081894882,287.863796838652,360,25.4954466382607
-20.5438979695315,3.68092899729932,287.86671643198,360.5,25.4856851975042
-3.62073252232568,3.71242539182652,287.865500821166,361,25.4839648051004
-8.2725209891093,3.70375972981735,287.865096670073,361.5,25.4800341136775
-15.2300875655727,3.6907030298064,287.8664598737,362,25.4727975319096
34.5974797607266,3.78208471380075,287.861135950066,362.5,25.489236537278
-31.9115478664059,3.659940319804,287.867161127157,363,25.4740737534475
-8.39095635515877,3.70355417748864,287.867107872431,363.5,25.4700867874164
1.00817023501228,3.72106731722231,287.864855235233,364,25.4705658198783
14.2725113603223,3.7456549683868,287.860591063805,364.5,25.4773474089564
26.249796874533,3.7675898615815,287.855280527471,365,25.4898200096985
12.7653483989584,3.74342463610946,287.851005428645,365.5,25.4958854697352
-7.55176929076929,3.70592739868496,287.850253954957,366,25.4922972437497
28.4259946102857,3.77190688903263,287.845137469619,366.5,25.5058038656548
-0.958260648388469,3.7185185822407,287.842925113591,367,25.5053485477516
-22.6151118133968,3.67811432201045,287.846202558855,367.5,25.4946029689673
8.70753610096273,3.7362029435744,287.842952194869,368,25.4987403579823
-36.960047364726,3.65134963577713,287.850947897102,368.5,25.4811787777387
1.34737577943194,3.72232664884843,287.849009574444,369,25.4818189838411
-3.04414995773443,3.71421585448842,287.847440596597,369.5,25.4803725548572
-28.3491662282317,3.66696440035933,287.852584621388,370,25.4669024379863
-6.52511644852554,3.70744537488513,287.852080645242,370.5,25.4638020264803
5.93776780287001,3.73061711059689,287.84902315506,371,25.466623359059
-25.4159453413224,3.6722321204169,287.853146759616,371.5,25.4545469631828
-3.3598167258699,3.71321044547092,287.851947784922,372,25.4529505450166
-0.95206369515094,3.71771754703456,287.85002779065,372.5,25.452498171598
-12.9421944434692,3.69535930919004,287.850710933119,373,25.4463486830975
2.17002050638415,3.72347372463099,287.848338674573,373.5,25.4473797691477
-3.37663127380791,3.7132221839498,287.846838219497,374,25.4457753615429
-42.7966813094914,3.63977767155676,287.857327135628,374.5,25.4254405025109
4.39912405130776,3.72727036986604,287.854947964695,375,25.427530747939
11.1450316315328,3.73985524388756,287.851044461881,375.5,25.4328263138614
-34.6748974007063,3.6546342231441,287.858277253194,376,25.4163505234726
-16.7706968793329,3.68767353007338,287.860381334466,376.5,25.4083819206167
-40.64542594113,3.64303185492619,287.870255557313,377,25.3890692313726
-19.5076488621438,3.68198273344288,287.873240590744,377.5,25.3798001647647
-35.0459861302044,3.65278843527353,287.881079612736,378,25.3631480514281
35.9104666033337,3.7835002330912,287.875868104153,378.5,25.3802109229828
-15.2360420327542,3.69004717759146,287.876803715572,379,25.3729715119476
-15.5973742249051,3.68925379638677,287.878337897151,379.5,25.365560413787
5.26022316940606,3.72814575765696,287.87542349396,380,25.3680598107812
-8.73071752520785,3.70215665530552,287.875016312627,380.5,25.3639114071039
-26.1672716876978,3.66943568835557,287.879596001922,381,25.3514780182349
-41.740862935478,3.64019362296887,287.890076331668,381.5,25.3316448316958
-7.48935544220983,3.70379313783135,287.889958247789,382,25.3280862616736
1.46760234891649,3.72055964639653,287.887574962649,382.5,25.3287835934753
-5.38944631978792,3.70783720711467,287.886456147422,383,25.3262227960531
-14.287964693824,3.69115383353231,287.887538677443,383.5,25.3194338643179
-7.33803495279549,3.70410825980371,287.887025299319,384,25.3159471942825
-54.5318461054481,3.6162584403346,287.90287442692,384.5,25.2900363673357
-8.70725672279153,3.70096070044857,287.903218297956,385,25.2858991110674
24.9669419570286,3.76327118469761,287.897967274723,385.5,25.2977621628186
-20.7378993968791,3.6787503915657,287.900538778426,386,25.2879085422118
2.99610698139321,3.72308759646683,287.898010370972,386.5,25.2893321435577
-12.3498537591669,3.69445254958946,287.898484411596,387,25.2834641059535
-7.47968402113576,3.70352655696368,287.897957906535,387.5,25.2799101313106
3.12738431562223,3.72336208301323,287.895257681824,388,25.2813961091306
-7.2529785567295,3.70405096247568,287.894510074403,388.5,25.2779498536734
-4.54548488412248,3.70911116239053,287.893282606976,389,25.2757900648412
-8.96094069002961,3.70084401942411,287.893012029177,389.5,25.2715322705414
-15.992862035828,3.68759478903882,287.894573864787,390,25.2639332562005
32.0186080348549,3.77607901385491,287.889157667452,390.5,25.2791469097098
9.72626814172014,3.73599060435561,287.885098857009,391,25.2837683496326
-29.9415733061576,3.6619790939516,287.890686276695,391.5,25.2695415999467
-31.8459530548558,3.65808777381325,287.897431271645,392,25.2544099835154
-14.4280000874221,3.69041093871908,287.898850991879,392.5,25.2475545139109
5.47688350924851,3.72759473171452,287.895836238183,393,25.2501568571461
18.6204957228103,3.7519557296595,287.89097248524,393.5,25.2590043926101
-16.3856284614529,3.68707274433766,287.892331460801,394,25.2512187551561
-22.7727408249854,3.674935803389,287.895915681079,394.5,25.2403982788883
-1.85206211999567,3.71399461382843,287.894313474481,395,25.2395182708836
18.8339127566818,3.75233180911706,287.889509823573,395.5,25.2484672115306
-11.2850104530636,3.69663833370558,287.889548453376,396,25.2431051346191
-1.17505122818242,3.71550635147932,287.887682811784,396.5,25.2425468085913
-7.81310548424889,3.70311513901927,287.887102727179,397,25.2388344086163
-20.9701271529304,3.67837105558893,287.890043686902,397.5,25.2288704449048
-5.55165182913784,3.70712977890762,287.889193611976,398,25.2262325754746
-3.78434658470348,3.71044052252926,287.887792931325,398.5,25.2244344417883
23.1781595955377,3.76026082768039,287.882691820714,399,25.2354475529355
-16.6120492468048,3.68671988803538,287.884073856053,399.5,25.2275543315611
-16.9866710698831,3.68586087359175,287.88597676238,400,25.2194831084882
-34.2921636281808,3.65329261614815,287.893448685674,400.5,25.2031891741937
7.13343460379528,3.73053411798804,287.890434169052,401,25.2065786282972
0.215065444197498,3.71779454328039,287.888114560237,401.5,25.206680816723
-26.3146874003669,3.6680709932045,287.892642474009,402,25.1941773832234
-7.89926773385541,3.70240712015504,287.892386972088,402.5,25.1904240432235
-5.51549927323254,3.70685889273311,287.89138102266,403,25.1878033516936
-36.0061597395254,3.64966103491558,287.899393857291,403.5,25.1706950115097
36.4693712855168,3.78338880487446,287.894110727648,404,25.1880234468319
3.60099839134481,3.7240623637028,287.890928664377,404.5,25.189734462556
-32.5583094230279,3.65637619010947,287.897519364908,405,25.1742643697316
-26.9646124678748,3.66647729212747,287.902661851267,405.5,25.1614521240946
-19.1555411491426,3.68087847007131,287.905335224977,406,25.1523503615974
8.92854016967569,3.73336459538787,287.901834197011,406.5,25.1565927607778
-7.56858237379086,3.70271064267439,287.901091762862,407,25.1529965460496
-24.0585716715695,3.67167468398402,287.905002621856,407.5,25.1415651067771
-32.2684076501765,3.65604772536202,287.911897949669,408,25.1262327608878
17.1313748933683,3.74816328550998,287.907533115966,408.5,25.1343727400362
-25.9881897759793,3.66780360287716,287.911814789979,409,25.1220244420042
-13.2785982477184,3.69147140981991,287.912862378097,409.5,25.1157151111111
10.7574077064924,3.73639375547204,287.909016906043,410,25.1208264973814
4.43453019075589,3.72483892560679,287.905878811913,410.5,25.1229335660499
-2.01258885726447,3.71290149683458,287.903983892108,411,25.1219772837063
15.1327652016283,3.74480216837424,287.899514520939,411.5,25.1291676227167
13.1875014366409,3.74144103259897,287.895122027642,412,25.1354336689262
-9.38763784843151,3.69953947339073,287.894747048789,412.5,25.1309731293131
-10.0836092885618,3.69816440105096,287.894775129877,413,25.1261818986115
2.5233369871096,3.72172259778507,287.892206826729,413.5,25.1273808631189
6.71298183135314,3.72960176088087,287.888829172554,414,25.1305705389313
-48.7510964838054,3.62610864713714,287.901804205171,414.5,25.107406437316
-29.7429053816975,3.66080720266263,287.908119025285,415,25.0932740847683
1.3402889004695,3.71893074318498,287.905977513741,415.5,25.0939109235375
-17.8553030006243,3.68294303659737,287.907941179181,416,25.0854269696798
-12.0991041393222,3.69363886848682,287.90858249428,416.5,25.0796780758508
-1.02664876100538,3.71438482021882,287.906672656358,417,25.0791902633104
-64.6957754137098,3.59600659822248,287.927517936229,417.5,25.0484500415748
-8.59540604348349,3.69952341754093,287.927954748432,418,25.0443659311982
-14.6787962165183,3.68804648654774,287.929170927746,418.5,25.0373912957198
-6.54701072696266,3.70329768164639,287.928435354297,419,25.0342804811393
2.61608618035607,3.72051920661983,287.925746869677,419.5,25.0355235154603
8.64796792157794,3.73188003154348,287.921988213215,420,25.0396326006327
-41.7831354674056,3.63743546184736,287.932157180369,420.5,25.0197793282844
19.7485474860505,3.75212405337914,287.927595352512,421,25.029162857963
-2.86431074907166,3.71043306356712,287.925689649416,421.5,25.0278018796459
3.67705948085168,3.72272435133318,287.922773995149,422,25.029549035825
-32.2945659721898,3.65519683816002,287.929329578736,422.5,25.0142042607993
-2.23866637868221,3.71144223975561,287.927868209526,423,25.0131405576373
9.7303617456477,3.73384971299236,287.923998103853,423.5,25.0177639426376
10.3205784039015,3.73511851401669,287.919939560526,424,25.0226677693024
-45.0073070503287,3.63164180012867,287.931361360241,424.5,25.001282530628
-20.2169547836093,3.67750633644459,287.934576736343,425,24.9916764370478
-32.5948008827592,3.6540435396528,287.941568336727,425.5,24.9761890052927
-71.131706027256,3.58284439314189,287.966468949573,426,24.9423907487338
-25.0880736363502,3.66700085665102,287.971702516656,426.5,24.9304701412201
-10.8150739570699,3.69381322430008,287.972096528817,427,24.9253313548094
-49.5900796188244,3.62093436749716,287.986063558494,427.5,24.9017686100456
16.1690289940839,3.74391536611138,287.981796264437,428,24.9094513301823
-39.0205692531252,3.64042394592141,287.990940598544,428.5,24.8909106921975
-1.68476128874928,3.71053607282428,287.989376642664,429,24.8901101772449
-36.0376584865425,3.64572170101166,287.997544918244,429.5,24.8729868704197
-12.0519835037749,3.6907088298268,287.99836904541,430,24.8672603659781
-6.94527324342647,3.70035614168802,287.997610908272,430.5,24.8639603168148
12.5586722435894,3.73699674537702,287.993207766067,431,24.8699275745995
-39.1354491959253,3.63986760517116,288.002398927991,431.5,24.8513323513672
-4.37349884343253,3.70513968982605,288.001381070602,432,24.8492542817661
-22.3463073455579,3.67115599796121,288.004754285395,432.5,24.8386364255246
17.5956585350675,3.74610665025705,287.999906162118,433,24.846997009218
-27.4389921419888,3.66169750447946,288.004691799587,433.5,24.8339593619025
-42.8753847643457,3.63243009450569,288.015902225694,434,24.8135871068947
-7.9593693778175,3.69791973516463,288.01575286019,434.5,24.8098052095763
-18.514453768997,3.67792018807751,288.017993846204,435,24.801008059986
17.1269132285383,3.74485422446438,288.013107337677,435.5,24.8091459191727
22.2237108046921,3.75448777509501,288.007384902411,436,24.8197055236222
-14.3518554882308,3.68640547139974,288.008074187486,436.5,24.8128862341524
-21.2545865973695,3.67323143848417,288.011153485274,437,24.8027871094302
-20.6602881707852,3.67417522593767,288.014148212921,437.5,24.7929703658263
-29.6622861653777,3.65697466732755,288.020123731343,438,24.7788763195292
-5.98422549233015,3.70156343440983,288.019299526159,438.5,24.7760329125621
4.90433599843562,3.72212259571222,288.015991110087,439,24.7783632096347
5.26577888139306,3.72294830321857,288.012510238564,439.5,24.7808652464276
10.8094807881074,3.73344495102115,288.00817491791,440,24.786001375242
-28.0708252950337,3.66030621881963,288.013179862734,440.5,24.7726635121689
-15.7565488360013,3.68333795837185,288.014809212291,441,24.7651767821327
19.4796277918912,3.74933027752025,288.009667493246,441.5,24.7744325345187
21.6484689831156,3.75358596544976,288.004005675477,442,24.7847188126029
4.81046416150124,3.72270663175032,288.000467338064,442.5,24.7870045064373
-21.2887998827768,3.67356127420413,288.003282361412,443,24.7768891252599
-2.36197197792772,3.70915037331724,288.001543086035,443.5,24.7757668333966
24.6925660089125,3.75938171451492,287.995900805038,444,24.7874995153141
7.35249109999329,3.72775617799502,287.991946878557,444.5,24.7909930541932
-19.5509035193932,3.67720502843893,287.99419463469,445,24.7817034351188
-6.27055248936168,3.70212124795562,287.993286608112,445.5,24.7787239797727
-5.79706689791719,3.70299695223902,287.992122017381,446,24.7759695012813
0.142674086152892,3.71417568233064,287.989718586091,446.5,24.7760372929264
-20.2660559158814,3.6756869525388,287.992277176861,447,24.766407868925
-15.143203651694,3.68518614652047,287.993613072965,447.5,24.759212570081
9.28150768730103,3.73105292750908,287.989767286394,448,24.7636226819087
-8.89612133483235,3.69706798639078,287.989170791386,448.5,24.7593956865497
24.7091750316746,3.75956052393707,287.983644102336,449,24.7711362602505
6.06489867798185,3.72550959367197,287.979922830841,449.5,24.7740179991117
-4.06906099553263,3.70660340434497,287.978265463913,450,24.7720845832672
-26.7150506924734,3.66382689666329,287.982888298353,450.5,24.7593909170005
-3.95288429827913,3.70654947555443,287.981580949773,451,24.7575127025569
-6.28732008460939,3.70215662308222,287.980522223484,451.5,24.7545252800816
-26.788038178107,3.66338464395072,287.98522849815,452,24.7417969337841
8.33086307247114,3.72933631158347,287.981685590624,452.5,24.7457553464696
1.11853525065089,3.71599362563717,287.978974555089,453,24.7462868189097
-41.0157204634952,3.63664196272978,287.988862327389,453.5,24.7267981840857
-40.9285382308063,3.63630541132577,287.999311229824,454,24.707350973932
-4.97342843911231,3.7037538184384,287.998418099097,454.5,24.7049878475605
-3.21479684930271,3.70710376610588,287.996691907807,455,24.7034603356426
4.13774712045922,3.72098427589635,287.993525760638,455.5,24.7054263877249
-10.3825975462987,3.69371935434965,287.993357127172,456,24.7004930926415
24.2588951524343,3.75826514985478,287.987840315315,456.5,24.7120197156903
-1.39869122939978,3.71099597696784,287.985458395008,457,24.7113551270328
-5.38387612271595,3.70351899603697,287.984164515883,457.5,24.7087969762919
2.82059952144126,3.71895648033622,287.981277170562,458,24.7101371852029
-22.9701061958763,3.67033357141775,287.984649409709,458.5,24.6992229307058
-16.3254507329355,3.68267695114329,287.98636115757,459,24.6914658867218
-10.8734552571113,3.69286705484913,287.986549269275,459.5,24.6862993604147
8.83254770909698,3.72989694688957,287.982735953101,460,24.6904961487418
19.6030933566295,3.74997813746667,287.977444280793,460.5,24.6998105658367
0.62889170886543,3.71497699290805,287.974728201947,461,24.700109383966
-17.0810635572763,3.68158677282301,287.976365591433,461.5,24.6919933102676
35.6703876115442,3.77912793906347,287.97056154125,462,24.7089421082001
-5.14080148015791,3.70448511667703,287.968891654036,462.5,24.7064994544659
-17.1971839852377,3.6816777243948,287.970608989927,463,24.6983282061031
-1.92664668492687,3.71035143219979,287.968782224738,463.5,24.6974127592146
-27.2277599322915,3.66257514094025,287.973573048934,464,24.684475478962
2.10119999140948,3.71767842811203,287.971095324454,464.5,24.685473864919
5.86712470258266,3.72481294153291,287.967642525761,465,24.6882616314023
56.4802109120699,3.81525254973517,287.962466687364,465.5,24.7150982246111
-27.9112517228153,3.66200345773913,287.966907990496,466,24.7018361829803
-49.3510689880456,3.6216100185172,287.98056251013,466.5,24.6783870042065
-24.3718412852339,3.66774284933195,287.985020566036,467,24.6668067147607
-34.7977753889752,3.64784096562319,287.992795541584,467.5,24.6502725388501
-3.63788603152068,3.70637343629748,287.991519490633,468,24.64854399595
-22.6621167566216,3.67039376965433,287.994886073992,468.5,24.6377760827495
-36.1033410162556,3.64481258178449,288.003190468675,469,24.6206215668458
-3.07394779846727,3.70693045854935,288.001806450601,469.5,24.6191609794068
4.51970016127969,3.72128050178333,287.99855776151,470,24.6213085166184
-2.27988227430138,3.70861509898792,287.996523466702,470.5,24.6202252297083
2.66473740242644,3.71797239926313,287.993602498782,471,24.6214913806756
-7.26378805052591,3.69934443939102,287.992686192799,471.5,24.6180399890834
-0.50465406096835,3.71208756861889,287.990425249301,472,24.6178002025187
-0.610685239445802,3.71194599095868,287.988116133286,472.5,24.6175100352002
-53.6721589248221,3.61218482963625,288.003617218355,473,24.5920076889369
4.48337967749645,3.72101855728195,288.001016678097,473.5,24.5941379684571
-16.9526273092048,3.68062372118144,288.002596438796,474,24.5860829212898
5.15128504548889,3.72228119136268,287.999392696227,474.5,24.5885305562939
-14.8479086922743,3.68462923661388,288.000373302094,475,24.5814755669597
-13.0180523992878,3.68799040482491,288.001086485981,475.5,24.5752900345233
-20.4801621460564,3.67374553095724,288.003906573735,476,24.565558877867
-15.2351730649601,3.68352385853303,288.005300888641,476.5,24.5583198797222
0.860179794286099,3.71390626535881,288.002850619989,477,24.5587285944712
25.3945385648064,3.75949582381712,287.997084626211,477.5,24.5707948189096
-44.9701744889419,3.62783556494005,288.008442392649,478,24.5494272237855
-34.3871755492266,3.64712991402032,288.016429537585,478.5,24.5330881445414
-19.1322857161474,3.67566256447265,288.019134872701,479,24.5239974318718
-27.4097211416685,3.65980057003504,288.02431138693,479.5,24.510973692683
-37.1936397391186,3.64104188009263,288.033228034148,480,24.4933011209358
-43.2997263581482,3.62916259783654,288.044836617573,480.5,24.472727239862
-11.3934228807282,3.68920903233795,288.045526671684,481,24.4673136507452
-12.2371053298608,3.68758551339398,288.046016994755,481.5,24.4614991855992
-59.8696848370214,3.5978151417501,288.065107988328,482,24.433052082595
10.0472512358672,3.72914121124734,288.061566179253,482.5,24.4378260377543
-22.8884672394693,3.66687313626807,288.064958508252,483,24.4269505740377
-40.4387123777719,3.63340712765267,288.075233807381,483.5,24.4077361048201
23.3481576894102,3.75353589928906,288.069809530642,484,24.4188299906249
8.02319317679734,3.72546130252707,288.065560121443,484.5,24.4226422138451
-10.79560854916,3.69001324842659,288.065394013201,485,24.4175126764302
1.04387022819563,3.71246423492347,288.062735410928,485.5,24.4180086717571
-19.4278742949655,3.67363902888325,288.065065816384,486,24.4087775100644
-2.80457734254138,3.705137983383,288.063304568077,486.5,24.4074449140976
1.00774885574402,3.71241924729536,288.060565719023,487,24.407923746341
28.7901003046004,3.76404266222316,288.054369285308,487.5,24.4216033732022
17.1509454237503,3.74313246844224,288.048903897264,488,24.4297526512954
-49.4076926249033,3.61786872326914,288.06232601458,488.5,24.4062765677795
2.48640265571532,3.71546979937612,288.059884565721,489,24.4074579829256
-22.8398497944612,3.66746740011472,288.063218743143,489.5,24.3966056198061
-45.6073157005152,3.624217842065,288.075515444322,490,24.3749352867985
-20.048305314209,3.67207140481427,288.078620831367,490.5,24.3654093270764
-37.0364081671954,3.63963491746621,288.087393909612,491,24.3478114639691
2.7941652894734,3.71505020865873,288.084687575044,491.5,24.349139112645
-20.3792712724145,3.67107973557789,288.087291186822,492,24.3394558943248
-43.6728946610367,3.62672775799062,288.098841936425,492.5,24.3187047021932
-45.6444846855777,3.62251956071354,288.111648252707,493,24.2970167083285
37.6762733086988,3.77846759899173,288.105454016032,493.5,24.3149186035956
-44.3718071270937,3.62511524629552,288.116686547743,494,24.293835322946
-11.5269885063193,3.68710128723728,288.117302702093,494.5,24.2883582700725
-4.5911723038782,3.70031439858092,288.11576196399,495,24.2861767728458
-2.09894165323714,3.70511404060392,288.113582412232,495.5,24.285179459939
-17.1034278729926,3.67656487427684,288.115211274813,496,24.2770527598278
20.6113032607008,3.74769776371657,288.109618595897,496.5,24.2868462282334
-28.209760985456,3.65563888985928,288.114582264036,497,24.2734423498155
-19.5202845514907,3.67194229744193,288.117240437411,497.5,24.264167279355
4.79904183501163,3.71812582765097,288.113859262565,498,24.2664475458668
-39.4770420606949,3.63399729423331,288.123298945634,498.5,24.2476900146578
-38.4013702146485,3.63558358794392,288.132905273679,499,24.2294435893263
4.69000676871375,3.71735954245257,288.12976312111,499.5,24.2316720477858
-24.1774241477811,3.66245426830701,288.133545974054,500,24.2201841357151
