curr_dens,Volts_tot,Temp_tot,t_tot,SOC_tot
19.1345696399107,3.95417639289748,263,0,68
19.1345696399107,3.95452347364671,262.999792323586,0.5,68.0090917978768
-27.1775018314969,3.84986020984844,263.003917248129,1,67.9961783977796
-19.1680563029372,3.86737569562747,263.006639785393,1.5,67.9870706887024
-24.373744651339,3.85535932447639,263.010448866986,2,67.9754894948714
-56.7559137019003,3.78420189999665,263.024961949121,2.5,67.9485219013795
-35.1416523219756,3.83005422724925,263.032271246531,3,67.9318243322164
-0.241837890450068,3.90810071843428,263.0325503418,3.5,67.9317094228528
-16.1840663005002,3.87196635387537,263.03473949548,4,67.9240195577345
14.7925068148125,3.94208992056307,263.034232158697,4.5,67.931048222846
-9.46281845031343,3.88727160634031,263.035176843908,5,67.9265519611419
-30.2779345515808,3.84030868290891,263.04057721341,5.5,67.9121653892853
-18.3548678419573,3.8665448851123,263.043394472477,6,67.9034440670075
-3.35881489173871,3.90028009646894,263.043800205838,6.5,67.9018481248632
19.1685239451326,3.95140815406294,263.043263847509,7,67.9109560561408
6.24017306920162,3.92248592988409,263.042707825754,7.5,67.9139210766942
4.19641970668878,3.91797866131767,263.042303885339,8,67.9159150070776
-32.4376742838316,3.83540440621778,263.048128452684,8.5,67.9005022340844
7.98057225146461,3.92615184106833,263.047791656649,9,67.9042942059561
-3.2010800457336,3.90090331135199,263.047960134345,9.5,67.9027732115825
42.1218419220474,4.00281465288165,263.049915691779,10,67.9227874204287
-55.0583938679151,3.78666605305939,263.063287695081,10.5,67.8966264041168
12.5011913606468,3.93637288404641,263.063026653044,11,67.9025663498386
-31.6804300624838,3.83680591265329,263.068599701988,11.5,67.8875133817186
26.3068470164406,3.96723468028722,263.068588536315,12,67.9000130898569
-17.1922315038387,3.8692285270253,263.070669226857,12.5,67.8918441946674
-2.68480541606862,3.90184529000149,263.070869107271,13,67.890568508376
-40.806747594729,3.81642676054633,263.07934858343,13.5,67.8711791670882
9.42207022832588,3.92868082285698,263.078953440019,14,67.8756560672594
-21.2626034148878,3.85933914151178,263.082007600562,14.5,67.8655531333435
-48.0713806870997,3.79987063730748,263.093423628344,15,67.8427119989416
11.2902750187028,3.93203057303378,263.093021667812,15.5,67.8480765773134
7.8964568381764,3.92459666235925,263.092289177403,16,67.8518285817152
-32.6755117664335,3.83322861896348,263.098304854081,16.5,67.8363028001537
-33.6300547449472,3.83059072358585,263.105019707646,17,67.8203234671412
-17.3800516662945,3.86640884159072,263.107734096024,17.5,67.8120653291317
-14.505751336831,3.87267969866502,263.109762265421,18,67.8051729159921
-21.8882025540045,3.8558597413854,263.113326978072,18.5,67.7947727284126
-47.4194938485986,3.7991741279311,263.124966841392,19,67.7722413382843
-14.9321360806091,3.87049064717556,263.127494110253,19.5,67.7651463282753
-5.16134635027231,3.89250129091802,263.128095408242,20,67.7626939126385
-20.2842306071486,3.8582648027182,263.131335322178,20.5,67.7530558529257
-52.1925262814,3.78769860639695,263.145116407392,21,67.7282565546629
-21.1706362820116,3.85516385893877,263.149179021705,21.5,67.7181973189643
-1.52751563228177,3.89944735687829,263.149421868502,22,67.7174715193438
-23.838192058524,3.84901149364129,263.153617591502,22.5,67.7061447935264
-27.868325575183,3.83966492141554,263.159102643095,23,67.6929031482705
8.01918007259034,3.92055944381822,263.158540210882,23.5,67.6967134646628
13.2856887628033,3.93274015861404,263.157497371372,24,67.7030261646168
0.271112331667426,3.90352347676076,263.157196849757,24.5,67.703154983742
-24.9624507148782,3.84651128575751,263.161468650516,25,67.6912940660061
-3.99486318888008,3.89356420513323,263.161907899031,25.5,67.689395905277
29.0376733645622,3.96819365759772,263.161363989335,26,67.7031931665696
-18.3285438226457,3.86170908785718,263.163828293677,26.5,67.6944843521595
-32.7724122363966,3.82913982354335,263.170349249693,27,67.6789125283037
5.51207841506729,3.91503886448301,263.169878239504,27.5,67.6815315944115
23.2821940752439,3.95534776309849,263.168917379593,28,67.6925941375804
-15.7667774319373,3.86742493000116,263.170835267265,28.5,67.6851025474231
-33.7119448443281,3.82705014982925,263.177566446064,29,67.6690843042994
-30.0697964532715,3.83459382756861,263.183510975294,29.5,67.6547966293375
15.697313948516,3.93761638391774,263.182594542584,30,67.6622552138949
-9.15216730009889,3.88161033523074,263.183426154813,30.5,67.6579065582003
-26.6149513266432,3.84216684701322,263.188152776142,31,67.6452604541846
-22.8239439647688,3.8502679826921,263.192118407959,31.5,67.6344156487259
3.11978314801725,3.90872879991903,263.19171392071,32,67.6358980148484
7.34626303178572,3.91847119245659,263.19080549348,32.5,67.6393885944586
-9.21891459257005,3.88106784057226,263.191664765257,33,67.6350082237632
22.5632133433353,3.95294008359656,263.190672046558,33.5,67.6457291429701
-1.71666562315561,3.89848751310858,263.190390206619,34,67.6449134686612
-24.8179318346166,3.84632764258786,263.194440484117,34.5,67.633121219125
11.4827933885861,3.92810053383656,263.193505495079,35,67.6385772726718
-29.1114903970308,3.83665616877863,263.198649664378,35.5,67.6247449371888
22.1148124095148,3.9518929657907,263.197761479843,36,67.6352527985253
7.97726837201697,3.92044780068554,263.196682519868,36.5,67.6390432005575
22.0010916438409,3.95227666774888,263.19561026652,37,67.64949702743
-24.7676639364834,3.84704499872887,263.199361537722,37.5,67.6377286627043
-11.8480542580803,3.87573430881744,263.200723242252,38,67.6320990553196
0.176635917031801,3.90285509784925,263.200372633885,38.5,67.6321829839412
55.1390393424077,4.02497821303271,263.203918522735,39,67.6583823189803
-43.7682811761435,3.80575118600177,263.213209567052,39.5,67.6375858039105
-20.589776270623,3.85624662283787,263.216414572872,40,67.6278025640622
-29.9779856679855,3.8349670031808,263.221897887476,40.5,67.6135585130291
22.0571331402368,3.95188864302369,263.220950152048,41,67.6240389680394
-34.859710836913,3.82417700847248,263.227599047049,41.5,67.6074753634777
-39.9746749506974,3.81236881770624,263.236489470532,42,67.5884813818161
-0.399523313071473,3.90044488394086,263.2364297207,42.5,67.5882915481654
-10.3178914059256,3.87803549767596,263.237410582877,43,67.5833889982286
-13.8353004924457,3.86998334554675,263.239086200729,43.5,67.576815150057
10.5987582610276,3.92521157054142,263.237972750924,44,67.5818511539843
-41.8973870711171,3.80764695295855,263.247217180242,44.5,67.561943594944
-40.9262614403744,3.80905998943771,263.256750908484,45,67.5424974666081
27.1966425313854,3.96150940526032,263.255969696822,45.5,67.555419961416
-4.21213236531248,3.89119964716584,263.255871564814,46,67.553418565157
43.9443791257122,3.99895555781167,263.256786176379,46.5,67.5742987532329
-27.550412272787,3.83949394028095,263.261164308077,47,67.5612081646009
27.4280133599759,3.9629773242306,263.260364309459,47.5,67.574240595344
-0.347224388723324,3.90092679691728,263.259703982819,48,67.5740756115466
-12.8620853278665,3.87263458122982,263.260906760743,48.5,67.5679641869222
-34.1186585472368,3.82493433019038,263.267457977215,49,67.5517526936314
-21.5004604302088,3.85247153536038,263.27085337173,49.5,67.5415367418661
-43.022084102383,3.80454735838412,263.280779557101,50,67.5210947826133
-51.8047629914255,3.7848622193769,263.29466188756,50.5,67.4964797302219
-2.38323554246004,3.89389543554375,263.294968097421,51,67.495347334968
24.3911730060866,3.95442262927184,263.293617789815,51.5,67.5069368098882
4.16055601402742,3.90934654729612,263.29255045296,52,67.5089136996247
-44.5236857954967,3.80057185605926,263.302835735045,52.5,67.4877582537693
15.1246138206233,3.93360383816086,263.301691893573,53,67.4949447196481
-43.9737409092378,3.80141752574481,263.311789624113,53.5,67.4740505803098
10.8151614481379,3.92355950119094,263.31075403425,54,67.4791894082919
-19.2916151420417,3.85569185535881,263.313399217554,54.5,67.4700229901864
16.6709781583137,3.93681019071953,263.311979794594,55,67.477944211655
-7.24756553499004,3.88305179367128,263.312221233846,55.5,67.4745005281971
-9.59671904061932,3.87768705280419,263.312969118433,56,67.4699406435778
-11.0507532204515,3.87431217392133,263.313992682185,56.5,67.4646898740775
-17.3838978936099,3.85990273818134,263.316293187547,57,67.4564299085316
-14.2112205263624,3.86684133677774,263.318010591268,57.5,67.4496774418161
-14.4966062593943,3.86603967460271,263.319777534163,58,67.4427893739635
-3.38040492797912,3.89105607407065,263.319693817466,58.5,67.4411831733055
-37.017832533537,3.81563311389173,263.327489747088,59,67.4235941364174
-14.3226843581064,3.86574546038835,263.329502655903,59.5,67.4167887076209
18.7808837927544,3.94052569113997,263.327986058471,60,67.4257124515359
-8.39847363736434,3.87945378519386,263.328415342034,60.5,67.4217219136654
21.0260457327367,3.94591365898573,263.326897319439,61,67.4317124471108
-29.9209717137915,3.83149943850477,263.332132788456,61.5,67.4174954862792
-20.2038004822458,3.85275178007966,263.335231005843,62,67.4078956429702
12.7850489884998,3.92712536344278,263.333818165743,62.5,67.4139704637494
8.75875410051255,3.918334909896,263.33236869239,63,67.4181321890159
22.362110852416,3.94916785679743,263.33080137466,63.5,67.4287575542995
-25.7483544402999,3.84112756097481,263.334736094077,64,67.4165232141164
-16.4111088848987,3.86167263040116,263.336828446443,64.5,67.4087254696297
2.44049459973272,3.90412145194424,263.336000501059,65,67.4098850715459
23.707254630884,3.95214896439524,263.334495076726,65.5,67.4211495823958
-12.1001438624857,3.87180646273906,263.335367430864,66,67.4154001945419
-2.39044198968773,3.89362627633205,263.33498239234,66.5,67.4142643751419
2.16781973203181,3.90397496013058,263.334051197869,67,67.4152944154934
9.39245694838054,3.92041776007429,263.332598605293,67.5,67.4197572449036
15.6042899750991,3.93463839358207,263.330963318437,68,67.4271716290855
-11.4210642325129,3.8738701384492,263.331684681068,68.5,67.4217449061702
4.14761365456529,3.90894597091985,263.330628750361,69,67.4237156463398
7.95466080016583,3.91767707174551,263.329238904127,69.5,67.4274953063758
-10.1359866457549,3.87693603829322,263.329770017444,70,67.4226791885535
-1.75133867533064,3.89577392049156,263.329258271229,70.5,67.4218470393309
2.13964794105289,3.90460305153021,263.328305118268,71,67.4228636938455
-29.4349418047988,3.8336608464915,263.333209099131,71.5,67.4088776703058
-21.6929074867771,3.85044709185433,263.336420786457,72,67.3985702772501
-8.20298657461444,3.88051743935849,263.336923682245,72.5,67.39467262513
-26.1883978898681,3.84001296288299,263.34118015134,73,67.3822291981383
-11.0143547923311,3.87370959503296,263.342234347549,73.5,67.3769957233646
10.1193474422025,3.92142544624636,263.340809813239,74,67.3818039350632
1.25892898288887,3.90163452101922,263.339885211412,74.5,67.3824021156374
-22.0526426529506,3.84911190762395,263.342977674989,75,67.3719237942838
-54.0700442614866,3.77871017057622,263.35724478158,75.5,67.3462323926548
-1.56262040732358,3.89415411538716,263.357217233384,76,67.3454899129874
1.27247881942917,3.90065187963359,263.356382585086,76.5,67.3460945317715
-13.8627296579658,3.86651167903009,263.357783593954,77,67.3395076506216
17.6630022688726,3.93761163916097,263.356162615425,77.5,67.3479002327151
-9.38771391535794,3.87686263382396,263.356598751017,78,67.3434396569588
-9.48362559626456,3.87655450621219,263.357207019847,78.5,67.3389335087316
20.467857448367,3.94409747997069,263.355593409701,79,67.3486588188062
-18.9123440029619,3.85564615404519,263.357822894252,79.5,67.3396726115234
-21.1502556486753,3.8503520615552,263.360857157515,80,67.3296230596902
15.0711892004691,3.93185067493364,263.359300914194,80.5,67.3367841408408
13.7129503632709,3.92912084060881,263.357564492617,81,67.3432998543031
11.5887794129028,3.92462702332516,263.355900751231,81.5,67.3488062671488
-3.62245960593877,3.89048882444943,263.355434780115,82,67.3470850541206
38.117363291613,3.9839167428769,263.355231124413,82.5,67.365196533457
-22.990204557625,3.84758323234934,263.358150565114,83,67.3542727292159
6.14607911140327,3.91291197093507,263.356957238063,83.5,67.3571930409902
-19.259997159031,3.85571741651446,263.359181465227,84,67.348041646181
-52.3828871853385,3.78278285707934,263.372342629172,84.5,67.3231518978639
-21.4137623702635,3.84971751584684,263.375778366548,85,67.3129771407141
43.1819529528318,3.99400426403553,263.37613124958,85.5,67.3334950617106
-15.110675138287,3.86443998166088,263.377386202493,86,67.3263152188019
43.7685518769861,3.99588364144836,263.377958380978,86.5,67.3471118624952
-22.2368479561236,3.84908263089234,263.380645487167,87,67.3365460159233
-0.0714572785502821,3.89866401481212,263.379900713027,87.5,67.3365120629709
3.99330840412308,3.90789988536853,263.378644067941,88,67.3384094849434
4.0101301372722,3.90805199083361,263.377364696017,88.5,67.3403148997687
5.25820541591926,3.91098309596875,263.375997289005,89,67.3428133380266
-34.9507600509301,3.82096055718486,263.382351707082,89.5,67.326206471397
-32.2802090537242,3.82625387055753,263.388343342322,90,67.3108685180664
-3.74786724442444,3.88970187197007,263.388161966155,90.5,67.3090877175521
-7.64732491645762,3.88089531126392,263.388309002395,91,67.3054540882755
-0.950470899367003,3.89597408541896,263.387581932111,91.5,67.3050024716744
21.0935127023837,3.94567918373746,263.385863288349,92,67.3150250620755
-16.287923457074,3.86183649242519,263.387354077092,92.5,67.3072858491906
-12.3528196822916,3.87046010041717,263.388326586567,93,67.3014164023269
9.51883194165164,3.91971507967855,263.386791471967,93.5,67.3059392788622
-19.992690422199,3.85335902773431,263.389155887183,94,67.2964397445767
-3.11675717048887,3.89109664907617,263.388754849314,94.5,67.2949588162486
12.5593320588948,3.92650608391703,263.387049722641,95,67.3009263875448
-37.8177046705612,3.81384826775223,263.394418949419,95.5,67.2829572911135
-3.64890200672489,3.88957471015031,263.394254944633,96,67.2812235139687
9.15417144253477,3.91851550937122,263.392666816923,96.5,67.2855731219323
-43.306494542673,3.80150587521951,263.402073799429,97,67.2649960249531
-19.5546245053259,3.85324885154154,263.404902671213,97.5,67.2557046378508
-43.0408307373172,3.80105713203233,263.41472743979,98,67.2352537711275
-21.8093357325012,3.84724298903361,263.418275833127,98.5,67.2248910571475
-19.5844892024221,3.85194956974067,263.421103506308,99,67.2155854798233
-9.59040365538306,3.87423979102984,263.421836603964,99.5,67.2110285959617
4.89778204242882,3.90696976346313,263.42056911065,100,67.2133557789197
-13.9592811532948,3.86450344229379,263.421882109827,100.5,67.206723021291
-7.34361592812221,3.87929579683671,263.422125864176,101,67.203233699453
-33.3657136263514,3.82094331696641,263.428615589776,101.5,67.1873799682213
0.505341070738046,3.89654152086093,263.427979255544,102,67.1876200812189
-12.5398494204471,3.86713589598887,263.429070530244,102.5,67.1816617671056
14.7240842226983,3.92863967053828,263.427257403385,103,67.188657921197
29.124309142549,3.96111916647401,263.425630730898,103.5,67.2024963475118
-23.4087857273123,3.84356123634887,263.428818424434,104,67.1913736542723
6.65779124796789,3.91102576657012,263.427444927436,104.5,67.1945371062585
32.5378496363642,3.9690618368913,263.426178966774,105,67.2099974776077
2.14728027773279,3.90163793780398,263.424849639026,105.5,67.2110177586298
-3.04675154256171,3.88998142300819,263.42420137814,106,67.2095700935019
-9.88537584700173,3.87453204466587,263.424591411848,106.5,67.2048730534937
-33.3155619244849,3.82205192423192,263.430716511666,107,67.1890431518617
-9.87460868365935,3.87391706829911,263.431423748074,107.5,67.1843512278753
1.98205452243798,3.90062514363766,263.430329739587,108,67.1852930018183
-12.8639673139034,3.86718993617047,263.431297849705,108.5,67.1791806829675
-16.722627238824,3.85834921242111,263.433169653612,109,67.1712349204191
-26.3248781666637,3.83663314323388,263.437478268432,109.5,67.1587266447731
-27.0104034946648,3.83471123613813,263.442146574596,110,67.1458926415127
-26.0427033927418,3.83646850461302,263.446633550319,110.5,67.1335184413154
-33.9989463833693,3.81843880384347,263.453610722928,111,67.1173638293038
-1.31250509830487,3.89132954495143,263.453194286079,111.5,67.1167401920185
30.2568298675389,3.96228378425407,263.451554453336,112,67.1311167359767
33.6232334142528,3.97029702455146,263.450150756638,112.5,67.1470928278314
17.4925768874443,3.93508954646213,263.448052131769,113,67.1554044322415
5.55593935259217,3.90857385983107,263.446437140385,113.5,67.1580443388901
6.7887644201487,3.91149760120262,263.444792134241,114,67.1612700228277
13.1729387367069,3.92603831229211,263.442868007389,114.5,67.1675291495649
-21.9206470012599,3.84724830092851,263.445544014213,115,67.1571135459942
-18.3598149367395,3.85487606784289,263.447688662922,115.5,67.1483898731026
30.5007244094459,3.96436084384195,263.446352614677,116,67.1628823036431
-17.9119484205398,3.85621976701056,263.448049284955,116.5,67.1543714346931
13.4622034763926,3.92668270426553,263.446246894075,117,67.1607680056789
13.5512430797036,3.9271601338627,263.444276847249,117.5,67.1672068838653
-11.4691938492117,3.87100511648924,263.444739171091,118,67.1617572921446
23.6548804731803,3.94988006959975,263.443024755652,118.5,67.1729969173941
-29.9481220851182,3.83001778582394,263.447683464405,119,67.1587670560535
-59.0554183284524,3.76669162202866,263.463769228237,119.5,67.1307068520835
12.8362715367518,3.92467131262666,263.462325595888,120,67.1368060112755
-17.1530476271521,3.8573531019756,263.464008466027,120.5,67.1286557343196
-33.2375908747613,3.82131181928306,263.470216731665,121,67.1128628806608
-5.20798059264909,3.8835307915023,263.470128040946,121.5,67.1103883067464
-25.6684539407749,3.8375510661286,263.474107547032,122,67.0981919313153
0.122817228913204,3.89521298251114,263.473263292649,122.5,67.0982502879673
-13.0524555313816,3.86555020745473,263.47425354751,123,67.0920484088699
-12.9532263747527,3.86562781040324,263.475324130062,123.5,67.0858936785432
3.63819490929165,3.90296400821296,263.47400420981,124,67.0876223682067
21.869598818294,3.94407381220229,263.471951923961,124.5,67.0980137162142
-0.551408237570037,3.89408944874799,263.470827670558,125,67.0977517143852
-17.9358191914399,3.85495073874584,263.472723138249,125.5,67.0892295032295
4.14155354459509,3.90449274346278,263.47136587449,126,67.0911973639357
-25.4027783389594,3.8381466568797,263.475090807079,126.5,67.0791272243656
-18.674701190993,3.85279765412904,263.477429016826,127,67.0702539331532
-29.5559672047913,3.82826652480783,263.482641477799,127.5,67.0562104043498
-27.2425157128277,3.83294828762564,263.487376092135,128,67.0432661128826
14.5745671894266,3.92673003093097,263.485503997674,128.5,67.0501912239001
-28.755731689522,3.82956552545577,263.490300719015,129,67.0365279272991
-25.5930007375471,3.83616256095471,263.494590763265,129.5,67.0243674034857
6.38146816927644,3.90786940038668,263.49313634504,130,67.0273995604583
14.0369063821628,3.92531954833756,263.491024010954,130.5,67.0340692017434
-18.4042841650246,3.85246423646007,263.493060745328,131,67.0253243992814
-11.6696331872243,3.86737492688397,263.493925507109,131.5,67.0197795687348
9.52119007387925,3.9151276289239,263.492116258647,132,67.0243035657375
24.074270391965,3.94797176000854,263.490028513244,132.5,67.0357424642628
-11.7271356910175,3.86788467738589,263.49054118016,133,67.0301703113801
-30.0034366976347,3.82685732306194,263.495715829979,133.5,67.0159141672808
9.74708942465506,3.91577362898113,263.494025718312,134,67.020545500444
-24.4191481920362,3.8390604114355,263.497529427341,134.5,67.0089427331038
-49.1519027402062,3.78448927875147,263.509841483367,135,66.9855881882467
5.47032961340169,3.90526522009124,263.508663575476,135.5,66.9881874173959
-18.1145421996151,3.85221487807251,263.510770999003,136,66.9795802859365
-37.1810094266311,3.80959861178319,263.518650793557,136.5,66.9619137154871
-24.2665486680949,3.83762028651839,263.522810733905,137,66.9503834558675
-42.4949766620291,3.7970356542244,263.532963831827,137.5,66.9301919519109
9.74560593252064,3.91343882273894,263.531411525878,138,66.9348225801922
-11.2589391424313,3.86622146052505,263.532150939008,138.5,66.9294728910737
-40.9319424393962,3.80001389788449,263.541562660129,139,66.910024063409
34.1034459046577,3.96735582461123,263.540131008197,139.5,66.926228328407
-19.4688243332051,3.84777112882067,263.542467103825,140,66.9169777092884
-26.0042871138808,3.83288370642842,263.546892888453,140.5,66.9046217626003
-2.06554028528448,3.886472019308,263.546315195527,141,66.903640320366
9.30932025494019,3.91226838583993,263.544361382988,141.5,66.9080636473454
1.22453114976127,3.89426270822452,263.543053756441,142,66.9086454837764
-25.4983841275055,3.83415851747605,263.547074522668,142.5,66.8965299170804
1.57569049034883,3.89482358698995,263.545980823672,143,66.8972786070025
-35.6625201885443,3.81139572725296,263.553227281069,143.5,66.880333547279
2.56485765150836,3.89666879103873,263.552137117123,144,66.8815522403455
10.6419822032455,3.91506115740276,263.550046459897,144.5,66.886608782145
30.9993817092446,3.96074906067297,263.548055259244,145,66.9013381498868
12.1528011202281,3.91934152007421,263.54576002168,145.5,66.9071125578564
17.1285339426191,3.93077440215517,263.543420993639,146,66.915251187126
-4.58958668741257,3.88219554027542,263.542695362632,146.5,66.9130704433055
21.8816797546314,3.94171066012219,263.540490490401,147,66.9234675315744
-36.4959225676068,3.81137868846153,263.547365256353,147.5,66.9061264804007
-37.1833390374714,3.80924103477064,263.555087776628,148,66.8884588030358
3.05663444973466,3.89872993391425,263.553858025658,148.5,66.8899111640308
-33.0478854355966,3.81786802142502,263.559998100057,149,66.8742084489819
-1.03841661392141,3.8891312154845,263.559216199503,149.5,66.8737150449419
35.2323374080195,3.97024165207625,263.557614613887,150,66.8904557031574
-18.732160948127,3.85004152827248,263.559478792961,150.5,66.88155510992
-4.59439604610423,3.88161550315862,263.558978111161,151,66.8793720809309
-19.6028953881697,3.84781762680606,263.561290032887,151.5,66.8700577579007
-17.5494560197219,3.8521496450281,263.563283636912,152,66.8617191273497
-1.21540992999556,3.88876006978446,263.562351874482,152.5,66.8611416248697
15.4509594857633,3.92637488179983,263.560032419077,153,66.8684831540126
-24.9880970679427,3.83572112338926,263.563590979369,153.5,66.8566100504025
-15.0122833823454,3.85768524063399,263.56506365663,154,66.8494769583733
-25.4175669874403,3.83419564523249,263.569062707411,154.5,66.8373997919713
-11.5716773373515,3.86489168701612,263.569914299979,155,66.8319015051833
-8.75009470337733,3.87115381405601,263.570126484168,155.5,66.8277438944324
7.11530350538686,3.9069391876003,263.568271112398,156,66.8311247335378
-30.5485220037383,3.82249227204287,263.573634421394,156.5,66.8166095919527
17.9259931301716,3.93100572591279,263.571454407621,157,66.8251271342517
29.9776692761195,3.95816859220852,263.569312518475,157.5,66.8393710349511
26.5911756900606,3.95125087551912,263.567024548045,158,66.8520058419643
-14.198233065155,3.86015389709739,263.567825871655,158.5,66.8452595462458
8.33779001329364,3.91075805901577,263.565880309666,159,66.8492212502698
12.9949058135026,3.92142103111216,263.563583195921,159.5,66.8553957845974
7.03120693323833,3.90828279089476,263.561570761467,160,66.8587366651853
-14.5205436866949,3.85989073610651,263.562492657873,160.5,66.8518372234552
-17.0667101763514,3.8539684011693,263.564130490628,161,66.8437279697711
34.8772724730483,3.96998582407498,263.562714727247,161.5,66.8602999187507
10.0704627940369,3.91549501096773,263.560456009006,162,66.8650849028906
-40.3078008144084,3.8032504881651,263.568495700341,162.5,66.845932636351
0.79379083297696,3.89416350730359,263.567409139968,163,66.8463098063603
9.37109452369979,3.91355588872063,263.565295718244,163.5,66.8507624854065
5.83465169172668,3.90581134722965,263.56337098337,164,66.8535348223267
-8.39849649310509,3.87388218420715,263.563160047869,164.5,66.8495442735962
6.86296135640296,3.90817666180355,263.561266844016,165,66.8528052122357
-4.87194843547004,3.88189723785027,263.560513494884,165.5,66.8504903041256
7.84605148580538,3.9105155455805,263.558538741549,166,66.8542183584055
-1.50055552733473,3.88963973710708,263.557338914283,166.5,66.8535053688889
10.1234312265708,3.91582966034131,263.555229458019,167,66.8583155209992
-5.95364467192264,3.87983614446921,263.554602106327,167.5,66.8554866445203
-23.0847877710642,3.84135522914646,263.557501778161,168,66.8445178990302
18.7229440982031,3.93489292212908,263.555347365742,168.5,66.8534141128778
14.4838209557554,3.92577739768814,263.553007617286,169,66.8602961057887
-3.570204467546,3.88544750289487,263.552021613791,169.5,66.8585997218089
-43.4992076257127,3.79682592233384,263.561244884493,170,66.8379310571366
-8.62803962437687,3.87331215342983,263.561495686718,170.5,66.833831440902
6.51981743491391,3.90735617927757,263.559633186873,171,66.8369293345796
18.9990764888412,3.93550349568937,263.557282775219,171.5,66.8459567528354
-38.1662166541022,3.80813465794742,263.564520018197,172,66.8278220608056
-8.02049669304833,3.87452207093245,263.564613931389,172.5,66.8240111188206
-54.3584650738472,3.77258092621005,263.578616410503,173,66.7981826739355
-26.7620321022008,3.83156430083054,263.583288768622,173.5,66.7854666844345
-15.3700919193653,3.8566330841217,263.584853246782,174,66.7781635795459
4.60917222974392,3.90149668216911,263.583202590156,174.5,66.7803536294441
-0.67800638856566,3.88974111255654,263.581966253765,175,66.7800314744566
36.4224557352304,3.97251062568807,263.580464335227,175.5,66.7973376178376
-14.5629416344666,3.85924574880998,263.581262188926,176,66.7904180307068
-33.5328698944896,3.81683670644098,263.587362814714,176.5,66.7744848751121
16.0567698600698,3.92742914250389,263.585197808312,177,66.7821142552795
9.19329883659926,3.91237594741846,263.582968086279,177.5,66.7864824546389
14.3279633691047,3.92411185381895,263.580568951028,178,66.7932903917595
12.0023242055437,3.91919010774711,263.578233746719,178.5,66.7989933005671
37.8921250952814,3.97677710723759,263.577078416609,179,66.8169977578909
-18.2918156872189,3.85201781238887,263.578506228667,179.5,66.8083063948679
-23.2706731943936,3.84061461964108,263.581451085056,180,66.7972493258497
-27.4847975069982,3.8308820917326,263.585659838483,180.5,66.7841899140981
-52.2656632163424,3.776581406216,263.598903848755,181,66.7593558647934
-21.950094192332,3.84186594875177,263.602203913545,181.5,66.7489262693789
-21.9604783664935,3.84154038518764,263.605241338572,182,66.7384917399202
21.4510634472131,3.93878201088229,263.602892169332,182.5,66.7486842206907
-9.29513103554428,3.87014401456258,263.602790634153,183,66.7442676357241
56.1127502487137,4.01445050500053,263.60447589244,183.5,66.7709296298622
-49.913282503421,3.78165132037382,263.616021643128,184,66.7472133151276
17.9711174042893,3.93158138865933,263.613919713684,184.5,66.7557522982422
-10.010262568979,3.86905625911274,263.613844650636,185,66.7509959182617
-30.3767655014507,3.82348205473068,263.618852869455,185.5,66.7365623868425
-0.0412268839485659,3.89093021659698,263.617677008309,186,66.7365427978733
-16.7125365688177,3.85348918798712,263.619101737976,186.5,66.7286018299105
-36.0325991867437,3.81039498890583,263.626139493022,187,66.7114809270134
-16.4187659667677,3.85335666957402,263.627917904829,187.5,66.7036795442613
0.674090436323857,3.89166116029762,263.626583396717,188,66.7039998385827
-30.9807177376616,3.82082326842382,263.631959993795,188.5,66.6892793390339
4.84795364362022,3.90072369845608,263.630309241274,189,66.6915828460097
-8.62049904890512,3.87052695018906,263.630183712526,189.5,66.6874868126823
-10.0735134074551,3.86718853180482,263.630406996151,190,66.6827003790424
-4.53473200263178,3.87958552010466,263.62971091286,190.5,66.6805456994458
-0.593448001660812,3.88848374186368,263.628423874558,191,66.6802637224072
-21.925357058484,3.84058265189594,263.631199456671,191.5,66.6698458808511
-8.68113086887346,3.87001117839208,263.631291267865,192,66.6657210382919
15.0816758345621,3.92346037743028,263.62881961694,192.5,66.6728871021706
2.49393815084324,3.89549835785903,263.62704717048,193,66.67407209781
-7.52224321863967,3.87302778181638,263.626690968829,193.5,66.6704979011486
6.80657916934203,3.90526502320525,263.624653716657,194,66.673732049771
-36.3715065062736,3.80887302104328,263.631620173113,194.5,66.656450114935
-10.283570236958,3.86636354369837,263.632119047662,195,66.6515638727145
5.6884289347891,3.90228401645024,263.630200755554,195.5,66.6542667318373
19.1476988977784,3.93264301438111,263.627584689839,196,66.6633647680858
-36.0565485461657,3.80950090706919,263.634350973434,196.5,66.6462324856417
-19.6044207659299,3.84536267720461,263.636846010637,197,66.6369174378277
-33.2870101407009,3.81469305426306,263.643193921504,197.5,66.6211011025864
-8.44626563341967,3.86967708352576,263.643405870642,198,66.6170878563312
6.97277696603087,3.90441729414494,263.64136686395,198.5,66.6204009738984
0.888098359491607,3.89091262673452,263.639823455957,199,66.620822954164
-1.73949261030023,3.88508346642554,263.6386350178,199.5,66.6199964336037
-27.468213347691,3.82739446528522,263.642967939885,200,66.6069449018214
-12.5964059650327,3.86025123995708,263.643877586553,200.5,66.600959714845
28.2008346227037,3.95165184848706,263.641505918449,201,66.6143593518984
-32.3010158476827,3.81677687361113,263.647103933701,201.5,66.5990115122119
-5.18274939326594,3.87692757503556,263.646684123979,202,66.5965489269112
-44.5365994623994,3.78952050063222,263.657014272872,202.5,66.5753873451221
-26.9954843818558,3.82724668287219,263.661832467723,203,66.5625604306837
-7.96326222781152,3.86958130101888,263.66195801731,203.5,66.5587766836762
-12.5800364664356,3.85914169777469,263.662806628333,204,66.5527992746731
23.3744323212392,3.93989725811321,263.660191177857,204.5,66.563905644879
-2.53262078747096,3.88222505119206,263.658992992524,205,66.5627022691704
-15.0073135239776,3.85414393504545,263.660180511784,205.5,66.5555715385711
-42.3137824084604,3.79346456993342,263.669815704654,206,66.5354661291315
-6.08020157283566,3.87342466303543,263.669736735238,206.5,66.5325771190942
-6.99795502202415,3.87135749103168,263.669477562681,207,66.5292520381642
18.891690235712,3.92962882056482,263.666796142473,207.5,66.5382284318019
5.16482374132033,3.89922711821805,263.664693795179,208,66.5406824997224
-3.10206279265027,3.88074625588624,263.663634642673,208.5,66.5392085534334
14.5294190302951,3.92046715164737,263.661048583395,209,66.5461122122863
-36.010093294459,3.80759771183842,263.667957112825,209.5,66.5290020030723
-5.36971156528024,3.8754254569565,263.667588209927,210,66.5264505826261
-19.6165069811016,3.8433608720652,263.669889988059,210.5,66.5171297920425
24.6749775201436,3.94261067899814,263.667338954369,211,66.528854116783
-12.8193047598203,3.85890688980902,263.667853793319,211.5,66.5227630193614
-50.7054170014825,3.77531915775425,263.680774050455,212,66.4986703216257
-24.0204987528557,3.83279240432049,263.684802765874,212.5,66.4872569727147
6.10897529402608,3.90033301102268,263.682907910831,213,66.4901596545964
18.7048620825569,3.92881008117075,263.680103942632,213.5,66.4990472767676
4.88541780142874,3.89819910886291,263.677989113414,214,66.5013685848519
-20.5652478487592,3.84105693535486,263.680383025998,214.5,66.4915969996923
9.27414761383237,3.90796684276977,263.678153020609,215,66.4960036143783
-24.5761185280509,3.83207275673442,263.681595779565,215.5,66.4843262625246
-5.8917182788301,3.87366807249545,263.681187190827,216,66.4815268103945
-17.9784189963674,3.84644451571371,263.683085673561,216.5,66.4729843579257
1.22031445920832,3.88948430734799,263.68161627918,217,66.4735641907945
2.8954061678072,3.89337582808554,263.679803315435,217.5,66.4749399441114
-4.38051027782465,3.87709354783488,263.678927878999,218,66.4728585430247
2.86629760828672,3.8934491746177,263.677143340857,218.5,66.4742204653986
19.5939262854944,3.93111194094798,263.674380427614,219,66.4835305267564
-8.98264807603617,3.86727372211584,263.674121355074,219.5,66.4792624181841
-22.0574328070884,3.83784006371647,263.676929596734,220,66.468781820787
2.22874744764608,3.89214641841155,263.675342250731,220.5,66.4698408109652
12.9518054371142,3.91637793697483,263.672743646497,221,66.4759948661329
33.5625723333683,3.96237206957871,263.670550125253,221.5,66.4919421348525
16.3678906288357,3.92492702737768,263.667769955473,222,66.4997193441688
-14.556776323677,3.85574672238858,263.668485995322,222.5,66.4928026864878
-40.600733330172,3.79791467232068,263.676966733886,223,66.4735112329544
-3.57825754740562,3.87956780532911,263.676266303057,223.5,66.4718110225507
0.853759277497899,3.88956726026871,263.674667737543,224,66.4722166865888
-21.774570015842,3.83880339082666,263.67729181756,224.5,66.461870491552
-1.05866947181134,3.88503254184877,263.676079450109,225,66.461367464359
7.95489697163173,3.90538472906845,263.673785861108,225.5,66.4651472366119
-0.3271807600494,3.88694355222937,263.672254004711,226,66.4649917765522
-0.293004322825668,3.88707705182879,263.670763649104,226.5,66.4648525554392
-20.4252899072861,3.84189044186128,263.673022181554,227,66.4551474713476
8.91293118119566,3.90756351199527,263.670803819999,227.5,66.4593824539113
-20.3636203534936,3.84195777211817,263.673004597623,228,66.4497066721311
29.5617284470976,3.95347189164533,263.670700028815,228.5,66.463752938391
-12.743151346777,3.85933273979437,263.671043980884,229,66.4576980252919
-11.3180426950052,3.86236253947462,263.671360938059,229.5,66.4523202530983
-16.463655848806,3.85067263576547,263.672766385802,230,66.4444975409022
-21.2874739335012,3.83965349476996,263.67541710412,230.5,66.43438278975
27.7109851205142,3.94915196525534,263.67299191407,231,66.4475496746303
-18.8376824581563,3.8453992557228,263.674702380434,231.5,66.4385989428083
-22.4847112322585,3.83697619623187,263.677655065479,232,66.4279153239086
-44.4363902093216,3.78840303825874,263.687988612553,232.5,66.4068013565833
-20.0890686657226,3.84125424144238,263.690790607931,233,66.3972560281396
-34.5414029917547,3.80890795940101,263.697734867239,233.5,66.3808436676688
5.83351780983979,3.89886624682492,263.695922247878,234,66.3836154658246
-22.1123683585984,3.83616197908752,263.69885378216,234.5,66.3731087657797
13.2131894893336,3.91537798442321,263.696365504991,235,66.379387017677
6.84555171893311,3.90138955604488,263.694059299926,235.5,66.3826396841207
-22.6715640591853,3.83518574804517,263.697003162017,236,66.3718672820308
2.4362603838646,3.89134575840941,263.69538208749,236.5,66.3730248720578
-36.7088811923627,3.80393483202974,263.702771309228,237,66.3555826335144
3.96638997059111,3.89437331243138,263.70113150375,237.5,66.3574672651832
-0.456184559018814,3.88456346833721,263.699677897044,238,66.3572505089205
17.5226400719697,3.92504960067715,263.696871164013,238.5,66.3655763978639
-15.7872183335012,3.85050181148162,263.698017559015,239,66.3580750952046
-29.5474100917816,3.81959383022197,263.703120626894,239.5,66.3440356323165
-28.2951128259727,3.82189840519275,263.708087136411,240,66.3305911989398
-11.7117248004034,3.85859825987151,263.708851208561,240.5,66.3250263685476
-17.570807533618,3.84531442771273,263.710795791166,241,66.3166775928168
-18.3110097134708,3.8434396907691,263.712996315118,241.5,66.3079771097451
-36.4963427746896,3.80279429655346,263.720794360071,242,66.2906358589099
-7.63584287440899,3.86672161022624,263.720949700173,242.5,66.2870076853298
-45.1516512427047,3.78331920485255,263.732140982537,243,66.2655538614587
-7.63383112130153,3.86602017452964,263.732461443372,243.5,66.2619266437639
-46.852505179255,3.77886277741931,263.744554390211,244,66.2396646585127
-14.9925648336633,3.84866253151898,263.74656027408,244.5,66.2325409357591
-3.83090625627745,3.87379949345237,263.745942174259,245,66.2307206792275
24.4801104020969,3.9375459276998,263.742965563769,245.5,66.2423524127844
-54.3513282465465,3.76265630231346,263.757976524476,246,66.2165273589654
-18.9950405976844,3.83930011419366,263.760997701375,246.5,66.2075018583649
0.437356165291156,3.88304843704113,263.759707256189,247,66.2077096683093
-17.882356648588,3.84176278501124,263.761855383627,247.5,66.1992128599008
-17.3637589355998,3.842735348578,263.764035340252,248,66.1909624633884
8.7082746511967,3.90153293142667,263.761744540358,248.5,66.1951002033258
-24.5697999891088,3.82668310594417,263.765616709582,249,66.1834258537282
-41.5808813288798,3.78870361287606,263.775761428728,249.5,66.163668682509
24.6224005284132,3.93656701660045,263.773021792383,250,66.1753680252723
-42.3401720019974,3.78705031952692,263.783031065238,250.5,66.1552500768075
-42.140624543617,3.78674178560213,263.79374966681,251,66.1352269433917
-7.23520038129333,3.86412727031866,263.794051421678,251.5,66.1317891352412
34.3370364840299,3.95737951183954,263.791274962973,252,66.1481043908898
-44.5884540046862,3.78169149152747,263.802127956602,252.5,66.1269181703957
-11.0071801460805,3.85569968724786,263.803100065067,253,66.1216881046579
9.19321896584625,3.90139500268992,263.800640177387,253.5,66.1260562660667
12.6207841788142,3.90939873438711,263.797753099855,254,66.1320530363605
-28.0858519961056,3.81795177751327,263.802580846859,254.5,66.1187080333449
-13.2503740426413,3.85085434976673,263.803768512934,255,66.1124121131933
19.3824162758966,3.92440301409331,263.800719062774,255.5,66.1216216754913
-14.2568999247867,3.84896671335935,263.801690098829,256,66.1148475041927
-3.62536716746242,3.87286051173372,263.800789620878,256.5,66.1131249096355
-18.1796190212339,3.84003339859613,263.802868201252,257,66.1044868569001
-21.3373957363889,3.83271413521697,263.805953738568,257.5,66.0943483853847
-16.2296801720524,3.84393157387849,263.807782436401,258,66.0866368468183
-1.18368698832234,3.87780617235896,263.806564943057,258.5,66.0860744175058
-11.4774305826789,3.85460943779238,263.807106571349,259,66.0806209120982
0.634295657834063,3.88194430978227,263.805559805499,259.5,66.0809222979158
-9.47609056268622,3.85918954538225,263.80563638329,260,66.0764197299627
-14.7271390878694,3.84727153820473,263.80694324507,260.5,66.0694221243509
-15.3455963836123,3.84572540018189,263.808465538706,261,66.0621306585252
28.655500318456,3.94451796681088,263.805447337718,261.5,66.0757463301529
-29.7356350413573,3.81402532655764,263.810609025427,262,66.0616174321101
-9.62331968455978,3.85870927095897,263.810943250758,262.5,66.0570449081849
31.130408909863,3.95007641423974,263.807986824309,263,66.0718365335498
23.1256048718877,3.93299422590839,263.804658855948,263.5,66.0828246733006
-56.3936936505187,3.75705138226136,263.820194711393,264,66.0560291888007
-52.9385883238116,3.76325273212046,263.835305850734,264.5,66.0308753988811
-11.8568457739987,3.85298708659721,263.836472625041,265,66.0252416142043
-43.5014901321756,3.7824904714217,263.847331566491,265.5,66.0045718649983
14.6174049836697,3.91211600213464,263.844676460744,266,66.0115173304096
11.5956346549872,3.90570611930973,263.841712496449,266.5,66.0170270005261
-9.50765943876637,3.85833635129485,263.841654767378,267,66.0125094326098
0.0527426280711722,3.87991437374725,263.840071282751,267.5,66.0125344932891
-22.6440731503897,3.82881769220291,263.843276630761,268,66.0017751535148
1.45413666592059,3.88290955554085,263.841617339035,268.5,66.0024660870921
-21.9464693426919,3.8302301382199,263.844635649296,269,65.9920382140263
14.9015299261316,3.91308548712474,263.841697491732,269.5,65.9991186815097
-11.8744681379087,3.8530209237732,263.842070167068,270,65.9934765235601
19.2025867900914,3.92295872786068,263.838883723688,270.5,66.0026006398111
21.4835405454728,3.92844987998888,263.835498212584,271,66.0128085520868
18.687813091205,3.92265750661487,263.832167845405,271.5,66.0216880734235
-7.43966986832816,3.86428450452678,263.831455154604,272,66.0181531115202
-1.50602614547309,3.87761122066183,263.829942176311,272.5,66.0174375226374
-35.0788772046754,3.80256487549694,263.836765753816,273,66.0007697810946
-55.8462849730233,3.7571494733087,263.852723219788,273.5,65.9742343980312
-8.78783730346297,3.85975874047692,263.853137533667,274,65.97005885387
-13.6259289994441,3.84880761498351,263.854104500786,274.5,65.9635844886411
51.0042424236065,3.99196941903597,263.853109830901,275,65.9878191733872
75.399114839681,4.04353452320773,263.857965762921,275.5,66.0236450908296
-19.9792401949423,3.83701792567724,263.859630497362,276,66.0141519474245
-7.95838471143385,3.86366424398633,263.859102936516,276.5,66.0103705179707
13.5356602454528,3.91190708748666,263.856045899916,277,66.0168019919676
-4.22381790145689,3.8722871011951,263.854668901099,277.5,66.0147950433217
-7.67133115592845,3.8645084452351,263.853984257044,278,66.0111500074715
-50.3781200110795,3.77030695392002,263.866591990653,278.5,65.9872128250224
-56.5840599655376,3.75618839861237,263.882855123952,279,65.9603268878972
1.31925877112488,3.88295722630335,263.881436806848,279.5,65.9609537341927
14.3896682556478,3.9124763229515,263.878217378893,280,65.9677909904131
14.6810014397679,3.91346643663328,263.874909826881,280.5,65.9747666737042
6.64740354762974,3.89578303567579,263.872165631624,281,65.9779251899707
-24.3327323293949,3.8263912031718,263.875341664685,281.5,65.9663634831598
-7.14090413158167,3.86456804948141,263.874791254055,282,65.9629704799074
-7.54992406302497,3.86360682314399,263.874182701403,282.5,65.9593831306825
-1.56113098518534,3.87705735492933,263.872584318302,283,65.9586413587146
-8.17208038324648,3.86221793301772,263.872046854098,283.5,65.9547583916829
-18.8906507461657,3.83807510814542,263.873944876632,284,65.9457824919591
-48.8563307465866,3.77200205495317,263.88638751571,284.5,65.9225683882447
-44.846414316548,3.77971926506349,263.897770610051,285,65.9012595978125
-8.58317104040465,3.85949247877158,263.897959829684,285.5,65.8971813009023
-43.2781916440561,3.78230800972977,263.908461395625,286,65.8766176520559
15.8225625349082,3.91385271912765,263.905539088587,286.5,65.8841357485256
-17.6913164115266,3.83871900395742,263.907233780585,287,65.8757297129568
-12.6122402673502,3.84995469820105,263.907950055111,287.5,65.8697370023057
-68.1921621369175,3.72901457811378,263.930468806312,288,65.8373354711189
-13.3676606499852,3.84697991764609,263.932172300289,288.5,65.8309838221923
2.54517193087831,3.88292601103346,263.930217819799,289,65.8321931615813
-12.3796892954358,3.84934470559883,263.930819129286,289.5,65.826310947611
-24.9752005657294,3.82091989079546,263.934913807732,290,65.8144439717787
16.5373360755593,3.91424221772243,263.931707518198,290.5,65.8223016931621
14.2645289652695,3.90955227143271,263.928309697882,291,65.8290794894021
-18.4760546443654,3.83606285508713,263.930140424335,291.5,65.8203005851702
-14.9328856482201,3.84380701003193,263.931361148185,292,65.8132052190038
-23.9819096968658,3.82332231090731,263.935036410609,292.5,65.8018102056971
24.4546535840392,3.93197825529545,263.931612516857,293,65.8134298434375
-29.4893458472177,3.81135021335452,263.936633035033,293.5,65.7994179697968
-1.38198545186633,3.87411816222515,263.935255405219,294,65.7987613188957
-31.8037868387154,3.8058659631688,263.941295494972,294.5,65.7836497377577
-30.2711498149161,3.80875541072382,263.947220864407,295,65.7692663896712
15.179640810278,3.91070746970879,263.944097718206,295.5,65.7764790016445
-26.8424750896453,3.81640168476791,263.948448925347,296,65.7637247896282
29.6655306791649,3.9429234955563,263.945090052403,296.5,65.7778203775572
-15.9447668385049,3.8411745676141,263.946171439454,297,65.7702442156671
-64.9022176010735,3.734454073495,263.966857694232,297.5,65.7394059028495
14.5402859911887,3.9087493678004,263.964138153528,298,65.7463147251429
13.8043886460049,3.90747710837774,263.960698623171,298.5,65.7528738855392
-6.21673353360952,3.86266539580092,263.959751194803,299,65.7499200022899
-9.74485980030136,3.85469321884494,263.959631530442,299.5,65.7452897285336
-38.136891179562,3.79124507888839,263.968010083657,300,65.7271689705139
-15.0625805473304,3.84203042178059,263.969526491312,300.5,65.720011979768
-7.15225392651852,3.85977220951196,263.9690615452,301,65.7166135836563
32.5565268718082,3.94869099814746,263.965587249451,301.5,65.7320828295009
-11.7710813860148,3.85007611705921,263.965628504732,302,65.726489795805
10.7303116389018,3.90075227811213,263.962543319164,302.5,65.7315883073687
18.836398103954,3.91916988214479,263.95887303062,303,65.7405384289294
12.2282598186286,3.90479737210795,263.955483054639,303.5,65.7463486911275
-8.96996190308109,3.85734475740815,263.95490012949,304,65.742086610395
7.38120906288536,3.89411936617601,263.952068567413,304.5,65.7455937946249
-56.4343207333146,3.75327409932175,263.96768569773,305,65.7187790061515
-16.8612884469876,3.83875075862607,263.969671059297,305.5,65.7107673586785
-25.5703929262127,3.81905069207154,263.97372504157,306,65.698617576975
-1.26998866147825,3.87339062855094,263.972215029088,306.5,65.6980141413904
-17.8809318860491,3.83601275424969,263.973960445895,307,65.6895180099583
-26.6504784427818,3.81616416032946,263.978408994591,307.5,65.6768550252201
15.2277569747546,3.91009200070557,263.975134514684,308,65.6840904996069
4.03901318721098,3.88531343888015,263.972534183959,308.5,65.6860096382241
-17.9281324203562,3.83593822673246,263.974174271377,309,65.6774910794406
26.3645591349049,3.93517542031061,263.97059576539,309.5,65.6900182095134
-3.50149101295485,3.86882776529802,263.968974627872,310,65.6883544747571
-12.1173630799211,3.84942341339153,263.969185281214,310.5,65.6825969051856
-26.272083277178,3.81757610571666,263.973247379766,311,65.670113715051
-27.5147641945296,3.8144036760792,263.977936913098,311.5,65.6570400646165
-58.1680965916436,3.74748968565607,263.995351547123,312,65.6294014718996
13.7233815668121,3.90589753648283,263.992516776809,312.5,65.6359221417522
-21.0168837226422,3.82791890444727,263.995101664859,313,65.6259359616392
-13.8106933263044,3.84387065583352,263.996085020068,313.5,65.6193738055718
3.98545207216143,3.8839888404499,263.993712507429,314,65.6212674946052
14.0841648828247,3.90690494953768,263.990217264226,314.5,65.6279595907845
-11.4039801997228,3.84978154874342,263.990238785725,315,65.6225409853537
3.75870142906586,3.88393022077028,263.987814684962,315.5,65.6243269337348
17.9315208012913,3.91591066150289,263.984132285642,316,65.6328471025088
-1.16873453048716,3.87339246917706,263.98215632861,316.5,65.6322917778622
39.5750847163224,3.96390135497492,263.979232529816,317,65.6510958940754
-28.7557726727884,3.8124171107595,263.983519882446,317.5,65.6374325780013
-1.35541964463532,3.87337949240248,263.981870841759,318,65.6367885498533
1.97551072180159,3.88094467738703,263.979530190996,318.5,65.6377272145071
-29.2963352634094,3.81092994929422,263.984283890464,319,65.6238070499171
-30.9515420799305,3.80678222266818,263.989985417583,319.5,65.6091004131929
-31.579743964107,3.80488582216923,263.996060635985,320,65.59409528611
-37.1047060638587,3.79220688618164,264.004285488708,320.5,65.5764649712318
21.601063233515,3.92322557368036,264.000795962575,321,65.5867287244564
14.3142698805372,3.90745205432791,263.997153538254,321.5,65.5935301551108
-16.3554500008999,3.83873626837809,263.998246926094,322,65.5857588569635
-37.1802192740357,3.79223978729849,264.006143132668,322.5,65.5680926619554
-17.8205572755421,3.83464108390215,264.008199741829,323,65.5596252175419
-40.7915014565678,3.78346834500712,264.017782567482,323.5,65.5402431204624
-37.7158775495348,3.78948218671195,264.026605051064,324,65.5223224072255
4.38382514910206,3.88343654042796,264.024436641256,324.5,65.5244053833746
-13.3160408436217,3.84361662681689,264.025123060479,325,65.5180782616181
-7.33770711187615,3.85703199250079,264.024609353818,325.5,65.5145917473564
-21.6807383159267,3.82467494307544,264.027576983747,326,65.5042901364868
4.43303370504167,3.88341657714593,264.025184482356,326.5,65.5063964940995
15.8354393313203,3.90927397334701,264.021508621733,327,65.5139207089839
-28.5210464141647,3.80981482643157,264.026260064553,327.5,65.5003689231788
-14.1479038553921,3.84160826421071,264.027338932755,328,65.4936465414031
-13.7780589570739,3.84230824343279,264.028217877634,328.5,65.4870998915682
-7.20327340072025,3.85704977739197,264.02764411439,329,65.4836772535344
-28.6735698267724,3.80875540872416,264.032759431341,329.5,65.4700529961731
-13.0375360302522,3.84344434846428,264.033667146677,330,65.4638582060822
-64.8367018255286,3.7301721843857,264.054893199427,330.5,65.4330510231096
21.3361623036705,3.91987759336576,264.051648899403,331,65.443188908559
-12.1562038603549,3.84481991808958,264.051993221041,331.5,65.4374128837762
5.25606627742833,3.88418782914508,264.049385693213,332,65.4399103056216
-36.1351473953395,3.791323954927,264.057129652217,332.5,65.4227406769051
-38.2806361973298,3.78598396192645,264.06627837129,333,65.4045516183868
8.47239793011741,3.89064104522778,264.063590646419,333.5,65.4085772814125
22.4643902883263,3.9223022471424,264.059548391976,334,65.4192512448082
-24.4720674718134,3.81704028470257,264.063095416151,334.5,65.4076233328525
-11.0136944511356,3.84702720466055,264.063438110821,335,65.4023901718402
-26.0975708905301,3.81297872979147,264.06782839111,335.5,65.389989901331
-35.3423151759713,3.79203743148731,264.075708682162,336,65.3731969871382
-38.0026073247258,3.7855825097288,264.084906140416,336.5,65.3551400341421
44.6620579471404,3.96971086275242,264.082086818313,337,65.3763612275768
-11.6527849479576,3.84512076102832,264.082108649548,337.5,65.3708244024774
-22.755213477528,3.81998473435224,264.08542068305,338,65.3600122543353
4.79856122502416,3.88203660341335,264.082900434833,338.5,65.362292292485
-14.6940323356542,3.83810074196194,264.08385173084,339,65.3553104175589
-3.61122059455135,3.86306728186583,264.08255861449,339.5,65.3535945447511
8.10809211282127,3.88965744484729,264.079453955421,340,65.3574471077323
3.63560477032639,3.87981625547882,264.076789379171,340.5,65.3591745666903
26.5792922277945,3.93133989868598,264.072723387964,341,65.371803727272
6.86355663717277,3.88784402523388,264.069522357093,341.5,65.3750649487594
-28.6869021131714,3.80806069958024,264.074193570253,342,65.3614343565572
-8.39261461033654,3.85316695056464,264.07382038837,342.5,65.3574466026055
-19.9185564353338,3.82713923492675,264.076086049523,343,65.3479822931114
15.2027982601661,3.90609610011779,264.072486751823,343.5,65.3552059083557
0.692100207974276,3.87380314094535,264.070140907794,344,65.3555347600268
2.10943134452286,3.87711434364361,264.067669977358,344.5,65.3565370571143
-34.2865710763307,3.79561460925778,264.074342831594,345,65.3402457801228
-2.38319269372089,3.86658090211669,264.072913211587,345.5,65.3391134052285
-16.0468995863563,3.83579622247517,264.074096742632,346,65.3314887149253
-13.6201335912616,3.84107809606385,264.074818158142,346.5,65.3250171033868
-27.2819118373864,3.81028550946725,264.07942009762,347,65.3120540928364
12.2711793581843,3.89903730874349,264.076104761413,347.5,65.3178847482697
26.2263210890369,3.9304370608771,264.071974788951,348,65.3303461944837
19.6182170383159,3.91631377982884,264.067888430119,348.5,65.3396677976016
-2.91183480760871,3.86613847338865,264.066014622421,349,65.3382842382104
-12.574563529021,3.84437525100342,264.066185717219,349.5,65.3323094296756
-60.2424248334791,3.74006652394271,264.08416092046,350,65.3036852191235
-44.195535538538,3.7729897581657,264.09568735276,350.5,65.2826856939847
-7.34522381502894,3.85430116334823,264.095427338822,351,65.2791956081587
-9.38749977107819,3.84969158508447,264.095199776439,351.5,65.2747351341531
-56.7679587133787,3.74524349877938,264.112126560585,352,65.2477618174695
-10.5829552617187,3.84600507184693,264.112835325712,352.5,65.2427333223431
-50.4233158427413,3.75758169695041,264.127070253248,353,65.2187746650778
7.48903826381984,3.88617056828394,264.124550603975,353.5,65.2223330843926
-12.1402377809541,3.8419613811651,264.124961761572,354,65.2165646458984
29.8652774056841,3.93634446121541,264.12086336068,354.5,65.2307551435588
-4.7713206222462,3.85931166379846,264.119381059726,355,65.2284880487916
16.2780681610389,3.90682806106683,264.115494840502,355.5,65.2362225789289
-4.44534490958574,3.8605023343182,264.113950739771,356,65.2341103716428
-9.70724277609141,3.8486270157721,264.113599012956,356.5,65.2294979716295
-3.32823559245566,3.86298846574005,264.112041267796,357,65.2279165592506
24.7914271804981,3.92613416624426,264.107901726785,357.5,65.2396962150906
-56.8593342256882,3.7455477480245,264.124051107226,358,65.2126794812983
-20.975238068248,3.8228029330662,264.127202830199,358.5,65.2027130891335
-39.4871767209819,3.78142272756588,264.136465580206,359,65.183950742437
1.04986876421968,3.87172558071635,264.134583438734,359.5,65.1844495879705
-1.35906257091598,3.86643352142811,264.13267858746,360,65.1838038288848
-37.0116255652824,3.7865146168303,264.140770908714,360.5,65.16621774124
1.02879154613963,3.87141017071499,264.138848028758,361,65.1667065719256
-35.167607164388,3.79014211678269,264.146299131466,361.5,65.1499966703095
-1.06114386589649,3.8663307297564,264.14472113275,362,65.1494924674071
-28.9331527131599,3.80355291169607,264.149998435999,362.5,65.1357448691409
-19.2622135737077,3.82482219103549,264.152565087542,363,65.1265924212015
-17.3603618538984,3.82890170715618,264.154525164311,363.5,65.1183436388136
13.8827771963313,3.8995012381831,264.150881256911,364,65.1249400455588
-25.076440954679,3.81180949848171,264.154744021556,364.5,65.1130249653181
10.9819348469764,3.89303928679678,264.151407097156,365,65.1182430357427
-4.58766449436219,3.85813090202667,264.149992173312,365.5,65.116063205253
-3.6301157510627,3.86034825927049,264.14849150683,366,65.1143383544045
0.814419364418788,3.87048155334836,264.146211644018,366.5,65.1147253260682
-29.2933743195302,3.80272524527853,264.151417179926,367,65.1008065683718
-10.8033415551976,3.84386704263576,264.151672205342,367.5,65.0956733566162
-16.1971013666686,3.83159793875745,264.153103341599,368,65.0879772978813
-34.1375267900734,3.79124775496484,264.16037909539,368.5,65.0717568393379
-21.9831075757718,3.81784072662028,264.163838463396,369,65.061311557602
5.95695979331948,3.88091509816077,264.161070620882,369.5,65.064142009262
-2.43275452735624,3.8621444097316,264.15933606399,370,65.0629860850441
-17.6754699234234,3.82768978528956,264.161119549565,370.5,65.0545875789399
-16.7523007060219,3.82957483709097,264.162818304628,371,65.0466277170325
-9.77610461288471,3.84520720697867,264.162786857513,371.5,65.0419825972919
-15.9282066795212,3.83122668961267,264.164213988563,372,65.0344143039675
4.78376385844769,3.87806820832756,264.161512358061,372.5,65.036687311143
-8.90893744308188,3.84722588611063,264.161061612459,373,65.0324542262054
-42.4377960592703,3.77223674945497,264.171597243895,373.5,65.0122898916335
37.6787826190252,3.95082683145686,264.167928009606,374,65.0301929792003
-39.9660718690286,3.7779204931344,264.176982348544,374.5,65.0112030852962
-14.2301133762445,3.8347010779443,264.178243144231,375,65.004441641636
5.56074019785434,3.8794878505173,264.175388794872,375.5,65.007083829408
2.60185787951353,3.87301991858934,264.172764576333,376,65.0083201031466
-57.4163829302467,3.74002511128372,264.190054703221,376.5,64.9810386874553
-6.01018554184775,3.85270392603181,264.189704222239,377,64.9781829455611
-13.9557471405105,3.83471073918867,264.190623732794,377.5,64.9715518671198
-19.2175639943845,3.82268839104789,264.193052838024,378,64.9624206344446
-9.21001442567174,3.84516428672882,264.19295484927,378.5,64.9580444926668
55.9374527159978,3.98908093047271,264.190971217085,379,64.9846231941171
28.3982360559466,3.93086176621778,264.186386858426,379.5,64.9981166265349
11.0573224163252,3.89280725487175,264.182519002011,380,65.003370517391
31.3137926619123,3.93803784477758,264.178247739067,380.5,65.0182492776138
-17.3917442566642,3.82957362943731,264.179246217679,381,65.0099855838657
17.3333248751796,3.90748772207356,264.175238143043,381.5,65.0182215196231
-15.4305375914616,3.83414336662692,264.175811252863,382,65.0108896939508
-27.8576173768598,3.80613360855791,264.180256927982,382.5,64.9976531366994
-22.7957911365566,3.81695537686861,264.183362788892,383,64.9868217080675
-4.01927178357629,3.8589265462886,264.181917270412,383.5,64.9849119495856
-10.1108364302,3.84519723441842,264.181543226025,384,64.9801077818975
4.90267118523634,3.8790386129417,264.178580114647,384.5,64.9824372879335
11.7024310467708,3.89451803510956,264.17477333979,385,64.9879977023953
9.2085703174262,3.88920895601575,264.171149983688,385.5,64.9923731580045
-16.4839860725398,3.8315561590316,264.172080162867,386,64.9845407858949
-31.2802414025136,3.7983146624034,264.177753853638,386.5,64.9696779675655
-30.5012806614757,3.79950082781356,264.18346028199,387,64.9551852727217
-16.1098253843461,3.83119315944526,264.184871196379,387.5,64.9475306832022
-8.75931577785137,3.84760911768477,264.184389664973,388,64.9433686910545
-8.68568239557228,3.84773739916766,264.183817873072,388.5,64.9392416858357
-12.3177550265033,3.83948839759845,264.184068295355,389,64.9333888999563
-37.8818669348459,3.78231810995105,264.192487765209,389.5,64.9153893168013
7.36304184797227,3.88331694374536,264.189555204603,390,64.9188878688723
-8.082553495467,3.84864002122208,264.188755418961,390.5,64.9150474405746
23.4025197303477,3.91942411433251,264.184424390824,391,64.9261671565233
-5.55498673393506,3.85488639056745,264.182916721164,391.5,64.9235277025118
-24.8446197921844,3.81146047055904,264.186490867369,392,64.9117227721827
2.12887586658217,3.87190720290648,264.184061650724,392.5,64.912734308342
-20.9390910180815,3.81998853696005,264.186451273374,393,64.9027850914616
15.2974015071471,3.90141717928644,264.182574457327,393.5,64.9100536574739
-21.1822585463781,3.81957770797516,264.184902878788,394,64.899988899452
-0.548113267849165,3.86583659380626,264.182850311651,394.5,64.899728463229
-7.35104730438226,3.85055216181074,264.181875474809,395,64.8962356103699
3.91612662448368,3.87598839455669,264.179027109798,395.5,64.8980963593912
-9.01367062700852,3.84694591885223,264.178345978979,396,64.8938135104424
-24.7148860850169,3.81157092798563,264.181927773205,396.5,64.8820702231324
-13.2507506905342,3.83695061568058,264.182536155398,397,64.8757741240164
-21.1372625400646,3.81906066190312,264.185186698151,397.5,64.8657307458636
-17.4550559376376,3.82704901886603,264.186919445932,398,64.8574369695467
2.43210106818702,3.87182213448389,264.184431489907,398.5,64.8585925832733
4.51264989631729,3.87668480309596,264.181465086043,399,64.8607367705489
-3.47369497865641,3.85881998830145,264.179726889159,399.5,64.8590862430886
-41.1177246170665,3.77476526111789,264.189278446389,400,64.8395491409532
-23.8560501720623,3.81220092785644,264.193157664448,400.5,64.8282139298465
-31.8138946240943,3.79410630803854,264.19962564551,401,64.8130975459904
10.0712626772354,3.88810344163574,264.196351507829,401.5,64.8178829101951
10.1251222260092,3.88852917954549,264.192684992543,402,64.8226938657843
1.17591821358243,3.86861720553654,264.190143189128,402.5,64.8232526037606
-12.9012735903289,3.83689345671151,264.190449982995,403,64.8171225588187
-16.1822266941508,3.82935385712551,264.191730398638,403.5,64.80943356779
-34.5682163220193,3.7880683355007,264.199000101843,404,64.7930084669553
-37.57790012959,3.78083048145907,264.207813563612,404.5,64.7751533137409
-27.5217696823701,3.80249042446052,264.213111678998,405,64.7620763346463
21.7615893138302,3.91338625511094,264.208952101667,405.5,64.7724163618977
7.93203369612667,3.88286516499273,264.205450167821,406,64.7761852706568
13.901543121208,3.89655404010453,264.201426690421,406.5,64.7827905940381
49.8789755106671,3.97547599356887,264.19855637464,407,64.8064906077923
6.07077822121709,3.88024196083597,264.195085416531,407.5,64.8093751403206
-43.6671977712865,3.76941926342514,264.205245512113,408,64.7886266550682
-52.6748304677035,3.74920518390196,264.22027585211,408.5,64.763598189792
10.524231274205,3.88892128569125,264.21710287476,409,64.7685987821939
2.02624289625698,3.87005821725167,264.214375782167,409.5,64.7695615522592
22.507119891653,3.91612553769911,264.209920548283,410,64.7802558186417
13.2208929618839,3.8958923132631,264.20582126975,410.5,64.7865377308469
-4.08295029335161,3.85723591087776,264.203988997613,411,64.7845977154973
7.43847387884792,3.88322372769714,264.200590055754,411.5,64.7881321091258
14.7826094767409,3.89989257681475,264.196478101007,412,64.7951560715134
-14.220948518015,3.83496496974015,264.196740658543,412.5,64.7883989825391
-33.8831296833412,3.79096036105706,264.203237351209,413,64.7722994008755
-11.4635846878209,3.84042370562032,264.203386077633,413.5,64.76685247435
-25.1761842283562,3.80953034081364,264.207099140185,414,64.7548900010557
-33.8757959288817,3.78983110264463,264.214026255878,414.5,64.7387939040283
-40.7727137933421,3.77410812158394,264.223925834366,415,64.719420733914
-8.49966385909888,3.84547122616441,264.223732890243,415.5,64.715382115472
-15.0630046091671,3.83060904997101,264.224772365857,416,64.7082249232329
-29.458142867084,3.79814724853002,264.23028892412,416.5,64.6942278756999
9.96199493329852,3.88668852314313,264.226927476906,417,64.6989613212954
-74.8050409013338,3.7014162749396,264.253852438653,417.5,64.6634176783056
-7.81088800902507,3.84546769543009,264.254130347728,418,64.6597063319648
-20.8697173823145,3.81590832436515,264.257020934652,418.5,64.6497900779932
-19.4249034110718,3.81892329474836,264.259607429898,419,64.6405603279171
-0.00706764735920729,3.86280466978506,264.2575928531,419.5,64.6405569697218
-10.7713317851759,3.83849873793238,264.257592713143,420,64.6354389674203
-1.62412352241409,3.85923586441751,264.255727657241,420.5,64.6346672645249
-14.5754638165557,3.82994232799838,264.256642814216,421,64.6277417274748
-21.1580722610006,3.81492093670618,264.259559835506,421.5,64.6176884615754
-31.1757121409233,3.79217631674018,264.26597146472,422,64.6028753103634
-7.51298643513099,3.84513679724467,264.265580899975,422.5,64.5993055120661
-7.40719800967935,3.84539958255201,264.264906472168,423,64.5957859791786
-5.68669863582633,3.84933123549443,264.263833633873,423.5,64.593083942208
-10.1416335489262,3.83924366574531,264.263721282307,424,64.5882651412575
-0.600249793494067,3.86089940615958,264.261662840316,424.5,64.587979932345
-14.8679337003541,3.82861105892729,264.262654567299,425,64.5809154281208
-26.2210326787213,3.8028405180721,264.267219227959,425.5,64.568456494697
-46.8230101726008,3.75693066461051,264.280241491654,426,64.5462085240091
19.1845083843871,3.90458640981934,264.27629219266,426.5,64.5553240502989
-43.8522490546224,3.76317826347135,264.2875668951,427,64.5344876378605
-20.2810537725555,3.81487536445981,264.290794748932,427.5,64.5248510876219
-41.652008755912,3.76689660672224,264.301750349974,428,64.5050601201793
-36.8521635756886,3.77673113514871,264.311145756756,428.5,64.4875498009582
29.0462462101082,3.92520473311054,264.306725344123,429,64.5013511356415
-6.79437405553562,3.84495349931047,264.305707420325,429.5,64.4981227862835
14.5086524103886,3.89340146504744,264.301610079444,430,64.5050165778693
-1.96968902071836,3.85642304456059,264.299572697638,430.5,64.504080679399
7.25081631309458,3.87747738360406,264.29617677182,431,64.5075259074653
-37.2759067114403,3.77722408399037,264.304545440651,431.5,64.4898142465357
-13.5058599705082,3.82995506010158,264.305600926467,432,64.4833969321505
34.3548593956565,3.93753924771985,264.301036022611,432.5,64.4997206563622
-49.4669502774577,3.75085683859982,264.314445670593,433,64.4762164165508
-33.0198425857276,3.78587381884374,264.321934335042,433.5,64.4605270260725
-48.6191028546821,3.75105046256806,264.336114244293,434,64.4374256412791
-24.7965085389506,3.80288702642218,264.341024797668,434.5,64.4256435710298
-32.1583344999673,3.78601059275216,264.348364455213,435,64.4103635264387
6.91691862427548,3.87447543085426,264.345440781351,435.5,64.4136501028941
-44.6530963875412,3.75828362859474,264.357616261943,436,64.3924331675478
-25.8689644224994,3.79927942252921,264.36296766879,436.5,64.3801415194868
33.9630352362218,3.93445068073839,264.35832206548,437,64.3962790683035
-21.7704025814303,3.80923024859024,264.361286192316,437.5,64.3859348534248
-14.7019947049266,3.82503214737248,264.362612249158,438,64.3789491951759
-41.9835994230112,3.76362498401719,264.373719104147,438.5,64.3590006723046
-26.1966064704815,3.7980882412787,264.379097204157,439,64.3465533450027
13.4415759277068,3.88823675760788,264.37524809884,439.5,64.3529401148011
-1.97520787772482,3.85352182778342,264.373290592932,440,64.3520015940437
5.05015366430948,3.8696974314517,264.37018377285,440.5,64.3544011764345
-31.76453384867,3.78627100187239,264.376748964163,441,64.3393082463693
39.0739835786738,3.94541244708859,264.372334469649,441.5,64.3578742641907
1.19869870606337,3.86161467173631,264.369485559367,442,64.3584438263264
18.3712575749121,3.90060535301071,264.364855260141,442.5,64.3671729361919
-23.4080255648175,3.80637157697479,264.368019350766,443,64.3560506041439
-2.02785409936586,3.85457254845719,264.366143956238,443.5,64.3550870685148
-12.5287574002689,3.83076569822419,264.36639912341,444,64.349134024779
-14.6929806219429,3.82573965562862,264.367335828593,444.5,64.342152649575
19.1827602450526,3.90239888489017,264.362782825912,445,64.3512673452358
13.4985646773112,3.89008441106914,264.35839305968,445.5,64.3576811932597
-5.96843307304173,3.84633724774008,264.356899002519,446,64.3548452900666
9.7162130039569,3.88189447861367,264.353044793104,446.5,64.359461952287
-36.6907588076691,3.77763664106799,264.360836738326,447,64.3420283246013
-17.152961898635,3.82066250188582,264.362615405955,447.5,64.3338780883794
-6.23241059418422,3.84524934484121,264.361512054669,448,64.3309167561689
-11.4472216549567,3.83341514989057,264.361504636596,448.5,64.3254776045446
-36.3665008891295,3.7773620078914,264.36963038874,449,64.3081980481295
-2.25477866714857,3.85367473401308,264.367994929482,449.5,64.3071266892077
-0.418578027256919,3.85795840291839,264.365654624107,450,64.3069278017024
-4.03991805026693,3.84985104528873,264.363960032601,450.5,64.3050082331392
-12.0073453888135,3.83179291781736,264.364081724728,451,64.2993029385145
1.5742171255686,3.86257754663805,264.361449375252,451.5,64.3000509283669
-27.3696070899536,3.79719021109509,264.366078368643,452,64.2870462493846
20.1111727563319,3.90416793713711,264.361589807813,452.5,64.2966020805952
39.6409068348309,3.94748985709307,264.356968791525,453,64.3154374722125
25.9176905988775,3.91824254083907,264.351930987357,453.5,64.3277522725343
-18.5318145381547,3.8187947607062,264.3532265455,454,64.3189468739682
-39.1207477831397,3.77273485522307,264.362010863996,454.5,64.3003586361176
-56.5928485718837,3.73435645365565,264.379334285689,455,64.2734685230828
3.88744956618544,3.8676758929717,264.376831701257,455.5,64.2753156461892
19.3172327860652,3.90261880311498,264.372075708807,456,64.2844942365278
-1.21041258356128,3.8568071615109,264.369580263398,456.5,64.2839191085388
-21.637112165935,3.81067732681672,264.37215977962,457,64.2736382266505
-27.3837517920719,3.7974667880355,264.37687535001,457.5,64.2606268268078
37.3211323575009,3.94211912568845,264.372379299267,458,64.2783599767199
-13.3395247732278,3.82956197711118,264.372353807943,458.5,64.2720216965656
-1.75063739249836,3.85566523670409,264.370157460074,459,64.2711898805578
22.8071993146541,3.91092502082045,264.365312104615,459.5,64.2820267297897
-1.13348972251809,3.85765615327815,264.362700028426,460,64.2814881517267
-30.5310749323707,3.79159515830005,264.368014082888,460.5,64.2669813001241
-24.2984932952263,3.80494653514348,264.371653440481,461,64.255435862003
24.9825780738804,3.91552241938782,264.366935844856,461.5,64.2673063432609
-8.83744490349951,3.84004699877359,264.365858610158,462,64.2631072280301
-9.22148742005516,3.83910799593455,264.365104927485,462.5,64.2587256348548
-6.57593710292804,3.8450229413991,264.363795121318,463,64.255601075896
19.0783170158024,3.90278226065114,264.359143113385,463.5,64.2646661453176
-9.34771215608528,3.83919723570067,264.358174066654,464,64.260224576412
-39.8984053971897,3.77098017507984,264.367146868406,464.5,64.2412668342571
7.21110032635732,3.87590666408692,264.363863798599,465,64.2446931912576
-9.3512795464459,3.83868849546486,264.363044594849,465.5,64.2402499273052
-29.1940564656629,3.79402508537353,264.368098259184,466,64.2263783605239
-20.1719804912824,3.8137234741568,264.370542221162,466.5,64.2167936364955
-21.3959618360813,3.81069011275025,264.373316570902,467,64.2066273372761
-20.265051172713,3.81293502065591,264.375813679738,467.5,64.1969983906787
25.451775369987,3.91572777601256,264.371031888495,468,64.2090918112063
-13.4249937377597,3.82877143927066,264.371128793676,468.5,64.2027129204417
-12.9407146105446,3.82971807443245,264.371399979578,469,64.1965641350844
-10.2836518603772,3.8356019362048,264.371042285176,469.5,64.1916778540804
-18.9894319666488,3.81584075737628,264.372973757368,470,64.182655018423
15.089612407371,3.89266304420294,264.368684226146,470.5,64.1898248533672
-5.37483433231553,3.8468245581422,264.366996482776,471,64.1872709988364
-5.54644684708869,3.846442378199,264.365487184871,471.5,64.1846356025553
-38.8141186316588,3.77193532286649,264.374228399075,472,64.1661930596601
-16.6014548192657,3.82076372508354,264.375853143653,472.5,64.1583048722319
-17.7233910882137,3.81803399345751,264.377589655492,473,64.1498835963684
13.1779072104811,3.88782019623393,264.373465579846,473.5,64.1561450838778
-19.5575397307652,3.81409611232293,264.375401698152,474,64.1468523116051
-17.7463214552608,3.81791364166262,264.37713176082,474.5,64.1384201403692
9.69550154328963,3.87989805893489,264.37336445254,475,64.1430269615313
-2.91665265471225,3.85163677556773,264.371272004359,475.5,64.1416411129383
-36.364708602375,3.776517197426,264.379115614396,476,64.1243624081289
5.86190700378165,3.87104089920982,264.376034947987,476.5,64.1271476954207
-16.9959361295887,3.8194435046727,264.377325013442,477,64.1190720700512
-21.6751579539451,3.80867145872437,264.380232163635,477.5,64.1087731106926
-23.8210923612159,3.80353189303682,264.383938099695,478,64.0974545098028
13.6778178804984,3.88815896367083,264.379836723404,478.5,64.1039535300528
-4.85166179642321,3.84657742880916,264.378140771097,479,64.1016482611469
-24.1844498888406,3.80285852688682,264.381707457195,479.5,64.0901570107927
-21.5140875269286,3.80849619827272,264.384697693183,480,64.0799345841074
18.2433688866566,3.89822382032155,264.380210493788,480.5,64.088602927615
-7.74626429278412,3.83990622764183,264.379089366458,481,64.084922287257
10.3189121773694,3.88082533627213,264.375146952206,481.5,64.0898253222136
19.7872091931881,3.90233219407809,264.370324617945,482,64.0992272220168
2.92364911796833,3.86485679691737,264.3671125874,482.5,64.1006163949819
-8.87477596089045,3.83827817740668,264.366208739643,483,64.0963995418853
-13.2855421479473,3.82822087956766,264.366475280727,483.5,64.0900869115954
-8.80868981803065,3.83819766679543,264.365744323744,484,64.0859014593541
-4.78387315093753,3.84725722286791,264.364126748089,484.5,64.0836284002483
11.6711268101112,3.88446327473118,264.360019671223,485,64.0891739404903
-7.70873853089471,3.84096973312138,264.358816147299,485.5,64.085511130512
-26.280440690848,3.79908742678888,264.362876400905,486,64.0730239693492
-9.0793972123665,3.83741007246197,264.362374142003,486.5,64.0687098903888
-47.463905236215,3.75203099818313,264.374998438038,487,64.0461573981732
-48.8747011552583,3.74800775754303,264.389060462342,487.5,64.0229345657523
-3.49598491243944,3.84842936651002,264.387864275827,488,64.0212734472217
-26.0737482014931,3.79736754002656,264.392296836728,488.5,64.008884496072
-2.51520080597797,3.8504062349986,264.390609432027,489,64.0076893974741
-35.9845048022474,3.77500559866157,264.398705834922,489.5,63.9905913466417
-23.8429464529352,3.80150489509799,264.402841625247,490,63.9792623617721
12.825619495731,3.88451331544465,264.398852769506,490.5,63.9853564596428
21.1732481104533,3.90359275489129,264.393903794208,491,63.9954169363527
-34.4578589458295,3.77855958064431,264.401000799534,491.5,63.9790442718664
-28.6257233760119,3.79092270448619,264.406596013997,492,63.965442748764
23.1246474896166,3.90757324514,264.401897396359,492.5,63.9764304336143
18.1128414570169,3.8968983107559,264.397044221839,493,63.9850367569652
37.8401118112355,3.94072628605389,264.392210857914,493.5,64.0030165001577
2.5261547332063,3.86296072633088,264.388933868343,494,64.0042168035181
4.910688824039,3.86847623812636,264.38549712546,494.5,64.0065501191382
24.2078395699803,3.91183032178029,264.38056012685,495,64.0180524831081
4.03434163887055,3.86717168344252,264.377096573651,495.5,64.0199694020374
-9.71078334807501,3.83624598539755,264.376256249769,496,64.01535531972
-3.54080565917992,3.85008585533262,264.374272785455,496.5,64.0136729045949
3.79308976492696,3.86667055187467,264.371034432492,497,64.0154751926066
-34.825948155787,3.78015502260501,264.377844809889,497.5,63.9989276303954
10.9625435278,3.88241699038616,264.374044886591,498,64.0041364870275
-9.38901122489584,3.83675369759095,264.37315599227,498.5,63.999675294854
1.91042277138962,3.86221650832977,264.370268067049,499,64.000583032944
18.5287763447624,3.89964400427478,264.365572938902,499.5,64.0093869879114
2.41106534955115,3.86387868659,264.362386051576,500,64.0105326065084
