curr_dens,Volts_tot,Temp_tot,t_tot,SOC_tot
-20.9763036986451,4.02466050632367,283,0,90
-20.9763036986451,4.02434634965394,282.999994899127,0.5,89.9900331015006
-16.294740056468,4.0330455835102,282.999814412106,1,89.9822906497059
5.49743423146342,4.07498427632046,283.000268816709,1.5,89.9849027576244
-5.89418011204654,4.05299533093523,283.000008241482,2,89.9821021357533
-4.53181782765002,4.05555990266624,282.9997931397,2.5,89.979948840828
-39.7680214629259,3.98806045432981,283.00207178411,3,89.9610530506479
-38.380921336412,3.99012408821923,283.004316015364,3.5,89.9428163416085
-26.84121364511,4.01151967990435,283.005062426926,4,89.930062728968
18.9228767393014,4.09961091080815,283.007300972429,4.5,89.9390539408844
1.30356560344697,4.06573846005737,283.007388878001,5,89.9396733305654
-2.53301613592878,4.0583565144156,283.007247232216,5.5,89.9384697670069
-43.6941436229825,3.97966709519932,283.010373395284,6,89.9177084784231
-8.00388202087107,4.04717640717076,283.010232520271,6.5,89.9139054309058
-19.7219231233933,4.02453843178326,283.010311740232,7,89.904534551803
-23.6813867096763,4.01671737914907,283.010734521269,7.5,89.8932823321054
7.99487343660952,4.07759009406028,283.011395853454,8,89.8970810991905
18.4128379397047,4.09796951721828,283.013459486023,8.5,89.9058299659817
-43.4070935326194,3.97952821726472,283.016599980854,9,89.885205069355
-5.34619832083832,4.0516273379833,283.016495103485,9.5,89.8826648212357
-30.7407275284338,4.00284611825318,283.017662028011,10,89.8680583531241
41.402674394794,4.14169400086107,283.025288841288,10.5,89.8877308492524
-7.0063642653717,4.04865715555228,283.025083959907,11,89.8844017726674
-6.44603901831753,4.04967240349002,283.024802579879,11.5,89.8813389348318
3.70644322161627,4.06926973574983,283.024997673628,12,89.8831000527063
11.2811206126064,4.08404472428208,283.025964229048,12.5,89.8884602813586
16.3777919166576,4.09411812771421,283.027673825212,13,89.8962421952755
-1.71945207973673,4.0592905358015,283.027525845108,13.5,89.8954251969807
-58.3085578961906,3.95195414191895,283.034067658913,14,89.8677198640226
-24.979889140657,4.01369303756267,283.034753613641,14.5,89.8558506604123
-43.4981668025583,3.97832003666774,283.038074114389,15,89.8351824902876
-7.64506780415735,4.04613996960812,283.037925268298,15.5,89.8315499334787
18.450597434839,4.09664175155948,283.039851923679,16,89.840316741708
-4.07998715745497,4.05331542783361,283.039613476146,16.5,89.8383781342936
-1.35776672691453,4.05856997051126,283.039460737742,17,89.8377329909286
-31.4023001894735,4.00090273794747,283.040683241858,17.5,89.8228121763212
6.07698289347634,4.07259201172332,283.041086197148,18,89.8256996570019
-21.0040397551508,4.02048166018806,283.041245270301,18.5,89.815719579705
15.8290132548889,4.09137909345107,283.042769824743,19,89.8232407412367
9.95384165632514,4.08026932061252,283.043506574246,19.5,89.8279703127996
-9.06037646768431,4.04366012390136,283.043174044442,20,89.8236652715532
33.4796362740289,4.12586978711224,283.048367461566,20.5,89.8395731331734
-6.95465314731613,4.04813964441077,283.048067372741,21,89.8362686271453
-25.3245609757231,4.01277503918154,283.048507615189,21.5,89.8242356525845
-26.9138577035497,4.00940659460854,283.049200078317,22,89.8114475230926
-53.9739679038336,3.95820459846953,283.054927861999,22.5,89.7858017721806
-17.103230588288,4.02710875039079,283.055069990171,23,89.7776751658092
12.683380007308,4.08448512429949,283.056083618741,23.5,89.7837016785342
-21.3912043460107,4.01896609769852,283.05628770086,24,89.773537639838
0.355329163468344,4.06060858241475,283.056217610019,24.5,89.7737064746221
-29.1043536195532,4.00406414336707,283.057213862213,25,89.7598775301815
-20.1171654438413,4.02086513421337,283.057432579397,25.5,89.7503188515432
-15.5783597084398,4.02935597056613,283.057362721825,26,89.7429167881371
-0.151075033375651,4.05896289292209,283.057260317079,26.5,89.7428450047789
-4.73393639844001,4.05017132211917,283.056986121459,27,89.7405956731395
-7.76551617276094,4.04431479163342,283.056687752759,27.5,89.7369058852436
-42.0103284683202,3.97896499400717,283.059840472759,28,89.7169446620564
8.12760376118731,4.07445692665675,283.060405138933,28.5,89.7208064960046
-49.1409192405684,3.96529865692027,283.065134767474,29,89.6974571699615
1.71751416202372,4.06160482864006,283.065255275887,29.5,89.698273247454
18.4397427390615,4.09407226543983,283.066981468236,30,89.7070348980706
-15.5546052629689,4.02873589006496,283.066867395913,30.5,89.6996441215982
-1.61043975809829,4.0554495600047,283.066680672227,31,89.6988789205485
2.46856620585327,4.06337481012198,283.06666394469,31.5,89.7000518606988
8.65252205579168,4.07543108464235,283.067137352918,32,89.7041631097698
-1.10746681537249,4.05672923085342,283.066932716952,32.5,89.7036368965008
2.32170212931236,4.06338723413515,283.06690083961,33,89.7047400541305
9.99267786779052,4.07830291231354,283.067519328775,33.5,89.7094880787337
-15.2823915857528,4.029703670789,283.067330316514,34,89.7022266446912
-44.4902334686835,3.97409261007465,283.070938688843,34.5,89.6810870937213
-35.8056281452368,3.98981334759481,283.073151495639,35,89.6640740361989
-6.22848102819067,4.0459135290979,283.072947358523,35.5,89.6611145711233
13.9444728196481,4.08489340963408,283.073992745063,36,89.6677402925668
-6.66583689453416,4.0453228026825,283.073666397014,36.5,89.6645730176886
20.4093714502549,4.0976119593941,283.075698071424,37,89.6742705381195
-37.4992757272463,3.9867555745289,283.077970421426,37.5,89.6564527433189
15.3435981571139,4.08766863461142,283.079284423909,38,89.6637432596866
14.7097880793895,4.08671621854194,283.080433979732,38.5,89.6707326209602
17.3214170066701,4.09201564730655,283.081976198864,39,89.6789628986894
-39.6896391414277,3.98297510584086,283.084544680967,39.5,89.6601043518985
-17.230911826495,4.0250989522368,283.084577058167,40,89.6519170777393
-24.5512701106822,4.0109045289838,283.085129568673,40.5,89.6402515326204
13.4934252041178,4.08386576211379,283.086121294854,41,89.6466629386217
-32.3983228116925,3.99595226707494,283.087597557342,41.5,89.6312688634951
17.1463861896811,4.09076121254942,283.089108464792,42,89.6394159752665
-27.1423597740668,4.00582631466915,283.089898970905,42.5,89.6265192729309
13.6949636424989,4.08405341062925,283.090907022051,43,89.6330264399961
-26.0384976554188,4.00784525489156,283.091568106209,43.5,89.6206542381565
1.12551197066908,4.05968971931527,283.091459193936,44,89.6211890255877
-25.40652572968,4.00879982064746,283.092076060834,44.5,89.6091171054435
-41.2489791516356,3.97852511128466,283.095213952218,45,89.5895176376671
-12.2958541618671,4.03306142351668,283.095104685973,45.5,89.5836752579917
-19.5901915368552,4.0189732037633,283.095296707738,46,89.5743669712012
-3.75059762718615,4.04921806508743,283.09502528756,46.5,89.5725848733445
-23.3188500906173,4.01167141511781,283.095534418626,47,89.5615049130562
5.50048941067142,4.06684387916754,283.095678343346,47.5,89.5641184726443
-24.9254973410295,4.00850928319643,283.096341548808,48,89.5522751133177
-80.7363549382863,3.90519487540956,283.111560576515,48.5,89.5139132042587
-68.0848327414264,3.92672036552687,283.122830753831,49,89.4815626706741
22.8390308638568,4.09824497924986,283.125208125617,49.5,89.4924146446784
-46.4046826707901,3.96620434778094,283.129745946112,50,89.4703654424585
-6.41498772155168,4.04167897446236,283.129601939577,50.5,89.4673173586582
-27.3051908116226,4.0016821409728,283.130735496603,51,89.4543432870945
-29.6344845640536,3.99697763566884,283.13228079761,51.5,89.4402624507386
2.75097874355026,4.05880760089119,283.13221864025,52,89.4415695793112
1.01691734832668,4.05561880068398,283.131992514015,52.5,89.4420527679672
8.60926279580218,4.07039237703465,283.132215407476,53,89.4461434623848
-7.23231653430113,4.04006154515596,283.131856812181,53.5,89.4427070244951
9.46775220948098,4.07224752108539,283.1321619768,54,89.4472056304767
-4.16578543972641,4.04617044955703,283.131781004487,54.5,89.4452262559766
-7.59834857218358,4.03957917699923,283.131413574795,55,89.4416158978282
-14.539355529748,4.02621377161771,283.131280906499,55.5,89.4347075176439
-4.04909876453467,4.04624413025342,283.130934223197,56,89.4327835868608
-8.81329247000892,4.03709615981433,283.130590867106,56.5,89.4285959476677
-5.22023919742248,4.04395712343421,283.130224067679,57,89.4261155490727
14.4390222994189,4.08185916047818,283.131053577498,57.5,89.4329762558853
2.39380472855761,4.05890070294423,283.130851965344,58,89.4341136730919
-45.0553708791474,3.96863839652791,283.134879502572,58.5,89.4127055968713
19.4433211068172,4.09128173399962,283.136507503278,59,89.4219440981224
-22.7419120695053,4.01051899126371,283.136953660911,59.5,89.4111382701493
-5.39760777463489,4.0434924084128,283.136602754612,60,89.4085735948089
-2.20012789719382,4.04964076627371,283.136239865767,60.5,89.4075282032207
11.3994647423497,4.07588968302096,283.136704888757,61,89.4129446631303
-5.79031368856294,4.04299289337514,283.136282269328,61.5,89.4101933934289
-50.3965138208373,3.95847496313614,283.141585224362,62,89.3862474711542
12.8781397970072,4.07827355726578,283.142355532129,62.5,89.3923665240657
29.6581384408981,4.11081557076491,283.145710746523,63,89.40645859957
12.324552735117,4.07794238430725,283.146288283908,63.5,89.4123146153831
-13.7882440176807,4.02792128475457,283.145998820195,64,89.405763126113
-8.25659457698136,4.03837647507051,283.145582575835,64.5,89.4018400021307
0.0664049601910222,4.05431450915123,283.145246051643,65,89.4018715544722
2.67962339701982,4.05939643623755,283.145011995889,65.5,89.4031447785253
8.26593964092498,4.07024288422294,283.145161912799,66,89.4070723428182
16.836873712112,4.08691342602838,283.146286857142,66.5,89.4150723896209
-24.4227863902006,4.00796916141623,283.146767633238,67,89.4034678935895
9.81697785841567,4.07334556825908,283.14710851579,67.5,89.408132434268
6.39127816877147,4.06692363523064,283.147104825108,68,89.4111692524655
37.1267271279847,4.12612681956112,283.152405790014,68.5,89.4288100306606
-34.8552257685757,3.98878066111414,283.154229779524,69,89.4122485571808
3.98610807204237,4.06248498783557,283.154136268304,69.5,89.4141425579129
0.895605859453012,4.05662301525962,283.15378515722,70,89.4145681053699
-28.4120126558602,4.00059774680549,283.15468949018,70.5,89.4010681269955
-16.4977289342909,4.02290370494997,283.154585276533,71,89.3932292249601
-14.486977263881,4.02655859427976,283.154344038498,71.5,89.3863457323283
-3.77744053266522,4.0469510743457,283.153901678543,72,89.3845508800551
-27.0687195411399,4.00241297664138,283.154733478228,72.5,89.3716891679036
-28.8187034342453,3.99875585773309,283.155900267139,73,89.3579959502547
21.6793605673693,4.0952698997893,283.157742971696,73.5,89.3682969064866
-16.5057269776613,4.02222730491497,283.157604053184,74,89.3604542041779
-40.6816876115312,3.97625524509229,283.160705164675,74.5,89.3411242851877
-26.9269618665831,4.00166124798718,283.161757472776,75,89.3283299292479
-8.23730145011435,4.03705316376186,283.161408145114,75.5,89.3244159724021
-14.3204635646663,4.02535279588894,283.161222451251,76,89.3176115988163
19.9798559097129,4.09118489083472,283.162693981822,76.5,89.3271050347784
-23.4842065408145,4.0080983726043,283.163183177832,77,89.3159465053114
-24.2186009029463,4.00642461974323,283.163842932578,77.5,89.3044390280901
-54.8149187947479,3.9488237021064,283.17052861003,78,89.2783936990498
-11.1486468064093,4.0304044063431,283.170454444437,78.5,89.2730964153758
2.64473744369712,4.05685433346173,283.170189340358,79,89.2743530633552
3.29411463750361,4.0582319877992,283.169926419386,79.5,89.2759182631496
-10.604284060604,4.03165063519046,283.169565140504,80,89.2708796336365
-36.4524303299601,3.98242897267939,283.172037725707,80.5,89.2535592478157
-0.131928401820474,4.05124703961856,283.171764229443,81,89.2534965619866
-1.39211916681978,4.04890914140479,283.171344586472,81.5,89.252835096047
-30.9623489006577,3.99249129829878,283.17290726159,82,89.2381233244579
-26.4888671179338,4.00059591147594,283.173988318277,82.5,89.2255371294008
0.659638637043459,4.05226069466934,283.173694655884,83,89.2258505569444
-17.9856470777612,4.01660224038698,283.17380128696,83.5,89.21730467005
-21.01773569448,4.01064562905944,283.17423398373,84,89.2073180851224
-13.2714830774241,4.02523255726096,283.174104780169,84.5,89.2010121350051
14.3394837204442,4.07820012420356,283.174716732402,85,89.2078255460249
-19.5003559610485,4.01353101019279,283.174935164259,85.5,89.1985599446416
6.8378949789982,4.06385358655002,283.174898640811,86,89.2018089729826
-5.86273324389005,4.03961390490422,283.174446792314,86.5,89.1990232931026
8.12722947039898,4.06649624100075,283.174467842458,87,89.2028849492064
8.80723173756938,4.06798702360335,283.174530839263,87.5,89.2070697086401
25.9377421481888,4.10108001040041,283.176891247128,88,89.2193940364631
-34.6800286742272,3.98555390174274,283.178939891913,88.5,89.2029158079477
15.6077898673641,4.08121369480856,283.179784649488,89,89.2103318551048
13.9779341631846,4.07835640922826,283.180350404775,89.5,89.216973475718
-20.085652098241,4.01327456008369,283.180494497652,90,89.2074297706576
-24.1850311304441,4.00522975995043,283.181129587676,90.5,89.1959382441263
-9.66696822022205,4.03263949011278,283.180774778994,91,89.1913449805832
-27.3493559245394,3.99885361249227,283.181809754527,91.5,89.1783499239497
21.1340851054148,4.09140132166599,283.183359426951,92,89.1883917923432
-18.8053056630478,4.01514003671973,283.183441364179,92.5,89.1794564443674
-35.1267494298108,3.98400304118494,283.185694919291,93,89.162765956319
-11.737159972283,4.02798751889798,283.185494502214,93.5,89.1571890403954
-6.37130172846929,4.03817830715012,283.18505447515,94,89.1541617140109
-44.2102372191284,3.96644665965983,283.189166629823,94.5,89.133155203363
-5.6309305016988,4.03902390168636,283.188874829649,95,89.1304796646421
-3.42431403003922,4.04326847605404,283.188417438501,95.5,89.1288526005579
-21.3537169443094,4.00900910094781,283.188837197876,96,89.1187063740146
-12.887294699172,4.02494044475914,283.188670678702,96.5,89.1125829711479
-8.47656937667808,4.03328709896537,283.188301563197,97,89.1085553260578
-2.20516577176199,4.04528132387266,283.187861453449,97.5,89.1075075407217
12.9448954185841,4.07443990571747,283.188239365571,98,89.1136583125915
18.8733363987497,4.08607740482915,283.189332953557,98.5,89.1226259853967
-9.1517726459038,4.0326008768598,283.188899159816,99,89.1182775172223
-22.9805289751565,4.00613524491887,283.189440831679,99.5,89.1073583103377
-30.6739185147083,3.99128765042826,283.191067310817,100,89.0927835865538
-1.67729704182022,4.04621508551204,283.190695954025,100.5,89.0919866182409
14.8273005426541,4.07796976306282,283.19126429267,101,89.0990318156051
18.2071461463994,4.08473218781164,283.192260316463,101.5,89.1076829478643
-30.2181136334189,3.99244818718984,283.193672804617,102,89.0933247999392
-3.12833426548895,4.04369633110646,283.193262626268,102.5,89.0918383707501
12.6383123139711,4.07398841172832,283.193602012402,103,89.0978434695438
10.5800176564719,4.07026966591456,283.193745161116,103.5,89.1028705688659
9.60615645947124,4.06859539292014,283.193808632002,104,89.1074349376783
16.8335751201553,4.08264594830459,283.194650644713,104.5,89.1154334171538
-13.8334485149114,4.02411321213623,283.194348228037,105,89.10886044895
12.9099521574141,4.0752202025703,283.194759923834,105.5,89.1149946175163
-1.4722396268446,4.04782847609654,283.194247812066,106,89.1142950823103
-26.1133951196263,4.00081807431392,283.195027671466,106.5,89.1018872929127
-15.2463480187342,4.02113765712559,283.194905853466,107,89.0946429849845
3.47134825500509,4.05681474058077,283.194597267309,107.5,89.0962923973981
-49.5461908197246,3.95652376107902,283.199821251377,108,89.0727505064136
-20.8467595352254,4.00973060025356,283.200333797173,108.5,89.0628451608716
-1.68410734678376,4.04613187584437,283.199891137916,109,89.0620449566398
-35.7716404982191,3.98133454262287,283.202293804432,109.5,89.0450480483605
-15.620924363824,4.01906111057774,283.202334457617,110,89.0376257603427
-8.36756776702797,4.03278430740004,283.201941496001,110.5,89.0336499074079
-18.3336906968118,4.01370783245826,283.202095795495,111,89.0249386474586
18.7645722957439,4.08461601618973,283.203123497094,111.5,89.0338546409597
3.04628766339733,4.05479024559814,283.202745052586,112,89.0353020856754
-33.8052086573894,3.98468727181136,283.204797199404,112.5,89.0192395282162
47.3972278872155,4.13920759009654,283.212289747166,113,89.0417603386646
25.9578593703407,4.09914104482793,283.21454676561,113.5,89.0540942251931
8.83118350031198,4.06671985225436,283.214505895137,114,89.0582903653159
-1.71584953318902,4.04664280690334,283.213941645523,114.5,89.0574750787724
27.3263286497689,4.1023144328331,283.216419554692,115,89.0704591939877
-34.8557009392434,3.98407176022846,283.218405843431,115.5,89.0538974947304
16.6746421610393,4.08185590392975,283.219249323398,116,89.0618204571512
7.42665437511344,4.06438777682237,283.219080156373,116.5,89.0653492347381
2.00292089038575,4.05411462488399,283.218605653957,117,89.0663009233437
4.13903485123966,4.05826208664928,283.21823489305,117.5,89.0682675872917
-2.59528819718934,4.04543297073227,283.217639855824,118,89.0670344351401
-32.2555170486884,3.9890053634748,283.219203929017,118.5,89.0517082142249
-4.73465522550099,4.04088829793665,283.218705212921,119,89.0494585410346
-16.9857523356264,4.01746062817121,283.218577480103,119.5,89.0413877544987
1.58990034891137,4.05278079283969,283.218131610853,120,89.0421431962404
-17.4104369356162,4.01651869934891,283.218034837242,120.5,89.0338706206589
-18.0526424386061,4.01508967595834,283.218048903785,121,89.025292900894
-25.5518836066753,4.0006428023727,283.218849422385,121.5,89.0131519139004
-15.5111434486969,4.01941187982152,283.218749986773,122,89.0057817883253
-11.6385388435686,4.02664415916353,283.218404712129,122.5,89.0002517322676
-10.2208973502151,4.0292520524783,283.217993606117,123,88.9953952690925
-22.0445585863734,4.00664158015176,283.218431896253,123.5,88.9849207888861
18.1391377362307,4.08327804962261,283.219345908081,124,88.9935396069239
-43.9511925115709,3.96553339713326,283.223337459749,124.5,88.9726561814651
-11.196754123339,4.02681484361762,283.223125508436,125,88.9673360395815
18.7613970723954,4.08413837585911,283.224063180978,125.5,88.9762505243742
20.7587738753127,4.08829429510523,283.225283422708,126,88.9861140634972
-29.974778026853,3.99176678275752,283.226627640446,126.5,88.971871536576
-3.81794759282994,4.04115536755462,283.226138088284,127,88.9700574373581
-11.3187949808341,4.02681507907512,283.225736138274,127.5,88.9646793077157
33.4257575136886,4.11234931921091,283.22932643195,128,88.9805615688228
8.07579162375736,4.0643787564349,283.22918750352,128.5,88.9843987842147
28.4931780099676,4.1036136925045,283.23178772374,129,88.9979373283372
-23.9297115188148,4.00385149665717,283.232254492644,129.5,88.9865671170142
-41.4275857637255,3.97063783108148,283.235637037347,130,88.9668827842397
-24.4787927800356,4.00192974697868,283.236416485519,130.5,88.9552516767514
8.3902404496251,4.0644051447191,283.236306381303,131,88.9592383026197
30.7453077313168,4.10735477729907,283.239280688525,131.5,88.9738469470164
-24.8036036580266,4.00170242038884,283.239880584856,132,88.9620615055187
17.5339776952955,4.0822669990718,283.240689165185,132.5,88.9703927815381
26.5278450007353,4.09975703843345,283.242876983847,133,88.9829974969507
-27.6608439525578,3.99669528361892,283.243767374079,133.5,88.969854436665
-1.76558208544851,4.04561751863487,283.243212149647,134,88.9690155196808
15.2077870977895,4.07814833823783,283.243686977495,134.5,88.9762415053731
-19.2362311284809,4.01254291804697,283.243662250127,135,88.9671014030023
-28.9154966640712,3.99397006714546,283.24482088667,135.5,88.9533621940142
4.45446680751844,4.05717658474545,283.244469590453,136,88.9554787355736
-3.72009150388544,4.04163343758428,283.243822841439,136.5,88.9537111327128
-10.807341394936,4.02807820907928,283.243321625223,137,88.9485760204318
-10.9407974966131,4.02771274482437,283.24284928984,137.5,88.9433774964345
-34.0484635745031,3.98381673974736,283.244847264246,138,88.9271993563111
-78.9954668707561,3.90126764171492,283.259976455185,138.5,88.8896646308644
19.8417881268996,4.08503494481177,283.261298990383,139,88.8990924638682
-30.0624642244652,3.99018408142323,283.262729650614,139.5,88.8848082728176
13.6449693475198,4.07319469010158,283.262997355431,140,88.891291685075
-9.6952811335563,4.02878653972176,283.262460613083,140.5,88.8866849686406
-18.7933162802256,4.01138295665063,283.262541026332,141,88.8777553174244
-33.1564178357891,3.9840270502585,283.264550547692,141.5,88.8620010331653
1.23841975407734,4.04904044011015,283.264072074601,142,88.8625894687718
21.2893119236988,4.08753362481005,283.265172157373,142.5,88.8727050932457
-17.2142790637355,4.01427918872118,283.265073112938,143,88.8645257221499
-26.3331857709283,3.99680014402153,283.266020678223,143.5,88.8520134991427
-4.35607759042031,4.03831983736131,283.265459557219,144,88.8499437072564
-6.13157240891154,4.03493871936035,283.264852446988,144.5,88.8470302883472
-15.1920508395549,4.01763399212247,283.264656601794,145,88.8398117797438
-37.9707134575411,3.97445907375547,283.267575659968,145.5,88.8217699811305
-12.8391444254235,4.02150186669937,283.267396132792,146,88.8156694568844
-0.59554832481269,4.04480692193166,283.26680713412,146.5,88.8153864818765
-33.227533751941,3.98286357327803,283.268863330521,147,88.7995984068634
1.90900173295336,4.04928556214919,283.268400739061,147.5,88.8005054697464
12.3451700042404,4.06938681505872,283.268412577048,148,88.8063712818627
14.476776208074,4.07371700176175,283.268629916665,148.5,88.8132499274591
-2.88666216614237,4.04075060219331,283.267963642655,149,88.8118783288578
10.035088336267,4.06549973431475,283.26780608896,149.5,88.8166465048109
4.51873455098952,4.05513613563069,283.267303793382,150,88.8187935832125
2.99579290206373,4.05233392901884,283.266743806407,150.5,88.8202170353234
24.9291931795134,4.09436937303205,283.268434024481,151,88.8320621507289
-27.5243808789383,3.99472278747823,283.269397558947,151.5,88.8189839309234
19.831595276252,4.08466908876894,283.27037353633,152,88.8284069207904
22.496970075474,4.09008163218021,283.271691463991,152.5,88.839096364484
4.49401480390715,4.05599863771412,283.271189064874,153,88.8412316972885
-15.3791231915005,4.01814535775694,283.270870319193,153.5,88.8339243011876
3.05806713703534,4.0531433675812,283.270337672683,154,88.8353773429244
-27.9708263948976,3.9941760396656,283.271329649627,154.5,88.822086994366
25.2387537323389,4.09526277088758,283.273155201842,155,88.8340791975833
-24.5934838244952,4.00058978288962,283.273700230315,155.5,88.8223935946026
-2.86515578939413,4.04160607578617,283.2730696336,156,88.8210322147642
-50.2701248794068,3.95231090518685,283.278538618319,156.5,88.7971463462421
8.34447890974259,4.06237840076164,283.278425244067,157,88.8011112284978
-19.8420176029482,4.00877136209059,283.278526547034,157.5,88.7916832864583
-16.5182583163073,4.01485395174088,283.278421396476,158,88.7838346298794
-30.785882474657,3.98768589914139,283.2800116202,158.5,88.7692067063783
-11.3420474069726,4.02415864069879,283.279658478145,159,88.7638175283369
13.9027530379003,4.07233478943979,283.27981004354,159.5,88.7704234266106
19.5787197016221,4.08344760860078,283.280604511457,160,88.7797262625544
-12.594639930183,4.0222957608483,283.280154476262,160.5,88.77374191471
-21.5759253019691,4.0051004224068,283.280480297951,161,88.763490105783
3.23862752832591,4.05214484622741,283.279954854475,161.5,88.7650289408569
1.6119985907814,4.0491381428686,283.279318526621,162,88.7657948825865
8.1164408299576,4.06165559988625,283.278985175608,162.5,88.7696514124638
-14.1628101073315,4.01927265164067,283.278629839581,163,88.7629219479769
-50.8151540807907,3.95037474816142,283.284390189563,163.5,88.7387771086271
29.3484828031674,4.10153427727239,283.286924205062,164,88.75272205114
-9.90200364985259,4.02704842547821,283.286358090461,164.5,88.7480171104252
17.5318093278148,4.07938702956658,283.286898639202,165,88.756347356144
15.7001525058754,4.07618351489323,283.287218447696,165.5,88.763807289443
15.0930917919424,4.07528286002551,283.287483941559,166,88.7709787776181
-15.104078657352,4.01787103545136,283.287128650485,166.5,88.7638020690298
-15.2757569585518,4.01735603080041,283.286848543897,167,88.7565437874328
-2.06937901178728,4.04234948565514,283.286163962009,167.5,88.7555605212262
0.692289088884237,4.04763908138894,283.285489420707,168,88.7558894626441
-20.1423398690102,4.00800079176342,283.285589276649,168.5,88.7463188223683
-35.7493472403326,3.9783475081763,283.287971943744,169,88.7293325067388
-52.4197269639754,3.94696478002826,283.294330569477,169.5,88.7044252539872
-30.9970203416664,3.98609570048985,283.296242614781,170,88.6896970082501
-17.7927248114833,4.01070037607608,283.296380732542,170.5,88.6812427884423
-47.9921085606311,3.95387857237301,283.30171800778,171,88.6584393202208
5.0151078824069,4.05346580025347,283.301362698338,171.5,88.6608222505952
-11.5247757314947,4.02204863258115,283.300940844094,172,88.6553462491226
-13.6714618170334,4.01788942744052,283.30068828737,172.5,88.6488502489585
-37.136985148624,3.97346844529163,283.303600879321,173,88.6312045966611
12.1828231083495,4.06673605236376,283.303592625373,173.5,88.6369932695895
23.0660411903549,4.08778398554216,283.304695358568,174,88.6479531076348
11.6133667299526,4.06632104293358,283.304516288702,174.5,88.6534712031533
-34.1269419252314,3.97962718615653,283.306665323758,175,88.6372557740124
-29.0674651050068,3.98869688053215,283.308182048703,175.5,88.6234443571632
9.36330025264052,4.06149245995356,283.307915795565,176,88.6278933327586
-15.0871348611401,4.01504306876872,283.307687343772,176.5,88.6207246750214
18.3973135344332,4.07882248816837,283.308202753721,177,88.6294661653857
-1.33678008055995,4.04145140725403,283.307459732402,177.5,88.6288309938335
-23.2201597345241,3.99986835219218,283.308006765616,178,88.6177979263046
11.2704283037444,4.06531598821092,283.307852739197,178.5,88.6231530745024
-5.84421198105678,4.0328508508923,283.30714715283,179,88.6203761950072
-26.4449736659681,3.99371878223358,283.30812235457,179.5,88.6078108559401
15.426612046838,4.07314228632063,283.308351081443,180,88.6151408163883
-24.9811230478549,3.99645934412084,283.309096671713,180.5,88.6032710264865
-2.87803671549856,4.03816475481472,283.308444506425,181,88.6019035262714
-23.2750037518001,3.99941119109781,283.309027060929,181.5,88.5908443995873
19.6888468256861,4.08102674794001,283.309719572087,182,88.6001995624749
-0.839909760229685,4.04216912095283,283.308974500116,182.5,88.5998004790401
-31.3887651670763,3.98426355606913,283.310679230969,183,88.5848860956036
-24.1485005683773,3.99750502978718,283.311491347276,183.5,88.5734119265825
8.66857995401488,4.05971853003495,283.31114515685,184,88.5775308055698
16.0528259719916,4.07401555710566,283.311338803344,184.5,88.5851583117973
-5.49862679897818,4.033155293465,283.310617243631,185,88.5825456372299
19.0400297525333,4.07997635770972,283.311191237783,185.5,88.5915925144441
26.8306065194427,4.09513130843602,283.312940591843,186,88.6043410871049
-19.8250090394413,4.00665132000726,283.313016668101,186.5,88.5949212266907
-8.45700037134286,4.02799044343002,283.312414460373,187,88.5909028798208
-14.2694361602924,4.0168564480354,283.312086689463,187.5,88.5841227519252
26.9786904259526,4.09534491900771,283.313881432876,188,88.5969416867092
25.1554613930086,4.0923002761888,283.315383930619,188.5,88.6088943135405
5.068617269922,4.05437238294108,283.314781340045,189,88.6113026689203
-16.7547062969299,4.01290286760901,283.314542875953,189.5,88.6033416639955
-17.4410667463333,4.01138447299144,283.314432531652,190,88.5950545346481
8.9485708017743,4.06144533884224,283.314085957748,190.5,88.5993064513908
9.35796784179883,4.06239131127029,283.31372291239,191,88.6037528932892
-16.6775277006541,4.012950453456,283.313486839401,191.5,88.5958285598031
-17.6996430062709,4.01080310037691,283.313409665008,192,88.5874185678496
-13.6086052001829,4.01835200832407,283.313047586071,192.5,88.5809524340304
-5.18691263904008,4.03423201105029,283.312340143745,193,88.5784878705619
3.01213101137227,4.04984868092676,283.311671848235,193.5,88.5799190857316
11.9594764309222,4.06701852629137,283.311511948547,194,88.5856016354032
-10.2128753578987,4.02493697226883,283.310898551507,194.5,88.5807489838807
-28.1620787358302,3.99084714494453,283.312030317395,195,88.5673677617013
33.5167538958628,4.10779377452309,283.315148386594,195.5,88.5832932597733
-22.8470924743251,4.00104122679527,283.315535722535,196,88.5724374552918
-10.273615459961,4.02458756825444,283.315004173832,196.5,88.5675559430872
-47.5606615817147,3.95446721747846,283.319980667358,197,88.5449574770581
-32.4454960575761,3.98193541551636,283.322077941459,197.5,88.5295409875462
-38.7124546650575,3.96981884868302,283.325330734748,198,88.5111467503224
8.64051031773229,4.05907250267024,283.325013195288,198.5,88.5152522920116
-28.2396269221969,3.98917982529658,283.326269502899,199,88.5018342227827
-18.1925094237071,4.00783304179921,283.326427936611,199.5,88.4931900451678
-20.064163570297,4.00411233500581,283.326747793262,200,88.4836565503894
-35.7665918107417,3.9743490757549,283.329461654383,200.5,88.4666620409959
25.6471725497788,4.09058978958577,283.330914338519,201,88.4788483045661
-26.1495541241883,3.99246654059227,283.331898131534,201.5,88.4664233342041
-12.1840904465225,4.01862155101196,283.331580272854,202,88.4606340590996
-43.9401498553491,3.9588044233506,283.336030150009,202.5,88.439755880563
1.44073523362514,4.04396321369525,283.335473497593,203,88.4404404464448
-34.9044970020197,3.97521095858248,283.338006865558,203.5,88.4238555617201
-12.0280458499556,4.01800571289172,283.337771814237,204,88.4181404312636
12.6350027060249,4.0649805788797,283.337555466017,204.5,88.4241439574958
-36.5736944552949,3.97190640227166,283.340388194809,205,88.4067659529808
8.61106461909232,4.05714145092646,283.340006042097,205.5,88.4108575035353
-13.7887820312171,4.0146618875914,283.339719362273,206,88.4043057586278
-0.347344344672273,4.04015228126487,283.338990604825,206.5,88.4041407178333
-2.34310626998062,4.03642801313624,283.338231135976,207,88.4030273900182
-55.7188804789462,3.93636100996839,283.345840756319,207.5,88.3765525432476
-3.76169522548623,4.03305475263153,283.345379644873,208,88.374765172363
-12.7218458687109,4.01604543156622,283.345063508975,208.5,88.3687203825697
-47.5573563213208,3.95056783029442,283.350575468035,209,88.3461234870363
0.455304193685601,4.04048197407181,283.350026730041,209.5,88.3463398249932
8.18915376759935,4.05535947152972,283.349456271051,210,88.3502309044498
-28.535540855,3.98580143919272,283.350931401402,210.5,88.3366722316057
21.9986195138426,4.08157723216548,283.351675871116,211,88.3471248838448
-18.1644281295372,4.00549433536985,283.351767022141,211.5,88.3384940490672
-20.9065557908912,4.00012374318945,283.352248593191,212,88.3285602913121
3.0484407765727,4.04547235018401,283.351559376694,212.5,88.3300087590802
25.0164889673454,4.08745643107374,283.352645045243,213,88.3418953531118
12.2382913963321,4.06356277542613,283.352313440375,213.5,88.3477103818177
-10.8763530950057,4.01976298176512,283.351774580034,214,88.3425424786019
-13.6018685802118,4.0144903441138,283.351466684444,214.5,88.3360795456901
40.9700762170081,4.11806952011491,283.355820828582,215,88.3555464926334
-21.1200033806476,4.00078393454168,283.356132305441,215.5,88.3455113151767
-19.7847014641755,4.00304727453753,283.356378841173,216,88.3361106069219
-12.0345173743386,4.01750875887449,283.355978841259,216.5,88.3303924015182
-11.7073667012387,4.01802314916138,283.355538070433,217,88.3248296418784
-9.55462044282458,4.02201390249488,283.354980266615,217.5,88.3202897604235
-27.4691520036725,3.98804934078304,283.356234372756,218,88.3072377826385
-8.5717579268097,4.02349388691866,283.35571346644,218.5,88.3031649086734
16.7077833336009,4.07161268273537,283.355777759703,219,88.3111036181348
-27.493854118748,3.9879611525022,283.356977123921,219.5,88.2980399031306
-62.282151867873,3.92335942626271,283.366798125488,220,88.26844651552
-25.417079239248,3.99070448675989,283.368186726023,220.5,88.2563695808718
-6.10045532894405,4.02706818131657,283.367588659441,221,88.2534709472547
-6.85096576059215,4.02565983308112,283.366939737416,221.5,88.250215708327
6.44632009005708,4.05099899349961,283.366256665589,222,88.2532786797139
-0.405073176541624,4.03812392251133,283.365427713479,222.5,88.2530862090435
1.84511551784619,4.0424894037642,283.364617977285,223,88.2539629163677
3.67260178002578,4.04607646105634,283.363833677656,223.5,88.2557079544686
-9.51986849623066,4.02108851569173,283.363245992865,224,88.251184585414
-20.7914518117411,3.99965759041879,283.363649800109,224.5,88.2413055193573
-34.059903340711,3.97447911230484,283.366153608398,225,88.2251219436248
-6.49190923461178,4.02614912251412,283.365602229797,225.5,88.2220373105389
-5.866731118577,4.02733845610091,283.364911241013,226,88.2192497310671
11.607886071722,4.06062977622112,283.364491841145,226.5,88.2247652224488
2.4181007869599,4.04336587238413,283.363673088829,227,88.2259141839367
3.42881359982568,4.04539629972272,283.362882952751,227.5,88.2275433859931
-27.9575099609331,3.98601014612527,283.364215956984,228,88.2142593647432
-18.4634332675089,4.00357567237822,283.364466190459,228.5,88.2054864575632
-29.7988307889567,3.98202067646905,283.366236292715,229,88.1913275320374
5.62215124923117,4.04883237818717,283.365611700257,229.5,88.1939988992932
-4.79245295320365,4.02916676421418,283.364857508727,230,88.1917217634912
5.80478328181648,4.04935862444151,283.364144841169,230.5,88.1944799084252
-20.5503769920461,3.99944908083496,283.364512598886,231,88.1847153891587
-36.9249633758017,3.96847648318613,283.367623383353,231.5,88.1671704790855
-3.95082678918161,4.03027114183513,283.367018352812,232,88.1652932422681
-38.1068295375877,3.96585386675378,283.370375972245,232.5,88.1471867680488
7.92130097172136,4.05246549130275,283.369870144795,233,88.1509505771499
3.64700494621603,4.04453267555183,283.369070702116,233.5,88.1526834529057
-52.4663787567027,3.93923989653079,283.37596774187,234,88.1277540335374
-25.90592571995,3.98792564267677,283.377445241791,234.5,88.1154448233021
1.53684950596886,4.03972141783312,283.376724881504,235,88.1161750579162
-10.9787145648963,4.01603865269429,283.376305992909,235.5,88.1109585176098
-8.7977070806642,4.02012457106232,283.375787478305,236,88.1067782838203
-16.6144243047784,4.0052643807177,283.3758648079,236.5,88.0988839339362
-2.27597666417214,4.03236145559165,283.375130502983,237,88.0978025027782
-10.774526488548,4.01626631881853,283.374706247807,237.5,88.0926829825123
-20.1015071431018,3.99853168241595,283.375171418507,238,88.0831317439214
12.8973330033178,4.06106167112474,283.374828476346,238.5,88.0892599164919
-16.9038737366006,4.0046724121137,283.374872643282,239,88.0812280346027
32.3381584245796,4.0980537786815,283.376992705655,239.5,88.0965935225984
-13.7753427736869,4.01099791809649,283.376710953826,240,88.0900481633591
-7.10473561529155,4.02352623249456,283.376078613099,240.5,88.0866723455906
-7.86757492838794,4.02204784641957,283.375463232025,241,88.082934064439
-4.46844476404245,4.02846852075143,283.374722360944,241.5,88.0808108812484
18.5179548184308,4.0722034967605,283.374835844515,242,88.0896096943636
-15.3329783185122,4.00819775169955,283.374662675961,242.5,88.0823242240162
31.6664116364982,4.09728071427178,283.376719214347,243,88.0973705312759
-16.5790062077361,4.00620275809424,283.376628308111,243.5,88.0894930103137
-27.9216573783222,3.98463323414739,283.378043718056,244,88.0762260244318
-4.88359358876223,4.0278491007918,283.377375880602,244.5,88.0739055831228
2.51114259871632,4.04191060091817,283.376554117658,245,88.075098753462
-7.36468706806428,4.02323747240003,283.375869789579,245.5,88.0715994196642
3.41133042184591,4.04368068277595,283.375070108585,246,88.0732203145821
20.0239213831243,4.07536983280615,283.375354967167,246.5,88.0827346882703
16.6755082836196,4.06934626109576,283.375295331851,247,88.0906580622297
-21.8518385375179,3.99652080180193,283.375730219848,247.5,88.0802751530261
22.0523813562796,4.07955712051852,283.376352286698,248,88.0907533502245
-27.4842981715596,3.9860219621046,283.377541402541,248.5,88.0776941757322
-23.8356264776016,3.99251826973004,283.378379148246,249,88.0663686689516
-6.34131723874844,4.0253231060908,283.377724279781,249.5,88.0633555897085
-32.434346346942,3.97606715484049,283.379870849918,250,88.0479443979857
-24.6162584288983,3.9903223239103,283.38092684854,250.5,88.0362479736432
-22.5886814240621,3.99386092548033,283.381698516723,251,88.0255149532682
-18.7122730044976,4.00093339917016,283.382015229109,251.5,88.0166238097947
-32.5099240105068,3.97480185707607,283.384372683152,252,88.001176707317
-29.6038940886823,3.97986021766948,283.386332984293,252.5,87.9871104060368
-21.6156535209801,3.9945609843284,283.387111583002,253,87.9768397202317
-17.0501174085858,4.00298422236987,283.387330023152,253.5,87.9687383506073
-26.419205264455,3.98516919303985,283.388756529669,254,87.9561852554058
-40.1333292985989,3.95924810417359,283.392909732,254.5,87.9371158890718
16.3129603442102,4.0655249649164,283.392843474761,255,87.9448669982429
-30.6921876501869,3.9767735403755,283.394907258706,255.5,87.9302835938725
9.35093256526312,4.05230057873525,283.394343781046,256,87.9347266929567
26.4347834071993,4.0849655605395,283.395263102006,256.5,87.9472871901186
-16.6869526078571,4.00356063596503,283.395277630588,257,87.9393583783844
-42.2829536193689,3.95543692459244,283.399755221812,257.5,87.9192676172553
22.1891656234493,4.07671317287431,283.400278379412,258,87.9298108075491
8.07891074718782,4.0503241916711,283.399508033971,258.5,87.9336495049936
-23.0859234135583,3.99142885416009,283.400268894609,259,87.9226802199025
-6.70755899381465,4.02216061934542,283.399657707029,259.5,87.9194931207533
-39.8073957284135,3.95987707206122,283.403517948832,260,87.9005786218764
14.1546286672782,4.0613199925183,283.403251599266,260.5,87.907304198949
6.26120587122895,4.04661132966799,283.402413137589,261,87.910279213246
-28.5425340415682,3.98090141994061,283.404007781817,261.5,87.8967172175867
11.9030175483667,4.05717508225596,283.403533654605,262,87.9023729407992
-48.0243450133954,3.94463455436947,283.409340970118,262.5,87.8795541554152
-53.8499110405183,3.9333122379747,283.417212370355,263,87.853967350168
3.85992494079629,4.04086607391395,283.416600585176,263.5,87.8558013949384
22.6339680955623,4.0766867874516,283.416914446745,264,87.8665559332922
-5.44210733216845,4.02378553939438,283.416119801287,264.5,87.8639701139705
12.1265483348266,4.05717296000509,283.415533161023,265,87.8697320479192
-16.374377554417,4.00333960040177,283.415489776682,265.5,87.8619517563378
-19.361493022707,3.99753698028909,283.415862677969,266,87.8527521357313
1.32293499417062,4.03654451972405,283.415014301998,266.5,87.8533807287855
-42.8009882533578,3.95361669067367,283.419557781096,267,87.8330438233076
-18.1436371136717,3.99920681461535,283.419990334203,267.5,87.824422867389
17.3635419618984,4.06642928409634,283.419806935819,268,87.8326731608063
-13.2948747128086,4.00857063078989,283.419501788778,268.5,87.8263560961447
-8.31211104909454,4.017904990821,283.418915962742,269,87.8224065934901
-16.3489403086759,4.00265534765947,283.418956699855,269.5,87.8146383884254
41.0320317251724,4.11112922403496,283.422533602981,270,87.8341347735515
-10.337036035965,4.01456758825919,283.421976719229,270.5,87.8292231270366
26.5248101620547,4.08438688768914,283.422879178253,271,87.8418264004446
-36.1427860687626,3.96643522867963,283.425752604838,271.5,87.8246531422095
-18.5803117850866,3.99887894833482,283.426089810337,272,87.8158247001584
-14.2321937309334,4.00689667056913,283.425918062803,272.5,87.809062268017
12.9702402281931,4.05837601614669,283.425379920261,273,87.8152250824826
-29.9340597686616,3.97748954589788,283.42715974082,273.5,87.8010019028568
-24.1983225412837,3.98787963811476,283.428221738989,274,87.7895040609067
-29.6183972724758,3.97743984250774,283.430154148098,274.5,87.7754308684334
-4.68945658383969,4.0241547569405,283.429464641237,275,87.7732026713944
-30.6023065263273,3.97528957702795,283.431520834964,275.5,87.7586619740734
1.13068691316497,4.03489024253843,283.430707966503,276,87.7591992203805
18.9015836823892,4.06873283275172,283.43056683436,276.5,87.768180314893
1.38391771627629,4.03584434073235,283.429591777808,277,87.7688378839103
0.378024365129512,4.03402920196571,283.428642912334,277.5,87.7690175023279
-13.1297068068532,4.00850439166078,283.428312757283,278,87.7627789172582
0.237421334922157,4.03372269999048,283.427410890956,278.5,87.7628917280938
-14.0241290398749,4.00677436121193,283.427162339878,279,87.7562281579676
-3.75253944621117,4.02609947991056,283.426348934154,279.5,87.7544451374549
10.7149681050222,4.05357721965707,283.425641801514,280,87.7595363585328
1.80749241385418,4.03689282669406,283.424676840155,280.5,87.7603951892251
31.8009673621479,4.0937606887684,283.42637509232,281,87.7755054306878
-20.4040045327946,3.99547056547424,283.42669202787,281.5,87.7658104603498
-54.9871547325321,3.9310840103627,283.434475790911,282,87.7396832933396
-13.3482949628166,4.00779275285097,283.434454174519,282.5,87.7333408460264
14.6875002060199,4.0608448247399,283.433994049763,283,87.7403196172088
37.372348576438,4.10393626872431,283.436692397477,283.5,87.7580771025264
11.071723390594,4.05485905588229,283.435980270387,284,87.7633378360108
-27.4779672580553,3.98220516191389,283.437243227497,284.5,87.7502816696544
-46.3948160775236,3.94672378775373,283.442642086613,285,87.72823715555
-2.61339732702323,4.02815581509062,283.441926255638,285.5,87.7269953988387
4.87150537024492,4.0423947175401,283.44097201581,286,87.7293100964261
-44.4141962472366,3.94993659169889,283.445810612976,286.5,87.7082066745702
9.19463762480991,4.05017299959295,283.445163054017,287,87.7125755100553
-14.1786633506177,4.00609431871469,283.44487520655,287.5,87.705838512894
-42.1253917240008,3.9536679981764,283.449289967797,288,87.6858226173581
-1.77494164737757,4.02892823788107,283.448537001912,288.5,87.6849792531746
-29.4998429560435,3.97668587789929,283.450354959899,289,87.6709623918288
-17.9928798001228,3.99796984746858,283.450660005852,289.5,87.6624130683037
-21.6989949054702,3.99082508969787,283.451382441833,290,87.6521027828087
-6.19629467757873,4.01991060918869,283.450697512228,290.5,87.6491586110895
14.354981814144,4.05890650428778,283.450120888367,291,87.6559793860343
-12.1258715494298,4.00900166560069,283.449688634938,291.5,87.6502177736603
-4.16884059698914,4.02397852189868,283.448854525379,292,87.6482369475011
-32.1610885280171,3.97126595969865,283.451181174433,292.5,87.6329555943325
-3.97377004491613,4.02399750718996,283.450446796304,293,87.6310674560187
1.16528646426485,4.03378189348278,283.44947334215,293.5,87.6316211423153
12.8268541542238,4.05600231800555,283.448787004003,294,87.6377158268345
-0.992893686650181,4.03005701970091,283.447797978494,294.5,87.6372440530302
-25.7504023143614,3.98337011154232,283.448975958941,295,87.625008739799
20.1598374305464,4.06990571211645,283.448976992972,295.5,87.6345876940476
-13.6260603737368,4.00627271551117,283.448640440067,296,87.6281132663961
17.9648957670824,4.06598318163162,283.448394600478,296.5,87.6366492932975
-4.33293804346876,4.02405149067875,283.447475828921,297,87.6345904961756
-54.4735873318723,3.93053299284334,283.455153353763,297.5,87.6087073509067
-6.23345264984234,4.01972893144638,283.454641192571,298,87.6057455235631
14.2538341122495,4.05855957645865,283.454047621003,298.5,87.6125182381398
-24.9573680840531,3.98469961494006,283.455062695338,299,87.6006597354179
-0.843040402634591,4.02994038023131,283.454174774125,299.5,87.6002591644572
3.70683827101255,4.03863262480393,283.453172984838,300,87.6020204700395
-17.7300402339403,3.99820196171561,283.453267372309,300.5,87.593596034832
-43.8725424431268,3.94922515085322,283.45819771596,301,87.5727499799825
-10.6396504736097,4.01084858037073,283.457904270842,301.5,87.5676945461051
15.5093688607324,4.06034062018123,283.457390224154,302,87.5750638284842
7.98489478603731,4.04639037344676,283.456437583939,302.5,87.5788578542099
-17.2391487157012,3.9988414759563,283.4564728289,303,87.5706666662897
6.04880546635251,4.04273207144955,283.455551786443,303.5,87.5735407584554
-1.54372475041284,4.02850207912897,283.454566291342,304,87.5728072570665
4.71152938465564,4.04040122801534,283.45357381283,304.5,87.5750459420049
1.10022304711868,4.03368902080434,283.452553633438,305,87.5755687133947
-9.23416916469506,4.01420084518217,283.451898920031,305.5,87.5711810944837
-4.3909769537531,4.02329198600504,283.451036592993,306,87.569094720152
9.81901069755074,4.0502115719612,283.450207757217,306.5,87.5737602267347
-11.1704361141123,4.01067114397002,283.449664560892,307,87.5684525898629
-21.3036081372464,3.99146770286987,283.450215166526,307.5,87.5583301725379
4.56472896840337,4.04010956198558,283.449299947141,308,87.5604991052039
-14.0774578653155,4.00496587002892,283.449021031261,308.5,87.5538101958665
-14.541688624944,4.00394982671222,283.448852680325,309,87.5469007071112
-2.61224155215138,4.02636539375527,283.447969159228,309.5,87.5456594995667
-53.5364642699089,3.93136544545262,283.455462889912,310,87.520221628669
2.35475244495126,4.03511402863522,283.454731893548,310.5,87.5213404901685
-10.385743882252,4.01111610461481,283.454199961594,311,87.5164057001025
7.50003700509635,4.04492316172015,283.453292447499,311.5,87.5199693454732
-17.6575707898282,3.99751813882693,283.453405067606,312,87.511579344149
-29.7725467876834,3.97459985493485,283.455376025633,312.5,87.4974329074763
-3.79804197860632,4.02318100701639,283.454620214595,313,87.4956282664184
-23.2629025235747,3.98647990928841,283.455523976746,313.5,87.4845748896374
-36.3707540043864,3.96173359677597,283.45889267617,314,87.4672933123529
-13.3653863653631,4.00444028607148,283.458835506416,314.5,87.4609427440534
11.6501376733334,4.05173178257469,283.458076841322,315,87.4664783112993
-29.60471536129,3.97410051045753,283.459999649546,315.5,87.4524116197912
-26.2131440017536,3.98010483257948,283.461540259575,316,87.4399564346752
-36.4771629494687,3.96065932570769,283.465053850736,316.5,87.422624297141
7.57366626205649,4.04325378778583,283.464254135396,317,87.4262229274806
38.3850714780473,4.10157566384872,283.466724179664,317.5,87.4444616084613
-11.6212815809916,4.00777428263455,283.466264897962,318,87.4389397521984
-32.748748109888,3.96800726444823,283.468810376204,318.5,87.4233791723611
-23.3728510174109,3.98514957546335,283.469911075408,319,87.4122735535124
15.5849310670555,4.05856508493993,283.469385106036,319.5,87.4196787393019
-41.0831294561401,3.95222991948129,283.473702058759,320,87.40015807507
-42.0247045632093,3.94995983486203,283.478584522758,320.5,87.380190021076
-22.3549849606949,3.98612487081683,283.479684368327,321,87.3695680416624
-11.3159751428973,4.00673782173976,283.479400047894,321.5,87.3641912518671
1.40251799826175,4.03077803245786,283.478421320733,322,87.3648576588153
-22.2573001300162,3.9862037856987,283.479275432333,322.5,87.3542820943854
2.68480628634731,4.03312736165204,283.478327221378,323,87.3555577810903
-5.4057467690244,4.01794823591342,283.477520154734,323.5,87.3529892385036
-45.5953163692133,3.94273156664874,283.483167790233,324,87.3313246069827
-29.3778382657115,3.97224606858897,283.485486797066,324.5,87.3173657162109
-3.68874745848883,4.02036331870534,283.484755605533,325,87.3156130064849
-7.92010785325526,4.01242238397167,283.484140764821,325.5,87.3118497642944
61.3078377309376,4.14233415932001,283.492542623062,326,87.3409802061807
35.3978741157566,4.09519277844337,283.494446647778,326.5,87.3577995192244
7.19468163889432,4.04258977457893,283.493375028753,327,87.3612180748795
-24.1229777003176,3.98365507630367,283.494274028177,327.5,87.3497560330585
5.29110787959481,4.03885045888711,283.493273917352,328,87.3522701049342
0.89547451545304,4.03067192833394,283.492173759796,328.5,87.3526955899831
-1.68976506339393,4.02585386086923,283.491133049503,329,87.3518926974851
14.518683310297,4.05654383170113,283.490417683422,329.5,87.3587912552567
-5.8024913644958,4.0183776497455,283.489497242938,330,87.3560341993281
19.9509512216742,4.06702430431994,283.489251064809,330.5,87.3655139012169
-53.9409408410242,3.92911742323097,283.496749433791,331,87.3398838431261
-3.73388175820416,4.0218628106407,283.496048607633,331.5,87.3381096878208
-20.9743389682978,3.98938125144467,283.496557695959,332,87.3281437228638
5.75739006577398,4.03960654736181,283.495541192042,332.5,87.3308793488936
-25.4453227718196,3.98092795135237,283.496672664663,333,87.3187889943204
-43.835714852318,3.94646659884518,283.501749918846,333.5,87.2979604381143
-20.9290848715022,3.98853569901781,283.502547787916,334,87.2880159756582
-32.455072067742,3.96676278625611,283.505155953225,334.5,87.2725949361015
-10.7747749280838,4.0070932672701,283.504807337238,335,87.2674752977893
-24.9295177006383,3.98040755251542,283.506064345785,335.5,87.2556300281875
-5.53044892218935,4.01670733289871,283.505322101289,336,87.2530022333264
-40.1920513777259,3.95175737688411,283.509617966898,336.5,87.2339049651746
-36.4837124838581,3.95813524771042,283.513324631089,337,87.2165697156267
-18.293298033873,3.99175965150053,283.513865607261,337.5,87.2078776482663
-1.31356688046571,4.02370856366763,283.51292685186,338,87.2072535064747
6.28889164393779,4.03820785966745,283.511821995416,338.5,87.2102416756769
-11.3661500478705,4.00501267275003,283.511380176106,339,87.2048410452568
-24.321613634543,3.98056870149615,283.512590005948,339.5,87.1932846214979
-4.73617140967737,4.01724186582732,283.511814324169,340,87.1910342278921
-25.6705346430513,3.97784061559565,283.513233153763,340.5,87.1788368638146
-21.5753409824313,3.98525713600987,283.514140083973,341,87.1685853325271
-28.5849895730162,3.97191759891953,283.516193995198,341.5,87.1550031641063
7.96693089843618,4.04058275816956,283.515221612662,342,87.1587886542841
-38.5766338557792,3.95327138177828,283.519224247538,342.5,87.1404589523683
-5.77904477477801,4.01435524176767,283.518616078265,343,87.1377130370955
4.97093394365859,4.03474259916901,283.517509022359,343.5,87.1400749782066
0.101592600238726,4.02571107019276,283.516429536041,344,87.1401232499683
0.0890872361509309,4.02579341988026,283.515358934193,344.5,87.1401655798017
2.22240216192328,4.02992976888551,283.514244679623,345,87.141221555015
-34.8898017772554,3.96027559421752,283.517358310903,345.5,87.1246436527319
-16.3138847751749,3.99462868142357,283.51762759693,346,87.1168921043169
-2.89244264803031,4.01984288638733,283.516726624046,346.5,87.1155177591176
-16.8929263464902,3.99347774645456,283.516908752417,347,87.1074910788849
10.7390051280844,4.04555190298609,283.515937238547,347.5,87.1125937211632
-34.1672940169419,3.96126656405798,283.518904389625,348,87.0963591187109
-13.0252908118469,4.00048501753735,283.518825263219,348.5,87.0901701469401
9.38844833295654,4.04277655062042,283.517792713111,349,87.0946310716552
16.6540867591257,4.05673332706123,283.517037168388,349.5,87.1025442671692
-16.583322585809,3.99428694886076,283.517087555186,350,87.0946646952784
10.9820310163279,4.04618905232694,283.516122970132,350.5,87.0998828113979
-33.5256633961555,3.96267486829864,283.518890032565,351,87.0839530799736
-16.8862051158592,3.99339944825362,283.519191748506,351.5,87.0759295933361
-10.5715500765969,4.00514953010331,283.518771218001,352,87.0709065173877
-10.8565076354806,4.00455719228734,283.51835005872,352.5,87.0657480437493
-14.6957376755106,3.9972600168156,283.518306096991,353,87.0587653585302
-41.6845110583584,3.94675749007967,283.523137668397,353.5,87.0389589476065
-12.7592837496937,4.00028823129712,283.523109165351,354,87.0328963691902
42.9244993610763,4.10505168815823,283.52604504932,354.5,87.0532919610169
10.4581269814923,4.04481044889466,283.524959601304,355,87.0582611439394
-5.72743509045249,4.01445613800324,283.524060028534,355.5,87.0555397510273
10.3155305775165,4.04475426929552,283.523013153679,356,87.0604411792155
-10.8424604610312,4.00502181552476,283.522462727614,356.5,87.0552893800973
-3.6594261557551,4.01848633217762,283.521519009632,357,87.0535506023991
57.1854712534921,4.13243323671613,283.528362848645,357.5,87.0807223003214
5.07678887141002,4.03588308489936,283.527214475033,358,87.0831345384407
-10.2377708385221,4.00710081603328,283.526550331647,358.5,87.0782700578213
-2.02013034326339,4.02248931414035,283.525495384937,359,87.0773101921378
-32.9069485535389,3.96457215468113,283.527988090021,359.5,87.0616744433009
18.9159319742652,4.06159158223434,283.527565813296,360,87.0706623554097
-29.3832815401558,3.9710401789784,283.529356028025,360.5,87.056700878264
-24.9698693552039,3.97889845900916,283.530616525053,361,87.0448364355584
-1.34161850799555,4.0230503025314,283.529619126133,361.5,87.0441989650256
-8.74268580483257,4.00914374690401,283.528904268723,362,87.0400448746158
-10.5448968461232,4.00569445517577,283.528355759732,362.5,87.0350344629597
-35.7284975551963,3.95849888612045,283.531581771795,363,87.0180580540659
-37.7111419399613,3.95437186088691,283.535458009399,363.5,87.0001395909557
20.258438573096,4.06286033831418,283.535103414747,364,87.0097653955739
-13.9940470564,3.9986256056942,283.534823628289,364.5,87.0031161189134
-51.0625975228832,3.92967632226117,283.542062775748,365,86.9788537067201
-10.2285355646157,4.00494793871859,283.541794351764,365.5,86.9739936142446
14.7906324454197,4.05214758811718,283.540892154897,366,86.9810213887488
15.3062195307508,4.05342356712848,283.539969512343,366.5,86.9882941446482
-8.13356563341027,4.0094868933455,283.539174692265,367,86.9844294779142
-9.08719856423561,4.00764829636851,283.538512381902,367.5,86.9801116921387
-23.9414989120401,3.9796876348434,283.539579162349,368,86.9687358800314
32.4485929047399,4.08556657236982,283.540626402791,368.5,86.9841538410114
-31.2362262428322,3.96638297749737,283.542826015813,369,86.9693119365015
-33.679202721456,3.96144660340749,283.545764419158,369.5,86.9533092508097
-19.2026203201524,3.98806949845271,283.546312634262,370,86.9441851186268
16.9670722673063,4.05608722265476,283.545566714878,370.5,86.9522470293214
-21.0490370833375,3.9847733603735,283.546138624122,371,86.9422455715272
-2.87228713638661,4.01876346928325,283.545169444154,371.5,86.9408808032267
-21.7367288104921,3.98331020150797,283.54590254195,372,86.9305525884528
21.08409915588,4.06376914585471,283.545495185894,372.5,86.9405707060037
-2.64325465386919,4.01940765660955,283.544384165197,373,86.9393147625724
-29.7594026125215,3.96853780255333,283.546403602867,373.5,86.9251745713593
21.9972548473767,4.06555239508269,283.546127269964,374,86.9356265751765
-35.3417244855828,3.95822517787899,283.54919280657,374.5,86.9188339416505
-31.4740952203919,3.96495078746699,283.551749558563,375,86.9038790136075
-0.694799897792608,4.0223715094704,283.550755052104,375.5,86.9035488791778
-22.0235232607951,3.98231380652547,283.55154205567,376,86.8930843939142
-58.817779710682,3.91428352370043,283.56140072007,376.5,86.8651371040217
14.2499092078163,4.04970042421877,283.560692909932,377,86.8719079536786
-19.2725527445162,3.98681621901443,283.561091856689,377.5,86.8627505930784
20.3986123565723,4.06142125371439,283.560536373483,378,86.8724430013218
-10.6937361295241,4.0031790362397,283.559938142471,378.5,86.867361868625
-18.0335989942206,3.98931048666339,283.560211331448,379,86.8587931973597
43.0340027435827,4.10387832972148,283.563042854339,379.5,86.8792408197593
10.858274203868,4.04429441307624,283.561859821609,380,86.8844001327833
-20.0901128500626,3.98623904803609,283.562235609599,380.5,86.874854308195
16.5652056332636,4.05503478190071,283.561433299733,381,86.882725271809
-18.7413081730335,3.98885022826259,283.56161864497,381.5,86.8738203322644
29.4124840191817,4.07924302386193,283.562136837333,382,86.8877956849789
23.2919047751677,4.06824149170366,283.561849215998,382.5,86.8988628421905
-8.63908914582143,4.00849584628772,283.560982358174,383,86.8947579757717
-8.8767863574127,4.00796394992024,283.560206349209,383.5,86.8905401674344
43.9172438161414,4.10693239420356,283.563428584,384,86.9114074621579
-14.2021052696909,3.99855622102033,283.563005640001,384.5,86.9046593265601
26.6159497114298,4.07516313129169,283.563232524354,385,86.9173059049587
-37.2675121033083,3.95583047106591,283.56642340734,385.5,86.8995982327303
-14.8864275708613,3.99700378644447,283.566284773791,386,86.8925249411366
4.87011324652227,4.03402348228886,283.565050002196,386.5,86.894838977256
5.91258515691109,4.03610817841412,283.56376335892,387,86.897648344291
-28.7950855215564,3.9711000266039,283.565376820652,387.5,86.8839663487021
-16.0760177809642,3.99449324552446,283.565342368131,388,86.876327822878
0.579361731211614,4.02565775571386,283.564153144069,388.5,86.8766031068199
-1.37383270757547,4.02204800623014,283.562955421721,389,86.8759503296983
4.49306394346226,4.03314271385499,283.561679368749,389.5,86.8780852107011
1.24907854252685,4.02714835894898,283.560412298362,390,86.8786787108349
-45.6205159659865,3.93980203122201,283.56578179577,390.5,86.8570021057162
-19.7961933800524,3.98704611884369,283.566352997163,391,86.8475959370734
-9.11488828507169,4.00689227522928,283.56566812035,391.5,86.8432649945166
-17.1268026095081,3.99178657156633,283.565719878882,392,86.8351271878906
-39.506036936121,3.94995823266409,283.569819548326,392.5,86.8163558797558
-17.5830608508915,3.99027058543135,283.570145446849,393,86.8080012818567
-33.6013796785141,3.96021502465368,283.573029502029,393.5,86.7920355738128
-31.5507640955084,3.96362575523619,283.575639813223,394,86.7770442165251
-15.2457049755114,3.99376639850817,283.575701677926,394.5,86.7698002141391
6.76440772496439,4.03514350870758,283.574471509341,395,86.773014324984
15.4021293083272,4.05162213400238,283.57343846773,395.5,86.7803326524499
14.6300256827473,4.05047624519827,283.572362068962,396,86.7872841145911
-32.5048946430071,3.96226474415396,283.574838234629,396.5,86.7718394018193
15.2729769859781,4.05158591887919,283.573961256295,397,86.7790963625112
-3.26436397698089,4.01695645776306,283.572814127916,397.5,86.7775452987542
-3.4893372967268,4.01655994685319,283.571720862086,398,86.7758873388406
21.695052586806,4.06399894864517,283.571223525954,398.5,86.7861957511414
-42.8443660673511,3.94355591565075,283.575956058416,399,86.765838234679
3.21436777505905,4.02904366628166,283.574867900155,399.5,86.7673655427222
-8.53931258069777,4.00702863920761,283.574053665975,400,86.7633080851753
-15.8540053456816,3.99323427096122,283.57396819074,400.5,86.7557750486423
54.6241386942858,4.1249496307999,283.579678933138,401,86.781729728447
28.2693355700738,4.07689322236174,283.57998152276,401.5,86.795161913751
-7.70663300332845,4.00970386816863,283.57899635707,402,86.7915001042149
1.11007737849724,4.02621778594651,283.577722530148,402.5,86.7920275578938
-71.1176370026269,3.8933240037518,283.591337810964,403,86.7582359862372
-8.81194661228802,4.00662315153708,283.590947803953,403.5,86.7540489865289
-6.73156834614111,4.0104919397998,283.590001082101,404,86.7508504793271
-19.417382789711,3.98665559136847,283.590292370233,404.5,86.741624302677
14.9403318993614,4.05107859392903,283.589291448916,405,86.7487232069324
-41.0004395165759,3.94667205132585,283.593562427547,405.5,86.729241832856
-6.55969770016444,4.0103686427969,283.592787886924,406,86.7261249900555
-62.4257152785291,3.90720415485397,283.603612462313,406.5,86.696463388237
0.61764331842717,4.02307031810888,283.60268548687,407,86.6967568616893
-6.31934062377806,4.01012197258527,283.601704435998,407.5,86.693754224643
-11.3911114038105,4.00059012915211,283.601143354257,408,86.6883417338253
8.58942141581404,4.03815152298078,283.599839636952,408.5,86.6924230006038
-29.9065203694273,3.96610965177201,283.601828074175,409,86.6782129063338
-30.4452711565967,3.964753109651,283.604135060991,409.5,86.6637468244271
10.7618137424077,4.04178338017062,283.602964490048,410,86.668860304227
35.1192846990196,4.08768271270801,283.604014605413,410.5,86.6855472454058
-20.7175752685179,3.98343489792681,283.60440300235,411,86.6757032818161
0.34006265550736,4.02276263706258,283.603167768332,411.5,86.6758648627133
10.3154103917659,4.0416267191153,283.601859057347,412,86.6807662337952
11.3882015705055,4.04385994626765,283.60056987154,412.5,86.6861773420045
-19.4627257824256,3.98609331718287,283.60077738743,413,86.6769296206146
-39.7131651563074,3.94825535474098,283.604888056852,413.5,86.658059895429
-1.95342441772758,4.01825506683234,283.603847702523,414,86.6571317250908
-32.1924631412948,3.96169697588555,283.606297614341,414.5,86.6418354642631
10.5071741325804,4.04140160518174,283.605122536086,415,86.6468279519578
35.1208609761116,4.08774796599417,283.606194607538,415.5,86.6635156421052
19.3647815296382,4.05884650155852,283.605355131014,416,86.672716825247
-28.0183536299493,3.97026615582761,283.606820076575,416.5,86.6594038941051
22.2841239706124,4.06429917499163,283.606376364924,417,86.6699922038929
-32.1530609169999,3.96262433432915,283.608606819241,417.5,86.6547146650467
-45.5118455652903,3.93759848735989,283.614219748127,418,86.6330896947094
1.26023745794594,4.02417527837332,283.61309063833,418.5,86.6336884970059
-33.0499485720826,3.96004631837692,283.615671071874,419,86.6179848016571
-25.1990407479188,3.97423568378072,283.617004557275,419.5,86.6060114680791
0.431374486841595,4.02206444216838,283.615778278696,420,86.6062164358269
-18.3976398130415,3.98678413932448,283.615946477593,420.5,86.5974747904312
-8.29512674228236,4.00557239716866,283.615151393415,421,86.5935333578762
-6.55939444527052,4.00881297655882,283.614187244352,421.5,86.5904166591674
-10.653157249715,4.00111466485803,283.613537220664,422,86.5853548075404
-7.41563358001247,4.00713820761525,283.612645393885,422.5,86.5818312664884
-4.49215579726952,4.01262202939895,283.611554406757,423,86.5796968169915
-14.8017975903146,3.9932723287987,283.611316323899,423.5,86.5726637373646
14.5782686013711,4.04841071419512,283.610187033364,424,86.5795906071093
-16.4428426462336,3.99037077831504,283.610067607875,424.5,86.5717777843141
14.8195640134201,4.04899424609575,283.608965393157,425,86.5788193056636
-12.796700035285,3.99734445257698,283.608435448875,425.5,86.5727389488852
-24.3950827067364,3.97552602125685,283.609512733755,426,86.5611476162693
4.40123906218004,4.02930064045846,283.608221241598,426.5,86.5632388666457
-36.9852790359011,3.95203190442725,283.611694862561,427,86.5456652975641
-30.567810503055,3.96344268975492,283.614087019079,427.5,86.5311409910414
19.948887099067,4.05789126508874,283.613350594906,428,86.5406197121616
-4.40571721893526,4.01246209401906,283.61218680536,428.5,86.5385263339874
1.83747203395195,4.02423044580888,283.610838542407,429,86.5393994095074
-39.1031109765701,3.94784856548929,283.61482516728,429.5,86.520819551792
-16.6497707318359,3.98910740666987,283.615017663697,430,86.5129084070399
-16.5768049231629,3.98910009985877,283.615082459916,430.5,86.505031932019
-34.4069658219798,3.95572302510967,283.61820003604,431,86.4886834494195
-8.83999328430113,4.00308843338355,283.61759856298,431.5,86.4844831233246
-12.0667059683574,3.99700858395489,283.617156924697,432,86.4787496234984
-24.2602900285095,3.97410225690358,283.618357043316,432.5,86.4672223376737
-26.6953745611485,3.96931209451982,283.620068237233,433,86.4545380205282
-22.5482844851822,3.97677520392917,283.621121848263,433.5,86.4438241947737
-36.9325197121128,3.94981577748849,283.62499941236,434,86.4262756943045
-21.7221147980069,3.97769087735815,283.626048958587,434.5,86.415954423384
-26.9244132782167,3.96778934541035,283.627902577599,435,86.4031612784069
-12.9387174120832,3.99372562443133,283.627740509723,435.5,86.3970134420191
-53.8330010886628,3.91792281267355,283.636380631869,436,86.3714346715418
-27.2781800134214,3.96615174677651,283.638629106419,436.5,86.358473434169
-21.9961829765161,3.97578014903897,283.639772211825,437,86.3480219396516
-3.13499161624826,4.01108035007977,283.638776613553,437.5,86.3465323472199
-34.248673942555,3.95289440038226,283.642137044216,438,86.3302590770657
-30.5206990236348,3.9594542246332,283.644910815854,438.5,86.3157571555799
-12.7477647140882,3.99243768189974,283.644821796406,439,86.3097000504376
-45.3370109929566,3.93174442165642,283.651123846777,439.5,86.2881581528122
-9.6396052763727,3.99774971461761,283.650831352367,440,86.2835778907821
27.4156616904495,4.06750160534933,283.65041682552,440.5,86.2966044526248
18.3010609676706,4.05093701724328,283.649199716908,441,86.3053002085462
20.7500584663477,4.05590193990804,283.648170768009,441.5,86.3151596065395
-25.508853218264,3.96942097516461,283.649543023249,442,86.303039065451
-1.51678625041774,4.01415802743594,283.648397669309,442.5,86.3023183639003
-55.4325794044508,3.91419763852145,283.657418869135,443,86.2759795531917
8.57530101002562,4.03255526016767,283.656251486557,443.5,86.2800541106541
-60.1235583992485,3.90527308060964,283.666916764167,444,86.2514863795325
6.93907845704058,4.02897855630222,283.665778501221,444.5,86.2547834852406
-17.880042072789,3.98253184300865,283.666061363434,445,86.2462877766037
-35.6197687899141,3.9493371240894,283.669764399815,445.5,86.2293630302231
20.4346516582334,4.05406911763785,283.668830001301,446,86.2390725625541
7.7226797224797,4.030601000067,283.667260162453,446.5,86.2427419966948
-33.4049211882765,3.95375707202156,283.670258758343,447,86.2268696359754
29.3877735293208,4.07107189174304,283.670159650289,447.5,86.2408332474915
-17.3643321276081,3.98384264491069,283.670244346905,448,86.2325825786266
-2.47909726176108,4.01164237464814,283.669059167802,448.5,86.2314046346412
-4.30286786060516,4.00828049898194,283.667917922081,449,86.2293601253779
39.1286274488981,4.08962892475705,283.669184420689,449.5,86.2479521072545
39.4806305925955,4.09089821483224,283.670559405243,450,86.2667113435558
-10.6370603891379,3.99772890999693,283.669762846086,450.5,86.261657140358
-15.25756613522,3.98897153451888,283.669554150229,451,86.2544075021376
-48.5862551395282,3.92716152825685,283.676230877049,451.5,86.2313217249482
4.13051762933219,4.02458203323041,283.674964945235,452,86.2332843419351
-22.9026609691047,3.9740455230725,283.675829401855,452.5,86.2224021340626
-13.535765784442,3.99131374382107,283.675549610042,453,86.2159706099188
11.8642509826586,4.03892277731551,283.674103393342,453.5,86.2216079131832
-4.78071443534527,4.00791029020106,283.672900000418,454,86.2193363549422
-4.27209475796403,4.0088801108221,283.67171422378,454.5,86.2173064675301
-19.5226689785379,3.98031972668047,283.672089035941,455,86.2080302641082
-20.4387769431153,3.97840685598435,283.67268953459,455.5,86.1983187716465
-21.6033395493567,3.97602501481579,283.673496149802,456,86.1880539368295
3.51532205045444,4.02292406812154,283.672081532734,456.5,86.1897242434085
-23.6921705376882,3.97206779960016,283.673118927964,457,86.178466899771
-5.16244883767477,4.00651853479317,283.672110784314,457.5,86.1760139602868
-18.1904699090516,3.98211696466125,283.672361721375,458,86.1673707517481
-21.16441807984,3.97639228048629,283.673123749557,458.5,86.1573144706305
-21.9986132944005,3.97462845332211,283.674055087274,459,86.1468618213466
-8.29564928240196,4.00008382082531,283.673310579406,459.5,86.1429201405066
-4.7272223149787,4.00677972520769,283.672220395827,460,86.1406739990665
-33.215190770531,3.95359652285536,283.675194735857,460.5,86.1248917888256
-44.2758847729386,3.93283121232363,283.681120679302,461,86.1038540857182
10.828622424113,4.03517403580579,283.679819240544,461.5,86.108999309688
-26.536841764103,3.96537217896143,283.681455342698,462,86.0963903194599
4.11694306643753,4.02257395332305,283.680062037737,462.5,86.0983464864882
1.99793507076408,4.01876708988604,283.678586909579,463,86.0992958060798
-29.6124062368601,3.95972171055572,283.680807390355,463.5,86.0852254602492
13.7075334435192,4.04058319587041,283.679468578533,464,86.0917385998601
-9.73302362990576,3.99685437542295,283.678706787271,464.5,86.0871139500645
3.48860026821753,4.02165168984593,283.677234444193,465,86.0887715597787
-19.9628829730953,3.97781093009932,283.677735932575,465.5,86.0792861885137
-24.6456923976884,3.96887695827933,283.67911882145,466,86.06757577861
19.6266056617363,4.05163894900588,283.678035554454,466.5,86.0769013675855
-1.81323705406176,4.01177969528229,283.676673742018,467,86.0760398073253
-24.2632041981644,3.96980580823642,283.67786514384,467.5,86.0645111368317
-2.94537171464352,4.00945773496812,283.676730481455,468,86.0631116423667
-32.3762080303316,3.95452989674408,283.679513226241,468.5,86.0477280750867
-43.2835044617779,3.93404456569694,283.685160167197,469,86.027161901853
-26.1895271387973,3.96509481366255,283.687069691537,469.5,86.0147179382982
-24.4561182116686,3.96806534286516,283.688572159506,470,86.0030976046394
-0.63024152406122,4.01250656708599,283.687346368154,470.5,86.002798145145
-25.1685161781477,3.96664009710313,283.688837087708,471,85.9908393153277
1.0371495132758,4.01552176430814,283.687534978863,471.5,85.9913321173044
0.565620474777583,4.01477500668056,283.686125909713,472,85.9916008720833
-19.5717245663385,3.97712286452624,283.686659866334,472.5,85.9823013598807
-4.78580800195965,4.0046711106397,283.685649362354,473,85.9800273814296
0.118006102882891,4.01393156434029,283.684279945719,473.5,85.9800834520733
0.836965536347924,4.01539255532938,283.682858496508,474,85.9804811365589
-8.24326301279029,3.99845499267197,283.682018582711,474.5,85.9765643470744
-48.6969011285491,3.92341832388527,283.689091264405,475,85.9534259964022
7.09364413805712,4.02664510083907,283.687791184312,475.5,85.9567965440512
8.79085213849615,4.03004883112177,283.686188773449,476,85.9609735207124
11.7116411710402,4.0357552424644,283.684617878215,476.5,85.9665383113681
-14.8808059573146,3.98612105483829,283.684421738544,477,85.9594676908862
-16.5603198708999,3.98285063528674,283.684552040029,477.5,85.951599048744
-17.9215517566957,3.9801585818858,283.684892795566,478,85.9430836167653
3.07498930653161,4.01937625196771,283.683467098989,478.5,85.9445446990772
-14.8213602927148,3.98594653541887,283.683312459011,479,85.937502324225
-48.7879655735465,3.92299619685083,283.690448297149,479.5,85.914320704248
-10.7869316758453,3.99277370474569,283.690177704795,480,85.9091952896526
-21.084150588664,3.97346716774232,283.691030559722,480.5,85.8991771476633
-17.5786222189584,3.97982843935269,283.69142196652,481,85.8908246587819
-43.585561333289,3.93148054749347,283.697253058965,481.5,85.8701149631134
-6.2563010587595,4.0004116897655,283.696553223911,482,85.8671422793399
-14.9892007121645,3.98407502321787,283.696554531483,482.5,85.8600201550499
55.5320443127997,4.11534719062546,283.700959945975,483,85.8864062265467
-6.82092807214517,4.00024740999982,283.699924914321,483.5,85.8831652600378
17.7158239961368,4.04625533639703,283.698573743594,484,85.8915829403947
11.0229492692435,4.03405464833173,283.696941996281,484.5,85.8968204988372
-18.2709598058148,3.97939583608133,283.697145903509,485,85.8881390454941
-21.947429034536,3.97234452966873,283.698041620652,485.5,85.8777107164304
-21.18751186951,3.9735221360651,283.698866647526,486,85.86764346229
6.4752036061514,4.02513206743211,283.697354594091,486.5,85.8707201576904
35.5567849703132,4.07958619135816,283.697776041642,487,85.8876149772857
-0.527488530463403,4.01277107398196,283.696292013113,487.5,85.8873643409143
14.2153445788071,4.04045522111536,283.694801199279,488,85.8941187671749
14.4983662743655,4.04124488628924,283.693296224101,488.5,85.9010076712993
-5.22420704678183,4.00455479185144,283.692083830236,489,85.8985253873791
-22.8206829100717,3.97166334634264,283.692951927061,489.5,85.8876821314119
-15.2342320230954,3.98552968526503,283.692858120222,490,85.8804435804034
-5.98030161659804,4.00269384802464,283.691824903411,490.5,85.8776020378674
-45.1718480081417,3.93000068458043,283.697673849144,491,85.8561386174957
-17.6728373337553,3.9802258519835,283.69811333474,491.5,85.8477413622675
9.98934454279099,4.03189361767453,283.696577673238,492,85.85248780304
-8.77882700720605,3.99694400635872,283.695696386669,492.5,85.8483165401244
-22.4364328676325,3.97138824541826,283.69661586204,493,85.8376558607076
-20.7468395303942,3.97429394892293,283.697364086354,493.5,85.8277979921931
11.1329135668844,4.03379420119721,283.695858633874,494,85.8330878002125
-3.42910188629808,4.00674426663963,283.694573470963,494.5,85.8314584611766
-14.2582841573248,3.98650185607981,283.694319639763,495,85.8246836321594
-34.8761832820754,3.9480604859382,283.697717945601,495.5,85.8081122007092
49.9143594865611,4.10549730234086,283.700991675099,496,85.8318290271727
-63.7513349985905,3.89612961141869,283.712688162239,496.5,85.8015375566514
-22.926906457599,3.96975719390637,283.714096390804,497,85.7906438285261
1.11439142045118,4.01451077831738,283.712693644202,497.5,85.7911733320237
-1.74914245277633,4.00926175776685,283.711314814972,498,85.7903422263371
-12.6901946857515,3.98883832551877,283.710863711623,498.5,85.7843124756151
-1.23021092842946,4.01021832766186,283.709514125736,499,85.7837279404352
-46.4929688150218,3.92628323302694,283.715842144526,499.5,85.7616367890211
-11.3710322420284,3.99071275438227,283.715543712108,500,85.7562338388246
