curr_dens,Volts_tot,Temp_tot,t_tot,SOC_tot
-8.03782184728602,3.92323346600091,312,0,72
-8.03782184728602,3.92314088863884,312.000702622971,0.5,71.9961808259616
-2.23715865421874,3.93141098812994,312.000919618267,1,71.9951178391955
2.09456347664286,3.93763350864688,312.00078700666,1.5,71.9961130718099
-38.2870692741095,3.87973115423225,312.006348378539,2,71.9779209566128
3.81022756466317,3.9397329489652,312.0063405385,2.5,71.9797313876565
-19.8824880027998,3.90568898082948,312.008525798816,3,71.9702842160915
-24.196972452641,3.89930229265012,312.011555390599,3.5,71.9587870156365
-18.7089766109966,3.90694244858223,312.013766021646,4,71.9498974384455
-20.916959344669,3.9036048692443,312.01627949276,4.5,71.939958737438
-22.9920795419642,3.90044022622566,312.0191501113,5,71.9290340422973
-33.4851874948512,3.88521795196436,312.023990583104,5.5,71.9131235430125
0.982443505274514,3.93444407609969,312.024093407848,6,71.9135903514092
-21.1501560138136,3.90264003256084,312.026534557294,6.5,71.9035408469176
-23.196536581551,3.89952376254671,312.029460545971,7,71.8925190039386
-4.67952493147305,3.92597750314474,312.029958751194,7.5,71.8902955259281
-43.7562999066059,3.86999811299744,312.037021928436,8,71.8695047037629
11.6480096824959,3.94911924981088,312.036584953609,8.5,71.8750392598932
-47.1195118541075,3.86501461088481,312.044406336454,9,71.8526504063212
-21.8810476829801,3.90054602568455,312.047344100644,9.5,71.8422536183813
-19.6453223240148,3.90359685932268,312.049724579017,10,71.8329191361768
0.635365574362218,3.93268521560342,312.049694745169,10.5,71.8332210303656
-1.48872256667009,3.92969966662544,312.049705170559,11,71.8325136632847
3.69788778445491,3.93722584461427,312.049329245103,11.5,71.83427071604
-21.3153689100067,3.90129357302893,312.051768715291,12,71.8241427105794
49.1287863738509,4.00220891719205,312.052460583464,12.5,71.8474862716863
-19.7536626392585,3.90394608120541,312.054403159893,13,71.8381003115407
-8.36096119061012,3.92014224398297,312.055186690332,13.5,71.8341275977232
-32.5766930563641,3.88533349222415,312.059711142728,14,71.8186487699085
19.0138026618632,3.95921509361286,312.058958338072,14.5,71.8276831853108
-23.8627967910965,3.8977443826449,312.061689421036,15,71.8163447685456
-40.8532934050933,3.87326464070085,312.068158372183,15.5,71.7969333109988
-15.8647114876639,3.90861030906075,312.070064384471,16,71.7893951874384
41.1516183317165,3.9904326755735,312.069894558236,16.5,71.808948394185
-25.7347738416564,3.89484601548744,312.072839436427,17,71.7967205068284
-20.5650894707435,3.90201060942754,312.075294988254,17.5,71.7869489969222
-8.18059339105288,3.91964899428783,312.076034977429,18,71.7830619849317
-1.21334090628897,3.92965328515057,312.075999336423,18.5,71.7824854655491
-14.2967053205693,3.9108440273704,312.077365037502,19,71.7756923807019
1.69234163906026,3.93376881083672,312.077132630024,19.5,71.7764964974607
-32.8094558004581,3.88426389482988,312.081642134027,20,71.7609070723416
-40.3380907743746,3.87322300223708,312.088093451961,20.5,71.7417404135163
-45.0430061622229,3.8661582346655,312.095815628864,21,71.7203382123956
-5.4944424929272,3.92238378273721,312.096451279707,21.5,71.7177275260028
18.215272515211,3.95658002390754,312.095366853697,22,71.7263825195091
-3.73785353886657,3.92521259714205,312.095375675804,22.5,71.7246064770107
-6.71610470307974,3.92093599975058,312.095807931577,23,71.7214153173646
-0.435770701842669,3.9299681209508,312.095651222929,23.5,71.7212082607537
-13.4942793623543,3.91120450317617,312.096880027232,24,71.7147964488988
-22.2646502989263,3.89850460876384,312.099522327262,24.5,71.7042173920333
-2.42769499561622,3.92686008039076,312.099641181573,25,71.7030638718538
-1.0859889466575,3.92882515707812,312.099505039286,25.5,71.7025478638021
6.80919924685961,3.94024246377063,312.09879284468,26,71.7057832573553
-24.147301330013,3.89581755603638,312.101611867197,26.5,71.6943096581526
-20.4895601121197,3.90084239402106,312.104031711735,27,71.6845740360493
-51.7451297548833,3.85617706284255,312.113356067613,27.5,71.6599873184123
-20.3180870512477,3.90041313240555,312.116015049456,28,71.6503331717975
-16.5326397992423,3.90571654788435,312.117825211182,28.5,71.6424776818517
-0.110124403036169,3.92927863095391,312.117666750068,29,71.6424253562006
-2.51834645052857,3.92588154797019,312.117615495096,29.5,71.6412287629486
6.59411493803874,3.93905511041645,312.116871720244,30,71.6443619591125
17.4837461348494,3.95485578290788,312.115664482886,30.5,71.6526693675873
18.7662752753317,3.95692592867803,312.1144012897,31,71.6615861702598
-39.1282829862174,3.87405732729702,312.120160381629,31.5,71.6429943520547
-7.02483037505404,3.9196421462201,312.120825029172,32,71.6396565012908
-45.0971600742396,3.86515863945956,312.12824598434,32.5,71.6182285689187
9.52845074776974,3.94303359620047,312.127623471234,33,71.6227560158333
-18.8679646435456,3.90231658149076,312.129539741302,33.5,71.6137908954196
-24.0335777240952,3.89475553300433,312.132506669771,34,71.6023713320306
-21.863488690194,3.89766751678392,312.135147208348,34.5,71.5919828872527
-31.5850397931243,3.8835778127391,312.139616160883,35,71.5769752438546
-27.1282543406383,3.88967854466792,312.143293662826,35.5,71.5640852437209
12.5167659239006,3.94652431633737,312.142345363063,36,71.5700325897022
5.83936111157407,3.93711697754251,312.141494229126,36.5,71.5728071643049
5.75520265108204,3.93711993303466,312.140685678574,37,71.5755417509838
-21.961991792784,3.89735343128828,312.143110442294,37.5,71.5651065024201
-34.5913524633585,3.87910113921935,312.148186495069,38,71.5486704084394
-44.251888216592,3.86504778843369,312.155696704305,38.5,71.5276441073046
-21.2969119497145,3.89739178405421,312.158429152346,39,71.5175248716755
0.34327956040736,3.92840644045197,312.158173869927,39.5,71.5176879810862
-1.43480423740891,3.92593327103409,312.157930009382,40,71.5170062333195
-4.38500238825508,3.92174202757053,312.157985267652,40.5,71.5149226978048
-26.6207038274325,3.88980599970266,312.161332171521,41,71.5022738604861
-13.3901994969414,3.90857682557715,312.162663655143,41.5,71.495911502218
-20.7701466124277,3.8979010960423,312.165037223856,42,71.4860425593347
12.5772599478301,3.94576160935306,312.163969580846,42.5,71.4920186490739
6.6759456643022,3.93746946734509,312.163003292191,43,71.4951907271378
15.5391649099644,3.95034922287649,312.161676451682,43.5,71.5025741671208
-12.9699436731768,3.90953258356595,312.162635457804,44,71.4964114935635
5.66513418106834,3.93625831083634,312.161888229604,44.5,71.4991032841754
-40.386846542795,3.87034131472921,312.168059892514,45,71.4799134590285
29.0846547547797,3.96960560778135,312.167008664398,45.5,71.4937330435462
2.1320952423438,3.93125519407354,312.166271437285,46,71.4947461093931
-22.3542359127084,3.89611694117132,312.168723614343,46.5,71.48412448589
5.20629824044517,3.93553940716793,312.168055111708,47,71.4865982604341
-9.59037581548478,3.91434460453687,312.168610324619,47.5,71.4820413898006
16.0946373707308,3.95123434168172,312.16735911216,48,71.4896887627298
-18.3997390294587,3.90184347438248,312.169072880944,48.5,71.4809461198907
-5.1053898006112,3.92078346580319,312.169261195,49,71.4785202920292
-23.314418662036,3.89461617087199,312.171922413316,49.5,71.4674424373358
-32.3589599542099,3.88147414243366,312.176476593015,50,71.4520670654856
-23.8858923754539,3.89328300391077,312.179474415612,50.5,71.4407176748449
-15.9771047485769,3.90443626249818,312.181110772818,51,71.4331261475848
2.18700044231289,3.93047395169255,312.180592588472,51.5,71.4341653016579
-46.5759668261562,3.86078076377182,312.188396674495,52,71.4120347137079
2.22651823634184,3.93018599828708,312.188103532599,52.5,71.4130926446755
-22.3017432194316,3.89501287848166,312.190585016674,53,71.4024959630951
14.6271176468758,3.94796259686746,312.189375207745,53.5,71.409446043482
-5.9217954865685,3.91861342815023,312.189424672069,54,71.4066323001554
-10.5765356830068,3.91191001286316,312.190151513164,54.5,71.4016068552943
-30.6194818200746,3.88311584269657,312.194272432988,55,71.387057997126
-22.6385182065452,3.89425690043525,312.197038179738,55.5,71.3763012967853
-14.3833005618941,3.90593358862984,312.198418683381,56,71.369467066177
30.6825397322441,3.97061275462837,312.197070136886,56.5,71.3840458863356
-7.37523641881158,3.9163372432633,312.197187470108,57,71.3805415400098
-33.7694511418887,3.87848059868734,312.201929541464,57.5,71.3644959727475
21.2597925703661,3.95717393476392,312.200634556818,58,71.3745975710897
-10.7888359861233,3.91137950694767,312.201204431653,58.5,71.3694712516606
19.8998994082625,3.95543426622332,312.199773538573,59,71.3789266962613
-20.2888790754319,3.89793862416876,312.201734782039,59.5,71.3692864278271
8.44662454086573,3.93906089631289,312.200761182693,60,71.3732998446174
-42.850767731507,3.86573435966942,312.207478320792,60.5,71.3529392864019
-25.6587529391398,3.88977385203563,312.210846687086,61,71.3407475204054
8.03460782091776,3.93797838064329,312.209910012844,61.5,71.344565167298
2.7240351075375,3.93048766599243,312.209120257984,62,71.3458594935919
20.3138807008097,3.95584050626412,312.207577818953,62.5,71.3555116415577
-2.44616235123375,3.92339456222747,312.207176815437,63,71.3543493466072
-6.00685649620125,3.91828185176303,312.207270650451,63.5,71.3514951865102
6.38424344095476,3.93607180452184,312.206309425451,64,71.3545286621543
16.7111204189709,3.95100574836395,312.20483551127,64.5,71.362468957233
18.5609457737811,3.95385948232924,312.203289414637,65,71.3712881975166
14.5547307608417,3.94832564297044,312.201839433699,65.5,71.3782038832477
1.89153639049239,3.93030187611803,312.201093801516,66,71.3791026474667
-13.4882687748719,3.90823712917335,312.202065247892,66.5,71.3726936915447
-44.4942563323161,3.86389780935576,312.209221911927,67,71.3515522291096
-23.828797449068,3.89282002142278,312.212199802955,67.5,71.3402299671444
-56.0196444991397,3.84697986017244,312.222748731762,68,71.3136122122378
-14.9458499056738,3.90478448612526,312.224423367685,68.5,71.3065106860997
20.214640953398,3.95524041553901,312.22293324723,69,71.3161156802626
-19.5581769902651,3.89837977021127,312.224742565673,69.5,71.3068226051958
15.6821209850192,3.94886145693243,312.223387592974,70,71.314273970811
-31.1297152857254,3.88190784127217,312.227348256703,70.5,71.2994826750218
-19.1687698061767,3.89871616855432,312.22942807219,71,71.2903746269233
-12.8973412849453,3.90756926888416,312.23047342939,71.5,71.2842464504177
-25.8732195180461,3.88889152052218,312.233609256197,72,71.2719527805466
7.38340813225567,3.93644625173794,312.232651868006,72.5,71.275461009665
-23.5423590204464,3.89216469936849,312.235219878871,73,71.2642748490257
17.6823122887749,3.95119183539665,312.233800950435,73.5,71.2726766062823
-19.9346877968138,3.89739778856618,312.235670631875,74,71.2632046319658
-27.3796302377391,3.8865759547413,312.239130352677,74.5,71.2501951904812
4.45310284957321,3.9320409700876,312.238369094137,75,71.2523110839554
28.6905867233401,3.96690747067551,312.236746158343,75.5,71.2659434269014
19.4940592071816,3.9540975902558,312.23501108983,76,71.2752060363798
2.95856283228026,3.93059931279278,312.234073125091,76.5,71.2766117986092
10.8528368363941,3.94199333936642,312.232743939781,77,71.2817685280661
15.590998529055,3.9489267950882,312.231207362536,77.5,71.2891765968124
17.9165468420486,3.95243856003339,312.229609181754,78,71.2976896507041
-24.3914571729677,3.8919546157984,312.23215030948,78.5,71.2861000407619
-1.44769188499603,3.92459445349939,312.231855415352,79,71.2854121694246
-23.4458193395961,3.89305265679516,312.234360665988,79.5,71.2742718796505
-11.5506643134913,3.90986582258301,312.235195426351,80,71.2687835772085
8.49053853104682,3.93856842825763,312.234069784311,80.5,71.2728178597475
3.91999295021762,3.93212933178076,312.233117680285,81,71.2746804458549
-23.3981520667289,3.89300622915132,312.23558581965,81.5,71.2635628052032
5.35261251837623,3.93403796232698,312.234734628182,82,71.2661061010309
20.3046007876424,3.95557793721195,312.233129891786,82.5,71.2757538396424
13.2970251262424,3.94577554139237,312.231622962692,83,71.2820719260738
32.7593839474682,3.97374638636,312.230213601744,83.5,71.2976375595333
-31.5393556600433,3.88205394316768,312.234013284242,84,71.282651622968
14.6580149950046,3.94790167908998,312.232788583965,84.5,71.2896163842414
7.00301274559854,3.93709121489296,312.231611912159,85,71.2929438683505
6.87802379493247,3.93699450608907,312.230487931849,85.5,71.2962119639133
-10.6354673335221,3.91193612192185,312.230971634727,86,71.2911585176565
-14.8106161924769,3.90584192697488,312.232125209508,86.5,71.2841212478674
-35.2791177307769,3.87647202643081,312.237024222524,87,71.2673583619642
-10.8508273852095,3.91101962657304,312.237843351607,87.5,71.2622025872988
-31.1227732943646,3.88194087096787,312.241877511579,88,71.2474145899995
-20.1823912520962,3.8972708659089,312.244051877038,88.5,71.2378249192941
-15.0186994645412,3.90450797656505,312.245343284896,89,71.230688778661
22.6626423814838,3.95849309715458,312.243796702533,89.5,71.2414569416124
-27.1585465618937,3.8873359157583,312.246847664539,90,71.2285525481186
0.20743179427307,3.92631903736591,312.246396090693,90.5,71.2286511094128
-14.2378801629188,3.90562683458344,312.247420029464,91,71.221885975361
-27.1571146532458,3.8870253812332,312.250711007889,91.5,71.2089822622391
-48.6043282208591,3.85634165204977,312.259131266219,92,71.1858878976185
9.93033837447567,3.93954312088164,312.258146235528,92.5,71.1906063015882
-18.9598386191348,3.89822818695541,312.259848927337,93,71.1815975272209
5.96353468161709,3.93388530613219,312.258861477097,93.5,71.1844311029416
-3.46858736986322,3.9204572313006,312.258517673334,94,71.1827830023635
-20.0043946636193,3.89674363922302,312.260457465204,94.5,71.1732779068033
11.0172764483698,3.9411274833427,312.259183003771,95,71.1785127698029
18.4127068218046,3.9519020181692,312.257477938802,95.5,71.1872615742934
-3.52714351308162,3.92064760969211,312.257063754085,96,71.1855856507421
10.9917212574563,3.94149227019894,312.255698947855,96.5,71.1908083711833
-5.42872416906184,3.9180638631921,312.255522286547,97,71.1882289108765
10.9419090922225,3.94153869172573,312.25417879492,97.5,71.1934279630488
-46.747775399307,3.85926666506621,312.261710286513,98,71.1712157401914
13.8659849910273,3.9454120317922,312.260531246603,98.5,71.1778041681139
-34.4715169544515,3.87635774348465,312.26510909866,99,71.1614250140198
-30.7568075558789,3.88130169039357,312.269261739152,99.5,71.1468109054771
4.70758490022256,3.93186485647791,312.268425605688,100,71.1490477161923
-26.4962105813669,3.88721969935987,312.271455779456,100.5,71.1364580318858
5.36432103425706,3.93269443985983,312.270533645187,101,71.1390068910192
15.6661164065775,3.94759495004519,312.26888786898,101.5,71.1464506520529
-25.9586950389579,3.88810731968658,312.271725442893,102,71.1341163684562
4.75492865317052,3.93191758708567,312.270839909061,102.5,71.1363756745732
-2.19674102293267,3.9220332383815,312.270338786316,103,71.1353318922596
-7.72560802979467,3.91411424388343,312.270478659953,103.5,71.1316610667326
29.3011903350775,3.96714517840756,312.268873303598,104,71.1455835382117
-27.8809642403812,3.88557922793475,312.271975833852,104.5,71.1323358876894
-26.591419009183,3.88713782760782,312.275208180983,105,71.119700965063
0.447114963580585,3.92565373683904,312.274663286848,105.5,71.1199134119041
5.43729993161607,3.93287653810754,312.273541442881,106,71.1224969469877
-15.3633755456861,3.90312180420719,312.274642829047,106.5,71.1151970333866
34.4040931763705,3.97428238719576,312.273236827032,107,71.1315441510475
-47.5934793362126,3.85757308757744,312.280855288504,107.5,71.1089300916501
-18.0574482897119,3.89906231667563,312.282758042799,108,71.1003500883832
-0.0324284094794329,3.92478701982015,312.28217447433,108.5,71.1003346800124
-46.4914564956964,3.85852299669228,312.289769713435,109,71.0782442471774
-32.245967804095,3.87824578037812,312.294357486491,109.5,71.0629225635892
-23.8070274768515,3.8900112078042,312.297162991436,110,71.0516106456344
14.8939218606508,3.94538754141162,312.295639738986,110.5,71.0586874981426
21.202026074497,3.95465184293683,312.293740524526,111,71.0687616487128
-60.9721948178462,3.83786670780338,312.305455288204,111.5,71.0397906876814
-23.2916407031244,3.89049831683786,312.30840457188,112,71.0287236559438
-2.39840066958204,3.92030431960161,312.308048212955,112.5,71.0275840549741
38.2703913866962,3.97854620690492,312.306548570273,113,71.0457682456668
35.7231502476204,3.97537811273037,312.304795098825,113.5,71.0627421137854
-1.86259675191792,3.92202603024936,312.304019798612,114,71.0618571002464
26.8278621384521,3.96312121226846,312.302250390628,114.5,71.0746043689136
-15.3980601231056,3.90293145630628,312.303148546071,115,71.0672879749225
-24.5976969639004,3.88962161285068,312.305819302977,115.5,71.0556003700671
-4.71169878015626,3.91786397634265,312.305680267332,116,71.0533616046403
-5.15710163903305,3.91721374201238,312.30545153174,116.5,71.0509112058796
-20.9756934756585,3.89452764508062,312.307436497712,117,71.0409445973279
16.1797872013807,3.94762256310423,312.305843404124,117.5,71.0486324292307
13.6048809560762,3.94414615404363,312.304120373763,118,71.055096793474
-0.20652918449195,3.92451302626204,312.303290292034,118.5,71.0549986610552
4.42390455196334,3.93117889557168,312.302167663836,119,71.0571006809475
-21.90939162627,3.8935101950907,312.304224301893,119.5,71.0466904253724
-33.6506385547193,3.87655768242839,312.308766071205,120,71.030701311955
-30.7865248042221,3.88029748787775,312.31283016572,120.5,71.0160730832508
0.96823931207982,3.9254918993834,312.312179713827,121,71.0165331425198
-17.5624916817825,3.8989802798677,312.313580193679,121.5,71.0081883180691
-1.94830379077544,3.9212437524017,312.313099042086,122,71.0072625807988
7.94645631221006,3.93548255144479,312.31172488429,122.5,71.0110383424692
5.02879513885106,3.93143009059503,312.310488665856,123,71.0134277763487
5.24985037317709,3.93184169465662,312.309257057185,123.5,71.0159222447049
-42.1042658326035,3.86428158477726,312.315590705749,124,70.9959163871442
-24.6346382509334,3.88868153943543,312.3185243121,124.5,70.9842112296224
-10.261532755717,3.90905406970251,312.31904771643,125,70.9793354585192
19.1840846839242,3.95124734084335,312.317260509365,125.5,70.9884507834876
-6.02411827243296,3.91535478983164,312.316972994993,126,70.9855884214513
-42.6164997568272,3.86312313645985,312.323544415317,126.5,70.965339175751
9.36667571474331,3.93701788101812,312.322358019798,127,70.9697897551986
7.91205559241306,3.93509179106629,312.320893783426,127.5,70.9735491713542
-7.94007596424389,3.91247816403008,312.320883353463,128,70.9697764413085
-50.5824582255192,3.85175183748455,312.329597736331,128.5,70.9457421674809
34.1939169585593,3.97225709396169,312.328220227911,129,70.9619894198338
-23.5546372833538,3.8900187691135,312.330422830885,129.5,70.9507974251732
19.4373918598563,3.95142814474736,312.328696099309,130,70.9600331091404
-11.2382559311157,3.90770199800723,312.329020021118,130.5,70.9546932476574
-41.5874754156243,3.86435152254147,312.335344797704,131,70.9349329432554
-36.2633197268497,3.87147531269961,312.340691539125,131.5,70.9177024134079
-15.6994868421596,3.90049483162119,312.342061773235,132,70.9102427963993
-7.69528931011248,3.91188571881321,312.342160551407,132.5,70.9065863768232
-15.0383739143893,3.90134630079229,312.343208577673,133,70.8994408878679
-71.8490021096592,3.82112381909106,312.358962164803,133.5,70.8653018078088
4.03173638631894,3.92793671364453,312.358341066806,134,70.8672174888514
-17.0592633370023,3.89780385849026,312.359636516482,134.5,70.8591117735358
0.286004593102755,3.9226075841429,312.358850409924,135,70.8592476687245
-29.1416256618003,3.88052832647313,312.362372199488,135.5,70.8454010144592
-1.75136497692188,3.91953782908364,312.361873436414,136,70.8445688527395
-12.5449842101393,3.90410995066902,312.362502022804,136.5,70.838608098829
1.51851990720658,3.92424469987791,312.361559243958,137,70.8393296241273
-28.3431103147537,3.88154616496921,312.364894837327,137.5,70.825862384726
17.8305502924299,3.94750088504574,312.363103741958,138,70.8343345773252
-29.9627128843732,3.87928126418522,312.366658480634,138.5,70.8200977831608
-36.4395522203808,3.86979909799249,312.372000471086,139,70.8027835163785
6.96016645417332,3.93161672447048,312.370785186874,139.5,70.8060906420563
18.5966973904058,3.94845050575015,312.368718646213,140,70.8149268697339
-23.1856561846763,3.88881902398116,312.370924445099,140.5,70.8039101965795
-3.10025440765661,3.91741184456134,312.37048771298,141,70.8024371095454
-39.3462036940151,3.86565568053967,312.37629171058,141.5,70.7837417462349
-21.9220880030854,3.89010141505342,312.378706636584,142,70.7733254579717
13.6679612019995,3.94100104796233,312.376972104329,142.5,70.7798197948173
1.9409350257403,3.92440200353143,312.375790578225,143,70.7807420308162
-9.11237766069216,3.9086260108998,312.375881434035,143.5,70.7764122811836
-16.3756652750802,3.89817810422343,312.377091750377,144,70.7686313777413
-25.6371063359262,3.88481843315146,312.379990409194,144.5,70.7564498971363
-24.5065459076202,3.88622119881717,312.382760080833,145,70.7448056027391
7.19462958405176,3.93149141801175,312.381402634286,145.5,70.7482241336602
-14.1302401623388,3.90104716932435,312.382169121863,146,70.7415101447948
11.6057834307367,3.93788865690553,312.380468777691,146.5,70.7470246371058
-7.07067819078612,3.91128572537817,312.3802360479,147,70.7436650017353
-35.8371657992151,3.87016552714545,312.385221236198,147.5,70.7266369590849
-44.3801479128304,3.85772783056785,312.392600576581,148,70.7055497153078
25.0244455070515,3.95654956085434,312.390729301039,148.5,70.7174400898922
-2.11551345760057,3.9180160244108,312.389849419534,149,70.7164349028864
43.6118678733156,3.98330442332617,312.388341619055,149.5,70.7371570981172
-9.69040210365884,3.90772426392384,312.388252006977,150,70.7325526999557
37.2877690603582,3.9747882682263,312.386491278333,150.5,70.7502699972848
-4.49766597273319,3.91553671608382,312.385790181793,151,70.748132929626
-24.2461385064597,3.8872537892921,312.388222297077,151.5,70.7366123679023
-34.1904959543372,3.87285823706624,312.392858053236,152,70.7203667410407
-32.7744080611607,3.87453333981625,312.397302444422,152.5,70.7047939688681
5.6189251470624,3.92917723493491,312.396081783062,153,70.7074638032403
-31.9802826357733,3.87549962871648,312.400071357613,153.5,70.6922683600587
-27.6618922593096,3.88135734264396,312.403453691643,154,70.6791248016696
-14.1115819673788,3.90050397393623,312.404419832735,154.5,70.6724196782524
-17.5954256531147,3.89544326880034,312.405833394359,155,70.664059205213
-10.6736565559668,3.9052515206756,312.406225001952,155.5,70.658987613333
-35.8158336788457,3.86930911391036,312.411248166777,156,70.6419697066475
-29.0446992032749,3.87862640562836,312.415000465313,156.5,70.628169107025
-0.589019054295667,3.9191628815807,312.414271848934,157,70.6278892344025
8.85356631739328,3.93279845841524,312.412551623414,157.5,70.6320960097291
-15.478175199665,3.89807552816659,312.413464127365,158,70.6247415490296
-19.3727170058691,3.89240535800189,312.415181027561,158.5,70.6155365953434
19.023257035339,3.94730900278695,312.41312783685,159,70.6245755029948
4.47085311429343,3.92673909047136,312.41161313652,159.5,70.6266998305138
-13.5390856257737,3.90102387020018,312.412231944964,160,70.6202667289462
-27.7255100096125,3.88065673945189,312.415467179105,160.5,70.6070929425594
-43.7077879535143,3.85772863407265,312.422569897016,161,70.5863251708669
25.9661343424556,3.95689293119865,312.420592175672,161.5,70.5986629892514
-12.7657216380223,3.90177730313919,312.420977276069,162,70.59259735187
-3.1611442024142,3.91547618213079,312.420362253479,162.5,70.5910953330273
-7.69455285609083,3.90900843443886,312.420217545618,163,70.5874392633776
18.8051201659601,3.94695910770042,312.418083713869,163.5,70.5963745232144
-27.7683629575996,3.88055288522316,312.421090346302,164,70.5831803752334
-36.9930753591186,3.86718121455543,312.42646808624,164.5,70.565603101726
-42.7266730145724,3.85871502056153,312.433403911042,165,70.5453015071614
-44.5418466359608,3.85575141516333,312.440930981279,165.5,70.5241374321759
1.85964964264394,3.92162536562775,312.440044579386,166,70.5250210453949
-9.75958549762128,3.90507771296083,312.440141615909,166.5,70.520383774718
23.0430356489802,3.95206942062129,312.43785488692,167,70.5313326816718
-13.2794690128325,3.90036045436133,312.438307549411,167.5,70.5250229370343
15.9540158341617,3.94218446357655,312.436240600814,168,70.5326034935881
3.54959451150405,3.92465227599303,312.434758038341,168.5,70.5342900847396
25.6632572297192,3.95636076122578,312.432431255848,169,70.5464839909515
-9.50600231095899,3.90635872320635,312.432306798296,169.5,70.54196721042
-11.9937554449466,3.9027308302013,312.432731895736,170,70.5362683730622
-7.77444747277242,3.90868875498458,312.432611930473,170.5,70.5325743414557
-7.09992439878166,3.90962135211956,312.432380184565,171,70.5292008097386
-10.1106473385968,3.90528339219036,312.432535812012,171.5,70.5243967318975
29.1063275957892,3.9613101947666,312.430332775277,172,70.5382266142736
14.5801952033343,3.94094548748374,312.428127638448,172.5,70.545154399444
-19.4383015551388,3.89244649099709,312.429538176058,173,70.5359182832347
4.20797503385441,3.92611179462293,312.428236325273,173.5,70.5379177041362
14.4393881273208,3.9408335827469,312.426172600788,174,70.5447785847721
-19.3053461761947,3.89273163368756,312.427557862266,174.5,70.5356056423605
-30.2432312824314,3.87695926876018,312.431248365149,175,70.5212355597751
-39.2727631810075,3.86385506085789,312.437121015134,175.5,70.5025750917518
6.04139070499609,3.92819257683779,312.435820063839,176,70.5054456607909
-6.57089841004852,3.91025275309009,312.435428187507,176.5,70.5023234959689
-10.9356198854142,3.90398965247544,312.435684646655,177,70.4971274321155
9.2099848477319,3.93279006869451,312.433951908389,177.5,70.5015035598393
-25.2350496243773,3.88365439034658,312.436466714376,178,70.4895131166303
-19.3780988908429,3.89178808075391,312.438170285393,178.5,70.4803056057393
4.93683422873101,3.92646236782808,312.436791652562,179,70.4826513443582
-10.6077692578582,3.90430745831009,312.436928615749,179.5,70.4776110588523
-13.6317808190664,3.89992135229654,312.437602292909,180,70.4711339131292
-22.9158605861046,3.88656257306066,312.439854305856,180.5,70.4602454334537
-3.99578314193934,3.91345263053329,312.439359722945,181,70.4583468356086
10.4412317742342,3.93416097079182,312.437495272526,181.5,70.4633079907672
-43.9454720353344,3.85673525611909,312.444286526692,182,70.4424272833948
-30.9822629919843,3.87466107782635,312.448430764985,182.5,70.4277060496179
-8.89576302197207,3.90595830423725,312.448606351505,183,70.4234792245114
18.3172380512673,3.94492364650497,312.446396838366,183.5,70.4321826669801
-18.9784637261888,3.89179503570917,312.447744919353,184,70.4231650428862
-20.8652245744378,3.88895457273258,312.449670660412,184.5,70.4132509236739
-41.2550034656753,3.85980226207478,312.456053277402,185,70.3936485934425
-41.9929066177625,3.85837174781304,312.462853782759,185.5,70.3736956482541
-4.10976480570466,3.91206032309054,312.462521031329,186,70.371742891979
12.8289531251927,3.93639684601554,312.460454454893,186.5,70.3778385738251
-16.9232836268829,3.89399293206028,312.461501781735,187,70.3697974693193
-16.8626354487304,3.89397350430554,312.46273844066,187.5,70.3617851818179
-45.9494109178443,3.85251896981705,312.470380843626,188,70.3399523021406
-14.401754482556,3.89697879520201,312.471486825285,188.5,70.3331093031451
15.5791322464252,3.93989391171391,312.469332386221,189,70.3405117336228
-50.7617912319849,3.84555463435228,312.478116727688,189.5,70.3163922496504
-28.9670710919747,3.87590585329338,312.481962476276,190,70.3026285350539
12.3047666980283,3.9348014324151,312.480049576987,190.5,70.3084751495242
-56.7310127903079,3.83674224073088,312.490713391663,191,70.2815193877097
-10.2391974001836,3.90219170168549,312.491285057659,191.5,70.276654229259
12.3645895271993,3.93460501711141,312.489201456321,192,70.2825292685688
19.3449438810023,3.94481044455185,312.486691750536,192.5,70.2917210258445
-8.04688550465899,3.90587232280345,312.486340814332,193,70.2878975452059
12.984753783887,3.9359823569282,312.484227944916,193.5,70.2940672557928
-4.74068946084054,3.91080161920722,312.483491269164,194,70.2918147154333
7.84806031550137,3.92884153862554,312.481678061134,194.5,70.2955437242094
-18.9967655306915,3.89055382830591,312.483033031043,195,70.2865174040063
-35.2599499731357,3.86723971704222,312.487890536662,195.5,70.2697636256703
2.58622178135074,3.92098892964022,312.486723798211,196,70.270992469911
5.61404567878637,3.9254288923475,312.485022112642,196.5,70.273659985802
-14.086038084361,3.89734339623644,312.485595520006,197,70.2669669995704
-16.9706377596356,3.8931272216041,312.486765979457,197.5,70.2589033947308
-43.151436714114,3.85578357277024,312.493598581629,198,70.2383999735365
-15.3349052533831,3.89495204521851,312.494767260237,198.5,70.2311135876053
-15.7938266691042,3.89422056455413,312.495781849352,199,70.2236091449928
-20.7791393202926,3.88701042590211,312.497660509911,199.5,70.213735929221
21.1896229114305,3.94695027945955,312.495292733475,200,70.2238041864237
0.507684399908319,3.91767272205669,312.493922966591,200.5,70.224045412855
-12.4940283754041,3.89912533739251,312.494282839481,201,70.2181088706283
-1.52625263148111,3.91476430834427,312.493329468385,201.5,70.2173836711232
-2.93852417634308,3.91279276909128,312.492455940633,202,70.2159874302685
36.2564407365849,3.96872670028257,312.490134478483,202.5,70.2332146915612
7.16288569109113,3.92772778560064,312.488135580401,203,70.2366181393598
4.11658755392101,3.92348164086581,312.486520664581,203.5,70.2385741374663
17.0771470676674,3.94207915219312,312.484181743356,204,70.2466883502431
-58.2749009373357,3.83526171852639,312.494968610637,204.5,70.2189990094016
-4.52696993024208,3.91081118247038,312.494719118154,205,70.2168480179566
32.8049604150561,3.9640898236175,312.492321411458,205.5,70.2324353070916
-6.60265065085099,3.9082608924565,312.49166031599,206,70.2292980551806
-41.6010077601458,3.85841183157018,312.49785647166,206.5,70.20953132088
-4.90364234941714,3.91025259280969,312.497487750692,207,70.207201353395
-24.5574779274116,3.88217710252704,312.499896130298,207.5,70.1955328586296
-11.6659379210274,3.90038129995542,312.500280826254,208,70.1899897838902
-36.3072118785801,3.86521111917406,312.505295779226,208.5,70.1727383986705
-33.110329799378,3.86941125273702,312.509803005247,209,70.157006013159
9.91529226745057,3.93063371765804,312.507991083551,209.5,70.1617172679654
-22.6995167868628,3.88415974247151,312.509984795524,210,70.1509315841267
-8.43350354616507,3.90438662152001,312.509909377659,210.5,70.1469244017819
-7.18115425982342,3.90617122297698,312.509561968802,211,70.1435122736661
-53.0657581835867,3.84101710443166,312.519114959305,211.5,70.1182980589403
16.6849902757216,3.93984399575028,312.517098024723,212,70.1262259382717
-10.5981057825478,3.90106412445582,312.517047816768,212.5,70.1211902443698
35.9993319392368,3.96752432376811,312.514658735947,213,70.1382953403219
-4.64055197516816,3.91001865325228,312.5137157445,213.5,70.1360903803259
16.3990261370226,3.94010413681212,312.511360486515,214,70.1438823836906
-23.6131507434477,3.88314249730583,312.513413086992,214.5,70.1326625863377
-34.1308767919375,3.86797201894171,312.517961881336,215,70.1164452875433
-30.7355460909623,3.87246981140136,312.521876083818,215.5,70.1018412813936
-42.178474365231,3.85599057312838,312.528544853797,216,70.081800163621
-26.6324772285007,3.87766138196237,312.531723474507,216.5,70.0691457321665
15.7743593192737,3.93813814128653,312.52947726283,217,70.0766409248605
7.62667331263979,3.92674784091066,312.527433483844,217.5,70.0802647415198
23.8214675473144,3.95001566152332,312.524763101825,218,70.0915835206795
-38.7363019239875,3.86108452302278,312.530090220266,218.5,70.0731779524218
-40.393953052481,3.8583575026707,312.536329983089,219,70.0539847506143
34.8854781326897,3.96533003853351,312.534053396878,219.5,70.0705605985162
-7.2514729814178,3.90567048545093,312.533399191145,220,70.0671150584336
8.85480420007965,3.92869627137481,312.531398693392,220.5,70.0713224219407
-19.1784858854078,3.88876319460802,312.532675322462,221,70.0622097572435
-34.0261557678677,3.86747761589375,312.537161168616,221.5,70.0460422166827
-9.22049168858339,3.90253681155726,312.537219514874,222,70.0416610966295
-13.0618937209155,3.89702069932176,312.537641783033,222.5,70.0354547329728
21.3918669168673,3.94621127571056,312.535108127685,223,70.0456190864899
-30.0051967776989,3.87310630306933,312.538424546222,223.5,70.0313621060879
-26.3709192923824,3.87800218878095,312.541358760874,224,70.0188319539838
-30.8572359784941,3.87140329795278,312.54523452424,224.5,70.0041701268389
28.9014970473417,3.95647937790514,312.542740927569,225,70.0179026839038
6.08144906339942,3.92432339562888,312.540711935169,225.5,70.0207922866867
-26.1542494879873,3.87838778151074,312.543306989114,226,70.0083650853208
0.836964368505656,3.91672725739525,312.542089514065,226.5,70.0087627692516
-25.1774037956657,3.87963160554424,312.544535102458,227,69.9967997164796
-11.188115315318,3.89939367913565,312.544781907153,227.5,69.9914836793288
25.2945983876306,3.95146537514904,312.542160757441,228,70.0035024171548
-3.95172154857004,3.91004287809605,312.541121531182,228.5,70.0016247551922
-31.0776799649429,3.8713534800473,312.544801724812,229,69.9868581840051
-1.27282735493957,3.91360934083742,312.543836914961,229.5,69.9862533996143
-27.8924086293482,3.87565027893922,312.54684218784,230,69.9730003112863
-38.4300012899847,3.86045789902375,312.552479100894,230.5,69.9547402818887
-25.5929971471065,3.8783353142204,312.555355994821,231,69.9425797597812
-6.99410954623306,3.90472470207749,312.55503396981,231.5,69.9392565060305
0.896644195607657,3.9160400787835,312.553653912542,232,69.9396825468534
-10.6583175014598,3.89959881658441,312.553632778755,232.5,69.9346182433308
-25.4794834175179,3.87840000211423,312.556247871847,233,69.9225116573141
-25.1253244147518,3.87870533417079,312.558922539173,233.5,69.9105733500792
18.1312526171971,3.94036236320995,312.556490504755,234,69.9191884214997
-19.6848680577629,3.88657548501724,312.557814337344,234.5,69.9098351491251
-23.0263308356314,3.88166810198782,312.560016053089,235,69.8988941794696
18.8998651870571,3.94143289444992,312.557540953937,235.5,69.9078744574384
-33.8943348736221,3.86634202115177,312.561762099152,236,69.8917695516245
0.807073799171128,3.91556856427447,312.560580282153,236.5,69.8921530330402
-18.1038427644477,3.88861207118687,312.561727208419,237,69.8835509854214
-18.1865435855183,3.88837377561451,312.563028925558,237.5,69.8749096424766
11.842556749226,3.93120765874266,312.560832517465,238,69.880536637718
-5.69783373528289,3.90632552912546,312.560056053429,238.5,69.8778293099008
-0.392916699021132,3.91392311492136,312.558779466334,239,69.8776426153852
13.5587132293898,3.93392551897572,312.556381972762,239.5,69.8840850430159
-3.2251339218186,3.91014121025109,312.555295178546,240,69.8825526194342
-17.8935882346465,3.88919812586402,312.556399966279,240.5,69.8740504743334
-25.7808206663203,3.87781594065006,312.559086013132,241,69.8618007078109
-1.49271706896754,3.91228852626162,312.558077712891,241.5,69.8610914427407
-22.152567375128,3.8828239971652,312.559953795276,242,69.8505656421182
34.2398336072483,3.96308122480945,312.557439149402,242.5,69.8668347117838
-29.8365721451685,3.87217361241313,312.560619853048,243,69.8526578534386
9.37046519501178,3.92787111020053,312.55867930001,243.5,69.8571102334591
22.6453932910277,3.94694948894894,312.555928732686,244,69.8678702004987
-10.2599946023305,3.90026867891405,312.555671086534,244.5,69.8629951602497
-2.1817443008221,3.91174361800215,312.554608844295,245,69.8619585036342
-13.3281188089958,3.89583929268543,312.554949535049,245.5,69.855625643028
32.0391389031803,3.96041434565784,312.552387835382,246,69.870849051787
0.0988043290900738,3.91531860765455,312.550845697614,246.5,69.8708959987007
7.66497889191234,3.92615592983937,312.548837396558,247,69.8745380162703
-13.067604941815,3.89665874331103,312.549058218481,247.5,69.8683289389249
-30.952004615244,3.87108947353505,312.552704103033,248,69.8536220824269
-8.73790404123744,3.90243720874539,312.552603139875,248.5,69.8494702640738
13.8852646611347,3.93471297955419,312.550271110762,249,69.8560678527387
1.56090079696904,3.91731590961501,312.548682757964,249.5,69.8568095153326
-11.3726792611986,3.89889735005921,312.548702594528,250,69.8514057825544
-8.58821005953104,3.9027926587923,312.548429518098,250.5,69.8473250913523
-30.3041382306232,3.87180592568415,312.551926215216,251,69.8329260688078
2.78947482472291,3.91873300855239,312.550527696164,251.5,69.8342514888077
-26.2881346860696,3.87732224986458,312.553128189717,252,69.8217606718401
1.53608042605109,3.91680881549233,312.551813098939,252.5,69.8224905410255
-33.3832922773879,3.86710194247404,312.555953941116,253,69.8066284572912
-3.19873603306671,3.90982509995641,312.555194943125,253.5,69.8051085766761
7.77308157480616,3.92554424887865,312.553182441587,254,69.8088019592757
-4.08237071055778,3.90874843801484,312.552225402122,254.5,69.8068622193151
1.93349540756892,3.9173594168346,312.550710314301,255,69.8077809203767
-12.3963633102177,3.89695885662759,312.550890410367,255.5,69.8018907837421
-21.2525257879858,3.88424335389377,312.552636942298,256,69.7917926382142
35.1849826406826,3.96448941944612,312.550205904467,256.5,69.8085107957944
30.7691112493888,3.95865725404886,312.547396772401,257,69.8231307504416
4.70885573069098,3.92193787735484,312.545455592572,257.5,69.8253681649923
4.49573690802741,3.92170407641957,312.543672790959,258,69.8275043160553
-0.382047348052803,3.91480967535592,312.542334585791,258.5,69.8273227861158
-38.0162930294087,3.86128354962146,312.547461055677,259,69.809259330352
-6.91426055525316,3.90512178890157,312.547174789752,259.5,69.8059740168792
14.1498550949637,3.93516624623072,312.544839875153,260,69.8126973257871
-25.8874623352095,3.87825034395782,312.547238152922,260.5,69.800396888436
11.9480684648889,3.93198645709915,312.545150391512,261,69.8060740176083
-26.1574674278868,3.87780194255113,312.547619208581,261.5,69.7936452872371
-9.76010309041698,3.9009261923855,312.547612791772,262,69.7890077706258
-19.7858788950752,3.88657072837977,312.549054835068,262.5,69.7796065029142
-17.0654957186997,3.89028900304934,312.550116868317,263,69.7714978262802
23.189869491795,3.94760683764838,312.547563584143,263.5,69.782516501389
-49.1051369340862,3.84513015954953,312.55553453681,264,69.7591841773221
4.1895646017235,3.92035984803247,312.55416563787,264.5,69.7611748504999
-15.2579116644596,3.89269200284357,312.554761485769,265,69.7539250481011
-3.61365141490569,3.90922169840613,312.553895199966,265.5,69.7522080202881
-17.9557079144789,3.88876708566274,312.554987538228,266,69.7436763589983
15.4411490353797,3.93632341841441,312.552637350993,266.5,69.751013226702
14.4713174608708,3.93516188794563,312.550131148305,267,69.7578892785726
-5.81332866208448,3.9064067902437,312.549327878498,267.5,69.755127073298
-45.4978704177612,3.85003798733879,312.556467775392,268,69.7335087432572
-6.60534309072822,3.90481329971962,312.556209969741,268.5,69.7303702120323
11.8240236044246,3.93113317175759,312.553955691315,269,69.735988401243
-4.81676408853913,3.9075556665729,312.553046531818,269.5,69.733699713996
-25.2012736736267,3.87848332541947,312.555454348573,270,69.7217253194425
-18.3524016725533,3.88801464591208,312.556772373968,270.5,69.7130051689661
-41.1983757207491,3.85545836189385,312.56295329083,271,69.6934297454287
-15.3945272878233,3.89172321209846,312.563942776068,271.5,69.6861150300657
-22.4546924429124,3.88157341385694,312.565960061867,272,69.6754456746049
-22.3160337286401,3.88161219236936,312.568014682511,272.5,69.6648422028837
-9.92379891720112,3.89915043261841,312.568022331226,273,69.6601269061395
-36.8214423604243,3.86083899529581,312.573124735511,273.5,69.6426311841152
-41.525964086552,3.85386774396201,312.579676428582,274,69.6229001068441
11.0968086463889,3.92854253365136,312.577669291148,274.5,69.6281727595971
-40.6287973756056,3.85502267065005,312.583615467065,275,69.6088679714222
-19.9289334064364,3.88406898949844,312.58541578589,275.5,69.5993987313064
8.84522569839109,3.92510403254014,312.583367316377,276,69.6036015435848
-10.8016598054836,3.89720448597214,312.583270375214,276.5,69.5984691309132
20.6173325084023,3.94205455622966,312.580578564139,277,69.6082654641181
-5.6726988599619,3.90481877158201,312.579699959392,277.5,69.6055700791462
-12.2907616537527,3.89536957162465,312.579894961663,278,69.5997301191779
-13.96692732302,3.89291299875257,312.580398704215,278.5,69.5930937284688
-41.4995924112251,3.85371664546037,312.586692303522,279,69.573375181709
3.94313831614513,3.91807020009105,312.585215991336,279.5,69.5752487653456
4.18232948428975,3.91854303152065,312.583372603324,280,69.5772360007547
5.57532285789829,3.92065500979621,312.581410524924,280.5,69.579885117483
2.26568780505982,3.91605433728325,312.57973723612,281,69.5809616598857
-22.3285352673878,3.88102786889185,312.581566162452,281.5,69.5703522480538
-58.8948568317249,3.82929641446869,312.592996251547,282,69.5423683349386
-16.7648168160557,3.88820648926421,312.594383506417,282.5,69.5344025259969
18.8450671510122,3.93899585711891,312.591749470664,283,69.5433567666585
5.71363120224416,3.9205486286067,312.589670529488,283.5,69.546071600648
-20.1575777336957,3.88373115652127,312.591077296152,284,69.5364937200952
-27.8891672889719,3.87257361861716,312.594194552233,284.5,69.5232421718913
-29.6954487039329,3.86977652988396,312.597786358042,285,69.5091323684017
-39.4711899827683,3.85568399532879,312.603741386046,285.5,69.4903776178097
-11.8635990342101,3.89462654528452,312.604157075911,286,69.4847406243188
-21.5894407950275,3.88071950017318,312.606008412841,286.5,69.4744823935002
-23.9213503108018,3.87726404901258,312.608393260096,287,69.4631161550083
-31.1884106411721,3.86676869294721,312.612353598955,287.5,69.4482969700993
-10.0141293041922,3.89673861364367,312.612425171702,288,69.443538752838
4.74370029185644,3.91785551009122,312.610572282692,288.5,69.445792723795
-14.3971808244162,3.89063902519149,312.611033244317,289,69.4389518979747
-30.3142350938622,3.8678931293694,312.614699116396,289.5,69.4245480779019
-31.6612831041009,3.86574146408376,312.61882355927,290,69.4095042074663
19.8785492131882,3.93908927344647,312.616182237431,290.5,69.4189495075139
-16.6296099298959,3.88724948708574,312.616914433801,291,69.4110479421745
-30.0048546607973,3.8681038875953,312.620521996233,291.5,69.3967911243294
16.1464583842919,3.93376765747171,312.618015932568,292,69.4044631200324
10.0777211834905,3.9253722050152,312.615553949511,292.5,69.4092515529987
5.10910894297992,3.91846091868139,312.613519833522,293,69.4116791480121
-8.85445033304577,3.89863225855669,312.613098598786,293.5,69.4074719526451
-13.8107406381364,3.8915249389467,312.613512962517,294,69.4009097740973
15.2107056714151,3.93288795270873,312.610956927346,294.5,69.408137146551
-28.1758492645984,3.87122478039612,312.613866847316,295,69.3947493812998
22.8189193173332,3.94370160240772,312.611162059009,295.5,69.4055917992954
11.5539598783952,3.92797149237723,312.608594356804,296,69.4110816676263
2.09465747779156,3.91464826127716,312.606836328606,296.5,69.4120769449054
-10.1046733732286,3.89729942606331,312.606591676666,297,69.4072757055962
17.8853779434802,3.93716538242548,312.60393296169,297.5,69.4157739495741
37.1381350696819,3.96464861937857,312.601148418981,298,69.4334201482569
-48.4234840984508,3.84365162882154,312.608813947148,298.5,69.4104117117883
11.7824518422605,3.92864858188514,312.606752745608,299,69.4160101481607
0.458757421636953,3.91267160688929,312.605150526532,299.5,69.4162281269201
-11.2439792981225,3.8960179654061,312.605060670233,300,69.4108855459772
-4.40645290920391,3.9056956510347,312.604147967782,300.5,69.4087918182395
9.62839515218044,3.92571844374727,312.601885220252,301,69.413366753775
-1.08761309791788,3.91057941181206,312.600464259376,301.5,69.4128499740072
9.00484149781157,3.92500124096593,312.598233690028,302,69.4171286277921
-42.1665180879447,3.8523898091367,312.604361402454,302.5,69.3970931910491
-14.5096477526055,3.89117565727034,312.605113386568,303,69.3901989265261
-12.7870888158444,3.893535175593,312.605375347147,303.5,69.3841231365222
0.74017657706535,3.91276829733357,312.603911083067,304,69.3844748316979
-0.989103669837859,3.91036897526391,312.6025356288,304.5,69.3840048587215
17.5884352574414,3.93689365647703,312.599843338248,305,69.3923620102718
-2.29805104288604,3.90878373302597,312.598512237339,305.5,69.3912700904646
-2.08077914732645,3.90910943338438,312.597278806525,306,69.3902814074793
16.7007493253343,3.93589495024217,312.594653328367,306.5,69.398216774729
7.34151993710506,3.92278181633075,312.592451822698,307,69.401705100656
6.17735083659153,3.92122916468385,312.590397122716,307.5,69.4046402712022
-34.3448622286448,3.86366318247838,312.594587021136,308,69.3883212971481
-26.3341027707321,3.8746591950971,312.597385800886,308.5,69.375808638428
-34.2740868095014,3.86316367240892,312.601871359927,309,69.3595232933406
13.2277566870536,3.93051097111352,312.599617202027,309.5,69.3658084668473
-14.9530091777028,3.89052037105705,312.600031352772,310,69.3587035389784
-10.9287071956362,3.89615536580802,312.600022686791,310.5,69.3535107596922
-39.7626297654063,3.85515128289349,312.605743193175,311,69.3346175313791
-50.7965355063627,3.83926396990527,312.614795612581,311.5,69.3104815386519
29.7502163437088,3.95322757498568,312.612233270482,312,69.324617365006
-30.1002009354334,3.86839839535123,312.61544256797,312.5,69.3103152433431
24.1160909909433,3.94539409585089,312.61273478016,313,69.3217740129415
-23.9452125630393,3.87723263701225,312.614675794712,313.5,69.3103964362916
-39.5070439701614,3.85498128879196,312.620453510861,314,69.2916246496642
1.24624494691965,3.91261379427921,312.619127809218,314.5,69.292216803414
-38.2278982365208,3.85652677254306,312.624423877624,315,69.2740528033574
-41.6977482977779,3.85128189351644,312.630969687625,315.5,69.2542401027544
2.62245943254196,3.91400141096497,312.629515927446,316,69.2554861653286
-70.5353141118879,3.81088877419347,312.644900152041,316.5,69.2219712846099
-30.2383160856621,3.86657706017132,312.64905831048,317,69.2076035374821
-21.3986580291422,3.8789552742918,312.650991254809,317.5,69.1974359571655
-18.8437133838297,3.88249574871053,312.652369575057,318,69.1884823597469
3.80565981784023,3.91478558747793,312.650572336851,318.5,69.1902906204239
-4.51311458505927,3.90305099919847,312.649533433728,319,69.1881462123513
-7.60501898739437,3.89868729411492,312.648953965979,319.5,69.1845326847526
-4.20695857031979,3.90355881596471,312.647947345333,320,69.1825337468242
-64.2754863208362,3.81874010722423,312.661184249669,320.5,69.1519932256073
-16.6402870880686,3.88524000451941,312.662551306938,321,69.1440865870121
-5.99714126728152,3.90038998338508,312.66184027468,321.5,69.1412370431098
-37.1804453613962,3.85603092465369,312.667045838618,322,69.1235707406761
-21.5435083579735,3.87794429797015,312.66905247815,322.5,69.113334334672
-3.46336541596358,3.90365981392229,312.668047038332,323,69.1116887153073
-64.7666585542199,3.81707925366643,312.681594167169,323.5,69.0809148134211
-48.9072425788572,3.83854405914474,312.690661922073,324,69.0576765189307
-15.2298895661852,3.88593271523061,312.691664931396,324.5,69.0504400312423
-29.4716074412883,3.86560902841494,312.695201290592,325,69.0364365860118
-19.3956711853814,3.87978984428401,312.696767595783,325.5,69.0272207256386
-21.6969964518729,3.87643915736263,312.698688155688,326,69.0169113897096
-19.334959708347,3.87971445876453,312.70016913564,326.5,69.0077243764173
-3.83623098335341,3.90180344951412,312.699162569951,327,69.0059015898396
-6.33629141586596,3.89831789887187,312.698365285939,327.5,69.0028908986181
9.07750210784986,3.92040569874985,312.695908761462,328,69.0072040771188
-15.457623499273,3.88555130161536,312.696412307579,328.5,68.9998593815675
6.30831724974486,3.91659013082516,312.694254826097,329,69.0028567808535
0.0624117687037806,3.90783322636921,312.692570935774,329.5,69.0028864358286
-5.60332209984392,3.89982900801908,312.691617190254,330,69.0002240152501
14.0917000310985,3.9279674511226,312.688831505092,330.5,69.0069196917578
-12.5097734392561,3.89023064902571,312.688780004985,331,69.0009756682582
-4.36884433751019,3.90179261468994,312.687748517037,331.5,68.9988998102473
7.44008031779476,3.91868033737884,312.68542781374,332,69.0024349671758
-6.28199071719896,3.8992460782601,312.684506284655,332.5,68.9994500769515
38.1360367018655,3.96234788510491,312.681504275277,333,69.0175704289658
-35.4963397307274,3.85818791375549,312.685853289962,333.5,69.0007043299485
-19.7189285411119,3.88022759243964,312.687369707794,334,68.9913348737226
-15.0507432020513,3.88673294991194,312.687947487383,334.5,68.9841835074957
-9.91125256917109,3.89397733405258,312.687685663496,335,68.9794741721534
-24.9582964164325,3.87250996626091,312.690036244279,335.5,68.967615228334
-18.5090803056242,3.88149551077564,312.691275640703,336,68.9588206319468
-24.6489823454947,3.87264066435735,312.693654072412,336.5,68.9471086588232
-52.1295299551836,3.83366689848895,312.70314376707,337,68.9223392932882
-55.1391405920797,3.82896042395056,312.713926049198,337.5,68.8961399101403
8.56903008577066,3.91893687812081,312.711889143143,338,68.9002114879708
-53.5106692083707,3.83098158392964,312.721658141821,338.5,68.8747858736062
19.651918058456,3.93449616357982,312.718903576283,339,68.8841234897764
-26.9122814939906,3.86839710363701,312.721526456237,339.5,68.8713361092211
-2.43759320681139,3.90313281438978,312.720331409545,340,68.8701778859028
-7.18792097478867,3.89643152006395,312.719571243761,340.5,68.8667625425799
3.34335293734804,3.91150114113953,312.717572766813,341,68.8683511379708
-16.5842492063884,3.88318326064764,312.718244857609,341.5,68.8604711257959
6.78291420350372,3.91645451489098,312.715994421033,342,68.8636940300009
-8.12706614633781,3.89533240227919,312.715290108731,342.5,68.8598324515006
7.26457920834921,3.91729723839228,312.712941128473,343,68.8632842190117
-16.0429313334848,3.8841988324945,312.713470245796,343.5,68.8556614142254
22.7345190691742,3.93936254374189,312.710343192135,344,68.8664637294116
19.4482613846471,3.93500321611901,312.707097128449,344.5,68.8757045780376
-5.61559099524899,3.89956664839713,312.705954471937,345,68.8730363278889
-7.28824303140085,3.89717109194051,312.705193412235,345.5,68.8695733165034
-28.3253530594837,3.8672086910964,312.708165052376,346,68.8561145144685
-2.44387778218958,3.90381390290669,312.706964797178,346.5,68.8549533050319
4.70273713029057,3.91405132939239,312.704815875992,347,68.8571878123274
16.5713118096289,3.93105963322899,312.701809898961,347.5,68.8650616772934
-9.87830068894351,3.89361228800833,312.701273054275,348,68.8603679990492
6.32231257637524,3.91665090987094,312.699044808755,348.5,68.8633720482199
-28.1584252798151,3.86768112569405,312.701863239288,349,68.8499925619816
-52.306692220104,3.83341596251447,312.711262760311,349.5,68.8251390177305
-32.887585841632,3.860202856944,312.715711758857,350,68.8095124690934
14.9612010231666,3.92809032589483,312.713018701776,350.5,68.8166212893207
9.53585452242971,3.92061466840605,312.710344135608,351,68.8211522541415
-27.6264796309311,3.86785456426587,312.713060232532,351.5,68.808025522076
-28.9809671105353,3.86569751518586,312.716367970726,352,68.794255204781
1.42724283485529,3.90878360490555,312.714727794351,352.5,68.7949333597445
-13.919792866768,3.88699550756356,312.714924892591,353,68.7883193649898
24.4362337070456,3.94154788349534,312.711744327319,353.5,68.7999302505188
-9.71990333957199,3.89326108178379,312.711134474737,354,68.7953118348341
-13.7886986590067,3.88742014619307,312.711368299537,354.5,68.7887601295409
-27.4317811381037,3.86793368475295,312.714205936056,355,68.7757259085366
-17.531942614598,3.88177997172314,312.715234186407,355.5,68.7673955994865
-11.6438692203359,3.89006458297336,312.715207480898,356,68.7618630106984
-32.0126217762124,3.86106050011895,312.719088706289,356.5,68.7466522015622
36.179198179938,3.95772882078048,312.716058281085,357,68.7638427610254
-11.7168914852802,3.89014640902102,312.715686845665,357.5,68.7582754756809
10.0878461780258,3.92116702014297,312.713138673617,358,68.7630687195421
11.1935304640288,3.9229105842481,312.710379065809,358.5,68.7683873297028
-24.3148938430671,3.87252372244825,312.712355514604,359,68.7568340988553
-0.597145969488834,3.90608677520256,312.710888355346,359.5,68.7565503647259
-22.5027543668386,3.87494482518473,312.712598206431,360,68.7458581726241
-33.4256664375051,3.85927188718976,312.716844738924,360.5,68.7299759547918
-13.5193164790047,3.88725797319711,312.717237544874,361,68.7235522465416
-40.7532880377151,3.84856722487754,312.723294296424,361.5,68.7041883065823
-35.0081988454818,3.85630647226123,312.728166426946,362,68.6875541478881
-6.82438765647599,3.89611933805165,312.727583385009,362.5,68.6843115375565
-25.7738340765509,3.86915662742437,312.730081609125,363,68.6720650907147
-50.5048232972045,3.83406937387413,312.739108975204,363.5,68.6480677051521
46.0999444558999,3.97057769536714,312.736522620051,364,68.669972110896
5.80812634715217,3.91417964181849,312.733942724758,364.5,68.6727318442887
37.0767522300716,3.95862209614461,312.730639847933,365,68.6903488768925
27.469545402932,3.94552066722647,312.727117640205,365.5,68.7034010416013
-9.97152976768127,3.89263693907531,312.726465959646,366,68.6986630655257
40.1116868317185,3.96356418432127,312.723484650182,366.5,68.7177221484335
14.2791140714766,3.92754473719391,312.720386042634,367,68.7245068747922
-19.2200798830657,3.88006626858953,312.721279216857,367.5,68.7153744466916
27.5457654974692,3.94632400002617,312.71816360497,368,68.7284628274066
-34.5654261963665,3.85848429467006,312.72215645886,368.5,68.7120390523012
-34.162262932326,3.85868869676635,312.726532921455,369,68.6958068403706
-77.6261509711471,3.79798796290012,312.744721405057,369.5,68.6589227458827
-19.5853840459018,3.8782298721237,312.746555272127,370,68.6496167433732
-15.6602792103205,3.88370982244117,312.747129139184,370.5,68.6421757558854
-33.8279724322886,3.85784354507857,312.751405510285,371,68.6261023822102
3.6706995811021,3.91093741059512,312.749490370348,371.5,68.6278465164806
28.8577224796059,3.94683741950292,312.746036475616,372,68.6415582740434
-18.4156973152872,3.88000601559121,312.746734337704,372.5,68.6328080486187
8.95085593760332,3.91885592254236,312.744234215794,373,68.6370610511446
1.18215071846993,3.90795874256188,312.742253498705,373.5,68.6376227504979
-35.0250334815636,3.85658041471005,312.746598902094,374,68.6209805928201
4.44293878375808,3.91237109593864,312.744618197013,374.5,68.6230916568347
17.2891230828445,3.93075849993731,312.741464500429,375,68.631306590094
-79.7448178141813,3.79463615948085,312.760099994775,375.5,68.593415810268
-35.9336304352675,3.85452875402952,312.765490809857,376,68.5763419324099
-15.5913103864299,3.88311244684357,312.766176723703,376.5,68.5689337154844
21.2312590434788,3.93549186578951,312.762923872941,377,68.5790217561107
58.3655342622536,3.98781074504718,312.760895416557,377.5,68.6067541614102
-29.0424568193629,3.86501859375853,312.763497830957,378,68.5929546272573
-28.8618629462067,3.86499544709327,312.766608192015,378.5,68.5792409023503
-35.7971243209295,3.85493178989297,312.771364107625,379,68.5622318854232
-2.60019769229835,3.90178925735979,312.770093065536,379.5,68.5609964005232
-13.2501422639392,3.88667606901855,312.770065578401,380,68.5547005905013
-22.6389079617514,3.87326070746546,312.771803166136,380.5,68.5439437049683
-26.5184489175133,3.8675905532326,312.774423968354,381,68.5313434541081
-27.6186801261316,3.86583041331468,312.777331639748,381.5,68.5182204279801
17.4182019296392,3.92974593050279,312.774292866776,382,68.5264966931014
-1.16482589268231,3.90357726730605,312.772459709725,382.5,68.5259432256456
-1.67873847143217,3.9029132198653,312.770802257359,383,68.5251455724369
0.39685280899656,3.90592885607664,312.768913968177,383.5,68.5253341371966
-28.4865088827394,3.86491870595091,312.771748162294,384,68.5117987619123
-1.48351074540086,3.90309432449912,312.770278364321,384.5,68.5110938712303
16.6257426684533,3.9289235268943,312.767113541993,385,68.518993599039
-28.3934663919848,3.86514303552207,312.769808064583,385.5,68.5055024329289
-0.346610029855244,3.90479050357093,312.768205991715,386,68.5053377410444
17.4569463275495,3.93017968131966,312.765005303047,386.5,68.5136324155807
-22.9953111996534,3.87289043526353,312.766564469668,387,68.5027061849168
-3.71410717261721,3.90013088012826,312.765316939281,387.5,68.5009414255131
-9.14203661862571,3.89242862053397,312.764656920626,388,68.4965975834156
13.0163527291467,3.92393499507307,312.761761396129,388.5,68.5027823082531
-43.6891050464706,3.843684039803,312.768211271622,389,68.4820234137508
5.46178904900167,3.91299246317622,312.766157955955,389.5,68.4846185848476
-5.46223293314067,3.89757053738566,312.764929297802,390,68.4820232028391
-12.2767094208775,3.8878777423753,312.764754724214,390.5,68.4761899197945
8.26586476677231,3.91706242729829,312.762211778006,391,68.4801174485109
-14.1008223353232,3.88537816891314,312.762233918932,391.5,68.4734174375369
-16.3498054022121,3.88208854884871,312.76279391001,392,68.4656488214227
0.467879859649049,3.90592407477449,312.761016492365,392.5,68.4658711347119
-14.24107573274,3.88505634204674,312.761121385567,393,68.459104482284
-28.3706835003251,3.86490365944116,312.764036352176,393.5,68.4456241414733
-43.1639995168942,3.84378542888461,312.770735036608,394,68.4251147510586
-23.2271666765354,3.87156844641697,312.772879329794,394.5,68.4140783541786
19.5372943135963,3.93228274632612,312.769725568775,395,68.4233615068338
37.1800971689861,3.95746308912194,312.766238915195,395.5,68.4410276438237
-9.2921200046574,3.89203649314759,312.765353071636,396,68.4366124895495
-31.358836468277,3.86065961489763,312.768860864727,396.5,68.4217123267454
-7.79648601373538,3.89384216419076,312.768221881337,397,68.418007823518
45.364904041963,3.96903498502819,312.765294398669,397.5,68.4395629745359
7.03921212909195,3.9154947280053,312.762527513568,398,68.4429076587955
31.0825467210623,3.94964024113578,312.759109323426,398.5,68.4576765424236
23.4974728366422,3.93929178744654,312.755632786613,399,68.4688413753761
-23.9644784012313,3.87219136763841,312.757251094265,399.5,68.457454644556
-36.4801315440223,3.8542581755709,312.761974972462,400,68.440121096493
-13.3679043855022,3.88662621959609,312.762179946159,400.5,68.4337693317553
-32.6932666342158,3.85913602898729,312.765982374673,401,68.4182351139618
6.48376787887377,3.91449761950625,312.763739725879,401.5,68.4213158786795
-16.8817079370073,3.88139327306076,312.764212467811,402,68.4132945288782
-11.1616682964854,3.88940785507638,312.763928455389,402.5,68.4079910580383
-26.6998302452853,3.86728539395081,312.766418596074,403,68.3953046237728
5.26538620402862,3.91252232638357,312.764232318283,403.5,68.3978064739848
-26.3893204191291,3.86764105679229,312.766546516047,404,68.3852675785786
7.43343760532228,3.91552574893169,312.764170994125,404.5,68.3887995792198
-23.6301065150082,3.87149510473773,312.765908992811,405,68.3775717253258
-2.17221848403733,3.90182555322534,312.764474052178,405.5,68.3765395949056
-17.0183984090444,3.88074911239594,312.765050557853,406,68.3684532965758
4.35686748443133,3.91106016914535,312.7628743946,406.5,68.3705234637804
-34.16783659402,3.85645538286588,312.766945609267,407,68.3542886035224
-28.1797990183663,3.86461333052443,312.76998354184,407.5,68.3408989615443
-27.1272789109027,3.86587929708203,312.772764418484,408,68.3280094248864
-16.1575328021806,3.88125847777693,312.773421262664,408.5,68.3203321671696
-13.6680445683498,3.88472550738565,312.773569982969,409,68.3138377907125
-24.7260167180536,3.86895385595195,312.775747571474,409.5,68.3020892146781
1.03692221032365,3.90545370856814,312.773959085178,410,68.3025819086518
28.7859497747188,3.94493401605121,312.770440271315,410.5,68.3162595633871
-12.1558961452038,3.88716671119896,312.770027683131,411,68.3104836848153
10.0856815025854,3.91875540361494,312.767328883469,411.5,68.3152759001301
9.64941478675822,3.91830571677938,312.764522476206,412,68.3198608231528
47.6920647698582,3.97203674641016,312.761700474385,412.5,68.3425217254556
-25.7512221220877,3.86871598708307,312.763590408214,413,68.3302860226924
-18.0112036702765,3.87943605398845,312.764475688195,413.5,68.3217279925736
7.02331245124581,3.91488975797426,312.762071636762,414,68.3250651220954
6.63498230099013,3.91446281532152,312.759533271605,414.5,68.328217736402
29.7919420516419,3.94735529503958,312.756115072533,415,68.3423733887417
-4.61755038011098,3.89893285886632,312.754619627963,415.5,68.3401793579622
-2.4673908330495,3.90196683304026,312.753071955618,416,68.3390069762907
-15.8953195016684,3.88288614934847,312.753407983065,416.5,68.3314543093212
-17.1491300751542,3.88096916871292,312.754064348848,417,68.3233058937915
-2.94604525136689,3.90102192777787,312.752672573706,417.5,68.3219060792953
-7.03799530779429,3.89522164427721,312.751697283302,418,68.3185619732087
-9.24555423198685,3.89205713144757,312.751058919233,418.5,68.3141689446787
0.242683341316521,3.90550603153461,312.749257260368,419,68.3142842557586
-46.7742992826381,3.83902203586874,312.756567490151,419.5,68.2920594300682
-27.4398141781917,3.86577760186051,312.759527429334,420,68.2790213921619
23.3158147610183,3.93765685350269,312.756355832532,420.5,68.2900999102122
-3.89405483304191,3.89934242071188,312.754818816071,421,68.2882496486108
-55.1742495308935,3.82697397331312,312.764703759016,421.5,68.2620335834377
-20.1771258856051,3.87566964642434,312.766311107399,422,68.2524464145732
-45.0710467351396,3.84037412033088,312.773438878401,422.5,68.2310308899638
9.38485418513324,3.91721963935863,312.771054494997,423,68.2354901069183
3.63606213108343,3.90923894371956,312.768749962858,423.5,68.2372177831914
-6.4538661263532,3.89499849593858,312.767650860228,424,68.2341512263026
-3.68223619685283,3.89895156233253,312.766262244429,424.5,68.2324016104049
-25.8153493191491,3.86752576478306,312.768528302187,425,68.2201354375802
-13.1375769089337,3.88532557004903,312.768642267852,425.5,68.2138931130286
-7.57094407579032,3.89318990269428,312.76782213994,426,68.2102957761369
12.9498510233205,3.92238301542816,312.764899219595,426.5,68.2164489026641
0.493758814328784,3.90488430200008,312.762903855221,427,68.2166835123483
-9.45141519142188,3.89080147543713,312.762245301898,427.5,68.212192668907
14.2644062133631,3.92448411034516,312.759280566329,428,68.2189704068214
-9.43229212662106,3.89100584650509,312.758529878875,428.5,68.2144886497114
-21.5453337594916,3.87374607325744,312.759967626897,429,68.204251376367
4.91440096634772,3.91119762507298,312.757782131049,429.5,68.2065864558129
32.1156111160393,3.94981177574182,312.754362731866,430,68.2218462003722
-15.2917452313158,3.88297706155677,312.754411646046,430.5,68.2145803219416
-23.8167542344603,3.87075264505662,312.756314261355,431,68.2032637823142
-23.5313509159472,3.87094643830796,312.758249369317,431.5,68.1920828521798
-53.3728819126602,3.82877049689682,312.767787474527,432,68.1667227075
37.2855549646048,3.95648661586454,312.764847819717,432.5,68.1844389528007
9.9923987727064,3.91839690089667,312.761877112519,433,68.1891868447918
-4.97014904415886,3.89728726613617,312.760533899518,433.5,68.186825276626
-14.5421966900316,3.88367583053626,312.760681815081,434,68.1799155464633
0.0594403064017541,3.90434119714418,312.758918670311,434.5,68.179943789547
45.5824056169322,3.96864018197213,312.756047801749,435,68.2016022865191
3.78846453775905,3.91022954420964,312.753575877389,435.5,68.2034023768524
-35.882211022863,3.85405215849502,312.7579284631,436,68.1863529309473
-11.2981807068206,3.88850157274304,312.757799996609,436.5,68.1809845961849
2.47595629607158,3.90801852348714,312.755763739078,437,68.1821610477393
-17.7761472693106,3.8793116642923,312.756397459688,437.5,68.1737147047567
22.2426766031428,3.93599358775091,312.753208032577,438,68.1842833208125
-1.10296002545938,3.90316008326512,312.751341666013,438.5,68.1837592489464
23.8733653120685,3.9386006883674,312.748039261612,439,68.1951026873483
-12.4726876069565,3.88732186585056,312.747659012746,439.5,68.1891762851957
-19.7509657826607,3.87688456741333,312.748730363672,440,68.1797916064625
18.0095986802384,3.93032710863066,312.745723359118,440.5,68.1883488739697
-54.1332167454148,3.82860791436456,312.754998148805,441,68.1626274559115
-31.0469033828019,3.86040106166475,312.758769284616,441.5,68.1478755082289
29.2584087281027,3.94566934036958,312.755583167649,442,68.1617776520115
3.83326251324093,3.91003731019931,312.75317259873,442.5,68.1635990281195
-19.3807508031925,3.87714087160207,312.754067700618,443,68.1543902571715
12.0630037453067,3.92165526129637,312.751332764397,443.5,68.1601219978849
10.4066961986193,3.91948190615415,312.748503257128,444,68.1650667434519
20.494685855428,3.93391899484394,312.745219896579,444.5,68.1748048010541
-0.50701615135379,3.90438260363611,312.743306468865,445,68.1745638921413
-1.32125288109635,3.9032461490964,312.741610280099,445.5,68.1739360983438
-34.0310501667117,3.85689940672846,312.74553650477,446,68.1577662322075
21.8369965524783,3.93577930700802,312.742536726119,446.5,68.1681420892363
-1.59012113546768,3.90282998971752,312.740738890024,447,68.1673865425878
-22.5178346015578,3.87313487566451,312.742235313804,447.5,68.1566871851068
27.452722715959,3.94379220188072,312.739085502142,448,68.1697313565097
-44.8578794232768,3.84179836135558,312.745563909004,448.5,68.1484171184278
-52.4810622708648,3.83067784334347,312.754850159901,449,68.1234807221823
-37.715327032061,3.85081832317633,312.760210436831,449.5,68.105560270524
-7.46111911129282,3.8933687507805,312.759568054023,450,68.102015117005
16.8613328846406,3.92794274062123,312.756459284747,450.5,68.1100267855926
-13.7918707288947,3.88464119432919,312.756339795207,451,68.1034735730892
-5.08891522774417,3.89693317637408,312.755175166474,451.5,68.1010555731272
-3.04863808228541,3.89984829457387,312.753697478611,452,68.0996070116092
-39.5837459932338,3.84811481750529,312.75908851553,452.5,68.080798779987
-14.3920811543724,3.8833905348672,312.759504368737,453,68.0739603772769
-16.4801378461867,3.88035035697843,312.760063920105,453.5,68.0661298336535
-23.3874314079321,3.87044855175011,312.761923249077,454,68.0550172869268
-35.2090428999212,3.85355287205856,312.766463920496,454.5,68.0382876971055
-34.7189806188165,3.85394473949279,312.771023023138,455,68.0217909605592
-21.8788214634201,3.87184830969259,312.772791201278,455.5,68.0113952304084
-21.9323139364327,3.87164519089827,312.774464631905,456,68.0009740832892
24.5317995419205,3.93755794328928,312.771139516264,456.5,68.0126303769601
-27.7405373955492,3.86366306238432,312.773645690626,457,67.9994494503053
-8.02615919191987,3.89145370546131,312.772995890017,457.5,67.9956358177819
-31.0901155568582,3.85871115243949,312.77647190681,458,67.9808633378187
22.0881703065911,3.9340136072667,312.773278279123,458.5,67.9913585401501
23.4301208054703,3.93622246348367,312.769715647558,459,68.00249137076
-32.1340365151468,3.85767748124692,312.773153359445,459.5,67.9872228713654
16.1146751686705,3.92590452706888,312.770226379241,460,67.9948797652617
-57.0472777485333,3.82274471129416,312.780600010161,460.5,67.9677737300347
4.31840404955459,3.90885899988701,312.77873558999,461,67.969825621324
16.8529081783351,3.92678885375745,312.775483893638,461.5,67.9778332869092
-14.6202940688994,3.88231114316115,312.775489322364,462,67.970886448748
-23.2745510829572,3.86993181954643,312.777285576789,462.5,67.9598275371496
-34.7832622858369,3.8534678694072,312.781706528479,463,67.9433002571454
13.7093942025484,3.92203456865291,312.778903311618,463.5,67.9498142808966
0.478896486070756,3.90346167445133,312.776865539255,464,67.95004182874
8.26145694373651,3.91460157806002,312.774185609812,464.5,67.9539672630776
-16.2724821298828,3.87987471082003,312.774519550989,465,67.946235387145
-27.9060132627748,3.86326242582897,312.777286842559,465.5,67.9329758345704
-58.6439775519647,3.81992391719215,312.788582436864,466,67.9051111268383
-38.0073115378679,3.84818671211909,312.794218189228,466.5,67.8870519386336
-17.9843787677078,3.87623632803207,312.795279453548,467,67.8785066543772
-19.7297862351665,3.87367871393743,312.796491640176,467.5,67.8691320391139
-8.07304482806227,3.89016611938282,312.795771136352,468,67.865296128863
-14.6678709833554,3.880803116211,312.795992530242,468.5,67.8583266845132
24.7435341240584,3.93675555041878,312.792530550988,469,67.8700835839496
-29.9977470730607,3.85937259227941,312.795527759739,469.5,67.8558301432774
8.26494342979149,3.91350878674176,312.793031051463,470,67.8597572342202
-28.4550399596885,3.86149399656381,312.79578218096,470.5,67.8462368114065
10.2016648062251,3.91621428076562,312.79312079886,471,67.8510841362312
-5.030670172635,3.89474317811716,312.791743891613,471.5,67.8486938114287
-10.0549358150565,3.88761755609703,312.79117427981,472,67.8439162049387
-16.2117340628875,3.87883131915979,312.791640060106,472.5,67.8362131934728
-15.5116704947723,3.87972921823227,312.792038580953,473,67.8288428174714
-14.879304402211,3.88054310551312,312.792329260315,473.5,67.8217729104539
-22.6036602801583,3.86949549545153,312.794039649987,474,67.8110327728699
32.9505679137283,3.94815678420892,312.790618017799,474.5,67.826689247462
0.532399996365108,3.90267512019251,312.788448996376,475,67.8269422175182
-8.14275686462992,3.89040475855258,312.78755468349,475.5,67.8230731835673
-26.8018965951229,3.86388981554909,312.790032255273,476,67.8103382524377
-35.6393334433632,3.85117354490837,312.794715023262,476.5,67.7934042099048
17.9393429720831,3.92692456958896,312.791655798359,477,67.8019280953861
-16.0182293693079,3.87894069578367,312.791898096155,477.5,67.7943170277472
-10.9468528708543,3.88604997631887,312.791547622493,478,67.7891156265366
-41.2410422650077,3.84312798601061,312.797550229253,478.5,67.7695199299749
14.0770075835287,3.92123203699515,312.794734220105,479,67.7762086253607
-21.0830071328631,3.8714897073822,312.795931026222,479.5,67.7661910266848
20.8516196281077,3.93091742249514,312.792634429279,480,67.7760986815018
-42.1280267166948,3.84193732965223,312.798627982661,480.5,67.7560815339481
-2.04578527215364,3.8983300488437,312.797274215968,481,67.7551094783156
-4.94497733561329,3.89426878797227,312.795961625364,481.5,67.7527598704965
0.989940273858515,3.9027378114449,312.793958278678,482,67.7532302409856
-17.6282291283455,3.87635037624525,312.794587812329,482.5,67.7448541813628
-46.8941244765578,3.83492361827545,312.802217554208,483,67.722572420687
-20.6763284671358,3.87147172675295,312.80384491022,483.5,67.7127480555303
23.7194833075568,3.93442222103333,312.800422115866,484,67.7240183768405
9.7775873555285,3.91500246583294,312.797424016887,484.5,67.7286642011069
-17.8883209385857,3.87585079343032,312.798031993023,485,67.7201645587638
5.32519316057406,3.90872872895111,312.795683655468,485.5,67.7226948262734
-4.75262976798512,3.89452649000977,312.79429011165,486,67.7204366124726
-54.8158656834863,3.82390418446629,312.804173301325,486.5,67.6943908335177
-12.4950879703786,3.88300958613456,312.8044158823,487,67.6884537878241
-49.3431161610736,3.83092846810687,312.812780989711,487.5,67.665008387839
8.59317749522986,3.91254138256135,312.81039308698,488,67.66909143932
36.3973477357956,3.9520129381934,312.806739793776,488.5,67.6863856526258
2.30070686291434,3.90425692656253,312.804329927472,489,67.6874788343469
8.26314980822689,3.91281242991856,312.801567764485,489.5,67.6914050730497
-3.05856193538663,3.89687013177413,312.799920311645,490,67.6899517962092
-20.7512725079599,3.87175975042365,312.801113291333,490.5,67.6800918213637
5.9170321293986,3.90948512264788,312.798723556827,491,67.6829033013794
2.54250592587476,3.90481609665322,312.796470054354,491.5,67.6841113740151
-11.559271299124,3.88485812820419,312.796044708717,492,67.6786189819607
-12.848337335899,3.88295807700172,312.795926837661,492.5,67.6725140896997
-30.7940522905898,3.85744640776853,312.799306558136,493,67.6578822843076
-6.23958701946234,3.89201083502661,312.798379345858,493.5,67.654917542216
-26.9313879747557,3.86264719050886,312.800882696703,494,67.6421210832092
6.11552392463826,3.9093771881453,312.798528371212,494.5,67.6450268766752
3.90919809515751,3.90638542758424,312.796141719903,495,67.6468843336032
3.20310390764099,3.90549192486495,312.793842767967,495.5,67.6484062896155
5.25010179573031,3.9084953921737,312.791358197157,496,67.6509008774352
0.303679360890083,3.90158024030845,312.789361113214,496.5,67.6510451707964
18.2477041845483,3.92708640368113,312.786051420182,497,67.6597155742225
-8.91370134993987,3.88878244809011,312.7851413743,497.5,67.6554802257128
-17.2534117562824,3.87688755914575,312.785739776417,498,67.6472822607036
30.1669880616922,3.9439484482701,312.782341864628,498.5,67.6616161162944
-33.337373237647,3.85438216081229,312.785969759867,499,67.6457758510088
-25.9908521384641,3.86442466541713,312.788447110512,499.5,67.6334262879543
-30.4090891580161,3.85795083984649,312.79184743226,500,67.6189773979376
