curr_dens,Volts_tot,Temp_tot,t_tot,SOC_tot
21.9193909452981,3.78281322973807,281,0,28
21.9193909452981,3.78306978804347,280.998308740754,0.5,28.0104150067552
-0.554206313735213,3.74070887086915,280.998203709282,1,28.0101516754192
-35.5277879511471,3.67392646346718,281.006391262941,1.5,27.9932706337684
-21.8159367334205,3.69952479766585,281.011046509539,2,27.9829047833204
7.12864103866788,3.75472563562811,281.010398677553,2.5,27.9862919597597
10.2186971819468,3.76070190885368,281.009184454706,3,27.991147377524
-35.6550228346489,3.67323049675759,281.017353370927,3.5,27.974205880171
-10.0721307816984,3.72160718128373,281.019379855188,4,27.9694201034862
-25.2141392783917,3.69250851458202,281.02465881003,4.5,27.9574395958358
22.3853407111649,3.78303077742063,281.023063669965,5,27.9680759987955
-18.5344774903177,3.7053078315642,281.026304405574,5.5,27.9592693349266
14.7186510131478,3.76870668266367,281.024956529212,6,27.9662629074265
-22.366503490148,3.69797409344271,281.029203580887,6.5,27.9556354549794
16.7969319251046,3.77258148596898,281.027773379057,7,27.9636165234271
-27.5722373238565,3.68802045777728,281.033414805437,7.5,27.950515564614
6.80372146444981,3.75354419539956,281.032797324096,8,27.9537483553968
-48.6183216648521,3.64822701840273,281.045745790675,8.5,27.930647341786
-0.534500583403577,3.73907850394041,281.04628123773,9,27.9303933736351
-4.78394772880913,3.73096002827468,281.046912463888,9.5,27.9281202790936
-15.2468583667964,3.71084085634694,281.049630652305,10,27.9208757286733
-25.6956774255747,3.69068366383526,281.055106327412,10.5,27.9086664179933
9.18957004801888,3.75729670361471,281.054160112366,11,27.9130328456174
-31.2929610916326,3.67991813149541,281.061034294622,11.5,27.8981639835229
-9.01884150785082,3.72222949398443,281.062753945701,12,27.8938786776281
-56.7212773892337,3.63199017687998,281.079451509872,12.5,27.866927541593
-27.705416202404,3.68568311760499,281.086132350694,13,27.8537633027862
-9.23122255057961,3.72089561735785,281.087849245775,13.5,27.84937708396
12.9402386108471,3.76335260350956,281.086287686463,14,27.8555256431459
-31.7130222533627,3.67799756194406,281.093314247554,14.5,27.8404571888343
4.98147625896829,3.74808886733612,281.092784095254,15,27.8428241391304
2.36964529702852,3.74320702374861,281.09218603304,15.5,27.8439500769741
-47.7955144083095,3.64762367633106,281.105053628884,16,27.8212400205371
-9.03432205558512,3.72085730580639,281.106947459767,16.5,27.8169473590543
32.7342710778538,3.79995501913984,281.104782456561,17,27.8325010601245
-34.7005929506907,3.67214295813498,281.112551762891,17.5,27.8160130604856
5.71213577302985,3.74925501605383,281.111914715084,18,27.8187271839213
-0.754341589910386,3.73697884850717,281.11169991936,18.5,27.8183687582345
-3.27069975680074,3.73218386576284,281.111940068307,19,27.8168146840293
-8.50436655072297,3.72212231409353,281.113135823792,19.5,27.8127738311016
-4.72990449652349,3.72933508791918,281.113695759476,20,27.810526415222
-12.4404429494573,3.71448467006122,281.115702825402,20.5,27.8046153341304
-39.403162379676,3.66289218863615,281.125522925835,21,27.7858929068793
-20.371785136288,3.6987042474959,281.129843370752,21.5,27.7762132455995
-5.08827147229316,3.7279616493344,281.130586763488,22,27.7737955515181
-1.05453272590056,3.73573581626571,281.130486368359,22.5,27.7732944899014
23.6423358803359,3.78272788287439,281.128165047878,23,27.7845281545829
35.0735417347722,3.80415490863389,281.125772403982,23.5,27.8011933609752
-36.9807905189334,3.66777590032281,281.134174773366,24,27.7836219246142
0.601637185961224,3.73933541641838,281.13416583091,24.5,27.7839077927467
-2.78985915569619,3.73286786388104,281.13424938988,25,27.7825821901319
-9.85132529740914,3.71928411361669,281.135639743691,25.5,27.7779013292551
-16.406267592167,3.70659033114149,281.138532376352,26,27.7701058851103
-9.7556009928205,3.71923967279,281.140052113199,26.5,27.7654705076724
1.15438062943522,3.74016425773635,281.139632890853,27,27.7660190120576
29.3782424247348,3.79355880633056,281.13725494614,27.5,27.7799780948657
-37.5758156179877,3.66643772324061,281.145895076115,28,27.7621239321077
9.6150816623996,3.75638156924304,281.144782081109,28.5,27.7666925417336
-3.46070636500783,3.73147827340257,281.144860843703,29,27.7650481858179
20.8892032437479,3.77785391989274,281.142640742432,29.5,27.7749736985038
-36.0329582931746,3.66937317887573,281.150796523004,30,27.7578526249771
-20.2010645208854,3.69914176586677,281.154896349542,30.5,27.7482540816612
-43.7069756877426,3.65426545381971,281.166329697605,31,27.727486695917
-8.2056166661068,3.72155995607537,281.167849333052,31.5,27.7235877941081
7.44872806814894,3.75161453104947,281.166552351488,32,27.7271270600184
-20.8550371339588,3.69732583692781,281.17034598194,32.5,27.7172177813722
-24.7562784173249,3.68963796537183,281.17551789873,33,27.7054548264802
-17.8754933647653,3.70261502587689,281.178923408127,33.5,27.6969612791635
-10.9721074358097,3.71577426788037,281.180665111546,34,27.691747878237
5.32287779003764,3.7470837633467,281.179608457432,34.5,27.6942770455975
-7.893156661603,3.72178225843423,281.180468539705,35,27.6905266092758
-14.8996339972805,3.7082365675264,281.182945859486,35.5,27.6834470426437
20.0024813073986,3.77495997002546,281.180705819509,36,27.692951229072
30.8646795976456,3.79546375715505,281.178019591464,36.5,27.7076165930553
-1.34519591606306,3.73493818254568,281.177506016067,37,27.7069774227158
-32.6061509578856,3.67493771422632,281.184730255791,37.5,27.6914845979683
-1.91330797313648,3.73350876219234,281.184919886409,38,27.6905754889737
-14.8709341429802,3.70856758057873,281.187280765793,38.5,27.683509559088
42.9499047088938,3.81740168989665,281.185418718127,39,27.7039172222752
-20.6100286116079,3.69797028825163,281.188757061839,39.5,27.6941243595195
3.30946526068418,3.74375898308321,281.188028544105,40,27.6956968531683
-6.51681162116461,3.72493829390107,281.188584274014,40.5,27.6926003877041
-27.1788180744631,3.68517748062943,281.194169918757,41,27.6796863621935
2.26948302803092,3.74150941585644,281.193645743636,41.5,27.6807647078979
-43.9410303651842,3.65318676910225,281.20484482949,42,27.6598861109868
-27.8817306500788,3.6830936842154,281.211167551758,42.5,27.6466380963046
-44.9808590847941,3.65039702195545,281.223253502707,43,27.6252654243908
17.5592138697672,3.76957670962096,281.221365061546,43.5,27.6336086913879
13.0792070545114,3.76135267310331,281.219131470486,44,27.6398232814814
-34.0655713735238,3.6710677329794,281.226729208927,44.5,27.623637012581
-13.3322387677912,3.7104715805774,281.229071995442,45,27.6173021943748
-33.8401297704167,3.67101605907508,281.236922088276,45.5,27.6012230441358
-4.49623882209704,3.72710408561794,281.23747940527,46,27.5990866545882
27.0488654964673,3.78713802497251,281.234740114271,46.5,27.6119389330831
-22.5983875976015,3.69262031489796,281.238721371518,47,27.6012013008161
41.8174215761616,3.81431845581963,281.236609331457,47.5,27.6210708642218
-16.7819594129654,3.70417020732473,281.238937587219,48,27.6130969099688
-25.9976309551276,3.6862895853246,281.244253310087,48.5,27.600744125957
0.844449021848035,3.73771666714067,281.243793155066,49,27.6011453662236
33.4001316545605,3.79918640597783,281.241083230361,49.5,27.6170154511943
-1.66316294765954,3.73338638230141,281.240438292259,50,27.6162251987015
-41.4576006152667,3.65718976340477,281.25064671796,50.5,27.5965266043591
-15.4124183555576,3.70642943888026,281.253475293311,51,27.5892033880486
-29.4076259656155,3.67940981979447,281.259816548597,51.5,27.5752303436401
-24.3326392131725,3.68882188447536,281.264840910246,52,27.5636686810734
-43.5805583778797,3.65195862336961,281.276312812437,52.5,27.542961362561
19.530167357863,3.77237275178077,281.274122475243,53,27.5522411288405
9.27546890700396,3.7531929772138,281.272067030542,53.5,27.5566483713394
-15.4407301169491,3.70576524452834,281.274305265378,54,27.549311702685
12.4017340123529,3.75919964460964,281.272285666736,54.5,27.5552043912107
6.43343893051672,3.74799444236137,281.27061092239,55,27.5582612421099
-1.71082146643386,3.73246408814766,281.270126067227,55.5,27.5574483446542
-14.2455031296257,3.70830547836761,281.272165072283,56,27.550679588547
-16.2310517736744,3.70434769136767,281.274811589263,56.5,27.5429673982636
-37.6069821417396,3.66326169369299,281.28387468809,57,27.5250984267203
-17.2593203186549,3.70181400335732,281.287090594446,57.5,27.5168976542555
-5.78209834821446,3.72385032642661,281.287551220826,58,27.5141502880761
-10.5738773714405,3.71459299751468,281.288837354578,58.5,27.5091261063127
-0.353678689803788,3.73427067068083,281.288280449175,59,27.5089580557517
-7.69582045150948,3.72015861763826,281.288912995698,59.5,27.5053013838036
10.9299644594602,3.75595304985679,281.286897864891,60,27.5104947604793
-36.5227695878811,3.66492956419563,281.295287946113,60.5,27.4931409529339
-10.4013014415208,3.71470575565859,281.29688493768,61,27.4881987706877
-3.51407568386387,3.72796007819823,281.296832515592,61.5,27.4865290563203
-27.6602836366044,3.68139934022383,281.302501369997,62,27.4733862622689
-2.30806840651677,3.73005181490129,281.30243487277,62.5,27.4722895827076
-43.6347438299381,3.65077466102554,281.313665412372,63,27.4515565179576
-4.29557532683673,3.72581010619715,281.314147689094,63.5,27.4495154737443
13.307104167573,3.75966951405729,281.311798545454,64,27.4558383492359
-8.44449097037357,3.71805366357131,281.312409863603,64.5,27.4518259462124
-11.7512119400558,3.71162047208987,281.313931147989,65,27.4462423534911
-30.9532749559472,3.67454325553716,281.320728640256,65.5,27.4315348933903
-49.70454045201,3.63871460812665,281.334828970517,66,27.4079177625191
6.62878151369428,3.74623549636962,281.333680210407,66.5,27.4110674305193
9.4897181159447,3.75188741373058,281.331535541651,67,27.4155764736095
-20.1846520563546,3.69478308986681,281.334921843361,67.5,27.4059857286821
-34.3910433036046,3.66730849114961,281.342995372816,68,27.3896448116731
-15.3220473167721,3.70366633620657,281.345660152454,68.5,27.3823645351952
12.1308469123043,3.75655734158495,281.343435847344,69,27.3881285116147
13.256128710025,3.75891801139936,281.340845978659,69.5,27.3944271660987
0.809446754836683,3.73525189310546,281.339746046278,70,27.3948117750251
29.5022527320068,3.78974687797994,281.336583848677,70.5,27.4088297813768
25.804858779242,3.78323799657465,281.333273212351,71,27.4210909696176
-34.6724986957112,3.66773917605683,281.340762495667,71.5,27.4046163189744
-0.188520423664162,3.73375430204916,281.340317689877,72,27.404526743425
-9.47162504875866,3.7158640534238,281.341168007061,72.5,27.4000262972624
-40.9484663485316,3.65537659004374,281.351312350359,73,27.3805696182562
19.0394336174877,3.770075920045,281.348875984178,73.5,27.3896162122166
-8.57992043221416,3.71737398194741,281.349356487032,74,27.385539459834
7.65736195041657,3.74862883998486,281.347519500655,74.5,27.389177858211
-42.0205293303701,3.65329203330314,281.357867473682,75,27.3692117880805
-22.1926612625256,3.69068305809586,281.362313468774,75.5,27.3586669368324
-0.0259912108785976,3.7333521887743,281.361654226119,76,27.3586545870989
-32.4475771999086,3.67084366752483,281.368737077641,76.5,27.3432371087314
-0.754089344909009,3.73169879892268,281.368311488725,77,27.3428788028989
-14.7619477070578,3.70464776133177,281.370340485583,77.5,27.3358646579588
7.25919673597457,3.74709629864769,281.368559457571,78,27.3393138679862
0.0821382634248131,3.73342576326279,281.367550693983,78.5,27.3393528960126
-14.9578232684616,3.70438375677097,281.369594692378,79,27.3322456807267
-19.7802821922414,3.6949317977594,281.373027697557,79.5,27.3228470722906
-17.3500591614023,3.69945176264262,281.37589642331,80,27.3146031852309
21.8303896648475,3.77461139205737,281.372941396691,80.5,27.3249759029947
-10.8074234176689,3.71231831966481,281.373825863844,81,27.3198407517406
-11.5607076148738,3.71078296495684,281.375188557747,81.5,27.3143476772202
-10.9210578465563,3.71194047403077,281.376421934737,82,27.309158532525
26.2212262292065,3.78292787432471,281.37327377273,82.5,27.3216175579144
-25.2099575888674,3.68463944407423,281.377769097673,83,27.3096390371953
17.2672327339067,3.76619016244487,281.375163676055,83.5,27.3178435692472
-52.9435039684045,3.63206025080087,281.389882034738,84,27.2926874436572
-17.2541384412498,3.69938465713766,281.393127909442,84.5,27.2844891333634
7.28244205757746,3.74669542376195,281.391307283248,85,27.287949388414
-17.1929220547855,3.69952711944667,281.393793350614,85.5,27.2797801651089
-1.88465143363228,3.72903270307665,281.393299598737,86,27.2788846722797
-10.9846847373864,3.71144991351789,281.394408679513,86.5,27.2736652952437
-58.6575460617032,3.6206010819412,281.412146257296,87,27.2457941404291
-2.99683795651823,3.72622291843144,281.412383387661,87.5,27.2443701917602
-2.85744868083446,3.72654585606867,281.411881309707,88,27.2430124739573
-0.122558405376786,3.7318839741993,281.410907563068,88.5,27.2429542402855
-17.1978146296971,3.69885933974576,281.413461417729,89,27.2347826922716
-8.79323138374937,3.71502125358331,281.414251709926,89.5,27.2306045851112
3.0327525071258,3.73788758743834,281.412846472099,90,27.2320455985922
17.8698875970141,3.76638891085956,281.409774718919,90.5,27.2405364823263
-43.0148624478774,3.64957386898462,281.420438982204,91,27.2200979544453
-36.3749570021094,3.66167025556039,281.429400518226,91.5,27.202814380105
-0.101216115692353,3.7314046113421,281.428782843132,92,27.20276628723
7.14460134662592,3.7454672052694,281.426698522733,92.5,27.2061610472155
40.3997728922179,3.80790077041273,281.423389126312,93,27.2253570143221
-33.2973935276353,3.66804949592223,281.430267918407,93.5,27.2095357454106
-15.9307477736134,3.70115184238025,281.432817693221,94,27.2019662446844
1.46708541632074,3.73473522688488,281.431669092841,94.5,27.2026633308653
-15.284009884767,3.70235516234856,281.433659987273,95,27.1954011278874
15.2953471696129,3.7612283401252,281.430899112579,95.5,27.2026687177804
-20.2840566836438,3.69279714326918,281.434027828812,96,27.1930307407075
-32.4605272277844,3.66913041571218,281.441247698291,96.5,27.1776071091294
1.25194154605865,3.7340093025928,281.44031580351,97,27.1782019696204
-26.4492903095743,3.68042826437077,281.445385957332,97.5,27.1656345794985
15.8020877769007,3.76178109091902,281.442671205223,98,27.1731429473794
6.25008675837284,3.74374135749546,281.440509653939,98.5,27.1761126784258
-12.8344129436875,3.70693359783106,281.441843794604,99,27.170014402345
-84.2339908626551,3.57318245963517,281.473186164122,99.5,27.1299905902764
-30.9153955046525,3.6708273049504,281.480946993323,100,27.1153011286109
-21.4451778469359,3.68884031237907,281.484985363456,100.5,27.1051114443857
16.2031928330992,3.76152242494575,281.482048332379,101,27.1128103974831
-2.87523853244433,3.72507004945005,281.481206886315,101.5,27.1114442268257
-18.4821184105112,3.69479739564501,281.484027561186,102,27.102662441393
-20.7714645744357,3.69020693215367,281.487656379559,102.5,27.0927928722796
-11.9550058232014,3.70716582284096,281.48906690644,103,27.087112446819
19.7823061055757,3.76829439990335,281.485763929824,103.5,27.0965120169183
22.7479977582458,3.77418086116385,281.482041774166,104,27.1073207365086
-8.14243713131517,3.71519282256209,281.482125324553,104.5,27.1034518544791
-1.38442917348852,3.72825970483794,281.481225436766,105,27.1027940424427
4.13993272806772,3.73898105021454,281.479399720581,105.5,27.1047611330173
-51.2676723069094,3.63255988849031,281.493554653113,106,27.0804012794642
-4.33946795583496,3.72211491222816,281.493720831587,106.5,27.078339379652
-44.7845984313759,3.64413867805634,281.505352954014,107,27.0570599610606
-12.659958633585,3.70549426895666,281.507203099107,107.5,27.0510445770101
-10.1823224611512,3.71025220068088,281.508072517775,108,27.0462064427079
-51.7732253757187,3.63031614239929,281.522822532655,108.5,27.0216063754262
-41.1931321250112,3.64969585907571,281.53381841837,109,27.0020334433853
22.5730791833796,3.77239567098338,281.530552389241,109.5,27.0127590503498
-6.57471223249096,3.71669158751649,281.530274395383,110,27.0096350733887
-15.7972541553599,3.69874538753809,281.532383127297,110.5,27.0021290022049
-15.9613507439112,3.698321139852,281.534639811002,111,26.994544960466
-30.7383982625241,3.66955050272614,281.541285650806,111.5,26.9799395991059
-30.9019178031441,3.66892913102171,281.548205994531,112,26.9652565413753
-16.723882478573,3.69616005287514,281.550879562732,112.5,26.9573101823993
-17.5971709000664,3.69436158023381,281.553604902503,113,26.9489488801052
8.58217914705606,3.74517468314299,281.551195296311,113.5,26.9530267057169
-9.14930465270409,3.71094333120179,281.551556477078,114,26.9486794102103
-10.3422200982903,3.7085995569679,281.552361654268,114.5,26.9437653004864
-32.6851384645826,3.66515844345909,281.559610980214,115,26.9282349447957
17.7104371891836,3.76253047998712,281.556450816459,115.5,26.9366500656092
1.36643257478741,3.73137046522193,281.554696081389,116,26.937299326555
12.6710336138646,3.75327996685936,281.551615008813,116.5,26.9433199728865
0.291954779749881,3.72960381337148,281.550076915986,117,26.9434586953086
37.9440199022788,3.80090604419113,281.54622126372,117.5,26.9614878104692
35.9331378932349,3.79768060948927,281.542099423323,118,26.9785614542957
-23.0200367348614,3.68538652276651,281.5455960026,118.5,26.9676234752845
-1.5564812626431,3.72681336805844,281.544726462732,119,26.966883912634
4.72115139847769,3.73898468556471,281.542648686236,119.5,26.9691271694759
-8.52890365946727,3.71339056466357,281.542815637723,120,26.9650746577318
13.9901946759137,3.75681926352921,281.539768171501,120.5,26.9717221039323
-27.3605143560123,3.67700762519289,281.544753762621,121,26.958721745366
-33.4217716944737,3.6650134374028,281.552222984089,121.5,26.9428413781223
-68.4237917047765,3.59889473782317,281.575146872868,122,26.9103297880603
-30.5931762737568,3.66922724171729,281.582400284055,122.5,26.8957934289822
-6.57373407233049,3.71564982345615,281.582569789007,123,26.8926699167942
-7.85255833037499,3.71317618894887,281.582711487066,123.5,26.8889387707847
-14.7465005461666,3.69973025473308,281.5844597239,124,26.8819319655688
-19.1268238751837,3.69110051854479,281.58743908183,124.5,26.872843848095
-66.6955297264226,3.60050197910112,281.609565772218,125,26.8411534423544
10.9961002933062,3.7488138912572,281.60738319444,125.5,26.8463782434961
-0.761443289791758,3.72628512547057,281.605931180831,126,26.8460164434339
-11.2406856488199,3.70593987234545,281.60673010053,126.5,26.8406754274696
-23.4359155310621,3.68211629516722,281.610895756838,127,26.8295398434938
10.0521353753002,3.74708892636126,281.608208272163,127.5,26.8343161193538
11.7152634206848,3.75048922245778,281.6049857318,128,26.8398826311228
14.2105131182888,3.75547952265117,281.601512680254,128.5,26.8466347617131
-10.2085912147312,3.70841012892624,281.601879454471,129,26.8417841458028
32.5077448536405,3.79008894140035,281.597843198497,129.5,26.8572302128533
13.2084522538425,3.75414906268711,281.594338500663,130,26.8635062138514
-39.0584206124014,3.65319069329625,281.603326310459,130.5,26.8449475907792
-23.8867763304599,3.68195720759277,281.607850457315,131,26.8335977801269
11.1858278543859,3.74984459701544,281.60504547939,131.5,26.8389127303897
-13.5879019309959,3.70197100782981,281.606201366678,132,26.8324564337365
-10.2597492519404,3.70834919633482,281.606839406483,132.5,26.8275815100659
27.5026873498959,3.78081105417801,281.602837952099,133,26.8406494221831
30.7937457763917,3.7872816411584,281.59851917186,133.5,26.8552810819349
7.23005208843142,3.74302416273447,281.595688468883,134,26.8587164438722
-4.36150121288466,3.72069206244145,281.594864259811,134.5,26.8566440749497
21.4036424772765,3.77016028849801,281.591122419518,135,26.8668140236286
-8.67747161932473,3.71256386187701,281.591032517752,135.5,26.8626909197632
-29.4283898573235,3.67221891014363,281.596781466276,136,26.8487080093838
-18.1923463459081,3.69363953992871,281.599505412415,136.5,26.8400639092554
-20.003928605797,3.68993488296049,281.602596410196,137,26.8305590351428
-5.25491652810423,3.718446052054,281.602240664143,137.5,26.8280621596011
-40.7890156660462,3.64963602176104,281.612099453582,138,26.8086812436459
-40.5421724127429,3.64960832887882,281.622385078483,138.5,26.7894176153543
-29.3614157770002,3.67064970805134,281.628704408079,139,26.775466527734
26.6492362793677,3.77855494146716,281.624831210835,139.5,26.7881289222578
10.6612712597,3.74856498401024,281.62153821708,140,26.7931946292597
3.57841168084476,3.73507964932021,281.619303513324,140.5,26.7948949129
32.3615983596698,3.78979943424276,281.615111562693,141,26.8102715383896
55.4772194720371,3.83170032919114,281.612252950063,141.5,26.8366315598429
40.0576727503288,3.80488532205013,281.608116961903,142,26.8556649779399
-30.8575104228228,3.67004826810507,281.613727527237,142.5,26.8410030203926
29.0907119938687,3.78484031057923,281.610066227689,143,26.8548254830096
-6.77525984794756,3.71667789714861,281.609451074583,143.5,26.8516062157745
-39.7318687905321,3.65294767997597,281.618623833176,144,26.8327276035501
-19.0518191076326,3.69227196948681,281.621605306244,144.5,26.8236751246194
18.7266708943371,3.76503462375489,281.618093420352,145,26.8325731092557
12.6369132375487,3.7536806652569,281.614715666113,145.5,26.8385775432777
-69.628102899449,3.59689287439865,281.637229217565,146,26.8054937243039
-0.657858025749637,3.7274334676945,281.636614358036,146.5,26.8051811428184
10.0363197885392,3.74812985894342,281.633608297949,147,26.8099499038965
-23.3638954453247,3.6835231144816,281.637223820835,147.5,26.7988485402912
-41.3564192453684,3.64864292362306,281.64737257981,148,26.7791980223144
-22.1468086967683,3.68515458200582,281.651294222403,148.5,26.76867495793
-35.8394133481021,3.65847131267964,281.659457342617,149,26.7516458473559
-9.31329733393682,3.70957104761847,281.660049422056,149.5,26.7472206306659
-12.8618481764209,3.702619641846,281.661133092627,150,26.7411093187241
-14.9691846107249,3.69843027519286,281.662775126031,150.5,26.7339967050922
17.7525188236782,3.7616820220277,281.659107246151,151,26.7424318210099
-12.7691831564338,3.70291450424954,281.659876087376,151.5,26.7363645388868
-20.7998961147935,3.68717171881602,281.663051761075,152,26.7264814605164
-44.4236166007698,3.64143039985025,281.674549146507,152.5,26.705373562576
-25.2065115268027,3.67790619880237,281.679502578568,153,26.6933966792547
-23.7765495941278,3.68045649460029,281.68377528794,153.5,26.6820992428772
-49.3820119049749,3.63099519572136,281.697579421465,154,26.658635361565
3.06628796499298,3.73213044322944,281.6959760638,154.5,26.6600923094313
-60.9433951076097,3.6088645245718,281.714930961379,155,26.6311350325929
-2.33118951030584,3.7211282822028,281.714421057238,155.5,26.6300273670306
-13.4617803046962,3.69944632286267,281.71558689674,156,26.623630997115
-23.1022924959045,3.68053911416942,281.719542225612,156.5,26.6126539342483
0.0554154019267248,3.72565582520992,281.718044380399,157,26.6126802648971
-18.5372333015033,3.68939612586434,281.720503753901,157.5,26.6038722916035
-35.7246743330786,3.65582030345126,281.728774037198,158,26.5868976993151
-6.49725493820011,3.71250665219754,281.728708620592,158.5,26.5838105262162
-29.5278184183891,3.66750168443179,281.734655241227,159,26.569780372319
17.3812993560973,3.75861563331384,281.730937599224,159.5,26.5780391031688
0.881924388235856,3.7270315959022,281.72883023564,160,26.5784581498697
13.79758067671,3.75213866361217,281.725122242519,160.5,26.5850140754569
7.04566826369873,3.73935253273037,281.722100972478,161,26.5883618273513
10.3372199761401,3.74586398240394,281.718732512794,161.5,26.5932735612653
-1.07643927029445,3.72390969483131,281.71702478939,162,26.5927620907459
3.5766153405349,3.73300919756327,281.714658800777,162.5,26.5944615208544
2.22220364267395,3.73047786373531,281.712461812688,163,26.5955174017413
-18.496661882129,3.69011909760423,281.714764349948,163.5,26.5867287059726
-6.71052255654526,3.71298014421861,281.714457400382,164,26.5835401986856
16.2830781558063,3.75750084978958,281.710651662001,164.5,26.5912771093238
-43.1159901394665,3.64256332784479,281.721158622252,165,26.5707905305826
-8.40787520904681,3.70942944565501,281.721531813785,165.5,26.5667955255518
-12.0954374761609,3.70218638918277,281.722322119255,166,26.561048373939
19.8488401984213,3.7640007675244,281.718272896032,166.5,26.5704795577372
-1.23542040118425,3.72363917070822,281.716501820387,167,26.5698925472744
37.4806718748222,3.79720952821347,281.712056902353,167.5,26.5877015024475
-3.77081190121733,3.71923987832929,281.710612054666,168,26.585909799771
13.1541956973373,3.75199559716941,281.707094287619,168.5,26.5921600207461
-10.1235601805912,3.70702963571472,281.707158792178,169,26.5873498073633
-5.97051287098092,3.71504251663266,281.706576179985,169.5,26.5845129159533
-28.3187727579054,3.67144812788438,281.711839698232,170,26.5710572405512
-0.989622206114,3.72441860216908,281.710532484404,170.5,26.5705870211921
30.2336683291894,3.78410822566225,281.706065380941,171,26.5849525599367
-6.58174373475253,3.71396965625265,281.705229946583,171.5,26.5818252419547
-9.53626493369201,3.70815569689933,281.705361124723,172,26.5772940821268
9.30386758449134,3.74468252911471,281.702331700187,172.5,26.5817148182678
-37.0955083584399,3.65469699186076,281.710456957744,173,26.5640888736827
17.0920875919164,3.75937062032889,281.706969603586,173.5,26.5722101854552
-66.0741018213324,3.59988180617522,281.727923708129,174,26.5408150514147
-7.80394911171743,3.71068299414793,281.728470772834,174.5,26.5371070020935
1.60182411639445,3.72900792895967,281.726452191907,175,26.5378681094179
-4.84575348955477,3.71652734136846,281.72550429989,175.5,26.5355656478461
-9.5990565651951,3.70724303995963,281.725628310021,176,26.5310046525511
-18.5229696691879,3.68974061589489,281.728033365132,176.5,26.5222034566277
-2.85680645189168,3.72019428637105,281.726922339673,177,26.5208460439802
21.0195319757806,3.76625807395163,281.722702455665,177.5,26.5308334824116
1.84739399557418,3.72969456220611,281.720375713705,178,26.5317112723553
26.5078312828379,3.77694694098664,281.715925725752,178.5,26.5443064782424
-36.284431028674,3.6559394554602,281.723574810715,179,26.527065917352
-7.83109982427559,3.71085315344529,281.723670510548,179.5,26.5233449673596
-34.9658103020613,3.65797252358472,281.731248958133,180,26.5067309495976
-5.96835305544829,3.71407547934957,281.730945746447,180.5,26.5038950844249
2.22969815476408,3.73005295521145,281.728796279162,181,26.5049545263319
-31.1067552364045,3.66511280083332,281.734937710392,181.5,26.4901741400188
8.10839537914898,3.7412318690549,281.732222514404,182,26.4940268470971
-13.9670585643834,3.69836046828439,281.73324246629,182.5,26.4873903940286
19.1037299116994,3.76238233248418,281.7292403545,183,26.4964675383971
-19.3451731932043,3.68803912563436,281.731557695968,183.5,26.4872756721637
-41.8964789196808,3.64414396341546,281.741944451008,184,26.4673685446318
-25.1841615076972,3.67596519927857,281.746738123919,184.5,26.4554022809304
-38.438456050059,3.65000717928565,281.755965431447,185,26.4371382342504
27.2594784653183,3.77692041237812,281.751739744115,185.5,26.4500905855757
-54.6517435594632,3.6191532666264,281.767261471371,186,26.4241227893091
-34.451101893417,3.65708361620054,281.775446376951,186.5,26.4077533354387
-57.0102884004187,3.61358494257259,281.793010987596,187,26.3806648757143
-25.422661990412,3.6736459365613,281.798236937572,187.5,26.3685852884198
-57.6955200009124,3.61133138738149,281.816186465512,188,26.3411712406456
-0.528114721769017,3.72173556592157,281.815088782722,188.5,26.3409203067392
-7.50738939921268,3.70816379244933,281.814669367759,189,26.3373531678757
-23.3355879404578,3.67707918348306,281.818553619195,189.5,26.3262652545918
-27.1365091387755,3.66944877608174,281.823861950698,190,26.3133713321877
-37.3376435743243,3.64932879705902,281.832923205003,190.5,26.2956303369648
-15.7027300296795,3.69132750796648,281.834989472797,191,26.2881691789544
-60.7829363111434,3.6040602736322,281.854509556742,191.5,26.2592881441728
-2.79387718343297,3.71606682403283,281.853850808066,192,26.2579606323906
-9.57753291783506,3.70281696541281,281.85390645234,192.5,26.2534098640647
-19.2790580129032,3.6837040572445,281.856607800358,193,26.2442494124837
5.79490127348979,3.73292875868382,281.853799512851,193.5,26.2470028619778
13.0396759298403,3.74719104238281,281.849746986416,194,26.2531986688428
-22.1943578662408,3.6783707756477,281.8530019115,194.5,26.2426530114529
-7.65687945570795,3.7068237642071,281.852770202702,195,26.2390148423334
-11.3263600529647,3.69960872221201,281.853233581013,195.5,26.2336331181441
-17.286798402224,3.68782768322019,281.855307910271,196,26.2254192894577
13.0212742510872,3.74712777666592,281.851494705692,196.5,26.2316063527582
37.2048015404918,3.79302983767763,281.846238504142,197,26.2492842280394
-1.44832260106588,3.71971006147277,281.844097695999,197.5,26.2485960570172
-28.1397842661067,3.6673506007162,281.849278477934,198,26.2352254280634
-33.5412122193381,3.6565052789168,281.856714177468,198.5,26.2192883086099
-4.06092839533794,3.71403390734949,281.855807319735,199,26.2173587569734
-18.0401206070334,3.68656193296753,281.85795336198,199.5,26.2087869869614
-21.8142642572937,3.67899771768466,281.861374740333,200,26.198421931191
-5.69632881021885,3.7105558832706,281.860661674615,200.5,26.1957153184395
-28.202145270582,3.666303162822,281.865999427096,201,26.1823150586313
1.60352987930886,3.72467185642162,281.863934067844,201.5,26.1830769764495
-42.892793979553,3.63758345713284,281.874756282469,202,26.1626964494466
-47.9196189315443,3.62739284287944,281.888401257239,202.5,26.1399274246993
-20.6296655191586,3.68004631874553,281.891949215859,203,26.1301252314597
-39.230379066843,3.64344990875288,281.90169950022,203.5,26.111484902264
19.3828687321045,3.75797122650676,281.897393869475,204,26.1206946795468
13.6933631290748,3.74735162750592,281.893009844309,204.5,26.1272010861274
-14.1552466764951,3.69300368430435,281.893893944383,205,26.1204752154075
-29.1518959481854,3.66338964560603,281.899662684215,205.5,26.1066236812118
-12.2227055066793,3.69647075319243,281.900540874705,206,26.1008160581471
-13.0096962139805,3.69487334615067,281.901410622432,206.5,26.0946344961552
4.75517071170013,3.72980823984341,281.898552096775,207,26.0968939172864
-13.5519044742967,3.69391930344051,281.899358623591,207.5,26.0904547248381
27.5611813408174,3.7737719960038,281.894266930771,208,26.1035504303969
20.8604812417622,3.76145244779295,281.889192229897,208.5,26.1134622958129
27.4764839242421,3.77428210027682,281.883868763671,209,26.1265177573626
-17.004933450344,3.68827186083515,281.88529317268,209.5,26.1184378569129
-20.3934267594145,3.68143655331553,281.888139802171,210,26.1087479126078
17.7452641141712,3.75584049920443,281.883802011652,210.5,26.1171795814476
-25.8841004349694,3.67076003301808,281.887973187682,211,26.1048807415047
-32.7233983195386,3.65709133677802,281.894999974301,211.5,26.0893322066297
-7.31590830400543,3.70668999545453,281.894680033436,212,26.0858560500797
19.999850385501,3.75986867999125,281.889983499458,212.5,26.0953589864244
-13.7722258267595,3.69429081214132,281.890621880402,213,26.0888151082036
-25.4570995901895,3.67118402492644,281.895008894099,213.5,26.0767191578708
-39.0302059771268,3.64440823728045,281.904469459473,214,26.058173940993
24.0185487428019,3.76713430282269,281.899849344002,214.5,26.069586363356
-2.78432065476105,3.7155671949959,281.897941801156,215,26.0682633923619
-15.1851543806053,3.69117223969709,281.89917015795,215.5,26.0610481606136
0.791202723358944,3.72251296397735,281.896977021876,216,26.0614241008817
9.19209604940641,3.7390013262761,281.89330776965,216.5,26.0657917287363
-17.7442190174097,3.68628968500617,281.895102966112,217,26.0573605564746
2.46758380073195,3.7259073330736,281.892651966078,217.5,26.0585330298347
-26.355030749032,3.6692958330793,281.897137404996,218,26.046010427178
29.1480597307702,3.7770350588763,281.892195054437,218.5,26.0598601385936
3.6656392347577,3.7285146469799,281.889093891119,219,26.0616018684385
-29.3508520743869,3.66373172647274,281.894520734072,219.5,26.0476558001655
-11.5453433178561,3.69841707208053,281.895116498744,220,26.0421700259965
-1.07407521874031,3.71895390288908,281.893224104262,220.5,26.0416596787571
23.5114259890132,3.76658211074679,281.888257519179,221,26.0528311415551
-6.83664356095161,3.7080297122736,281.887188458742,221.5,26.0495827078259
-1.44775542847607,3.71858581364647,281.885316369174,222,26.0488948062959
1.74432940557677,3.72487589344663,281.882818766116,222.5,26.0497236250614
22.4586923618081,3.76496338065269,281.877943126022,223,26.0603948810851
-30.6040528789578,3.66175051383459,281.883570891877,223.5,26.045853353984
-13.5939267340794,3.69478391048783,281.884679933479,224,26.0393941946433
-19.0117430551554,3.68399685462837,281.887058728465,224.5,26.0303607578639
2.54403057117373,3.7262184922778,281.884619998915,225,26.0315695549354
18.2004281454621,3.75665046163293,281.880013973768,225.5,26.0402174951339
-8.93587534012098,3.70404303621704,281.87946494743,226,26.0359716106446
10.2433511166208,3.7415125442385,281.875811361551,226.5,26.0408387427351
-18.1658483298523,3.68598652096552,281.877677396147,227,26.0322072331489
-5.71601588211099,3.71030798725994,281.876801689331,227.5,26.0294912660778
-14.5447202302145,3.69290678315185,281.877871772669,228,26.0225803368541
18.9254503558372,3.75809750587847,281.873409435048,228.5,26.0315727716253
1.4604590384714,3.72452970054058,281.870792382606,229,26.0322667092803
12.0885648884327,3.74526899697233,281.866842163413,229.5,26.0380105953804
-34.9703535852597,3.65331470051789,281.874124648671,230,26.0213944188758
-21.0962469906106,3.68003037207322,281.877375152612,230.5,26.0113705292766
7.39625651978888,3.73578308632036,281.874237352604,231,26.0148848633112
-25.4352721649528,3.67144845486987,281.878336979886,231.5,26.0027992842876
-47.9182026162038,3.62748000231727,281.891415840677,232,25.980030932503
-11.8870554628214,3.69729503016647,281.892383827978,232.5,25.9743827936814
24.6677763241157,3.76833735612152,281.887448384232,233,25.9861036967709
-22.2171443067062,3.6772677319241,281.890403803625,233.5,25.9755472123954
-4.62564188811431,3.71171657409215,281.889346036165,234,25.9733493369329
-16.2151259269265,3.68887859716995,281.890868809213,234.5,25.9656447138214
-50.1965347856161,3.62247032395655,281.904925915561,235,25.9417938116597
-8.40687588862494,3.7035884824335,281.905089261781,235.5,25.9377992814564
11.9713499809741,3.74352621276103,281.901136230686,236,25.9434874728496
-22.424248173216,3.67614959282352,281.904302404537,236.5,25.9328325829949
-44.9297925587049,3.63196630562156,281.916183245688,237,25.91148417536
-23.2717258588182,3.67374705658836,281.920358174143,237.5,25.900426606168
0.54231010724968,3.72058890324592,281.918281653295,238,25.900684285017
-17.9878189553832,3.68409496624432,281.920285117149,238.5,25.8921373661542
0.469285193660179,3.72042008063224,281.918151570054,239,25.8923603471884
-56.6183451493431,3.60886065915858,281.935219855445,239.5,25.8654581194453
4.06319418518203,3.72697870197054,281.932958983174,240,25.8673887476727
-14.4130038932468,3.69065459521822,281.93393721117,240.5,25.8605404035154
-48.0788135274906,3.62455899110862,281.947246501091,241,25.8376957373967
-13.5774808464677,3.69170471339731,281.948674363105,241.5,25.8312443923257
3.95054490539806,3.72629932952501,281.945830245264,242,25.8331214952059
22.1817326682131,3.76180348183618,281.940656646438,242.5,25.8436611537283
37.997325167079,3.79178169523751,281.934972240764,243,25.8617155969052
37.6804349346673,3.79166464195272,281.92926843691,243.5,25.8796194695705
18.8625176164557,3.75675046454754,281.924197015692,244,25.8885820018272
15.5186744729183,3.75057298516197,281.91958203024,244.5,25.8959557057714
9.86346054947179,3.73984134396659,281.915635790918,245,25.9006423327178
-5.43688248876891,3.71003927949935,281.914305277112,245.5,25.8980589959823
-12.8625305715451,3.69536632208077,281.914842541776,246,25.8919473598002
-33.1096267952501,3.65543384726356,281.921698740058,246.5,25.8762153083214
0.182184186519848,3.72056375108125,281.919756271355,247,25.8763018732053
15.3455100561613,3.75014708883693,281.915321115574,247.5,25.8835932980125
-21.395534193589,3.67834096793433,281.918017069765,248,25.8734272019876
13.1120823932747,3.74585178727349,281.914055245106,248.5,25.8796574128106
-40.2551799264848,3.64143584698759,281.923376110888,249,25.8605301491055
-15.1111393361382,3.69024842195003,281.924964680076,249.5,25.853350085633
-21.8153770119555,3.67688637155732,281.928158284334,250,25.8429845011369
-30.5960735700621,3.6593903989916,281.934341978316,250.5,25.8284467654073
-1.18859920062286,3.71708655478203,281.932619937045,251,25.8278820020554
-18.7739719351499,3.68241556735952,281.93478242279,251.5,25.818961542312
29.2459411615776,3.77575569924025,281.929592781018,252,25.8328577621258
-8.50157334270683,3.70300919009154,281.928778603393,252.5,25.8288182363919
5.4042337605323,3.73031453844347,281.925652040167,253,25.831386060072
-56.7803113074667,3.60892207082354,281.942487166625,253.5,25.8044068740487
-2.64488836604075,3.71399550939538,281.941400454591,254,25.8031501543585
-4.25553939482114,3.71086715105824,281.939945920246,254.5,25.8011281332332
10.366079689904,3.7395644876171,281.936045767907,255,25.806053579851
0.202585896009897,3.71986762888194,281.933587513141,255.5,25.8061498386148
16.8146436513946,3.75228631173103,281.928959183333,256,25.8141393227959
19.6073917510269,3.75788795856256,281.923973454306,256.5,25.8234557822745
-30.659259872329,3.65967731383788,281.929625795662,257,25.80888802355
-27.2286858775154,3.66603645218575,281.934704406162,257.5,25.7959503033343
9.10045803556095,3.73728760822646,281.931248751104,258,25.8002743893525
-41.9586516477302,3.63714354407852,281.941378929854,258.5,25.7803377204259
-14.485852224342,3.69058103580887,281.942833770536,259,25.773454762357
-19.7835650914098,3.67999361190213,281.945429809214,259.5,25.7640545940501
5.11075961327384,3.72896365986327,281.942441668671,260,25.7664829733801
-35.6602582726292,3.64872417505036,281.950192769062,260.5,25.7495389884067
9.22122563112842,3.73678152330389,281.946788714407,261,25.7539204571929
8.48636748743069,3.73553333274063,281.942985399722,261.5,25.757952757859
-6.66973846885927,3.70590965800566,281.94192422042,262,25.7547836291464
-22.8028980843929,3.67398553199249,281.945326237556,262.5,25.7439488236456
-40.2233398477312,3.63955783916744,281.955212776121,263,25.7248366887657
-1.48610303676513,3.71549031501151,281.953644642728,263.5,25.7241305663554
-50.9760844760232,3.61833586018368,281.968020633797,264,25.6999092608685
-41.7198770860947,3.63558371126943,281.979070687396,264.5,25.6800860457636
-32.8526331431455,3.65246427673133,281.986532261216,265,25.6644761049141
-11.1162580853917,3.69521034382906,281.987044795141,265.5,25.6591942107529
1.2330748056618,3.71966522898201,281.984557011169,266,25.6597801067051
14.5813854246103,3.74592185992586,281.979959732389,266.5,25.6667084574096
-8.51397570084188,3.7007769721494,281.979247127289,267,25.6626630386907
-44.2938205222432,3.63019250710394,281.990785078163,267.5,25.6416168134053
-18.9288813402266,3.67959325853095,281.993578974821,268,25.6326227484005
-0.575544814658766,3.71589277312557,281.99150614939,268.5,25.6323492780679
8.75703031339075,3.73435416558928,281.987645941445,269,25.6365101842763
-20.4626270731655,3.67673928117831,281.990215922834,269.5,25.6267873594164
-8.54530735962192,3.70023257787745,281.989879859456,270,25.6227270534482
11.2565915378733,3.73925907879678,281.985767190218,270.5,25.6280756271015
-3.21790912564781,3.71101308892253,281.983889410721,271,25.6265466363844
-6.45041478561576,3.70464864444353,281.98285641622,271.5,25.6234817194013
-17.900356996222,3.68191885392693,281.984807158637,272,25.6149763581209
-13.2612635480093,3.6909795609328,281.985617323161,272.5,25.6086752638168
9.32969659115239,3.73553326392313,281.981824933181,273,25.61310827262
-17.1691031805733,3.68334312428441,281.983399915129,273.5,25.6049503668619
-10.4616167961857,3.69651897438466,281.983481362686,274,25.5999795257525
-15.7382204860638,3.68598548028478,281.984876623398,274.5,25.5925015044386
1.66874706795369,3.72038229663997,281.982339951214,275,25.5932944102282
-4.7339583380014,3.70782121348457,281.980884497402,275.5,25.5910450681643
0.015417331686967,3.71723697372906,281.978533889173,276,25.5910523937152
-8.91184306052659,3.69962906575729,281.978045373813,276.5,25.5868179281724
-14.0003122849631,3.68948413758383,281.978944846776,277,25.5801656745862
-9.65201178860263,3.69801747771836,281.978797708509,277.5,25.5755795175971
-40.9372467497381,3.63613382570355,281.988928156365,278,25.5561281695874
-13.2980831779415,3.69027943723152,281.990077848984,278.5,25.5498095804224
31.9979198683308,3.77845777722555,281.984481612208,279,25.5650134039417
8.33890524713322,3.73349214411391,281.980405854148,279.5,25.5689756378695
4.77179233240692,3.72665620095516,281.977081494188,280,25.5712429567699
7.2558447208415,3.73164667464133,281.973415403114,280.5,25.5746905740861
6.62263206882049,3.73054627348306,281.969829122533,281,25.5778373201752
13.3904156275648,3.74387898758595,281.965371006358,281.5,25.5841997811379
7.57547672181326,3.73274534777048,281.961610625283,282,25.5877992717181
35.4443874465729,3.7860969629882,281.956029536696,282.5,25.6046406855883
-34.8247640468337,3.64970858876979,281.963051838789,283,25.5880936860069
-14.1339820814016,3.6900993711052,281.964243501666,283.5,25.5813779191672
-8.86045127251855,3.70041703974969,281.963872895406,284,25.5771678724516
-22.4836705676109,3.67335414977217,281.967167504471,284.5,25.5664847480241
-47.1139454393536,3.62480995639988,281.979970460741,285,25.5440985393361
33.7700306189728,3.78222427716217,281.974856726961,285.5,25.5601443819372
4.60281097828859,3.7266912981755,281.971354583524,286,25.5623314092844
-31.0553615956824,3.65627968464229,281.977355556131,286.5,25.5475754426788
-31.0619468494353,3.6558924819859,281.983826572662,287,25.5328163470874
3.22361216601513,3.72345696291012,281.981193182845,287.5,25.5343480476063
-14.9859686702285,3.68750365833801,281.982196378841,288,25.5272274590222
-39.3772078067787,3.63919830845283,281.991686265585,288.5,25.5085173640961
-13.3085542190744,3.69027849897817,281.992779113034,289,25.5021937996121
-31.5267861993624,3.65405528768327,281.99929283493,289.5,25.4872138354308
9.70568696464969,3.73541644743283,281.995630596649,290,25.4918254961997
23.556780201902,3.76240017483648,281.990141056475,290.5,25.5030185090688
-64.6201305091173,3.59035212198178,282.011083061412,291,25.4723142300377
-0.0861511942594877,3.71598423594083,282.009492078188,291.5,25.4722732952658
1.60598224557709,3.71942206927923,282.00673400425,292,25.4730363783267
-22.784605669353,3.67108412137459,282.010060008683,292.5,25.4622102644738
13.3823545680051,3.74243657586031,282.005784596982,293,25.468568895221
-20.159307456423,3.67635419207475,282.008165934736,293.5,25.4589901927898
-50.1889440295771,3.61712950638222,282.022494817045,294,25.4351428973786
-37.0183056109733,3.64217693833419,282.031662798668,294.5,25.4175536357077
9.62602926756665,3.73432050540309,282.028003450148,295,25.4221274470922
3.63838547364802,3.72275569519987,282.024752308686,295.5,25.4238562273024
8.53632594961355,3.73252861265857,282.02078231387,296,25.4279122657504
-1.59345376732152,3.71272767442648,282.018521230728,296.5,25.4271551356006
11.83643845843,3.73921946549877,282.014173304127,297,25.4327792237337
-47.6461924028033,3.62199184295045,282.026913219197,297.5,25.4101401177032
-13.6076514555223,3.68858163345389,282.028159611662,298,25.4036744370561
-23.0530311384023,3.66968505001492,282.031755724767,298.5,25.3927207807417
-9.46658431752552,3.69654407089675,282.031609608365,299,25.3882227296845
17.096391854307,3.74887969082861,282.026705769823,299.5,25.3963460866289
-21.0025133225181,3.67385386597763,282.029305599445,300,25.3863667346169
-2.99340290252994,3.70951752478677,282.027643094755,300.5,25.3849444181151
-50.4123819511849,3.61582160163227,282.041913029338,301,25.3609909560925
-30.3883389594369,3.65444233874403,282.048565491968,301.5,25.3465519255404
12.5623339560464,3.7394434684925,282.044373199317,302,25.3525209231891
-27.0463374062324,3.66106435277273,282.049035502715,302.5,25.3396698459172
12.2071576777434,3.73876370187367,282.044842903921,303,25.3454700814253
-17.4721631338757,3.68014299943538,282.046441161732,303.5,25.3371681766177
1.1600385257729,3.71711999730736,282.043882629914,304,25.3377193693544
-43.5486189216747,3.62848550269167,282.055065062567,304.5,25.3170272268866
5.11928334809169,3.7246082966822,282.052129454308,305,25.3194596562723
-8.45774140530944,3.69779804827174,282.051389176667,305.5,25.3154409572997
25.8393976671875,3.76500420520501,282.045733538433,306,25.327718556706
-20.4232624309429,3.67434624739148,282.048054824466,306.5,25.3180144359705
-15.2382556155327,3.68449145101998,282.049347206879,307,25.3107739731506
-34.5534321309635,3.64596030300639,282.057024052991,307.5,25.2943558970299
30.7505123019085,3.77410091444346,282.05144707956,308,25.3089670143803
-12.1092901985024,3.69076120021326,282.051361774852,308.5,25.3032132806413
-38.1949426646478,3.63884938074935,282.060400974113,309,25.285064939437
3.97411770532423,3.72226769248676,282.057564369216,309.5,25.2869532429419
-8.06131080796957,3.6984885069017,282.056713299973,310,25.283122908115
-18.0669586113935,3.67849556665147,282.058671859264,310.5,25.2745383860152
6.41212544405447,3.72706236280244,282.055172786928,311,25.2775851098034
12.7449938089489,3.73964868851175,282.050521788562,311.5,25.2836408983491
-22.7782844570108,3.66938335611223,282.053684578457,312,25.2728177880225
-6.55934542782946,3.70151030697443,282.052778232421,312.5,25.2697011126044
-11.9632854622764,3.69072560642392,282.053014086274,313,25.2640167530701
-30.1621200206391,3.65437530367723,282.058995267695,313.5,25.2496852105309
-2.91840369954121,3.70838583239385,282.057384836252,314,25.2482985299283
24.7706623885273,3.76261334617877,282.051711163377,314.5,25.2600683193696
-35.2405300368449,3.64449578197653,282.059179865179,315,25.2433237684235
19.309842721747,3.75213814915627,282.054291624033,315.5,25.2524988473703
-5.68397329124762,3.70327496278241,282.052728415173,316,25.2497981053482
-12.3933971337848,3.68989023563417,282.053048372557,316.5,25.2439093780934
-30.6456602738733,3.65343024102003,282.059180997723,317,25.2293480812231
-23.1980657759351,3.66789844695463,282.063013942483,317.5,25.2183255116468
-11.2938056265235,3.69145963632784,282.063283965856,318,25.2129592557054
-6.64873729167628,3.70068387503889,282.06226595084,318.5,25.2098001057099
-16.4995616979746,3.68100170667538,282.063763785925,319,25.2019603328361
7.78719690172332,3.7292252920682,282.060017283545,319.5,25.2056604223385
17.1881891519719,3.74778345570067,282.054835976091,320,25.213827396803
5.10496569983584,3.72438857103858,282.051188647174,320.5,25.2162530231529
-13.5542187596672,3.68739975605967,282.051703398715,321,25.209812731071
-2.71090496873748,3.70891444550446,282.049835113207,321.5,25.2085246435675
-0.606027029764016,3.71313111192302,282.047423290902,322,25.208236689599
-33.073873828894,3.64851243708122,282.054313146095,322.5,25.1925216261555
-8.63625295420522,3.69684325949242,282.054037897515,323,25.1884181073542
-19.1346167338286,3.67583297218272,282.05632772468,323.5,25.1793262871006
-4.1381109676042,3.70562229384823,282.054841009753,324,25.1773600621362
25.8982237106861,3.76443915830571,282.049122654351,324.5,25.1896656127588
-12.4164132422033,3.68953987059751,282.049152252193,325,25.1837659493916
-48.1887457357043,3.61857344395654,282.062494255392,325.5,25.1608690489432
23.4257319091964,3.75950220788812,282.057437311511,326,25.1719997941674
22.7291202805199,3.75850327719472,282.051668600345,326.5,25.1827995441172
-16.2873036998406,3.68191476779828,282.052756060436,327,25.1750606257101
-22.3569953043725,3.66964115520309,282.056082194016,327.5,25.164437691081
8.79222765687949,3.73139698242006,282.052270124419,328,25.1686153213203
-7.80106383942171,3.69866347378693,282.051291320439,328.5,25.1649086429373
-5.02279551593464,3.70416650216193,282.04985079847,329,25.1625220597809
1.98583245466975,3.71809706246733,282.046968728379,329.5,25.1634656288099
-37.1369137222286,3.640319907065,282.055389257383,330,25.1458200104508
16.2191596863034,3.74575866287144,282.050834396621,330.5,25.1535265502045
25.7707911377378,3.76439703258059,282.044971777435,331,25.1657715511927
-36.59711858211,3.64168808573503,282.052891635558,331.5,25.1483824166951
13.6272920432359,3.74093995764076,282.048633035507,332,25.1548574295748
20.5133178074442,3.75450688587113,282.043160447491,332.5,25.1646043401559
-57.7581944146243,3.60063270479046,282.06057853136,333,25.1371605126108
-7.14380760624118,3.6997355529026,282.06026419591,333.5,25.1337661297713
-0.0683405640461814,3.71380687814834,282.057768003521,334,25.1337336577269
-14.7504941369414,3.68459645371991,282.058648879651,334.5,25.1267249549549
-0.129298307969648,3.71363653762121,282.056253722438,335,25.1266635188158
7.0591517673642,3.72792757270181,282.052449185628,335.5,25.1300176774019
-4.29783914386469,3.70556261370175,282.050683753863,336,25.1279755575352
-1.13580948342833,3.71185762239395,282.04838047948,336.5,25.127435877237
-21.1622015432701,3.67195018972051,282.051150750569,337,25.1173806493076
13.0829441685427,3.73974430524434,282.046764462451,337.5,25.1235970150923
-12.4221891471896,3.68942593782046,282.046892530878,338,25.1176946073016
-1.15285091551269,3.71178994310927,282.044691495161,338.5,25.1171468297606
12.5238226691434,3.73881282479472,282.040172745697,339,25.123097528757
-21.6831859214308,3.67110385534449,282.042959796573,339.5,25.1127947549067
-13.8690269877332,3.68646914665389,282.043860186596,340,25.1062048815782
-5.47655419709977,3.70310613333582,282.042601113166,340.5,25.1036026948158
-11.4856937673497,3.69110538584036,282.042695525199,341,25.098145263153
-37.4021564230173,3.63941423695779,282.051400187424,341.5,25.080373614626
5.79065007432794,3.72499925224339,282.048255627434,342,25.0831250441612
-48.3400729106788,3.61764746787496,282.061505880432,342.5,25.0601562405494
-12.2618207226293,3.68864863174633,282.062381375589,343,25.0543300318753
-47.0348941461883,3.6194668729633,282.075352224258,343.5,25.0319813844386
34.296271360916,3.77912559660078,282.069750859629,344,25.0482772705239
-7.21679115851891,3.69871135525212,282.068410804112,344.5,25.0448482095224
20.5444332044521,3.75342884192793,282.063039370704,345,25.054609904596
-14.8580140138982,3.68375538084686,282.063755272365,345.5,25.0475501137145
17.4936004619141,3.74771383276617,282.05876765175,346,25.0558622044764
-22.6904473256568,3.66827225721994,282.06183889567,346.5,25.0450808299954
20.4675200256464,3.75352213431257,282.056683301168,347,25.0548059797435
18.6540807220278,3.75030930306363,282.051278574639,347.5,25.0636694731324
-13.9970072842397,3.68604859625225,282.051749234454,348,25.0570187899186
-1.53083653634414,3.71078281131154,282.049624204974,348.5,25.0562914123693
-4.74396449332876,3.70441766083218,282.048041633909,349,25.0540373158769
18.648318393497,3.75045960798825,282.042902684977,349.5,25.0628980712933
-25.575312248947,3.66312801846694,282.046866062683,350,25.0507459521717
-66.1011832867305,3.58367985882527,282.069276162274,350.5,25.0193379503628
17.0683923636218,3.74668602342718,282.065004043787,351,25.0274480033388
-24.0607280286551,3.66531720054853,282.068533690244,351.5,25.0160155394725
-23.3822215358365,3.66641559584989,282.072308407359,352,25.0049054682185
-0.616916603194474,3.71170670574592,282.070093484075,352.5,25.0046123400651
-19.5006951025816,3.67402058382365,282.072378313621,353,24.9953465775386
11.8537155539275,3.73627390320224,282.068056955428,353.5,25.0009788748902
17.4089360831197,3.74732442875791,282.062788848714,354,25.0092507373411
26.2390071492725,3.76456927956522,282.056853742715,354.5,25.0217182113412
-14.4312416658916,3.6849358326762,282.057366017161,355,25.0148612014995
9.89132174160214,3.73313302067598,282.053298395465,355.5,25.0195610667017
-30.2152540048966,3.65348976982642,282.058951263925,356,25.0052042775301
-1.5225357156901,3.71040180567629,282.057010996017,356.5,25.0044808441188
2.85903638647904,3.71914320553864,282.053909659836,357,25.0058393163206
-38.0136405052251,3.63781340194509,282.062639658002,357.5,24.9877771209047
-6.73604610746103,3.69971379955253,282.061942675863,358,24.9845764860929
17.9568051381674,3.74844814182277,282.056824189278,358.5,24.9931086687289
-22.1124895765874,3.66925178880642,282.059697449532,359,24.9826019110873
-24.0844072263052,3.66507087710284,282.063658524745,359.5,24.9711581960414
13.0670180769748,3.73876761500565,282.059264254202,360,24.9773669945377
-8.67163157275724,3.69589794116695,282.058438940732,360.5,24.9732466655727
-30.6469892039924,3.65193237218856,282.064517178703,361,24.9586847372607
-24.3689018239236,3.66409352551401,282.06871945638,361.5,24.947105844501
0.378298256406339,3.71335752289666,282.066330889313,362,24.9472855930582
-4.99965231899578,3.70271428184404,282.064784319839,362.5,24.9449100064004
-20.293388459676,3.67209917220524,282.067373232496,363,24.9352675953306
-1.68565631407097,3.70915901555466,282.065350392403,363.5,24.9344666551064
3.92485047503808,3.72037412900337,282.062053382731,364,24.9363315492685
-20.9995449092278,3.67068025648339,282.064764920651,364.5,24.9263536076993
-13.2288403624609,3.68604363756508,282.065504773095,365,24.9200679192838
-16.0617653359549,3.68026716595869,282.066947845459,365.5,24.9124361655142
8.38809637943915,3.72892740093457,282.063083966221,366,24.9164217726268
-32.2593762762484,3.64794128124607,282.069646997869,366.5,24.9010937179981
19.569347885999,3.7506588232485,282.064632614404,367,24.9103921009202
-20.4318880743356,3.67156324257735,282.067025914674,367.5,24.9006838817071
-8.45360948260586,3.695377308639,282.066530506402,368,24.8966671460191
8.54987357164642,3.72920193902865,282.062556630831,368.5,24.9007296216247
1.51722913309358,3.71543911848626,282.059597900405,369,24.9014505336113
-30.8830340364237,3.650723715934,282.065698703258,369.5,24.8867764485095
2.71222200673916,3.71758060609188,282.062962036445,370,24.8880651618041
-32.9141477662972,3.64643429432137,282.069837907718,370.5,24.8724259922586
26.3516379702393,3.76353144459767,282.064342332458,371,24.8849469828352
17.7127297529258,3.74725450725223,282.058927201554,371.5,24.8933631929613
-7.6152572675021,3.69743047059106,282.057813391761,372,24.88974480064
1.65895496076134,3.71589080267299,282.054997899985,372.5,24.8905330537062
34.6818635337558,3.77990608472555,282.048978762402,373,24.9070121540557
-33.2831688563889,3.6467037941342,282.055562206099,373.5,24.8911976440021
6.32431600650842,3.72531532723417,282.052255717837,374,24.8942026451033
11.9744804224904,3.736563277546,282.047706259431,374.5,24.8998923239271
8.39090717599333,3.72970557516752,282.043607536108,375,24.9038792665907
-27.3633409727297,3.65857825550224,282.048291015171,375.5,24.8908775649564
-12.3225325188855,3.68832440503974,282.0488436768,376,24.8850225090497
-55.7216145532405,3.60230130167722,282.065773542143,376.5,24.8585463631827
-18.2351463036046,3.6756864050707,282.068424536704,377,24.8498819266384
-32.3376175712074,3.64731430646381,282.075343653615,377.5,24.8345166956294
-11.1215409120098,3.68946212903732,282.075686586224,378,24.8292322913311
-4.48617593361958,3.70271426841193,282.074156427672,378.5,24.8271006831687
9.17947917453126,3.72992836432815,282.070024009811,379,24.8314623161106
-12.8146404141259,3.6862453883309,282.070318311084,379.5,24.8253734349545
-6.66217915644058,3.69849377289111,282.069301584118,380,24.822207898052
22.8399359831344,3.75666139375153,282.063723074386,380.5,24.8330603021241
19.1992606372794,3.74995273308103,282.058201200902,381,24.8421828379524
-5.99175227575677,3.70049223365974,282.056695011276,381.5,24.8393358546314
19.4513372960836,3.75068653069199,282.051452084987,382,24.8485781647778
-43.6582364064775,3.62570120954934,282.062394321666,382.5,24.8278339375212
10.463067113242,3.73294084392801,282.058594866416,383,24.8328054677492
-17.6602133332293,3.67706828512592,282.06020843767,383.5,24.8244142108196
-24.5176454683671,3.66315135802693,282.064285519025,384,24.8127646424619
11.5843555297029,3.73493844624913,282.060076134358,384.5,24.8182689532978
-16.8740114264512,3.67843069675663,282.061463192621,385,24.8102512604964
-29.4754993255109,3.65303540837243,282.067266251717,385.5,24.7962459660357
-49.7533916724555,3.61257093156658,282.081710023804,386,24.7726056234889
28.3550234103851,3.76667738398924,282.076281431728,386.5,24.7860785234021
1.71233216568963,3.71506947008507,282.073083059379,387,24.7868921386671
15.0108645833795,3.74141242926502,282.068135930456,387.5,24.7940245565535
25.0626295267846,3.76109352605405,282.062239039824,388,24.8059330742891
1.70647394578738,3.71575462194271,282.059089222478,388.5,24.8067439060187
21.6152675688176,3.75485877273815,282.053599246283,389,24.8170144084385
-22.5777892801204,3.66758286707731,282.056563930629,389.5,24.8062865634698
17.623652614296,3.74719282265989,282.051684852182,390,24.8146604485603
21.9921354194289,3.75588154474847,282.046063150838,390.5,24.8251100198794
-19.7774895620018,3.67353510793729,282.048142693411,391,24.8157127383627
-39.8396255056501,3.63337696749059,282.057844213714,391.5,24.796782925495
7.37943119322567,3.72701945664456,282.054451374364,392,24.8002892649695
-38.1407094555657,3.6363701451472,282.06321114679,392.5,24.7821666926946
4.75520966437045,3.72155710312114,282.060205145478,393,24.7844261323341
-11.2652975218516,3.68970251666358,282.060109846146,393.5,24.7790734220292
-0.0155000456886345,3.71211333682725,282.057643199169,394,24.7790660571768
-29.1273189997899,3.65390417076956,282.063090298337,394.5,24.7652262007272
-6.72136825532685,3.69846635012027,282.062280338101,395,24.7620325401023
-1.02765039926589,3.70983321760559,282.05996636531,395.5,24.7615442516332
-55.936791772475,3.60076084807145,282.076965637184,396,24.7349658642305
-10.0387985236153,3.69119266528193,282.077354585057,396.5,24.7301959253805
17.7030704591997,3.7462091500948,282.072215766803,397,24.7386075458895
-34.5227669040515,3.64241757448428,282.079550411912,397.5,24.7222040403627
-11.5582841069186,3.68803641909174,282.080015026604,398,24.7167121173731
0.472334426891864,3.71208211498163,282.077432806148,398.5,24.7169365472516
-20.1081745754361,3.67087645456849,282.079926757141,399,24.7073821406277
27.2537910634715,3.76442492027466,282.074179789936,399.5,24.7203317895819
2.56793340671072,3.71658169204729,282.070832185891,400,24.7215519440946
-26.127363502711,3.65917626025327,282.075222629094,400.5,24.7091375176146
-5.44874384679525,3.70039279797137,282.074067568188,401,24.7065485449505
16.9274522188469,3.7447251426123,282.068976715094,401.5,24.7145916301643
-5.27909164972583,3.70101578771987,282.067318333137,402,24.7120832678047
6.33054598730576,3.72414403749353,282.063644303034,402.5,24.7150912290837
18.6945223007352,3.748533159046,282.058312835445,403,24.7239739383037
13.2621871256878,3.73820083996007,282.053473284269,403.5,24.7302754714461
-32.725421783367,3.64671415042224,282.060053982674,404,24.7147259751215
-27.5012373209187,3.65671554199707,282.065322745083,404.5,24.7016587519861
-30.5303039465227,3.65033784635795,282.07164518844,405,24.6871522667177
-49.4983761165499,3.61241600806399,282.085993799716,405.5,24.6636330949071
-59.5634813638091,3.59212259449558,282.105742185093,406,24.635331484597
-3.14395464364859,3.70371550324505,282.10454960703,406.5,24.6338376333794
-2.4367702343266,3.70520620713696,282.102446566439,407,24.6326798010968
21.829942143617,3.75319193623574,282.09675521984,407.5,24.6430523062207
5.07083079205258,3.72062991412374,282.092961055199,408,24.6454617133564
-19.7100917733317,3.67106807199946,282.095261942673,408.5,24.6360964559239
-8.66976218611356,3.6930961947341,282.094774469411,409,24.6319770151986
-22.4790883070541,3.6652740560917,282.098123872376,409.5,24.6212960680339
5.0234030143249,3.72027375101644,282.094795068842,410,24.6236829398434
-34.2187769505268,3.64168091226269,282.102198225788,410.5,24.6074238752561
5.90262196055767,3.72182182875309,282.098862700489,411,24.6102285082746
10.5574768749209,3.73119870102386,282.094351971792,411.5,24.615244897336
5.84808853747324,3.72207159008401,282.090531779759,412,24.6180236187784
-17.5273478117439,3.67535053323813,282.092161256185,412.5,24.6096954929506
-3.81941125996997,3.70275357441962,282.090511724706,413,24.6078806982708
-10.116031577635,3.69012679327099,282.090207943773,413.5,24.6030740621065
-37.8220586779723,3.63446999452425,282.099205687776,414,24.585102896867
12.115831561025,3.73404502973961,282.094988246149,414.5,24.5908597387367
2.05600279491005,3.71431081786142,282.091824538537,415,24.5918366492289
-21.8708913072525,3.66633067316555,282.09485172749,415.5,24.5814446870948
32.1200954014403,3.77280526699109,282.088878071837,416,24.596706562364
-27.9354096632805,3.65446080544416,282.093638801886,416.5,24.5834330420787
-19.7851174174808,3.67050918859347,282.096349194378,417,24.5740321361836
-13.2893795090346,3.68340039701632,282.097072947601,417.5,24.5677176825701
-23.9645750057143,3.66180169006879,282.100977779396,418,24.5563309058484
-27.0336204727834,3.65538128131196,282.106091773508,418.5,24.5434858710322
3.25844913223186,3.71605246455362,282.103121435999,419,24.5450341243486
-28.199563157437,3.65289807024834,282.108337635414,419.5,24.5316350914324
-7.21717104675086,3.69489140761135,282.107616044815,420,24.5282058499269
-20.0204759561631,3.669062696505,282.110210936958,420.5,24.5186931133346
-10.4520709990626,3.6881993398539,282.110206060202,421,24.5137268079143
22.7674167515887,3.75412107262175,282.104486469007,421.5,24.5245447544466
-25.4476457316006,3.65832034518525,282.108533050475,422,24.5124532961182
-75.2678652908569,3.56021482539063,282.136880537021,422.5,24.4766897419477
20.1474880482856,3.74835687005634,282.132187059747,423,24.4862628283828
1.6972704328534,3.71221746329263,282.128951893124,423.5,24.4870692870599
-7.61812470667269,3.69360502115688,282.127937350786,424,24.4834495322738
-7.23152029729429,3.69437530247236,282.126929299847,424.5,24.4800134727165
-35.8154538862584,3.63677932828834,282.135170857316,425,24.4629957464897
50.7645041858827,3.80583937264316,282.129494857279,425.5,24.487116519523
-16.2489544716495,3.6765771255861,282.130347504852,426,24.479395822766
-1.51812772216238,3.7061055121288,282.12811257559,426.5,24.4786744838145
-14.2863922519481,3.68044418635888,282.128853374586,427,24.4718862992257
-60.9157691483608,3.58754070764068,282.148840492719,427.5,24.4429421488721
-5.96709384824097,3.69639450209534,282.148223872767,428,24.4401068820121
-7.93523645114593,3.69244970970588,282.147345055004,428.5,24.4363364514628
-23.2506389346256,3.66149134799349,282.150961310016,429,24.4252889017306
-45.0403740833804,3.61758590182184,282.163404372913,429.5,24.4038879512431
13.2519315329325,3.73417778406461,282.158953503266,430,24.4101846114368
-44.4087564567572,3.61861010673198,282.170700990944,430.5,24.3890837742994
-18.7772759635137,3.66959528780101,282.173384486695,431,24.3801617446458
8.53725889156254,3.72453202836018,282.169252209623,431.5,24.3842182263814
33.0733701116622,3.77243746623605,282.162585440943,432,24.3999330504835
-3.70060831346031,3.70073074287409,282.16029325063,432.5,24.3981747050679
8.14349292515841,3.72447855554771,282.156075148727,433,24.4020440887582
4.68560513570049,3.71776155562472,282.152324945032,433.5,24.4042704557801
-0.0308221061065144,3.70844830306316,282.149507358719,434,24.4042558106449
0.772406314213278,3.71012509816436,282.146581975958,434.5,24.4046228197923
25.0064019142795,3.75792063408683,282.140506487575,435,24.4165046209568
-6.52360068338795,3.69592101104586,282.138935426876,435.5,24.4134049296673
-14.0013284155148,3.68081043498956,282.139597922389,436,24.4067521932663
1.12061627385241,3.71112009010778,282.136773468968,436.5,24.4072846545053
-11.6683537403958,3.68546841511616,282.136730644196,437,24.4017404318884
-32.5210162552336,3.64335553948595,282.143606799777,437.5,24.3862880589265
-11.7413921213003,3.684864274811,282.144004325203,438,24.3807091320957
-5.83828091266354,3.69670166420162,282.142658040326,438.5,24.3779350707499
-14.1868387856769,3.67984744116981,282.143408206087,439,24.3711941890276
-14.0107588471903,3.68009183508002,282.144210857325,439.5,24.3645369717535
6.26315502632469,3.72077308300502,282.140452895726,440,24.3675129121923
-7.21622388495234,3.69387525433641,282.139249141179,440.5,24.3640841207311
-8.94878954317078,3.69035781431017,282.138619034405,441,24.3598321000533
-37.6303526983202,3.63250752147661,282.147566447437,441.5,24.3419520239813
-22.972496693608,3.66152834931087,282.151462345628,442,24.3310366336383
-11.2833930889411,3.68496525121966,282.151651138663,442.5,24.325675325218
-0.787873149864091,3.70610061598731,282.149186810917,443,24.325300966998
3.51451961037253,3.71481347693529,282.145760938763,443.5,24.3269708922972
44.3463384842856,3.79361458125447,282.139323705926,444,24.3480420715118
23.8749211744529,3.7556222507102,282.133010400383,444.5,24.3593862491823
-37.1587733816091,3.63410559285863,282.14129042808,445,24.3417302441979
27.9411568468932,3.76336445083188,282.135511739014,445.5,24.3550064952596
-29.7095693117111,3.64901395143152,282.140892695491,446,24.3408899823579
32.4289025925096,3.77197010443899,282.134862278728,446.5,24.3562985874787
-3.11292716079461,3.70275749905185,282.132463817691,447,24.3548194789812
-23.7033074793373,3.66125932042429,282.136031149155,447.5,24.3435568436217
-40.3289315526358,3.62764777851786,282.146167240157,448,24.324394536804
-19.7788731707206,3.66840470913886,282.148998321896,448.5,24.314996597865
10.8587086655812,3.72979116314904,282.144580199351,449,24.3201561173237
-39.3322808508533,3.62913986200448,282.153965049591,449.5,24.3014673694574
-16.5099184593585,3.67458844505776,282.155802473051,450,24.2936226755646
-32.6082057790591,3.64195057535619,282.162858586282,450.5,24.2781288744681
-30.1194560673782,3.64658074518585,282.169215852341,451,24.2638176037221
-41.7013792863009,3.62300423519036,282.180288572263,451.5,24.2440031778536
3.03709352364405,3.7128568340935,282.177400982725,452,24.2454462539703
-37.9292685973208,3.63021863502777,282.186472283032,452.5,24.2274241478977
-1.99924684173746,3.70248687656586,282.184556917,453,24.2264742050177
-28.7642906756887,3.6483313983039,282.190088163635,453.5,24.2128068416113
-0.00658093196479292,3.70632941673371,282.187614631881,454,24.2128037146791
-8.50035697029444,3.68926394214734,282.18677293772,454.5,24.208764766905
-20.7575751306736,3.66437668036811,282.189587550962,455,24.198901797366
12.2732147344825,3.73083569828856,282.18486608534,455.5,24.2047334199091
11.2504604952385,3.72904812083303,282.179950277331,456,24.2100790803953
24.8976414491853,3.755997717024,282.173620847447,456.5,24.2219092039844
-82.2235613163533,3.54413290356508,282.205774069427,457,24.182840648262
-0.647475871611648,3.70487058245695,282.204201515293,457.5,24.1825329998609
-61.2361120118949,3.58332274272037,282.224511076198,458,24.1534366384767
-35.3975042878031,3.63378045822957,282.233475878478,458.5,24.1366175011569
-35.3535481508752,3.63347846664949,282.242073796971,459,24.1198192496119
-15.7792845293363,3.67286731033045,282.243691981956,459.5,24.1123217167026
-23.7464480049543,3.65656155728181,282.247640829089,460,24.1010385831063
-16.9967761299682,3.67012341138944,282.249471233206,460.5,24.0929625586104
-23.056366129223,3.65767598371176,282.253199389548,461,24.0820073176739
-14.641912371971,3.67465491867668,282.254304754768,461.5,24.0750502075679
-12.7425648799624,3.67846954882974,282.254744800018,462,24.0689955731287
-0.66552907670934,3.70300160145679,282.252106235338,462.5,24.0686793467405
8.8439024459089,3.72226688651488,282.247516029945,463,24.072881530275
-21.6956911619614,3.66055493583122,282.250431304734,463.5,24.062572814555
13.4547248389857,3.73150958471226,282.245389078903,464,24.0689658320634
5.5282418054278,3.71594486282455,282.241237328256,464.5,24.0715925782122
11.8942462877357,3.7288288928405,282.236139667852,465,24.0772441337569
-28.0645810957579,3.64820784973816,282.241185282315,465.5,24.0639092376175
-41.1314922459418,3.62150624440946,282.252015530334,466,24.0443655937881
-2.36338740201878,3.69972409492065,282.250101554963,466.5,24.0432426293855
3.01894995030381,3.71068373982122,282.24656796928,467,24.0446770845766
-34.7953161364132,3.63401926691804,282.254356719092,467.5,24.0281440771807
-36.6948882863773,3.62976645969266,282.263449344242,468,24.0107084873718
-3.06666073871162,3.69779994480927,282.261629075771,468.5,24.0092513623819
10.7530389555089,3.72572393337565,282.256733151217,469,24.0143606728386
10.942246673358,3.7263335789485,282.251681547741,469.5,24.0195598854127
-37.5285101268292,3.62833864296738,282.260494023602,470,24.0017281998764
4.91984722046094,3.71411997658342,282.257005997747,470.5,24.0040658671119
19.7946822313479,3.74385050408429,282.250895602623,471,24.0134713177319
-11.027821926459,3.68231915518247,282.250397632752,471.5,24.0082314440445
-40.2659879791145,3.62291251930283,282.260589153667,472,23.9890990448891
-23.6302445943893,3.6561047011835,282.264723142974,472.5,23.9778711253866
4.95834793894629,3.71402317060259,282.261035358442,473,23.9802270862529
-46.2042874068416,3.61043806941524,282.273805463815,473.5,23.9582731019171
-12.5498747041251,3.67813781466931,282.274547236199,474,23.9523100242866
-6.24378316136095,3.69095023636692,282.273150652553,474.5,23.9493432883966
28.0053882490421,3.75918321053625,282.266426393381,475,23.9626500590329
-25.968731282888,3.65126061844707,282.270567229894,475.5,23.9503110067111
-34.2661313426985,3.63412642099289,282.278484910606,476,23.9340294416667
-0.309003191740949,3.70291687834927,282.275965998698,476.5,23.9338826186853
-35.1644563662216,3.63202573910535,282.28397037558,477,23.9171742141721
37.7203998393892,3.7773356105778,282.277208629608,477.5,23.9350970761766
-23.1434634453859,3.65675755490992,282.280268237122,478,23.924100450918
-2.58849249767641,3.69843266982868,282.278084653718,478.5,23.9228705277456
11.1143046911657,3.72609348482582,282.273081246266,479,23.9281514937508
12.2299204706745,3.72853396977709,282.267794690184,479.5,23.9339625450084
-9.02443893467742,3.68589077773465,282.266786972259,480,23.9296745794942
6.91055841760553,3.71808985030263,282.262556919965,480.5,23.932958133895
21.2894574752116,3.74673174614403,282.256293300796,481,23.9430738275277
19.4328176267333,3.74340790229075,282.250116505157,481.5,23.9523073380464
-25.5699883096399,3.65305170932718,282.254062092678,482,23.9401577485965
-5.87006550190546,3.69281493987668,282.252680557911,482.5,23.9373685847914
8.63259243324046,3.72204104301141,282.248164709333,483,23.9414703642948
-27.0818844956798,3.64985530268337,282.252774946459,483.5,23.9286023968102
5.95993359940603,3.71658145130011,282.248955784325,484,23.9314342614753
-9.75670006981901,3.68494231570175,282.248208998894,484.5,23.9267983618105
-3.8785856853419,3.69681586920514,282.246183884634,485,23.9249554503804
-22.3197113056919,3.65932488076531,282.249301750771,485.5,23.9143502312572
-38.158778251405,3.62697960494681,282.258664911101,486,23.8962190735872
-19.8978518582029,3.66356117094155,282.261470565599,486.5,23.8867646018806
21.5734721017783,3.7468824105272,282.255445780393,487,23.8970152451688
-10.0308078746488,3.68389135528136,282.254638111706,487.5,23.8922491030786
-21.7302024141905,3.65999032671636,282.257656492991,488,23.8819239893243
7.06735325376487,3.71824136371786,282.253569813326,488.5,23.8852820448498
7.71955376744552,3.71971451242014,282.249065677648,489,23.8889499936918
-52.3219961676017,3.59850932928146,282.264580089618,489.5,23.8640891777644
17.0038696878648,3.73777418322314,282.259458710445,490,23.872168572767
9.64795272075236,3.72345463568052,282.254536989111,490.5,23.8767528010885
-18.3025477095774,3.66703409287054,282.256218893084,491,23.8680563387411
1.03616624258295,3.70617997762278,282.253218887856,491.5,23.8685486735164
-20.0128339053716,3.66346451945406,282.25554247172,492,23.8590395680474
23.508988200928,3.75074136906931,282.2493855615,492.5,23.8702098725295
-20.920668867488,3.6618304790402,282.251770019502,493,23.8602694089408
-29.180681988632,3.64479972214832,282.25753553671,493.5,23.8464041970473
5.8435647887353,3.71565059594664,282.253754991274,494,23.8491807690287
-9.671026348407,3.68438086328232,282.253002250953,494.5,23.8445855772645
0.11314997370093,3.70419902325708,282.250100776416,495,23.8446393405166
31.2421070091947,3.76569058878063,282.243293893633,495.5,23.8594840392748
-18.978033271481,3.6659519062821,282.244979033104,496,23.8504666197117
-39.3729848398357,3.62438658241604,282.254771966943,496.5,23.8317585313299
9.13358012176159,3.72227081012328,282.250579122991,497,23.8360983553197
-15.8785203711539,3.67180112943332,282.251537405957,497.5,23.8285536704632
-3.77641778841413,3.69630039493825,282.249564622934,498,23.8267593041474
-27.9710629560685,3.64704864330131,282.25469595183,498.5,23.8134688431868
-39.3008859502867,3.62376791189079,282.264683175843,499,23.7947950126192
-30.5282082810463,3.64103893014446,282.271311810596,499.5,23.7802895231069
11.9596010628669,3.72705125708279,282.266525366132,500,23.7859721319974
