curr_dens,Volts_tot,Temp_tot,t_tot,SOC_tot
-6.19771916608048,3.85029212418696,322,0,58
-6.19771916608048,3.85022728660675,322.00075217529,0.5,57.9970551514345
-17.5050802349568,3.83509920743512,322.00327668821,1,57.9887376060541
-30.9352728070631,3.81709176416867,322.008542511753,1.5,57.974038699681
-22.0100130673568,3.82864792217383,322.012116994257,2,57.9635806337908
1.04365685802292,3.85920095569739,322.012153562363,2.5,57.9640765277349
-6.04063832412375,3.84978936388501,322.012861849584,3,57.9612063161898
-18.7792845770614,3.83277300740447,322.015618724426,3.5,57.9522833321427
13.7988804107378,3.87606233520322,322.014505032266,4,57.9588398752989
-14.4756128579825,3.83851547108551,322.016367922613,4.5,57.9519617824688
-25.2833659064141,3.82400838547809,322.020429422432,5,57.9399483817604
-37.7728724248823,3.80723547386482,322.027407510572,5.5,57.9220005873874
-33.7238270544981,3.81224769462822,322.033565479766,6,57.9059766984271
-21.5438062408893,3.82814270911436,322.037105040445,6.5,57.8957401508838
12.2711024703247,3.87312171504291,322.036037624268,7,57.9015707697838
0.58972114452204,3.85770864851057,322.035794674542,7.5,57.9018509760049
25.4682451374181,3.89088002245719,322.033915783617,8,57.9139522221486
27.1124452258965,3.89332274445137,322.03186682541,8.5,57.9268347105755
-12.0774102546663,3.84141207782393,322.033215736091,9,57.9210961246038
-7.61397357398546,3.84725182268213,322.03418918866,9.5,57.9174783422299
-42.5902730132565,3.80076656949516,322.042181518426,10,57.8972415581766
15.9685558364635,3.87825268508728,322.041062558545,10.5,57.9048290234179
-18.4419799202491,3.83255607471888,322.043546923834,11,57.8960663098039
-8.74903940421814,3.84532438522176,322.044725682233,11.5,57.8919092004789
-2.82977806739184,3.85317236930434,322.045020198627,12,57.8905646303783
-3.17067279193531,3.85272200137961,322.045308593559,12.5,57.8890580840227
-19.5791094349752,3.83083863788268,322.048138254234,13,57.879755062897
3.96486950156373,3.86208474680399,322.047747781836,13.5,57.8816389721144
8.15540939041001,3.86774483360779,322.046777024834,14,57.8855140179177
41.8348721583906,3.91244745731588,322.044890402762,14.5,57.905391872974
-9.23235705996131,3.84507330491803,322.045691815663,15,57.9010051150852
-6.65474382099862,3.84841749899752,322.046473684198,15.5,57.8978431110851
1.66282250351913,3.85945391191992,322.046219261378,16,57.8986332018157
-38.3440732285082,3.80628914715813,322.053009268948,16.5,57.8804140011684
-35.1962646858005,3.81006934778983,322.059428527811,17,57.8636904829203
-12.4794096220274,3.83994531899844,322.061306696657,17.5,57.8577608867998
-18.7968282763419,3.83144857660681,322.064057817923,18,57.8488295668574
14.8204045157909,3.876153429218,322.062714285333,18.5,57.8558714875719
-7.33831122964927,3.84678228970287,322.063388259486,19,57.8523846862634
-2.86546438710195,3.8527125568691,322.063629139076,19.5,57.8510231597948
-26.3471032865322,3.82142727603912,322.067752919501,20,57.8385043238748
6.97536688961785,3.86562767626976,322.067077756334,20.5,57.8418186720452
-22.5494180975886,3.82635906782286,322.070359361067,21,57.8311043076544
2.16357676558607,3.85913080334163,322.070125246919,21.5,57.8321323319588
-1.0566555598896,3.85489295315207,322.070054259407,22,57.8316302616767
-6.35548250710704,3.84784389431972,322.070690267432,22.5,57.8286104518011
5.26950860509075,3.86332673753201,322.069997072503,23,57.8311142607735
22.0509771660673,3.88573945080699,322.068087897341,23.5,57.8415917907704
19.1561740931535,3.88212097839725,322.066211430094,24,57.8506938540113
2.97073536888993,3.86076229448045,322.065579879546,24.5,57.852105400026
5.02087675533318,3.86352466711994,322.064858638547,25,57.8544910714826
4.2192494640553,3.86250595685776,322.064202654025,25.5,57.8564958494338
0.798555617002615,3.85798715204805,322.06391187271,26,57.856875283432
-18.3335769348732,3.83249722381175,322.066406925883,26.5,57.8481640775368
-7.65025709641516,3.84655654983489,322.067357652443,27,57.8445290550337
-11.9279771650459,3.84079351732502,322.068855351192,27.5,57.8388614722501
-41.6576389459757,3.80126000931616,322.07659741733,28,57.8190678296205
6.17686313672806,3.86446966938483,322.076119612989,28.5,57.8220027684359
-39.2300571976144,3.80416874983962,322.083116526296,29,57.8033625921765
-29.852944675228,3.81621071932532,322.088318123792,29.5,57.7891779544175
10.8473060519222,3.87022014422379,322.087284091437,30,57.7943320559201
13.2640721681892,3.87359333765589,322.085743032824,30.5,57.8006344847411
-24.2929756445453,3.82369315809991,322.089282650356,31,57.7890916683338
-32.8555487360593,3.81212073474682,322.095000601093,31.5,57.7734803421393
-38.1159154128825,3.80487587289997,322.102101654926,32,57.7553695507629
-26.4062335851158,3.82006736566508,322.106566000162,32.5,57.7428226190596
-18.8494562315287,3.82993538746016,322.109416456518,33,57.7338662929248
-50.7284098445434,3.78764548232017,322.119903777744,33.5,57.7097626701311
7.48824027236358,3.86457438892505,322.119282991885,34,57.7133207102799
-21.6624764083788,3.82581407872291,322.122372332015,34.5,57.7030277765624
-20.1720165494665,3.8276589384641,322.125414539684,35,57.6934430354009
-20.9842126250402,3.82645394740247,322.128600392818,35.5,57.6834723789722
-5.43492695472048,3.84708116669075,322.129181734213,36,57.6808899714095
-9.22793536268819,3.84203790264722,322.130179867882,36.5,57.6765053144918
6.07958445037063,3.86246466448315,322.129268538415,37,57.6793940313032
28.7672074224923,3.89275637858566,322.126903550115,37.5,57.6930627806029
-33.8864368434519,3.80967484643983,322.13242069026,38,57.676961627541
9.34559998130678,3.86697687962141,322.131419235183,38.5,57.6814021928459
-46.8910914987925,3.79237435126792,322.140462737043,39,57.6591218732906
36.0368076243183,3.90212683556369,322.138467175414,39.5,57.6762447758284
-8.00772293583153,3.8439564354449,322.138936866406,40,57.6724399032989
-29.3176990410441,3.81554052838105,322.143652135311,40.5,57.658509587702
-44.0924013772768,3.79576098235206,322.152255213963,41,57.6375590667982
-21.81004180941,3.82488519230858,322.155774421902,41.5,57.6271960173255
-43.3798188036851,3.79615969000614,322.164173718919,42,57.6065840802965
9.21601848094959,3.86582056449579,322.163192521486,42.5,57.6109630749033
-27.3249529418904,3.81723772263429,322.167372358807,43,57.5979796133562
-13.6402341473897,3.83527211289078,322.169205356279,43.5,57.5914984510309
-36.427042884502,3.80491191505565,322.175711499282,44,57.5741901280642
9.63778400048641,3.86603403352925,322.174589236324,44.5,57.5787695247144
-16.7534582637351,3.83096580418105,322.176638419188,45,57.5708091127931
20.2672697304227,3.88026817729354,322.174582160113,45.5,57.5804391135389
-27.0135557792008,3.8174876605098,322.178566197626,46,57.5676036124694
-5.52255043364847,3.84592508962406,322.179088974638,46.5,57.5649795705781
-29.8403490957458,3.81353114044636,322.183903313179,47,57.5508009176134
-25.6868512655013,3.81881396278606,322.18803824848,47.5,57.5385958006867
0.353262234884852,3.85338166454775,322.187760912078,48,57.5387636533689
29.964909369851,3.89286250529016,322.185192651261,48.5,57.5530014911941
6.0900023194937,3.8614652371364,322.183845825147,49,57.5558951580599
37.4897356078591,3.90320534042514,322.181271010959,49.5,57.5737084198691
-2.31077591342773,3.85074932139562,322.18083894045,50,57.5726104538349
-3.83834783316639,3.8487054295709,322.180876815339,50.5,57.5707866614352
9.139547144982,3.86599411509772,322.179498943288,51,57.5751293206584
-15.1816586756855,3.83367870326194,322.181179010201,51.5,57.5679157498955
8.74088862104498,3.86544884206494,322.179928870328,52,57.5720689863729
-20.0462466245575,3.8271893804697,322.182491607428,52.5,57.5625440048379
-5.61110599568499,3.84625360566846,322.182919451151,53,57.5598778857384
21.8077396597471,3.88274543175326,322.18072075041,53.5,57.5702398413438
-1.12672574566059,3.85245606021819,322.180233692653,54,57.5697044771869
-34.6647604673415,3.80786368720276,322.185999415197,54.5,57.5532335033658
-29.0204706889924,3.81500890963696,322.190794690553,55,57.5394444159308
-29.0541708255522,3.81471613911564,322.195563186284,55.5,57.5256393158635
9.50246834644593,3.86586721165354,322.19432780264,56,57.5301544172304
-21.7629907719744,3.82432684942645,322.197225576853,56.5,57.5198137240756
-39.6766625710721,3.80041769742225,322.20449684348,57,57.500961343107
12.5707552016507,3.86962070268169,322.203083298101,57.5,57.5069343421137
-33.2994441815474,3.80870629779477,322.20847509846,58,57.4911120988332
12.1109457277986,3.86892925981968,322.207023708253,58.5,57.4968666191975
-3.69138602624724,3.84803019448091,322.206883901488,59,57.495112655755
-8.51372555387428,3.8416100527457,322.207552550096,59.5,57.4910673558935
-35.8851906337942,3.80518510929683,322.213722145479,60,57.4740164942251
-35.5833325562337,3.80527204954422,322.220105650233,60.5,57.4571090605345
-9.22544748546235,3.84004822009168,322.221175011134,61,57.4527255857326
15.9456223670071,3.87361404814347,322.219183701931,61.5,57.4603021541274
-36.9327209195452,3.80342933326651,322.225428305702,62,57.4427535580544
2.39295707463721,3.85546886268569,322.224916720509,62.5,57.4438905724979
-32.7336129162577,3.80876834671169,322.230245576823,63,57.4283371841535
3.22214785260997,3.85641335874864,322.229587496685,63.5,57.4298681889033
-10.4972871902643,3.83820108176699,322.230478997982,64,57.424880398993
-7.77807858669246,3.84179075633344,322.231057518823,64.5,57.4211846420613
17.1731234520251,3.87504693381841,322.228949082748,65,57.4293444580529
-46.9790317142671,3.79002098319812,322.237848320202,65.5,57.4070223536715
14.6211611056087,3.87147126558953,322.236259732029,66,57.4139696038056
-14.7693011097186,3.83247775914163,322.237753505378,66.5,57.4069519648935
-32.5977519835389,3.80868369288631,322.243161982143,67,57.3914631309218
0.820878684249703,3.85293336320417,322.242749246407,67.5,57.3918531717337
-21.432575982571,3.82332697262351,322.245593291569,68,57.381669475289
-12.9505113656719,3.83448223068407,322.247069846384,68.5,57.3755160349998
-12.5070396331149,3.8350154736348,322.248392935817,69,57.3695733104692
10.2001024407525,3.86526203151387,322.246799484964,69.5,57.3744198929354
3.68815762473672,3.85673846674043,322.245674144538,70,57.3761723224017
-33.148989060098,3.80777559113322,322.251029695999,70.5,57.3604215679281
7.2383476198491,3.86129207779123,322.249895808563,71,57.3638608714902
-7.07751961269033,3.84232204426717,322.250173598003,71.5,57.3604979854155
5.66994631881255,3.85931330295571,322.248962635138,72,57.3631920625164
-16.7682167768003,3.82949281711175,322.250841788418,72.5,57.3552246380821
49.8907840199692,3.91770324692306,322.248558807727,73,57.3789302626539
-7.22127948795309,3.84263709813785,322.248563102234,73.5,57.375499069021
8.28777053972559,3.86325749708539,322.247104707773,74,57.3794370062735
-49.6713849455761,3.78649177247683,322.256715865471,74.5,57.3558356292535
-23.5405250372722,3.82049660379928,322.260394590679,75,57.3446503400319
3.84810997155009,3.85682529012778,322.259495729033,75.5,57.3464787709153
-11.9149709442407,3.8358951097239,322.260520348021,76,57.3408173680422
-8.90998487222033,3.8398357594432,322.261195501273,76.5,57.3365837854183
-27.7446345148498,3.81473066091047,322.265371472388,77,57.3234009120158
-23.5394430864299,3.82009315934442,322.268837311811,77.5,57.3122161368835
-40.4760618616069,3.79748826293911,322.276278060958,78,57.2929839210448
22.041855263126,3.88034158151849,322.274062268054,78.5,57.3034571167661
-21.0087104386705,3.82326496349995,322.276591608652,79,57.2934748201922
43.9551281002601,3.90935515905607,322.273999432849,79.5,57.3143601156474
19.9556368246238,3.87817068916969,322.271277782687,80,57.3238420439022
0.779554646215708,3.85287648607775,322.270345009306,80.5,57.3242124495821
-2.45906768412533,3.84858976563744,322.269955483779,81,57.323044022658
-4.41357770400373,3.84598555319624,322.269853149055,81.5,57.3209469095713
-23.8142617360292,3.82014219516691,322.273082031266,82,57.3096315542556
-19.1589517435325,3.82612554310395,322.275577501658,82.5,57.3005281712132
-11.7507638631383,3.83584706672645,322.276725787333,83,57.2949447913958
-10.0923258872658,3.83799321402728,322.277540916638,83.5,57.2901494189991
-6.36851984660305,3.84291144068884,322.277775843534,84,57.2871234144267
16.579589618691,3.8734683618272,322.275574718023,84.5,57.2950012125968
-10.6791187702294,3.83736332328496,322.276248501861,85,57.2899270253436
0.0342513729220713,3.85157730371958,322.275629498416,85.5,57.2899432998962
50.8910114311746,3.91877375670605,322.273248214238,86,57.3141241828942
-38.6322521513758,3.800801099052,322.279443155366,86.5,57.2957680539246
-13.3400832099412,3.83395332126389,322.281005912633,87,57.2894295084288
-4.09773613284562,3.8461730180196,322.280926341895,87.5,57.2874824675821
8.17396987489809,3.86252098446166,322.279366295195,88,57.2913663324065
-18.8620951681595,3.82662450524468,322.281492293742,88.5,57.2824040008762
-18.2698418632312,3.82725707685886,322.283740999382,89,57.2737230787239
-27.9457669449814,3.81426273091492,322.287958265406,89.5,57.2604446371724
-31.7550689474372,3.80898257289388,322.293152640795,90,57.2453562043585
-28.595232586533,3.81291113448908,322.297680903997,90.5,57.231769168966
-23.8797667715094,3.81895867485155,322.301169552649,91,57.2204226889083
-22.9583671403309,3.82002438013864,322.304426802612,91.5,57.2095140122278
3.50140895943374,3.85516017986698,322.303457486073,92,57.2111777079964
-6.51723915260156,3.84190563341782,322.303559196609,92.5,57.2080810393905
9.91442033021069,3.8638196577938,322.301795497542,93,57.2127918798957
-12.0013632678473,3.83475762345738,322.302694238179,93.5,57.207089427678
-16.3215699023973,3.82893721889986,322.30452151257,94,57.199334227672
-25.7447996957112,3.81629846998669,322.308257333468,94.5,57.1871015765271
18.0360615615578,3.87442858115443,322.306038436845,95,57.1956714178822
-45.2121947014965,3.79063714301663,322.314301035062,95.5,57.1741888267642
-18.3826124844897,3.82575195553523,322.316838484555,96,57.1654543216093
-31.1640884149229,3.80865959374186,322.321827697218,96.5,57.1506466934151
-2.83747383101573,3.84615252362515,322.321687884416,97,57.1492984666695
22.5924584525022,3.88006202945272,322.318977246241,97.5,57.160033281701
-13.5364254765882,3.83222996761317,322.320012966978,98,57.1536014441042
32.4511713223163,3.89328898056042,322.317135911388,98.5,57.1690206302203
-12.9694043539693,3.8332837262391,322.317989688523,99,57.1628582129207
28.6454049499891,3.88852708656075,322.315205900425,99.5,57.1764690877303
-10.9360159757466,3.83622374236303,322.315738408596,100,57.1712728356745
-39.015584539447,3.7988936652939,322.322467076917,100.5,57.1527345661783
4.2106971925043,3.85598849573295,322.321519810508,101,57.1547352805144
-26.8310515039312,3.81475013896157,322.32524243082,101.5,57.1419864964191
5.28955042805376,3.85730949270914,322.324053272643,102,57.1444998282711
-3.00540235194342,3.84635987782061,322.323578767544,102.5,57.1430718102265
-32.8855390596774,3.80664334452943,322.328736821855,103,57.1274462341186
-37.3250512423786,3.80049068691684,322.335298728906,103.5,57.1097112221468
1.21392574788694,3.85144058476129,322.334656711526,104,57.1102880194171
-12.2402365822965,3.83358381301171,322.335601388912,104.5,57.1044720664553
-22.6237589749115,3.81970426833338,322.33859241232,105,57.093722378969
-14.1647254514484,3.83081044082462,322.340077178747,105.5,57.0869920044056
-19.195457002863,3.82404294942599,322.342410072906,106,57.0778712758757
-17.5026984142679,3.82618127116434,322.344469022532,106.5,57.0695548622183
-7.33093043588555,3.8396480295441,322.344785641444,107,57.0660715678967
-24.4329215307813,3.81686953383927,322.348117026196,107.5,57.0544622561495
48.4969160445272,3.91339048618987,322.345456712447,108,57.0775055838346
-41.9154238931584,3.79414780562475,322.352532703388,108.5,57.0575894545916
-16.5506007501688,3.82738053374541,322.354600544563,109,57.0497254304932
-20.8746846129752,3.82152846834837,322.357251136553,109.5,57.0398068163401
-11.967782749328,3.8332584597732,322.358308133536,110,57.0341203199183
-16.7050979246234,3.82690200233233,322.360118483068,110.5,57.02618288643
11.9107651425738,3.86496301075314,322.358116988577,111,57.0318422909148
-8.32670639109775,3.83817174794847,322.358295426441,111.5,57.027885853278
-17.116140594823,3.82643695104123,322.360130721017,112,57.0197531127122
18.4113759517151,3.87365736270795,322.357664799632,112.5,57.0285012848393
-8.93769042223727,3.8374738538702,322.357879864817,113,57.024254537913
32.0989044759542,3.89194836052012,322.35486539172,113.5,57.0395063443061
3.69075934901984,3.85462237855174,322.353307879079,114,57.0412600099826
17.1869093817417,3.87262883477243,322.350791896882,114.5,57.0494263763638
-3.67231470715666,3.84507226377949,322.350239844237,115,57.0476814746657
-13.0369058992629,3.83258721715404,322.351268012496,115.5,57.0414869839818
-1.07481675212585,3.84841896716539,322.350617364843,116,57.0409762844025
-12.6140692654582,3.83307259724149,322.351558144591,116.5,57.0349827047023
-19.7847377368904,3.82344243245308,322.353890551795,117,57.0255819792125
7.37872493143096,3.85946184100077,322.352350161935,117.5,57.0290879831064
12.318127156672,3.86614394995913,322.350152498011,118,57.0349409458036
11.3064515064945,3.86495029102838,322.348010750987,118.5,57.0403132104396
-21.4375287129514,3.821515352019,322.350447167891,119,57.0301271607032
10.3254776766969,3.86360235617687,322.348663618539,119.5,57.0350333152593
-11.4856585686121,3.83470043512949,322.349322605283,120,57.0295759003211
-12.6096873364809,3.83312070140655,322.350346580163,120.5,57.0235844026961
5.32530711165709,3.85691680409193,322.34895825549,121,57.0261147243496
32.7036885444669,3.89326580256193,322.345914632269,121.5,57.0416538941177
3.67698885092114,3.85515011982381,322.344377256512,122,57.043401016737
-9.13964593901372,3.83813975667902,322.344709561449,122.5,57.0390583105718
15.4175789096894,3.8707258707967,322.342457141983,123,57.0463839789215
-25.7772974979935,3.8161313399645,322.34572022306,123.5,57.0341358864338
3.69950135683048,3.85509132710083,322.34463463716,124,57.0358937058786
-17.1323681447234,3.82743200954318,322.34630507641,124.5,57.0277532547865
-30.4502956921722,3.80961990479566,322.350890284537,125,57.0132847854698
2.9455472245161,3.85375989864072,322.349922664776,125.5,57.0146843633284
22.5763583987847,3.87989911731849,322.347150915307,126,57.0254115284133
8.17268696192914,3.86103782767955,322.345225432592,126.5,57.0292947836611
19.3196605469256,3.87592873624077,322.342607319649,127,57.0384745275512
-16.4431791944096,3.82859432967829,322.344019153513,127.5,57.030661544845
-47.1518461512935,3.7878769979994,322.352839977259,128,57.0082573276196
14.6390262902279,3.86936394104952,322.350970350568,128.5,57.0152130664028
-17.3548415364512,3.82698426406921,322.352589353142,129,57.0069669069959
5.39273830603488,3.8571274417666,322.351230562406,129.5,57.0095292686065
-10.7392312277816,3.83574324705611,322.351790172282,130,57.0044265188968
-31.012398675985,3.80875302071175,322.356434432824,130.5,56.9896909661384
8.06401429123984,3.8604474094185,322.354931181508,131,56.9935225855263
-18.8144851149337,3.82479730626281,322.356873241578,131.5,56.9845828759305
-35.0675159658212,3.80310984366218,322.362576761557,132,56.9679205326846
38.4439900698434,3.90031848595769,322.35982292811,132.5,56.9861872088561
-18.4899655037373,3.82523304580128,322.361477406787,133,56.9774016948742
39.0757565033848,3.90140562652917,322.358620623763,133.5,56.9959685551014
-27.6993690869971,3.81329497683205,322.362100293569,134,56.9828071895837
-19.7893894457968,3.82353028609105,322.364504472392,134.5,56.9734042538327
32.7863747555507,3.89316045203724,322.361632678249,135,56.9889827119847
18.4600549818376,3.87458360369792,322.358852131683,135.5,56.997754013971
0.665146294908492,3.851143285989,322.357709170198,136,56.9980700584803
0.133869190912254,3.85045480608739,322.356763587315,136.5,56.9981336664761
-16.5164476332353,3.82832304103882,322.358292149919,137,56.9902858702439
2.67950879169162,3.85371676519697,322.357198544878,137.5,56.9915590398423
-7.27962542450917,3.84051590813692,322.357220092326,138,56.988100123116
-22.8894660357177,3.81971963666029,322.360026767507,138.5,56.9772241848209
-16.6664991935394,3.82778690786131,322.361802455105,139,56.9693050915341
-28.2380976953457,3.81230265677089,322.365843843784,139.5,56.9558877489179
2.13541802841862,3.85246272377822,322.364907817135,140,56.9569023935879
-27.5828780599042,3.81301250045323,322.368649987713,140.5,56.943796378825
15.8732602128798,3.87058234751134,322.366455461614,141,56.9513385643153
-16.4783779303046,3.82774654872757,322.36787330128,141.5,56.9435088569166
4.60421688488517,3.85569256858112,322.366549777135,142,56.9456965522809
13.4695701229904,3.86756382200367,322.364259972384,142.5,56.9520966235316
15.2244594701367,3.87005394315333,322.361794051174,143,56.9593305311078
28.3980822803029,3.8876405432469,322.358760900262,143.5,56.972823890459
16.5399909980805,3.87224598576468,322.356150308759,144,56.9806828733298
-13.7140624558113,3.83220647489176,322.357051983341,144.5,56.9741666314563
-24.4434619712586,3.81782989555784,322.360195200844,145,56.9625523114149
-9.95319891701002,3.83685234346656,322.360843326466,145.5,56.9578230452498
-11.1256881341271,3.83522454138683,322.361546901727,146,56.9525366703974
-9.56437389613248,3.83722568808656,322.362018249173,146.5,56.9479921545855
-28.4997058812536,3.8120187245011,322.366025874629,147,56.9344505087426
-15.0232599563404,3.8296650144149,322.367561219851,147.5,56.9273122011901
-15.7760551946153,3.82856701122103,322.369105164398,148,56.9198162027003
-12.454026976307,3.8328855002194,322.370087956412,148.5,56.9138986671533
-24.0278978020744,3.81743187225056,322.373197738374,149,56.9024818025813
-1.31478992203523,3.84747666286979,322.372624340799,149.5,56.9018570796612
-39.0689934042887,3.79740280522261,322.379147108755,150,56.883293432923
16.1057147093935,3.87037902631684,322.377017163674,150.5,56.8909460692537
-21.0027353127133,3.82122133568189,322.379279327059,151,56.880966611763
-8.57153926156074,3.83761123463572,322.379681554587,151.5,56.8768938416968
-34.6147886848259,3.803002498926,322.385151595035,152,56.8604466119867
0.730952402530191,3.84970732833463,322.384406416591,152.5,56.8607939242925
-4.49800226737034,3.84281742747419,322.384017975363,153,56.8586566968432
-31.522693602304,3.80690938386654,322.388714323167,153.5,56.8436786772609
-38.979849960787,3.79679980569032,322.395536221754,154,56.825157387063
-8.20590074760187,3.83734332840695,322.39605755713,154.5,56.8212583502726
-6.86487195470643,3.83913599750771,322.396076192775,155,56.8179965038116
6.42091594712119,3.85684971065203,322.39441301483,155.5,56.8210474044106
5.58399522425592,3.85586462189285,322.3927308541,156,56.823700641817
-28.4709731922875,3.81066379534431,322.396632133343,156.5,56.8101726483219
-19.7503698160854,3.82201464544606,322.399031285385,157,56.8007882527625
-20.443858669034,3.8209653659082,322.401488200555,157.5,56.7910743457168
8.64276003397585,3.85958229041964,322.399713431836,158,56.7951809563595
-23.6407444656063,3.81675003637251,322.402558882656,158.5,56.7839480478392
-5.83944306959909,3.84027764213222,322.402546189827,159,56.7811734342942
-25.2912278006114,3.81440075641044,322.405863083511,159.5,56.7691562980038
0.78775901293829,3.84894506677433,322.40497510858,160,56.7695306019916
7.78989898982044,3.85834782525345,322.403088346556,160.5,56.7732319753922
28.1760207693616,3.88550408628787,322.399916066786,161,56.7866198221339
9.15678067224928,3.8606141249485,322.397720889185,161.5,56.790970669874
-16.6384639779672,3.82640627740027,322.399152392063,162,56.7830648975302
-0.274204054610966,3.84805965582859,322.398312767728,162.5,56.7829346093718
-41.7804308377597,3.79303480740069,322.405488353145,163,56.7630826221292
-36.4771847534667,3.79963590223575,322.411726171948,163.5,56.7457504742348
2.10845831421196,3.8506255618715,322.410774423676,164,56.7467523089865
21.592483747175,3.8766024946454,322.407860017793,164.5,56.757011985665
-13.7925870942938,3.82980917886275,322.408695519438,165,56.7504584327804
-28.2456220200466,3.81051837625096,322.412673295531,165.5,56.7370375149785
-40.7871060745466,3.7937151552314,322.419893703352,166,56.7176575063664
-40.3816926343186,3.79389813079261,322.427181267017,166.5,56.6984701301012
19.8374189318267,3.87362306398342,322.424682627651,167,56.7078958870803
-12.4516969464435,3.83092100309432,322.425299940713,167.5,56.7019794586478
-13.0485483992387,3.83007348020361,322.426276982999,168,56.6957794360257
-6.18747606332608,3.83915851741387,322.426165282528,168.5,56.6928394544743
10.8647983480066,3.86187649769111,322.423997157303,169,56.6980018674479
-8.85126252935859,3.83578973808884,322.424082111434,169.5,56.693796186767
-14.0246682103515,3.82886877831202,322.425181015221,170,56.6871323604538
-17.1096761426474,3.82468262191506,322.426883428438,170.5,56.6790026914748
19.2451082465841,3.87295274444254,322.424206809176,171,56.6881470118117
-21.65205706597,3.81879278577614,322.426497241605,171.5,56.6778590288486
3.33925726724957,3.85190012346057,322.425216671538,172,56.6794456781804
-10.5156738794771,3.83353536920255,322.425615362709,172.5,56.6744491518278
-2.44752467384045,3.84423114595263,322.424944720142,173,56.6732862095693
20.9694033520716,3.87537762512143,322.422066894015,173.5,56.6832498293664
0.0579836452961029,3.84784502796894,322.420829541938,174,56.6832773803171
0.21054891219128,3.8480832860383,322.41973311943,174.5,56.683377422711
27.8182237355131,3.88472891358145,322.416615890574,175,56.6965952620591
47.4025276858305,3.91064965532835,322.413532137845,175.5,56.7191185907088
0.00581642355159495,3.8486106681463,322.412152255827,176,56.7191213543846
3.21844590402181,3.85287638077468,322.410726387833,176.5,56.7206506001522
-25.2467289913006,3.81509374934906,322.413786053209,177,56.7086546074876
-27.387406497833,3.81201269219713,322.417575489211,177.5,56.6956414711102
-20.7515578516002,3.82056377007739,322.420037468469,178,56.6857813606835
-0.357158898896492,3.84752715789,322.419190689737,178.5,56.6856116564999
-2.1587716164069,3.84517053492737,322.418394271074,179,56.684585915364
16.1449016578069,3.86950961734646,322.41583554177,179.5,56.6922571713878
-21.0642364609781,3.82024406145132,322.417975376443,180,56.6822484916037
-24.2064425938234,3.81589329886824,322.421071698484,180.5,56.6707467914076
-22.2843780641813,3.81824304656456,322.423820599236,181,56.6601583608872
-4.43076485114336,3.84182280348088,322.423520285606,181.5,56.6580530813212
24.7302832072974,3.88054905090475,322.420519017743,182,56.6698036845795
25.0184042684467,3.88119929228525,322.417324064515,182.5,56.6816911886672
-30.3706389771404,3.80795448943265,322.421347599142,183,56.6672605682683
-30.1296266962844,3.80798634751727,322.425810724259,183.5,56.6529444649442
-23.7304758108066,3.81620347435864,322.428905156504,184,56.6416689205419
9.72087266244812,3.86052114132105,322.426994772886,184.5,56.6462877968008
-7.95349292847323,3.83715401782969,322.426915834611,185,56.6425086916795
34.326307302751,3.89315464494871,322.423759058031,185.5,56.6588188493536
-36.8676335508946,3.79916617700691,322.429274190408,186,56.641301179568
-18.056410397225,3.82372986680342,322.431303027872,186.5,56.6327216694561
48.3887101146725,3.91143552417293,322.4285143126,187,56.6557135830534
-8.72386300599385,3.83653186236722,322.428271471801,187.5,56.6515684363034
-10.4753227242734,3.83413695428196,322.428703173103,188,56.6465910828173
-10.753804993211,3.83369200424569,322.429198425624,188.5,56.6414814083775
38.1689775694837,3.89838846606717,322.426109746622,189,56.6596174122572
-17.4132872716539,3.82517690127245,322.427361056986,189.5,56.6513434823375
1.71869994619116,3.85045649558764,322.426208945866,190,56.6521601232558
-15.5528279314546,3.82753258182399,322.42739438963,190.5,56.6447701912831
8.8458397088266,3.85984520302726,322.42549847552,191,56.6489732953088
-43.5481627317477,3.79051799297946,322.432906007789,191.5,56.6282813695997
-34.8776173558391,3.8015112295388,322.438609201667,192,56.6117092567489
5.96567218444711,3.85546952876795,322.437142198482,192.5,56.6145438481048
-18.3758553016614,3.82320339484537,322.438822234153,193,56.6058125536278
-9.04179632987833,3.83549038900322,322.43911842853,193.5,56.6015163407408
-38.3776708680626,3.7965584142026,322.445385309218,194,56.5832811761626
-13.9119462756821,3.82865938939836,322.446683789889,194.5,56.5766709097186
-28.830570200484,3.80877917114958,322.450720827594,195,56.5629720535714
-18.3265742504165,3.82251027900776,322.4527295216,195.5,56.5542641750042
-14.6381281699488,3.82731726568994,322.453961685299,196,56.5473088629632
7.63522818916947,3.85691300256993,322.452096949633,196.5,56.5509367444753
-11.8491482532661,3.83111736657608,322.452613941407,197,56.5453066172784
2.36704606925456,3.84999638758252,322.451288308196,197.5,56.546431320098
43.418694670249,3.90428272233259,322.44805914291,198,56.5670617290096
-35.4263614234198,3.80037406751623,322.453134560201,198.5,56.5502288802111
-9.1179109161899,3.83495030779831,322.453576902976,199,56.54589650145
10.6947992857338,3.86127022125735,322.451385338639,199.5,56.550978139306
-40.333306440952,3.79370177534501,322.457957677611,200,56.5318137537584
-1.29120253351485,3.84513913927721,322.457337609174,200.5,56.5312002383947
17.5437910763139,3.8702139302838,322.454563994893,201,56.5395361772457
12.6349570351102,3.86391822403995,322.452005779413,201.5,56.5455396817774
-16.654074492165,3.82513390148795,322.453269071568,202,56.5376264920921
-29.627168781544,3.80779364732575,322.457433206418,202.5,56.523549131833
-6.25552448007635,3.8385927527492,322.457380046539,203,56.520576817051
6.62833622594474,3.85573147434693,322.455530839302,203.5,56.5237262734726
-21.1322052368842,3.8189219012867,322.457698238729,204,56.5136852982993
10.9797788582226,3.86147085478181,322.455579929969,204.5,56.5189023443051
5.98361358955519,3.85498615911679,322.453662708829,205,56.5217454605263
-10.7074086373688,3.83288054537081,322.453964943563,205.5,56.5166578313322
-8.41706243833539,3.83586115591023,322.454051716175,206,56.512658460986
-29.7147874546893,3.80753987775326,322.458163814556,206.5,56.4985394686818
31.7131594618555,3.88879178059621,322.455123246441,207,56.513607988188
-37.1200852245581,3.7978880308576,322.460676464197,207.5,56.4959703658958
21.4199743451486,3.8752503909138,322.45801758274,208,56.5061480746678
-34.9787756032444,3.80064496705863,322.46310742852,208.5,56.4895278964382
7.29959026346688,3.85648520935221,322.461445101728,209,56.4929962994651
-8.99022808166815,3.8349367581638,322.461454512328,209.5,56.4887245892504
26.9874385389085,3.88263417451163,322.458326837687,210,56.5015476807036
-12.7940873632283,3.83014270709578,322.458793058756,210.5,56.4954685653373
-26.1345993959682,3.81233497033467,322.462116815228,211,56.4830507007199
0.201321528814912,3.84711988396876,322.461146883483,211.5,56.4831463587192
11.1477693848667,3.86171656895104,322.458824183344,212,56.4884432254861
13.1689229792364,3.86454219950175,322.456267828611,212.5,56.4947004441346
-21.3248577922073,3.81886380650094,322.458375857338,213,56.4845679300281
-46.0812734486142,3.78600683345759,322.466743340291,213.5,56.4626723958203
-11.2342003561286,3.83167945758641,322.467607388576,214,56.4573344613453
33.1209258853203,3.8904382669217,322.464358060012,214.5,56.4730718815909
3.97933398459061,3.85224693639598,322.462474663157,215,56.4749626636128
-8.88753336890029,3.83520636939352,322.462474991341,215.5,56.470739748829
-5.9978533406069,3.83899596396001,322.462158027614,216,56.4678898665848
-20.5223054277031,3.81966772354291,322.464266333598,216.5,56.4581386855326
-29.4427763187504,3.80767855866931,322.46839582312,217,56.4441489394207
0.303044852466975,3.84696518024404,322.467434320184,217.5,56.444292931295
-8.07540000559044,3.8358763011958,322.467348470163,218,56.4404559019807
28.161370340162,3.88391801889723,322.464164721453,218.5,56.4538367875655
-1.22971136491345,3.84527656296238,322.462920070919,219,56.4532524897534
17.3975056399344,3.87002223643978,322.460167940572,219.5,56.461518921025
13.8204609954831,3.86547390655266,322.457526219046,220,56.4680857182041
-16.6102244202535,3.82520129327262,322.458719140648,220.5,56.4601933638967
6.66419362007284,3.85598978771782,322.456957703175,221,56.4633598579724
-12.5618972469298,3.83052474266248,322.457516801382,221.5,56.4573910678262
18.2287324108593,3.87131424076769,322.454835010709,222,56.466052456807
-24.7325040079597,3.81448161191891,322.457564129919,222.5,56.4543007983344
-4.30722501433084,3.84138595768914,322.45715939212,223,56.4522542187678
-32.0115375784638,3.80461480736328,322.461693277265,223.5,56.4370439247885
-36.1118073938222,3.79891442401151,322.467508413825,224,56.4198853860824
-11.6406538657351,3.83104969012106,322.468325305879,224.5,56.4143543250712
1.69434774848989,3.84874521422962,322.467030412234,225,56.4151593950337
-13.3405951819213,3.82881719116434,322.467774542181,225.5,56.4088206062742
-18.288852545924,3.82216234314359,322.469534227637,226,56.400130651189
34.4399670082184,3.89194936761868,322.466346872662,226.5,56.4164948143144
1.02165393866912,3.84811250928378,322.464782311641,227,56.4169802535632
-22.8772038254677,3.81639220902533,322.467278206181,227.5,56.4061101416619
0.977900555975106,3.84791245190843,322.466167527941,228,56.4065747914746
-26.3333659641658,3.81167410367344,322.469395579112,228.5,56.3940624828484
-11.7835931753819,3.83077767837597,322.470124152064,229,56.3884635041711
13.5364161371867,3.86437989896193,322.467690348744,229.5,56.3948953373303
-60.6849764810476,3.76652736164105,322.48024484787,230,56.3660608481984
-3.29514361300045,3.84165216722378,322.480062229551,230.5,56.3644951594858
24.9114343947495,3.87912102752216,322.476887633742,231,56.3763318367982
-20.6003119496013,3.8189836064709,322.478750177536,231.5,56.3665435909181
12.265159806548,3.8625213490293,322.476470680855,232,56.3723713861592
-32.133895119031,3.80372093752139,322.480902190866,232.5,56.3571029539491
9.36794343600602,3.85857971236871,322.478973136115,233,56.3615541357548
-29.8359585104105,3.8066347978932,322.482902305871,233.5,56.3473775689784
-47.8697761871838,3.78263381106467,322.491899795686,234,56.3246322270296
-22.6921326766594,3.81543987244134,322.494875166163,234.5,56.3138500517535
6.77844259878233,3.85451950238966,322.493066965158,235,56.3170708312739
21.4352707085527,3.87409975410289,322.489912658376,235.5,56.3272558081187
-19.7996987457961,3.81957516767236,322.491634904897,236,56.3178479739
-52.6065263653589,3.77617780737383,322.501952507048,236.5,56.2928519633433
2.04253110948488,3.84804666010556,322.500957743037,237,56.2938224727592
34.2158436463941,3.89072655674627,322.497468272783,237.5,56.310080143586
-22.8224352079156,3.81547362393361,322.499681976902,238,56.2992360550138
-15.3211832969438,3.82525876603454,322.500930159891,238.5,56.2919561890752
6.72790868988234,3.85450325509475,322.49903914114,239,56.29515295739
-14.7096045360919,3.82610600408151,322.499916287683,239.5,56.2881636833271
-16.1412622586439,3.82411034753385,322.501236107181,240,56.2804941565651
9.05465174621573,3.85752853294138,322.499128050514,240.5,56.2847964777079
6.80688432973479,3.85468361033985,322.497029777625,241,56.2880307713274
-40.38527007782,3.79219097696999,322.503551977376,241.5,56.2688416952385
-20.2864304060185,3.81841451132933,322.50591177599,242,56.2592025902905
13.7033927900443,3.86348725005013,322.503436489378,242.5,56.2657137624683
-51.2565364851238,3.77764841039383,322.513026406356,243,56.2413592001051
6.23650376122799,3.85333255654215,322.511521415385,243.5,56.2443224771853
-0.255576060826122,3.8448291884522,322.510211730392,244,56.244201040125
-1.3679968798124,3.84340938843876,322.509096482766,244.5,56.2435510358991
-26.11857007083,3.81054908570499,322.512268308844,245,56.2311407876216
7.64241668724238,3.85524503308253,322.510359639923,245.5,56.2347720847512
-17.6222942891998,3.82177058609011,322.511743718986,246,56.2263988450694
45.5327077703243,3.90517256996059,322.508571379314,246.5,56.2480337280912
-28.1139544882419,3.80824961447792,322.51179235084,247,56.234675372166
-5.00679327609279,3.83869432326765,322.511407404777,247.5,56.2322963924798
-33.4061816287193,3.80099876093285,322.516246469088,248,56.2164234328617
-4.30292663426771,3.83935708251195,322.515817535704,248.5,56.214378895672
2.15851847703289,3.84797522115516,322.514287390906,249,56.2154045165287
-32.3485387487182,3.80221654388711,322.518823464541,249.5,56.2000340963181
-7.30547113420425,3.83520115927919,322.518819143903,250,56.1965628989932
-3.07611595856305,3.84082648027099,322.517971372703,250.5,56.1951012813521
-31.3633232014973,3.8032813384385,322.522334736827,251,56.180198986675
21.505412335273,3.87325981712477,322.519426923352,251.5,56.1904172913398
-1.58665715893702,3.84287422395609,322.518147298595,252,56.189663390601
6.07343625527433,3.85309518984135,322.516159010436,252.5,56.1925491860952
8.08644283976707,3.85587294696458,322.513916186277,253,56.1963914624163
-11.0977407221603,3.83048382751148,322.514123735143,253.5,56.1911183667871
-42.0351172333672,3.78945876920387,322.521212064932,254,56.1711453652089
-18.0429118381195,3.82081289321153,322.523122943557,254.5,56.1625722689424
-49.5303885405829,3.77912777564696,322.532491065356,255,56.1390378864166
-4.99375956180093,3.83765473383477,322.532321051045,255.5,56.1366650997046
-19.2910573077986,3.81866490241023,322.534125680284,256,56.1274989466542
-11.3916448770748,3.82906639199298,322.534632974232,256.5,56.1220862023566
-7.7455532115767,3.83389182016601,322.53447967838,257,56.118405899869
17.7593056205463,3.86780182699728,322.531523312161,257.5,56.1268442405359
-34.8823997044015,3.79812220028471,322.536559816873,258,56.1102698553503
3.20824877757989,3.84844128641102,322.535152443747,258.5,56.1117942559495
-28.9101715980583,3.80583903930202,322.538893607014,259,56.0980575771686
-21.190322854432,3.81585943759513,322.541287525827,259.5,56.0879889873878
4.03053743896617,3.84929813120755,322.539642727062,260,56.0899040987501
-29.6203260537995,3.80466717183596,322.543549381263,260.5,56.0758299898156
2.59550609928043,3.84728914305826,322.542147191437,261,56.0770632455034
-25.3096286616433,3.81026667566054,322.545103088237,261.5,56.0650373660371
-6.06056136253462,3.8356923789905,322.544807615746,262,56.062157688053
53.3398721913,3.91398698768928,322.541725137126,262.5,56.0875021481514
-21.5734007990315,3.8156745274512,322.543491561166,263,56.0772515387428
34.1884449456479,3.88942088514327,322.540099700956,263.5,56.0934961910667
4.03726036411557,3.84992562929821,322.538009803353,264,56.0954144968294
7.04096247381966,3.8539805324631,322.535829907369,264.5,56.098760012766
-17.2782469184156,3.82175477710107,322.53705703148,265,56.0905502473203
-13.9213796479173,3.82607239697923,322.537904177246,265.5,56.0839354986059
14.8278118269629,3.86417441381844,322.535212525018,266,56.0909809389071
-35.8034064667467,3.79717911578339,322.540400629063,266.5,56.0739689370161
-12.9962239958043,3.82707788268142,322.541280068496,267,56.0677937763537
9.0104498673356,3.85626698344384,322.539044311239,267.5,56.0720750949574
-7.29787343339487,3.83472516019742,322.538600829412,268,56.0686075076829
-30.63749732615,3.80371962749383,322.542753243451,268.5,56.0540500894403
-29.7585549857805,3.80462253725813,322.546951325191,269,56.0399103009773
-18.6396116842565,3.81913785881313,322.54881040287,269.5,56.0310536825571
-17.1440913941789,3.82101535446597,322.550280715015,270,56.0229076611586
-13.3940661231551,3.82590970673759,322.551062028262,270.5,56.0165434656616
-14.7470141399128,3.82405426545748,322.552046630137,271,56.0095364164114
-7.49644894393002,3.83363490033423,322.551840877282,271.5,56.0059744759093
23.9873641822718,3.87543603580898,322.548510597957,272,56.0173720809167
-48.7142871460404,3.77942109709739,322.557213051485,272.5,55.9942254692719
-6.15497558644616,3.83530252952711,322.557139627993,273,55.9913009303341
-8.08488377169166,3.83274967309635,322.556933671411,273.5,55.9874593948048
-14.3156058750972,3.82445052617309,322.557778305823,274,55.9806573293521
-59.4038842753339,3.76497996295515,322.570244039871,274.5,55.9524315516579
36.1500448582913,3.89078454084588,322.567087057928,275,55.9696082589095
19.0677107602335,3.86869002134446,322.563637638622,275.5,55.9786682887648
4.79727109261875,3.84999521169309,322.561507678989,276,55.9809477139076
-13.0720826522099,3.82632238822621,322.561982789177,276.5,55.9747365089765
-45.0322602519531,3.78396781123753,322.56990091708,277,55.953339413779
14.2279140309883,3.86215889693839,322.567461150168,277.5,55.9600998124194
10.0139292653136,3.85676852296419,322.564838961343,278,55.9648579346321
-7.40839470377909,3.83375599851384,322.564353661944,278.5,55.9613378331348
-25.4893490718459,3.80971061883929,322.567330409148,279,55.9492265594488
27.3945093339409,3.87969472500937,322.564011730831,279.5,55.9622430707415
-31.9565151648944,3.80128872948953,322.568155704954,280,55.9470589206825
-0.447057428726172,3.84285653309161,322.567074417158,280.5,55.9468465011791
-13.5668219235412,3.82545804544182,322.567670458673,281,55.9404002206993
-50.8885514986206,3.77609881038219,322.577315738558,281.5,55.9162205065391
-5.84576617310316,3.83521868520435,322.577178279394,282,55.9134428885691
-20.4157496676527,3.81586117779373,322.579114405951,282.5,55.9037423375258
25.6009082168131,3.87685262609678,322.57575201309,283,55.9159066185811
6.86989455044414,3.85235277230971,322.573327713071,283.5,55.9191708515303
-51.02373678168,3.77584482224726,322.582803482591,284,55.8949269040327
-30.1609316310727,3.80281359400215,322.587295954662,284.5,55.8805959261572
-4.00074429154453,3.83736336319055,322.586651971375,285,55.87869497102
-3.71098994168113,3.83779362951014,322.585717619989,285.5,55.8769316927698
7.85425106403031,3.85321625556616,322.583394893418,286,55.8806636430823
-23.6640194277348,3.81144834385787,322.585847314937,286.5,55.8694196754552
-7.06541886928521,3.83334585974465,322.585580483407,287,55.8660625390532
-5.49307062250178,3.83544004165569,322.584924275822,287.5,55.8634525045051
-17.4832878236044,3.81950257906792,322.586262165444,288,55.8551453137971
17.6122696332117,3.86604816318789,322.583262284049,288.5,55.8635137902599
-27.5872628972375,3.80623411425413,322.586477410508,289,55.8504056920399
-3.488080660887,3.83804422435066,322.585724028217,289.5,55.8487483292174
-32.2774706638003,3.79984066075484,322.590216097521,290,55.8334116770338
4.77502526886528,3.84882412516571,322.588474510776,290.5,55.8356805320652
-22.4980547759757,3.81266834284136,322.590712556488,291,55.8249905729757
-3.02227157750784,3.83841904973518,322.589841442689,291.5,55.8235545395123
-44.5281763489085,3.78345551371122,322.597560112902,292,55.8023969599687
-35.3247646160593,3.79519024481153,322.603269030465,292.5,55.785612384931
-27.3334622422001,3.80550497643611,322.606983697671,293,55.7726248801866
-5.85549755076045,3.8339097609002,322.606565427335,293.5,55.7698426383489
-6.30264039214948,3.83335721173168,322.606005201023,294,55.7668479364238
-8.82645389068793,3.83002576626618,322.605838541331,294.5,55.7626540435768
-30.9760427248384,3.80059046048616,322.610115139356,295,55.7479357653621
-18.3179483198203,3.8171711610769,322.611876813728,295.5,55.7392319854091
-46.548926736556,3.77974179106403,322.620426961956,296,55.7171142455677
-40.3947928668422,3.78745389807782,322.627579109821,296.5,55.6979206447221
-47.7216724711253,3.77751834235404,322.636807599886,297,55.675245674309
-4.9690993875164,3.83388582150894,322.636460563644,297.5,55.672884604888
-6.66216912113039,3.83171045200155,322.635928293811,298,55.6697190727538
-3.68496130352338,3.83573208277844,322.634953378057,298.5,55.6679681620207
-23.2675351173694,3.80971983642636,322.637464114464,299,55.656912584061
6.36753526105578,3.84906995660774,322.635357969589,299.5,55.6599381208071
7.85187892188019,3.85120248891713,322.632829725111,300,55.6636689439954
-5.95770155512402,3.83297607254967,322.632046345329,300.5,55.660838139887
12.9864616868469,3.85820021524991,322.629150011275,301,55.6670086619846
-25.8374905449976,3.80675934098669,322.632010154848,301.5,55.6547319687483
-12.4266030806287,3.82439876201859,322.632579260473,302,55.6488274636755
-33.7842307964235,3.79599703751446,322.637551963282,302.5,55.6327748738548
2.40838417012186,3.84386714032887,322.636002924743,303,55.6339192184884
18.105641717261,3.86482670835038,322.632639392093,303.5,55.6425221208803
-30.4936777697155,3.80048525191221,322.636515052728,304,55.6280330385534
-11.4790967200605,3.82550767322538,322.63695850825,304.5,55.62257874148
42.5354078309162,3.89692898482584,322.633146808193,305,55.6427894563215
-5.20644323823235,3.83431343895232,322.631974258781,305.5,55.6403156128816
-7.19223610579107,3.83166819750426,322.631454687961,306,55.6368982192225
8.21233956924824,3.85213502058819,322.62901087097,306.5,55.6408003154214
17.685375830399,3.8648202570295,322.62567375593,307,55.649203528321
-35.1527814383879,3.79491968472503,322.630600242709,307.5,55.6325006711541
-0.906229975882322,3.8400608835609,322.629474965701,308,55.6320700756442
-17.7224621218827,3.81774455260338,322.630728802493,308.5,55.6236492411794
-25.3498659227363,3.80749999699906,322.633702844277,309,55.6116042429636
-69.0632832422355,3.75010851074473,322.649649057124,309.5,55.5787887982598
-62.0713128114629,3.75845569397701,322.663742996666,310,55.5492955909052
-7.49330589566672,3.82995046281211,322.663878970788,310.5,55.5457351438236
-16.7395396533163,3.81768432494093,322.66504716227,311,55.5377813453351
-22.4323401708503,3.81005929216224,322.667446175875,311.5,55.5271226105647
12.006137738601,3.85580270796975,322.664693449473,312,55.532827331374
-21.4720539433484,3.81145725111731,322.666606709137,312.5,55.5226248769615
7.45020903555695,3.8498438782378,322.664288845714,313,55.526164846554
-37.2368512484642,3.7906222744579,322.669929365571,313.5,55.5084717428422
3.24125310214743,3.84413077539206,322.668240292436,314,55.5100118254584
14.5561533088182,3.85928877069891,322.665038557587,314.5,55.5169281871137
-13.0733621057,3.82275656660948,322.665283581295,315,55.5107163742498
38.6157307332962,3.89113846324709,322.661357855823,315.5,55.5290646530614
-4.78120049525212,3.83418119591635,322.660080373184,316,55.5267928638689
-14.1713947068296,3.8216912092172,322.660654162243,316.5,55.5200593204063
1.92398214583468,3.84301547768518,322.658895253046,317,55.5209735012381
-26.7129443434616,3.80503109159471,322.661936639968,317.5,55.5082808358039
-28.0705505971572,3.80302044290543,322.665573312634,318,55.4949431032537
10.712868066084,3.8543705526426,322.662998693958,318.5,55.5000333264973
2.59260045725403,3.84375560730896,322.66094176838,319,55.5012652015683
-38.5847718728181,3.78920171438206,322.666882017166,319.5,55.4829316328708
0.675550404415834,3.84098414205437,322.665516316932,320,55.4832526208965
-7.84373404536333,3.82972950041002,322.664985977323,320.5,55.4795256677493
-29.2254772249947,3.80131846087602,322.668707412419,321,55.4656391713826
-43.6314473670269,3.78208492518433,322.676394934382,321.5,55.4449076729481
-14.0408703507267,3.82091547285045,322.677366456246,322,55.4382361481819
-40.0023464861171,3.78645708481458,322.683938251083,322.5,55.4192290183799
-3.79486396848121,3.83422967719534,322.683191182889,323,55.4174258873547
-38.4156369029247,3.7883166732209,322.689250544468,323.5,55.399172683201
2.41576421379714,3.84229658051933,322.687637070069,324,55.4003205344651
-35.1152288059098,3.79252786678304,322.692773718093,324.5,55.3836355204454
-39.0070656722526,3.78712900987431,322.699331535494,325,55.3651012986921
26.3626011531885,3.87368393934259,322.695719051846,325.5,55.3776274984292
-9.22594197296151,3.82677101769021,322.695182727299,326,55.3732437886714
-49.6475733557183,3.77326626007538,322.704492541469,326.5,55.3496537257372
-1.52412457464223,3.8366378351335,322.703491212781,327,55.348929537379
-23.2858767837557,3.80775383196427,322.705857526136,327.5,55.3378652443697
-14.796890653254,3.81891804489187,322.706725853249,328,55.3308344962757
-19.8804486120898,3.81211005146252,322.708501810984,328.5,55.321388293728
-31.4853074967364,3.79660669424639,322.712941960756,329,55.3064280381677
-32.7087393872431,3.79477452175638,322.717824544611,329.5,55.2908864684898
-40.8202245374577,3.78383768609693,322.724893776662,330,55.2714907236278
9.98464544174086,3.85111813026333,322.72238343882,330.5,55.2762349316207
-10.8110391605348,3.82362806749113,322.722222750673,331,55.2710980623451
-2.87949963847701,3.83420271088447,322.72097739357,331.5,55.2697298670215
-17.7476642343387,3.814467874527,322.722196135115,332,55.2612970577637
-25.4557693591514,3.80414071587234,322.725183715653,332.5,55.2492017394907
-5.06416573677315,3.83114289269532,322.724401109013,333,55.2467954992585
16.5186960932799,3.85990696320141,322.720959711135,333.5,55.2546443638473
-10.6062403091947,3.82407159459892,322.720678846862,334,55.249604804822
12.078444853704,3.85423616570939,322.717668666519,334.5,55.2553438823838
-2.22480964586531,3.83540852493807,322.716114060886,335,55.2542867632536
3.34234179610575,3.84286380373011,322.713956114568,335.5,55.2558748782004
-33.5903393050118,3.79389052534316,322.718593045352,336,55.2399144159939
-19.8064298173615,3.81189593274418,322.720483241405,336.5,55.230503383504
1.83968201587009,3.84059897257552,322.718668295984,337,55.2313775090977
6.36354452087558,3.84671513899216,322.716123692681,337.5,55.2344011496421
-5.94568478416965,3.83047298875578,322.715157074885,338,55.2315760553069
4.34717014504317,3.84417751388037,322.712913746807,338.5,55.2336416148172
-10.4442289218319,3.82460634306889,322.712683894521,339,55.2286790355628
-45.424496320613,3.7782623208422,322.720640644996,339.5,55.2070955692515
-43.9366116866565,3.77981179609572,322.7285967418,340,55.1862190718771
0.617606125859581,3.83858748824867,322.727183661021,340.5,55.1865125276574
15.3076411286289,3.85821331309865,322.72378408082,341,55.1937859590296
-8.89379103484611,3.82626691499555,322.723200552067,341.5,55.1895600709135
-12.4257804765242,3.82155371449038,322.723423121902,342,55.1836559567014
9.20077612205106,3.85027991273487,322.720696240557,342.5,55.1880277088958
-14.4387980801147,3.81899772771208,322.721115602447,343,55.181167108621
-9.73897206876178,3.82517702961172,322.720926330354,343.5,55.1765396324225
-29.3976211107391,3.79903884031811,322.724652690467,344,55.1625713418245
-5.33638160632719,3.83080297103101,322.723917351897,344.5,55.1600357581207
-43.8942574844748,3.77972242008133,322.731417231508,345,55.1391793853612
1.77458279244305,3.83995927937539,322.729842500886,345.5,55.1400225790346
25.6175296676003,3.87167309582159,322.725806503952,346,55.1521947577784
0.636513481376532,3.83888141845776,322.723737394884,346.5,55.1524971973956
-34.3876134498878,3.79244128411698,322.728555781081,347,55.1361579100829
-30.4451196706512,3.79736962316275,322.732777298384,347.5,55.1216919001547
-20.1798416393596,3.81076709863112,322.734690631008,348,55.1121034408988
23.0063249687715,3.86804254907919,322.730959673115,348.5,55.1230349047593
10.4187551669595,3.85167264162314,322.727803452806,349,55.1279853801496
-4.32375489171757,3.83224344347246,322.726523009255,349.5,55.1259309464056
-4.9641404538316,3.83140968786829,322.725463073667,350,55.1235722332238
-5.54937532370919,3.83064396025391,322.724498025656,350.5,55.120935445476
25.1965469492984,3.87141035729874,322.720591777717,351,55.1329075941247
0.410395748446714,3.83887535204585,322.718555215655,351.5,55.1331025938171
-18.3642633465807,3.81397050853471,322.71974128059,352,55.1243768072619
-47.3163937026782,3.77561078810966,322.728236354543,352.5,55.1018944052063
32.9729187790321,3.88145740830814,322.724501046864,353,55.1175614998203
-10.3859133824938,3.82443319777679,322.723990679632,353.5,55.1126266292162
-3.44588204077517,3.83361270582165,322.722757528671,354,55.1109893170836
4.22838053736556,3.84383385072006,322.720479257091,354.5,55.1129984336677
-57.4923140276015,3.76242236245507,322.731921945327,355,55.0856809392872
12.2486800697074,3.85408132283256,322.729363739931,355.5,55.0915009041753
-1.39330347249777,3.83615694491385,322.727644910625,356,55.0908388755124
50.6800310318102,3.90467653824774,322.723784793185,356.5,55.1149195110952
-42.9120523457882,3.78178851573505,322.730349640069,357,55.0945298334725
-18.4172091252766,3.8137445062149,322.731943502776,357.5,55.0857788897108
38.5903112609687,3.88902034809485,322.72791313559,358,55.1041150904507
8.21524231313028,3.84942989592557,322.724878898424,358.5,55.1080185658894
4.23977963789264,3.84426910386169,322.722489931024,359,55.1100330987603
5.23273448911863,3.84565863632993,322.720029225605,359.5,55.1125194344978
-35.2872640932374,3.79202892472846,322.724867062379,360,55.0957526778475
16.5080934018393,3.86037557857849,322.7217587166,360.5,55.1035965045635
15.7098812434861,3.85951986390327,322.718257569382,361,55.1110610604758
-41.8463635407483,3.7834981533444,322.724721022326,361.5,55.0911777452849
7.94365767617153,3.84906176348348,322.722410563808,362,55.0949521771824
-36.0640115204843,3.79084449365958,322.727441395441,362.5,55.0778163487033
7.6496229924224,3.8485063335446,322.725091807233,363,55.0814510699115
8.35374058767994,3.84957150216356,322.722270271143,363.5,55.0854203528569
-48.1533308905446,3.77494151788791,322.73063088484,364,55.0625402797854
-13.7228440390319,3.81996428345318,322.731402350438,364.5,55.0560198653394
-26.9685064987801,3.80232565357893,322.734490233804,365,55.0432057694521
-3.13132457138781,3.83379465874809,322.733346810389,365.5,55.0417179194181
0.273535215503264,3.83836772055901,322.731517215409,366,55.0418478897774
-8.39679826198301,3.82691523481255,322.730905113066,366.5,55.0378581479621
-22.6628695812549,3.80794998135469,322.733002889602,367,55.0270898770567
-24.3761003557589,3.80552036279162,322.735615892888,367.5,55.0155075639119
-23.093915847321,3.80705443037154,322.737983941488,368,55.0045344812129
-12.4455072741728,3.82105675937482,322.738281072176,368.5,54.9986209938055
-19.8552230099061,3.81117276779436,322.739869671873,369,54.9891867772121
-39.0087591045695,3.78570904643362,322.746049044762,369.5,54.9706517508238
-26.7485847453565,3.80161334734192,322.749416137181,370,54.9579421508394
-28.5354265896848,3.79908119272085,322.753075836463,370.5,54.9443835322886
-38.5868229144431,3.78560997761216,322.759302692204,371,54.9260489890378
-0.641862299026296,3.83573928288441,322.757927205799,371.5,54.9257440079279
-24.6189208827966,3.80394308379446,322.760448466955,372,54.9140463185194
26.9483579041734,3.87228426423935,322.756514512126,372.5,54.9268508407944
-31.0200068946836,3.79570544570978,322.760245084885,373,54.9121116729881
-13.8774323708009,3.81823950528806,322.76086844101,373.5,54.9055178058388
-13.3796493096587,3.81886106996759,322.761229966957,374,54.899160460496
-3.24576323752382,3.83231376293172,322.759939119313,374.5,54.8976182348873
-12.6200273382721,3.81989702520246,322.760059904971,375,54.8916218242066
19.7296203741707,3.86283164260566,322.756388772501,375.5,54.900996360661
-59.6802515277903,3.75814529097773,322.768481042543,376,54.8726392669641
1.43879701294261,3.838339576102,322.767035915678,376.5,54.8733229118996
24.9858239545409,3.86964752039026,322.762938690289,377,54.8851949354389
-0.918021021128207,3.83563616165623,322.760979533945,377.5,54.8847587374095
-4.39272396445654,3.83107168906854,322.759715793819,378,54.882671532985
-7.90530426580683,3.82642190660183,322.759020383811,378.5,54.8789153247246
-14.8495247821052,3.8171765705187,322.75954799659,379,54.8718595675048
15.8087557400475,3.85782010349788,322.756179480973,379.5,54.8793711036709
-2.13948279051715,3.83421937805455,322.754461789604,380,54.8783545276277
2.98863854777992,3.84106770861404,322.752236398885,380.5,54.8797745803446
28.2714772403238,3.87457147132724,322.748100233379,381,54.893207783264
-24.5415371379584,3.80491898572205,322.750224332238,381.5,54.8815468627707
4.68162815797436,3.84351633510706,322.748019339045,382,54.8837713401301
-26.7223736324568,3.80192140613803,322.750818971798,382.5,54.8710741943658
-11.615407980656,3.82175049306776,322.750947826297,383,54.8655551289463
-17.4179969418337,3.81398968082236,322.751984678834,383.5,54.857278961225
1.03324359156283,3.83840611193698,322.750145941816,384,54.8577699073016
37.1505399256547,3.88612639184242,322.745901561656,384.5,54.8754220001563
1.07768191231486,3.83894783944533,322.743622924935,385,54.8759340611175
-31.7883866573648,3.79540572827913,322.747601729524,385.5,54.8608297973814
-10.5608426986233,3.82326742962117,322.74759924357,386,54.8558118090476
-51.729317675685,3.76888436598745,322.757235023,386.5,54.8312326045259
-15.908864331052,3.81566966675509,322.758419340284,387,54.8236735017256
-17.7693519718074,3.81312686114802,322.759578302752,387.5,54.8152303875313
23.0632875844173,3.86721891168417,322.75578654374,388,54.8261889171997
-18.6628309692295,3.81216167184338,322.756761040061,388.5,54.8173212661276
-0.983519021185407,3.83553830755618,322.755184225019,389,54.8168539466991
4.83424639676977,3.84332298039281,322.752731747313,389.5,54.8191509406714
-25.8783412877874,3.80264586554831,322.755349857967,390,54.8068548371894
-14.8074554445227,3.81713944761491,322.756033636739,390.5,54.799819069231
-34.1608091871518,3.79141446710035,322.760816362313,391,54.7835875480479
-32.9113520334524,3.79279452171551,322.765516375617,391.5,54.7679497068959
1.92898110787988,3.83883281590811,322.763704161264,392,54.7688662629863
3.62953018082598,3.84120137323444,322.76135135412,392.5,54.7705908356009
-13.6583031193306,3.81833076156505,322.761553882493,393,54.7641010877969
-62.2512439431964,3.75433677204059,322.774784034952,393.5,54.7345223860981
-16.9317094305472,3.81338491974991,322.776309252156,394,54.7264772780686
-4.39404556299263,3.83001143306066,322.775186297573,394.5,54.724389445686
-6.66680538875909,3.82704497011808,322.774287371028,395,54.7212217106275
-24.5517383561226,3.80329594225502,322.776766348695,395.5,54.7095559430216
36.1172431428471,3.88351213180207,322.772608081518,396,54.7267170645259
-23.7282562586204,3.80469461575552,322.77452147342,396.5,54.7154425747447
-10.2474616237874,3.8224370180468,322.774366585882,397,54.7105734895451
-1.03950278025872,3.83466033307164,322.772687159146,397.5,54.7100795694127
46.8000023664061,3.89768740259722,322.768519968733,398,54.7323166079329
12.9891048799149,3.85383960853113,322.76489594829,398.5,54.7384883859447
-8.45060912346471,3.82555344783427,322.764088664168,399,54.7344730758785
-26.8211124113292,3.80113518824026,322.766978608143,399.5,54.7217290143467
-46.4140234913273,3.775095885191,322.775146409549,400,54.6996753738325
-4.2696790190877,3.8304628542785,322.77428610163,400.5,54.6976466342595
-24.1837129292444,3.80404398807962,322.776607026879,401,54.686155734072
-12.1350167806392,3.81988387899336,322.776770737061,401.5,54.680389776338
-38.958884290595,3.78430820195024,322.782771280822,402,54.6618784479861
17.3991361886962,3.85877643684295,322.77946531343,402.5,54.6701456540135
-10.0732969064032,3.82255470265651,322.778896143443,403,54.6653593232441
-6.21609211809503,3.82766048825145,322.77794445959,403.5,54.6624057447637
-34.3104084604057,3.79040019433312,322.782658607838,404,54.6461031414303
10.7873028901231,3.85000905370886,322.779847208156,404.5,54.6512287324083
-9.91261009402235,3.82269050978026,322.77930120532,405,54.6465187520375
-1.44527261988991,3.83392496325978,322.777656397414,405.5,54.645832030215
-4.42772333842136,3.8300173251301,322.776357090781,406,54.6437281958249
-6.34422475055652,3.82749420645464,322.77537219302,406.5,54.6407137350765
-2.29366947710526,3.83288343825053,322.773815613362,407,54.6396238971719
-30.113975239976,3.79599486399712,322.777447374907,407.5,54.6253152306431
9.06563660989479,3.84778819231777,322.774771488714,408,54.629622771248
-31.2497254592722,3.79442807516387,322.778579464227,408.5,54.6147744525803
-1.85770350291259,3.83320873712106,322.777206431448,409,54.6138917640704
-18.358002687554,3.8113339121157,322.778302073172,409.5,54.6051689522697
2.62402480739716,3.83912022850441,322.776217653381,410,54.6064157586323
-2.29141722134639,3.83268732011174,322.774582850585,410.5,54.6053269908878
-16.2692965723225,3.81415362064979,322.775275592955,411,54.5975966285741
-30.2957361229636,3.79545972967795,322.779098944986,411.5,54.5832015982942
-22.512039098776,3.80554498834513,322.781334773896,412,54.5725049945485
-10.1330663658981,3.82186064123462,322.781145162718,412.5,54.5676902642983
-24.2591744345347,3.80307894472781,322.783561950421,413,54.5561635085485
-42.874173879668,3.77832660017146,322.790810693594,413.5,54.535791828893
-7.13096142375606,3.825371140677,322.790354908038,414,54.5324035499219
21.9566675937745,3.86400724262889,322.786419709107,414.5,54.5428362686904
-10.8413049191304,3.82077886096173,322.785941951952,415,54.5376850186284
-10.0954660295799,3.82174094418922,322.785616498855,415.5,54.5328881541919
-14.4905245771378,3.81587547361436,322.786056939431,416,54.5260029760528
38.2330465070816,3.88553647852239,322.781797498788,416.5,54.544169422312
-42.1230471021802,3.77971652950108,322.788182914447,417,54.5241546408241
8.80649119722981,3.8468682735955,322.785635589867,417.5,54.5283390483899
-14.9244682829272,3.81549257424683,322.785964173413,418,54.5212476817377
-2.54567280716135,3.83186919033296,322.784503274293,418.5,54.5200381043572
-5.72158594903247,3.82769125126751,322.783391285429,419,54.5173194906668
-6.47047240670184,3.82670627718505,322.782423267141,419.5,54.5142450432976
-19.1427436337136,3.80986918007324,322.783695531675,420,54.5051493615446
18.1853617334192,3.85929857590016,322.78014189672,420.5,54.5137901429318
-27.1760810900853,3.79934911139764,322.78289802351,421,54.5008774179004
-26.4231900000023,3.80013214919962,322.785916921546,421.5,54.4883224293502
5.10562003607003,3.84183093273067,322.78360447809,422,54.4907483666081
-30.2279780653518,3.79503712567895,322.787199720963,422.5,54.4763855315945
8.21151716309252,3.84585944837922,322.784588836545,423,54.4802872370268
-48.566853749836,3.77083527472124,322.793111310083,423.5,54.457210678415
-12.6828794619479,3.81784690508532,322.793625144322,424,54.4511844035244
-30.4796259075632,3.7941912420802,322.797483210374,424.5,54.4367019979449
-8.01319685697781,3.82382340481003,322.79700836257,425,54.4328945244798
-28.6385596209732,3.79643883947135,322.800393721577,425.5,54.4192869022308
-13.8249631772818,3.81592412649761,322.800901564115,426,54.4127179658383
24.5538089428967,3.86681970021922,322.796867346398,426.5,54.4243847172843
-20.3222501617852,3.80759242251585,322.798121831396,427,54.414728592566
-31.4360917279513,3.79273164809129,322.802269945106,427.5,54.3997917218965
21.0406073470242,3.8621672904851,322.798595209726,428,54.4097891742984
22.6553587651566,3.86456909485359,322.794388337396,428.5,54.4205538764368
-28.5191243490242,3.7969745142247,322.797404060887,429,54.4070030039016
-46.857996387018,3.77257901038091,322.80576408213,429.5,54.3847384095009
-14.804750773442,3.81455679542157,322.806625765509,430,54.3777039266679
6.93138008774866,3.84341161598555,322.803950155279,430.5,54.3809973744931
-7.93668950769479,3.82380003769043,322.803075654241,431,54.3772262535234
-8.50537379633925,3.82304481399161,322.802424115892,431.5,54.3731849220026
0.476352074575482,3.83498274081301,322.800464265232,432,54.3734112608678
-30.2628329075173,3.79423750198395,322.804098563742,432.5,54.359031864563
3.40393602771751,3.83873460685235,322.80198526313,433,54.3606492460318
-4.82043953246461,3.82791480975121,322.800658827471,433.5,54.3583588123962
12.6087011574592,3.85108156023834,322.797352849184,434,54.3643498414379
9.3209680410438,3.84690824778648,322.794213916101,434.5,54.3687787028672
-50.8059664387907,3.76751067870211,322.803345198267,435,54.344638229029
-11.2900217745555,3.8192420832499,322.8036053208,435.5,54.3392737709862
-20.0119582075846,3.80762236414781,322.805086054498,436,54.3297650816054
-45.7411050808698,3.77351196850623,322.813065591171,436.5,54.3080311785239
10.3331623129675,3.84749007983762,322.810351238856,437,54.3129409844379
1.60778211044338,3.83609582742034,322.808067660101,437.5,54.3137049227053
-9.95199383977801,3.82082122608008,322.807557561717,438,54.3089762291331
-25.0014974034921,3.80080799370556,322.81007825854,438.5,54.2970967583486
-19.805981015127,3.80753523162325,322.811658604715,439,54.2876859391073
-6.42075714776978,3.82522882173262,322.810785020073,439.5,54.2846351139619
-22.7518851356969,3.80354378500623,322.812799387809,440,54.2738245472827
-22.8272083971952,3.80330521384436,322.814998756607,440.5,54.2629781907277
6.31480909436559,3.84192647845482,322.812452438848,441,54.2659786746162
-22.418530855489,3.80387574566229,322.814280349803,441.5,54.2553265013471
-57.4668589702737,3.75761115033486,322.826011521467,442,54.2280211019466
-10.6893941179812,3.81886200158819,322.826265394238,442.5,54.2229420323582
-24.8514881098923,3.80003808426103,322.828814090257,443,54.2111338385453
14.667838665565,3.85245258857501,322.825444023675,443.5,54.2181032675394
-0.5036790239376,3.8325441551394,322.823377074905,444,54.217863944264
-32.0169863479288,3.790757262307,322.827468222032,444.5,54.2026510612998
9.02695954830409,3.84506991396233,322.824698321524,445,54.2069402244846
-4.64150303084058,3.82707814915344,322.823263683027,445.5,54.2047348125942
-33.6273534504144,3.78862647028283,322.827782725779,446,54.1887567631028
-3.98163827656277,3.82774963624034,322.826658569398,446.5,54.1868648861957
-20.7924366859601,3.80544269560492,322.828230412324,447,54.1769853521757
23.4569057071664,3.86407291055335,322.824239331039,447.5,54.1881309096415
-15.5483263431016,3.81262159927405,322.824520495704,448,54.1807431166002
-48.7991063988116,3.7686051114601,322.833359267623,448.5,54.1575562030559
20.5630151872471,3.86010208330544,322.829814342812,449,54.1673267273655
-29.4006136696259,3.79405749953778,322.833066012009,449.5,54.153357014852
-12.7830484811785,3.81591172451641,322.833322778997,450,54.1472831446146
-16.6931356564473,3.81067685696148,322.83414203024,450.5,54.1393513950025
-7.91984482660259,3.82227610509655,322.833439778526,451,54.1355882777893
-49.5955103135563,3.76714636053872,322.842488158687,451.5,54.1120229526289
-25.0562285536106,3.79910278146867,322.84547975038,452,54.1001174763182
2.14451865035295,3.83516326251786,322.843395376911,452.5,54.101136445152
2.04673979413467,3.83515956574067,322.841062360802,453,54.102108954326
-7.96926211035754,3.82194671893172,322.840182354422,453.5,54.098322356472
-51.5892506075762,3.76426747351376,322.849857371457,454,54.0738097048698
3.55019519693836,3.83687889581147,322.847878549234,454.5,54.0754965814373
-36.4690960651233,3.78385071345713,322.853087192178,455,54.0581682768862
-25.031710904759,3.79873148280742,322.855918208064,455.5,54.0462744501453
-6.58700075569681,3.82314089629891,322.855074607288,456,54.0431446342878
-1.8523421623603,3.82949238077793,322.85332830347,456.5,54.0422644932209
-12.0637270042848,3.81598206285136,322.853173792637,457,54.0365324088506
-6.1385407146313,3.82384948562207,322.852118225946,457.5,54.0336156789484
20.5892246685037,3.85936014101139,322.848078886212,458,54.0433986567027
-39.7447363227245,3.77960264531317,322.853965547195,458.5,54.0245139304656
-28.352808473209,3.79433004093223,322.857560127345,459,54.0110420829807
8.03405242873755,3.84253364855585,322.854785034475,459.5,54.0148594659785
-0.915133542750658,3.83080959484115,322.852764831018,460,54.0144246399356
-31.611741705904,3.79009789148252,322.856727130656,460.5,53.9994043091137
-1.47107453470749,3.82992531472801,322.855162756294,461,53.9987053275018
-36.9838646397999,3.78284849424918,322.860520533864,461.5,53.981132430471
7.94020718508701,3.84224999746195,322.857841356214,462,53.9849052228664
9.13033128196048,3.84399863773037,322.854607201049,462.5,53.9892435031689
-21.1353720995816,3.80393126012802,322.856076132383,463,53.9792010232596
-4.36983065681341,3.82609921887208,322.85481680005,463.5,53.9771246965988
22.9785727213427,3.86239606570908,322.850627355496,464,53.9880429739686
-17.2877671147496,3.8092636378621,322.851187640062,464.5,53.9798286849981
-4.68039918753726,3.8259208609321,322.849932065902,465,53.9776047915844
5.81412137418419,3.83989065957556,322.847181176575,465.5,53.9803673735164
10.915377516688,3.84677505526906,322.843819540305,466,53.9855538192008
19.9863460568933,3.85892499569358,322.839728601352,466.5,53.9950503389588
17.4320223583076,3.85578435776085,322.835756213115,467,54.0033331708619
9.32935037367358,3.84526852546376,322.832490456611,467.5,54.0077660151597
30.6855505423329,3.87352359817278,322.828044710958,468,54.0223462659059
30.1628782728044,3.87313923055879,322.823495747882,468.5,54.0366781687289
-20.4175813042316,3.80656181090737,322.824546956518,469,54.0269767473829
17.3025319280565,3.85634784522765,322.821000692465,469.5,54.0351980518599
-31.8193822414721,3.79148467588515,322.824664652144,470,54.0200790605605
8.72098864258867,3.84491620657521,322.821933314496,470.5,54.0242228415556
-41.6137430353086,3.77841596598689,322.828219664618,471,54.0044500560843
-84.9644793509742,3.72212841865246,322.850254627462,471.5,53.964079152139
-19.4061955648527,3.80657515432382,322.852386053376,472,53.954858291103
-24.0446611058459,3.80033125796833,322.854715048012,472.5,53.943433461441
-10.3685647570229,3.81836377503446,322.854430276307,473,53.9385068340426
-21.6915853167849,3.8033137921069,322.856162343076,473.5,53.9282000692165
-41.3809856160132,3.77715456998568,322.862848877558,474,53.9085378785195
12.283810694669,3.84804138819101,322.859779517121,474.5,53.914374535737
18.5355554751656,3.85652191890279,322.85570911388,475,53.9231817118108
-37.8411397370482,3.78202566725769,322.860995490693,475.5,53.905201480199
7.8783628789324,3.84238388312915,322.858321441291,476,53.9089448872493
10.1260194509472,3.84551905801076,322.854985308905,476.5,53.9137562691554
26.2754505588661,3.86699603203433,322.850556920367,477,53.9262410592551
-29.119170888797,3.79392308418938,322.853541850079,477.5,53.9124050743836
20.5398052025841,3.85952374628324,322.849763880488,478,53.9221645704603
18.3435087701841,3.85687127087582,322.845701276048,478.5,53.9308804954709
3.38305261820487,3.83729224219955,322.843033242457,479,53.9324879541799
-11.0784851327688,3.81816861784479,322.842556338687,479.5,53.9272240078512
-77.9765911589554,3.73067828751461,322.861326069089,480,53.8901734015776
-44.5336661861911,3.77312649645099,322.869503189204,480.5,53.8690132135359
-25.6336771659122,3.79771527138581,322.872433461271,481,53.8568333623023
-9.73600084946126,3.81869274257561,322.872025466912,481.5,53.8522072978798
-44.4653917279758,3.77271621253516,322.879446788883,482,53.8310795504722
2.71976230533138,3.8349402480468,322.877406835743,482.5,53.8323718465425
10.0479415878308,3.84479994841981,322.874071975677,483,53.8371461297229
-10.105110664857,3.81821191321054,322.873368892692,483.5,53.8323446826343
-14.0287219824483,3.8129800484364,322.873537529437,484,53.8256789301698
-3.15664915563767,3.82738317809019,322.871963999856,484.5,53.8241790471502
-2.39632187550249,3.82844614584424,322.870180062241,485,53.8230404339203
-31.6912367766313,3.78961256291851,322.874053239641,485.5,53.8079823309861
7.41732496701333,3.84130895389379,322.871328938924,486,53.8115066757012
9.17340788679297,3.84378912622458,322.86805648323,486.5,53.8158654238684
-46.8190851944937,3.76980131060707,322.875903605496,487,53.7936193181354
6.33194885738971,3.83980582254577,322.873460699748,487.5,53.7966279459886
-14.7517921220656,3.81193414544063,322.873606266116,488,53.7896186264785
-12.9082881300376,3.81431898751242,322.873612413028,488.5,53.7834852485754
-15.8814694447615,3.81032272996454,322.874151361857,489,53.7759391624655
-18.6527918292373,3.8065679105191,322.875263360174,489.5,53.7670762814945
-11.1685714524351,3.81641906517036,322.875010792139,490,53.7617695306174
-60.089813394665,3.75193313257151,322.887384977537,490.5,53.7332178334473
-14.1493155849197,3.811935324972,322.888150305561,491,53.7264947808877
-7.65936518179544,3.82054905396183,322.887268290665,491.5,53.7228554306746
11.8719723216109,3.84653509806679,322.883828184193,492,53.7284964027361
-23.142003947327,3.80021588129174,322.88561925881,492.5,53.7175004709585
-60.5815410408161,3.75086245003011,322.898323912026,493,53.6887151292144
-21.1114102736145,3.80226246798938,322.900482866652,493.5,53.6786840347757
-44.2203323798811,3.7715995296502,322.908033795327,494,53.6576727274085
-40.1642752629135,3.77660936269034,322.914719210877,494.5,53.638588657088
-37.4296511278174,3.77994671965266,322.920632661366,495,53.6208039444418
-1.86739272223612,3.82700648898446,322.919087255183,495.5,53.6199166520957
1.56036649799418,3.83169075456287,322.916693536357,496,53.6206580608172
-19.4340437693577,3.80387325606466,322.917820075134,496.5,53.6114239676965
22.3518484061715,3.85931966344081,322.913612587568,497,53.622044456775
-57.9638447549125,3.75337442083394,322.925044793713,497.5,53.5945029143942
-28.5740282006642,3.79151069773543,322.928847088411,498,53.5809259542736
9.86560304136639,3.84250129145453,322.925711363206,498.5,53.5856135992258
14.2139667646337,3.84847318163714,322.921804937633,499,53.5923673708174
10.7835576803789,3.8441539138877,322.918190378935,499.5,53.5974911822575
12.0800015655974,3.84605399733534,322.91449159156,500,53.6032309994916
