curr_dens,Volts_tot,Temp_tot,t_tot,SOC_tot
14.3187038960624,3.99502359783589,275,0,77
14.3187038960624,3.99524467160628,274.999899727763,0.5,77.0068035374785
4.70641984078142,3.97626583458323,274.999698365287,1,77.0090397946153
-14.1491916800604,3.93872271868835,275.000869637667,1.5,77.0023168009292
-40.7646436603597,3.88619588629466,275.007347394141,2,76.9829474653415
-29.5007744043761,3.9075758128498,275.011430298427,2.5,76.9689301614177
40.2307675686565,4.04555155058555,275.013942252483,3,76.9880458255819
-23.6733381581109,3.91926811855471,275.016457353793,3.5,76.9767974301566
23.9466169440257,4.01371427182315,275.016933386921,4,76.9881756740987
-35.6050817324062,3.8958845571476,275.021940573985,4.5,76.9712579062789
27.9217921369467,4.02143314607919,275.022829983158,5,76.9845249561914
-50.2640404067935,3.86749377039904,275.031889148939,5.5,76.9606419787087
2.45725230492896,3.97044202513268,275.032027194557,6,76.9618095430548
-22.1460517578997,3.92156761884027,275.034405583683,6.5,76.9512868383302
-26.2426563922508,3.91318948429237,275.037698303845,7,76.9388176303909
21.0362457401238,4.00688945521814,275.037842348887,7.5,76.9488130103736
-20.3954436447047,3.92473785979417,275.039859865578,8,76.9391221077447
-21.9816928093686,3.92132927074243,275.042356563569,8.5,76.9286774982357
-8.07307317732369,3.94865606561279,275.042993558241,9,76.9248415745146
-3.99337588669317,3.95671468665736,275.043193214441,9.5,76.9229441204777
-49.4037552362197,3.86753181616619,275.052366306469,10,76.8994699078136
-41.7708997132071,3.88152614981253,275.059736804303,10.5,76.8796224492884
48.0677070987497,4.05844363804725,275.063328915241,11,76.9024618381834
-2.70413506500273,3.95881785814479,275.06323539775,11.5,76.9011769674021
12.2720240111769,3.9886849912297,275.062838372373,12,76.9070080241726
-15.9686937618493,3.93263862845766,275.064185316019,12.5,76.899420493396
6.70271641728242,3.97759659438655,275.063865950395,13,76.9026052915931
-2.20016723889703,3.9599722344529,275.0638104243,13.5,76.9015598813118
14.6809051344692,3.99362916893578,275.063464563732,14,76.9085355188434
23.1715397946533,4.01074093407644,275.063514752779,14.5,76.9195454845898
-7.55019585097956,3.94991009581464,275.063809659921,15,76.9159580062248
7.4814309747971,3.97978106572197,275.063447327739,15.5,76.9195128109333
9.11475202820269,3.98316091288,275.063018201063,16,76.9238436887475
-1.94339983021456,3.96124856698979,275.062924069446,16.5,76.9229202815958
2.4644240002508,3.97001873238949,275.062658958444,17,76.9240912535756
-16.61653888024,3.9320828779557,275.064071851492,17.5,76.9161958989502
-40.176326307671,3.88561723564436,275.070439395823,18,76.8971061025713
-1.00678417854326,3.96234039432068,275.070568194097,18.5,76.8966277286947
12.0494370859916,3.98839721150656,275.070144978777,19,76.9023530232049
-11.6216888204746,3.94143031415938,275.070895587067,19.5,76.8968309734421
-39.2223270710493,3.88698262317182,275.077034971926,20,76.8781944701551
-37.671730786938,3.8894402204537,275.08306805632,20.5,76.8602947332689
-35.4987602417284,3.8931601850182,275.088620673867,21,76.8434274841449
-10.4369140749999,3.94213466740771,275.089575336531,21.5,76.8384683805427
12.4023364129567,3.98757435327788,275.089110044696,22,76.8443613552994
-24.4029751486398,3.91463654701854,275.091889504965,22.5,76.8327662725868
3.47042374203761,3.96971523514525,275.091642475852,23,76.8344152457178
-1.19402418498283,3.96052592347235,275.091485620198,23.5,76.8338479046824
4.61435980311551,3.97214357041144,275.091063727848,24,76.8360404194581
-25.2074198131822,3.91302245896891,275.093999426134,24.5,76.8240631045641
-17.2620303290572,3.92839606995212,275.095756196143,25,76.8158610444369
-1.7253491187234,3.9591018158211,275.095737679788,25.5,76.8150412441618
-11.761953746486,3.93915290120474,275.096595668764,26,76.8094525474672
-9.37550628816462,3.94378214208598,275.097229421928,26.5,76.8049977721694
-22.766448936798,3.91715355253968,275.099826633523,27,76.7941802854947
23.4816034614607,4.00882134711834,275.099806280406,27.5,76.8053375781076
7.59333435424543,3.9776458452781,275.099201496724,28,76.8089455537485
-18.6278787023319,3.92562986637578,275.100944465758,28.5,76.800094510259
-8.57591996061224,3.94535020184385,275.101506658109,29,76.796019658702
8.67972736962965,3.97965613478285,275.100997953806,29.5,76.800143834388
-30.8065716072655,3.90151319163472,275.105080523305,30,76.7855060804378
-3.56790398177534,3.9550131032452,275.10526277174,30.5,76.7838107895347
-22.0662821606884,3.91829543343597,275.10767807165,31,76.7733259873639
-37.3379295376781,3.8880816670783,275.113617556906,31.5,76.7555848562654
-7.21404820247485,3.94700103479264,275.114202602361,32,76.7521570985805
2.2913356849542,3.965912318623,275.113853586665,32.5,76.7532458275829
-5.06522754805741,3.95135497853445,275.113964926768,33,76.7508390828307
-7.1882910428886,3.94711628106555,275.114310305271,33.5,76.7474235636697
-19.3111233424853,3.92300555515335,275.116293030625,34,76.7382478762355
-9.70058335797769,3.94185187949065,275.11700175354,34.5,76.7336386404472
13.5417715015981,3.98806815140588,275.116436609894,35,76.7400730182097
18.8587542144547,3.99888799437175,275.115934782172,35.5,76.7490337622846
-26.0616315281322,3.90999349066112,275.118974417708,36,76.7366505683767
-0.527492332988801,3.96029127125132,275.118871985231,36.5,76.7363999301987
-23.7451720742372,3.91425887239033,275.121572539879,37,76.7251174028614
-1.63271715798209,3.95784039066779,275.12153068311,37.5,76.7243416166969
19.3142475727616,3.99955894835817,275.121081038106,38,76.7335187886103
-8.51588871021706,3.94451113400765,275.12142003065,38.5,76.7294724609242
-12.4165262203917,3.93667670106738,275.12233606557,39,76.7235727438753
24.7644385578487,4.01046199582663,275.122273917388,39.5,76.7353395760612
-59.8715609546744,3.84481958553256,275.134974197739,40,76.7068915816189
1.13295789347331,3.96306403238059,275.135019151225,40.5,76.7074299069832
-0.846389173615899,3.95920458762337,275.134747370917,41,76.7070277448527
-19.9724987267202,3.9212646391351,275.136751126059,41.5,76.6975378046589
-21.1296775541256,3.91873864161101,275.139088894246,42,76.687498030515
-29.0292430207542,3.90293760251821,275.143041123372,42.5,76.6737047749033
-2.55844918298391,3.95500010789227,275.14307832349,43,76.672489126823
23.2388492016901,4.00632135170191,275.142737995821,43.5,76.6835310746592
10.0848411201879,3.98062071807409,275.141965747071,44,76.6883228906661
-18.8463764669886,3.92330358495868,275.143697787349,44.5,76.6793680278825
-22.5199522439039,3.9158154544453,275.146248592837,45,76.668667664203
-22.3501066182935,3.91587290441656,275.148825416263,45.5,76.6580480027357
-9.77077685930071,3.94052758412793,275.149505102153,46,76.6534054144792
-11.3654953042877,3.93728672257046,275.15030210659,46.5,76.6480050951607
11.7591645385247,3.98320978135859,275.149625094478,47,76.6535924665621
-8.62286437534452,3.94288069115794,275.149971391284,47.5,76.649495309349
-6.09288617830769,3.94784249601427,275.150148847208,48,76.6466002722166
-27.3154127825083,3.90581102414669,275.153600466597,48.5,76.6336213436797
-0.481828868015254,3.9586404959579,275.153437474623,49,76.633392402514
-5.2894158671912,3.94913263380005,275.153499953862,49.5,76.6308791345986
-23.042294500715,3.91392803303947,275.156105431545,50,76.6199305798016
-24.9944910822333,3.90980375540542,275.159236448441,50.5,76.6080544380733
6.86240010899924,3.97274420512177,275.158689339028,51,76.6113151100359
-61.2351270409124,3.8398489323271,275.172350194797,51.5,76.582219216661
-31.7348269870323,3.89560348155261,275.177425939549,52,76.5671404018221
-46.8416982810364,3.86592216928866,275.186548140156,52.5,76.5448835514726
1.23092676481402,3.95992536838705,275.186424681352,53,76.5454684267824
-21.5493560416343,3.91481164353733,275.188862767008,53.5,76.5352292422492
-0.385815434288464,3.95663025666285,275.188631967541,54,76.5350459219022
-28.9845631649805,3.90006788827895,275.19260743377,54.5,76.5212738959406
-21.4812416329825,3.91450959644073,275.195231716232,55,76.511067075994
-50.3658076198097,3.8580649607869,275.2055316372,55.5,76.4871357437822
19.2944231526874,3.99469795760834,275.205035278272,56,76.496303496115
-40.0015240043251,3.87781400176275,275.211816161979,56.5,76.4772967571156
-37.5533841072321,3.88206119771147,275.218365105878,57,76.4594532526983
-7.93508852778391,3.94002631046898,275.218997303404,57.5,76.4556828924348
-29.8579299201143,3.89667391836844,275.223345107409,58,76.4414958859349
-26.0708276793791,3.90379287235851,275.227011400452,58.5,76.4291083224724
-3.3031054665251,3.94869109254735,275.227040136492,59,76.4275388506822
-69.6087931316251,3.82018612533759,275.244933291706,59.5,76.3944642067517
2.03910677427718,3.95850371262927,275.244917186305,60,76.3954330890934
-11.4671535829568,3.93179752394557,275.245737599329,60.5,76.3899844668061
-34.7051314520654,3.8859277665705,275.251391762553,61,76.3734943106966
23.3745986109054,4.00063370763832,275.250738650462,61.5,76.384600759915
-4.34557332039426,3.94604251154262,275.250534890185,62,76.3825359591366
-21.4957872040401,3.91206613234114,275.252982396883,62.5,76.3723222278565
-62.6323735446158,3.83243174819064,275.268034191828,63,76.3425624322859
-17.0390513570944,3.91984485863749,275.270250232873,63.5,76.3344663207001
10.7925316858999,3.97510283535728,275.269270316574,64,76.3395943961423
-15.4910257544467,3.92312491922237,275.270585855499,64.5,76.332233829497
13.1850797634798,3.98003628732694,275.269545300248,65,76.3384987250476
20.6927645244847,3.99521075880019,275.268470961616,65.5,76.348330899803
-3.41614786628751,3.94774393656583,275.268094369309,66,76.3467077158745
-2.2975606647635,3.95000801626669,275.267711513121,66.5,76.3456160290707
-2.56474643384197,3.94953266832717,275.267342876808,67,76.3443973888493
20.3874536685833,3.99513425658611,275.266354076342,67.5,76.354084495038
12.7270498100597,3.9803414708167,275.265173235999,68,76.360131757486
12.4304505419121,3.98000289293109,275.26402686418,68.5,76.3660380906814
-10.4694323391693,3.93477199394794,275.264392791356,69,76.361063536014
-32.4002450425928,3.8914813176319,275.269001736472,69.5,76.3456685475386
1.89885657786739,3.95882363871062,275.268454017339,70,76.3465707899474
-38.1266018296704,3.8800272143591,275.274544357536,70.5,76.3284549209162
-42.0308786648549,3.87196080935053,275.28214248875,71,76.3084839332955
2.38947762724039,3.95889152598887,275.281642598223,71.5,76.3096192944782
-7.17603621326119,3.94002215721198,275.281695056768,72,76.3062095982041
21.626240276809,3.99714627727235,275.280722394878,72.5,76.3164853143102
-10.8684742806876,3.9330953209208,275.28111239666,73,76.3113211547159
8.77021364810446,3.97200432560185,275.280076035737,73.5,76.3154883249907
-15.0915494013271,3.92485250843616,275.281107714862,74,76.3083175696831
-13.3966726916463,3.92805299181103,275.282022302278,74.5,76.301952135674
22.4387848051931,3.99897896627155,275.281137766846,75,76.3126139326148
-23.1343498319814,3.90912189544993,275.283508693968,75.5,76.301621637693
-44.3628752991567,3.86750207884383,275.291568284105,76,76.2805426010047
33.3350977709389,4.01991615564374,275.291662137003,76.5,76.2963817851013
16.8765237595546,3.98810616034231,275.290407052944,77,76.3044006716388
9.12173874291949,3.97305195008629,275.289216699692,77.5,76.3087348691931
0.146853827932409,3.95542564549353,275.288465641766,78,76.308804646844
-33.0504930525299,3.89000355145723,275.29305535132,78.5,76.2931006927851
-11.575285722886,3.93179169072681,275.293778846549,79,76.2876006914713
-67.7259875511706,3.82342473000329,275.310287440808,79.5,76.2554206633122
-1.01542881774686,3.95170381558874,275.310207510589,80,76.254938181932
-0.0457766686323833,3.95371771951962,275.309506751516,80.5,76.2549164311309
-29.0910260971089,3.89641600464368,275.313295263666,81,76.2410938192675
22.4190991522896,3.99795782951263,275.312388648533,81.5,76.2517462625631
-30.1676081589162,3.89440275613861,275.316286485676,82,76.2374121123329
-3.83466072557144,3.94599531568616,275.316080237264,82.5,76.2355900718638
1.79714542630438,3.95720678069435,275.315237519774,83,76.2364439861811
19.8222479638969,3.99301450758865,275.314065085474,83.5,76.2458625346692
1.17690629816044,3.95644540265337,275.313152849542,84,76.2464217421342
-5.21302809206804,3.94384492575855,275.31284933217,84.5,76.2439447698986
-50.7375637242658,3.85492298507914,275.322743517873,85,76.2198367976356
6.85067854308265,3.9670821169983,275.321953823633,85.5,76.2230919000917
-14.288952589612,3.92535306571588,275.322797056228,86,76.2163024989575
-11.2104847227734,3.93131035140749,275.323313104224,86.5,76.2109758329745
-24.5435932948918,3.90491675145256,275.326122890091,87,76.1993139354974
9.8231366907563,3.97266339567208,275.325017091509,87.5,76.2039814025474
21.2568451554273,3.99548812405506,275.323830604618,88,76.2140816004242
3.71645061047744,3.96116010317516,275.322734242392,88.5,76.2158474733132
43.5503131791668,4.03950678887554,275.323900312496,89,76.2365404208082
-29.5738451363128,3.89625736230446,275.327387395442,89.5,76.2224883972989
5.39496104481882,3.96488498752591,275.326454912954,90,76.2250518150447
-28.6135477468958,3.89785575994101,275.329887105714,90.5,76.211456077197
-21.9763423428832,3.9104902114052,275.332191496665,91,76.201014009964
-22.1703955487404,3.90984451593115,275.334515119324,91.5,76.1904797382782
-48.1752414051376,3.85909733884652,275.343730958923,92,76.1675892544175
-14.7415431450027,3.92359234481019,275.345039141566,92.5,76.1605848047127
-54.8512277848584,3.84560569002671,275.356694117141,93,76.1345222234422
-16.883188246692,3.91851495443462,275.358484913418,93.5,76.1265001702712
-8.14321030728346,3.93568640294541,275.358638298373,94,76.1226309208668
-6.64189213728901,3.93865798530069,275.358539513123,94.5,76.119475023349
-13.7525329607895,3.92458233833704,275.359391053879,95,76.1129405022007
-31.4033647113918,3.88976497866094,275.363873906732,95.5,76.0980191817853
14.273959210557,3.97968084732743,275.362645232112,96,76.1048014588099
15.5145580782772,3.98244331765965,275.361168281334,96.5,76.1121732068477
-43.7461669965296,3.86616559556689,275.368828513057,97,76.0913871993386
28.6499938500351,4.00804623522301,275.368185668125,97.5,76.1050002545658
-15.7945337691867,3.92070396851332,275.369127100605,98,76.0974954759744
60.3711490567445,4.06951975856396,275.373392834224,98.5,76.126180849889
-6.04184394062627,3.94082286582573,275.372895232414,99,76.1233100654948
10.1968930786573,3.97294240994606,275.371543747574,99.5,76.1281551230314
8.68046711032744,3.97013806910156,275.370158619776,100,76.1322796502054
0.87326237512519,3.95484683062901,275.369149297597,100.5,76.1326945811476
-36.3001519756084,3.88180472595921,275.374426606124,101,76.1154465504434
-33.0150894670641,3.88767545360545,275.37919955537,101.5,76.0997594184112
-11.8437838747006,3.92881505386399,275.379809225268,102,76.0941318401008
8.5118363180305,3.96903236256357,275.378504974396,102.5,76.0981762422912
-21.8559931825212,3.90918238529573,275.380510648906,103,76.0877913590065
-17.9494270463898,3.91661187236822,275.381997165308,103.5,76.0792626820735
21.9977259010694,3.99540849689886,275.380787796657,104,76.0897149097121
-9.43170248390709,3.93364880224548,275.380733186816,104.5,76.0852334327711
-25.9637486573165,3.90100571684461,275.383665822511,105,76.0728967479457
16.9569755816754,3.98547891874416,275.382368641464,105.5,76.0809538611963
-1.50729139116852,3.94926613437318,275.381491791724,106,76.0802376711315
-13.2315724396532,3.92610600322378,275.382047614387,106.5,76.0739506845686
27.2640812132104,4.0059572966376,275.381135386529,107,76.0869052228912
22.5970054694082,3.99724849206853,275.379831546832,107.5,76.0976421984395
29.3389536588174,4.01083070490363,275.379044311162,108,76.1115826131759
-18.7599608471565,3.91638624978012,275.380251797557,108.5,76.1026688108062
-7.8750945844991,3.93760357990455,275.380141674989,109,76.0989269566872
-42.4271337114038,3.86996790762425,275.387127462497,109.5,76.0787676883338
-1.7644327857762,3.94903340481752,275.386607515655,110,76.0779293174398
-22.3914684210226,3.90835579379164,275.388695569073,110.5,76.0672900028965
-18.9948547736524,3.91475631137219,275.390302807498,111,76.0582645905903
-37.303256082514,3.87877774055718,275.396079767176,111.5,76.0405399345969
-31.5891065921754,3.88937916840538,275.400582971108,112,76.0255303588578
-30.835746330549,3.89045732173532,275.404904753999,112.5,76.010878742527
-18.9723081435777,3.91335132709799,275.406699108945,113,76.0018640432605
14.9714402550437,3.9803206894924,275.405254597674,113.5,76.0089777286626
-0.101220269071208,3.95081082760584,275.404240692114,114,76.0089296338141
6.92382054729848,3.96480099564497,275.402863593333,114.5,76.0122194897208
-33.2308632039818,3.88586150521747,275.407434324348,115,75.9964298327174
7.29936177850372,3.9653063562358,275.406246086496,115.5,75.9998981271796
-6.92101535316186,3.93734066641908,275.405919090051,116,75.996609604162
14.2148231948986,3.97913509628293,275.404415201425,116.5,76.0033637826868
0.122961477845111,3.95153912208948,275.403367609227,117,76.0034222078787
-12.3480505248927,3.92693313202518,275.403753558337,117.5,75.9975550270819
8.67132068677929,3.968399815629,275.402377861833,118,76.0016752083295
-24.4437313043473,3.9032042533903,275.40484373805,118.5,75.9900607603143
6.22899432890962,3.96345924259187,275.403635070563,119,75.993020469285
-12.1572014540334,3.92724151555957,275.403965187733,119.5,75.9872439704953
7.21601428449356,3.96545196955224,275.402637382023,120,75.9906726623648
-30.145925418392,3.89197278326685,275.406383213935,120.5,75.9763488146968
-17.6397690016667,3.91609438455966,275.407832137797,121,75.9679672718989
4.3679942982452,3.95941826303362,275.406666575652,121.5,75.9700427260133
-14.8655814894276,3.92151673775974,275.407429789952,122,75.962979339443
-39.0712727590723,3.87405514884139,275.413729982535,122.5,75.9444146096685
-44.7521371001151,3.86259408116721,275.42205479904,123,75.9231506150908
-24.349161914629,3.90161416346033,275.425068744436,123.5,75.9115811017563
7.73736870400342,3.96476550534308,275.423763251788,124,75.915257515372
8.93988169025532,3.96735953471705,275.422223573699,124.5,75.9195053034802
-0.175869830932573,3.94953633055364,275.421203556413,125,75.9194217388646
6.04442069357507,3.96192602779706,275.419820544021,125.5,75.9222937476039
3.17015677526439,3.95640057394391,275.418566580269,126,75.923800048774
-17.1264568503328,3.91639676309121,275.419699197047,126.5,75.9156624064356
10.569088911132,3.97096447082094,275.418254619181,127,75.9206843129603
-23.6448944739899,3.90363214793822,275.420575537657,127.5,75.909449432562
-5.95322071066196,3.93821935214181,275.420294049869,128,75.9066207575286
-13.7372053437759,3.92282525481174,275.420939387482,128.5,75.9000935193033
-6.89101076676375,3.9362229188065,275.420704647341,129,75.896819252976
31.3944919197798,4.01164826588592,275.419885186582,129.5,75.9117363574812
-9.12117902935801,3.93232461932949,275.419686701008,130,75.907402425875
-35.525904722782,3.88048123118312,275.424895215958,130.5,75.8905222790408
-12.0770851971542,3.92593858048573,275.425492589798,131,75.8847838475203
22.9333920382206,3.99497511326698,275.424122159121,131.5,75.8956806572717
25.9527367564805,4.00129062967685,275.422808322818,132,75.9080121097883
-39.5142365279074,3.87308423477972,275.428864758512,132.5,75.8892369056144
9.27191552150428,3.96835897651952,275.427592443444,133,75.8936424597209
0.214492020117175,3.95064849181367,275.426496673757,133.5,75.893744375684
20.6767850221276,3.99108646596482,275.425015994954,134,75.9035689577729
17.1478117205247,3.98449150786563,275.42339571792,134.5,75.9117167468859
-29.2776790220177,3.89331710013267,275.426762647403,135,75.8978054468159
5.09107991120116,3.96059229243869,275.425577893306,135.5,75.9002244753281
-27.2503221313554,3.89699305583311,275.428582702871,136,75.8872764746383
-7.12402819929372,3.93621202067851,275.428401607418,136.5,75.8838914899913
-10.7796535571219,3.92894644328201,275.428553129366,137,75.8787695335968
30.9697008795342,4.01109629819624,275.427746144686,137.5,75.8934847984813
-3.93976799195556,3.94286911078451,275.426921064527,138,75.8916128162555
29.9718443973463,4.00962664674286,275.426059939097,138.5,75.9058539492616
1.7062939492861,3.95448347699777,275.424780728961,139,75.9066646954658
-13.6935471577983,3.92412365839998,275.425226029529,139.5,75.9001582014439
-33.288033336181,3.8856016273354,275.4297053852,140,75.8843413800308
-10.2072060153993,3.93037062779826,275.429932788157,140.5,75.8794914222985
27.4862905420294,4.00457410906454,275.428865266635,141,75.8925515434664
18.2346081558483,3.98687381492108,275.42725517458,141.5,75.9012157243095
-21.2184912086558,3.90936529049096,275.428874988264,142,75.8911337503247
-19.6208658206843,3.9122108483737,275.430442616071,142.5,75.8818108886368
-27.0312802366747,3.89744809281394,275.433523268189,143,75.8689669657847
-14.2989664083458,3.92207742573575,275.434296638851,143.5,75.8621728065808
31.0786685645575,4.01130272814553,275.433506452231,144,75.8769398475013
-4.23066269609751,3.94231226708121,275.432688415377,144.5,75.8749296465487
-56.3869744347271,3.84109819900764,275.444327371538,145,75.8481373546867
22.0372818480445,3.99331846874308,275.44322602472,145.5,75.8586083773482
-22.7037533551257,3.90551158408086,275.445183675827,146,75.8478206805024
-11.0470410694134,3.92815340199662,275.445430714719,146.5,75.842571674832
-17.281879945376,3.91577016600443,275.446575082951,147,75.8343601831522
-14.3595181210207,3.92133151558543,275.447293774864,147.5,75.8275372527795
-19.80697548629,3.91047064622934,275.448940235147,148,75.8181259610148
-48.7352801819476,3.85418849358585,275.458267036838,148.5,75.7949693745212
-6.27962049430743,3.93627118504714,275.458184986897,149,75.7919856105091
21.3905832675766,3.99088567610972,275.456603216749,149.5,75.8021493540997
-20.7399005529207,3.90818254627657,275.458246234738,150,75.7922947826429
20.8552903109733,3.98999121830493,275.456749864879,150.5,75.8022041815862
-2.86216498048206,3.94357773135018,275.455807199641,151,75.8008442228318
-32.6589501060421,3.88507704859679,275.460179501747,151.5,75.7853263105494
-54.5083044210104,3.84275942792479,275.471665609031,152,75.7594266694427
5.46084276853866,3.95891125593219,275.470594454302,152.5,75.762021390914
-45.3805450532854,3.85954082939834,275.478762100257,153,75.7404588080638
-24.4700162982388,3.89946304552241,275.48172653232,153.5,75.728831870724
-28.7455423897584,3.89084206185123,275.485520544062,154,75.7151734155727
-9.23283362658989,3.92889017874071,275.485657540409,154.5,75.7107864312431
4.47809897458799,3.95598690921998,275.48426662146,155,75.7129142016354
-5.47918396223479,3.93646512425314,275.483679545986,155.5,75.7103107653391
-24.1575123729225,3.89968291346543,275.486240858879,156,75.6988323143556
-20.9897223411996,3.9056311027369,275.488301843882,156.5,75.6888590399832
-37.8056898606384,3.87262186658996,275.494489642046,157,75.6708956523934
20.500256994669,3.98685766072176,275.492939259636,157.5,75.6806363571244
-14.4043936359961,3.91835764617019,275.49352936513,158,75.6737921041341
19.069850920992,3.98433373092653,275.491798576104,158.5,75.6828531508876
5.61002672643173,3.95816580221145,275.490174530164,159,75.6855187571719
29.0314006706093,4.0043547944762,275.488829343732,159.5,75.6993130379917
11.4490190719922,3.97033804325451,275.486972927267,160,75.7047530436594
-18.6111844009522,3.91125565593529,275.488183100222,160.5,75.6959099324734
-32.8151388546208,3.8832767698284,275.492721554624,161,75.6803178070491
8.08299083867578,3.96328609137669,275.491264993819,161.5,75.6841584431506
24.8978791854257,3.99653860668893,275.489669106983,162,75.6959886797002
-62.7738242504513,3.82648099807786,275.503851728444,162.5,75.6661616737742
22.323668299677,3.99105307790239,275.502586913818,163,75.6767687730646
20.218558129221,3.98732513595175,275.500728415253,163.5,75.6863756284751
-19.1425123845932,3.91010829888093,275.501965462057,164,75.6772800566002
-9.39324915860859,3.92906581445297,275.501882822312,164.5,75.6728168507709
-3.85349999440119,3.93992508789912,275.501087791882,165,75.6709858588162
-23.2492279644458,3.90175817460695,275.50327768539,165.5,75.6599389795071
-12.1057710441748,3.92337264301474,275.50363324838,166,75.6541869178957
-2.46904926480279,3.94228740840642,275.502728071145,166.5,75.6530137482197
-9.73972666293978,3.92797193316915,275.502612504938,167,75.6483859134755
-9.72971445341502,3.92791928709634,275.502541674748,167.5,75.6437628360364
12.095686693119,3.97093068917999,275.50078022589,168,75.6495101060647
-15.6581593007427,3.91642121416091,275.501475268449,168.5,75.6420701258527
7.7153698386104,3.96237148427526,275.499884946187,169,75.6457360866993
-23.3290047634008,3.9013812246014,275.502032467954,169.5,75.6346513014145
9.74291007502793,3.96626888482653,275.50041811033,170,75.6392806487581
8.97924610999953,3.96497103312987,275.498650307639,170.5,75.6435471408849
-10.2358173483296,3.92723715845818,275.498519167176,171,75.6386835884672
18.7108503242984,3.98421315444339,275.496788167427,171.5,75.6475740559537
-14.4993423874155,3.919076908841,275.497230145355,172,75.6406846880288
27.6792633288126,4.00192335041001,275.495931887219,172.5,75.653836500288
-25.8832733571653,3.89705880138126,275.498449929976,173,75.6415380533314
-29.8570175410328,3.88896251010184,275.502214446029,173.5,75.6273514803488
2.61892819798582,3.95240130049426,275.501000040959,174,75.6285958650555
-26.0620978809502,3.8960698282526,275.503741537347,174.5,75.61621244956
32.5649768176838,4.01094411313981,275.502839872064,175,75.6316857103995
-0.906955870997055,3.94576174184126,275.501574258995,175.5,75.6312547699803
-24.7323695275453,3.89893220844369,275.503988084757,176,75.6195031754061
-22.4253450658633,3.90312169893434,275.506122406278,176.5,75.6088477643624
-41.8476431787721,3.86515753816035,275.513223165921,177,75.5889638411511
-43.0986911754428,3.86217985303162,275.520994898653,177.5,75.568485482019
-59.4176708284111,3.83065422438189,275.534728163766,178,75.540253153639
-29.7894922005572,3.88652769667744,275.539145750439,178.5,75.5260986653471
-3.76605970681087,3.93738534387561,275.53853475453,179,75.5243092206775
-37.9386771448098,3.87046949901777,275.544667995653,179.5,75.5062826441301
-41.2590921272241,3.86359438192909,275.552148751734,180,75.4866783711696
-6.29769552180626,3.93152324020665,275.551957265641,180.5,75.4836860188016
11.8595763664507,3.96744323657094,275.550044521285,181,75.4893211009203
-16.5086643267491,3.91173092884471,275.550998270329,181.5,75.4814770029291
-7.30504086137538,3.92975041539473,275.550679387201,182,75.4780060100485
-6.71355406358601,3.93092478213426,275.550218363793,182.5,75.4748160623398
14.3843890815851,3.97258401840515,275.548252387891,183,75.4816508101587
10.7709019435025,3.96577262745661,275.546273633586,183.5,75.4867686082207
-41.0082413587716,3.86448255932682,275.5530725598,184,75.4672835270961
-24.5140105871315,3.89595264375764,275.555968875061,184.5,75.4556356858537
-11.4237480742489,3.92142198241138,275.556280516911,185,75.4502076877099
-31.5551433745438,3.88188720808038,275.560679600449,185.5,75.4352142496062
-11.7925968229307,3.92027194717324,275.561126689359,186,75.4296109928424
26.1802043336059,3.99502049336356,275.559345272317,186.5,75.4420505266629
-19.8346362475225,3.90489942787668,275.560802961888,187,75.4326260918772
-36.3435927289714,3.87249346138322,275.566522673487,187.5,75.4153574202829
-46.3461989426967,3.85278838403361,275.575604320534,188,75.3933360066282
-4.82735550637302,3.93325121681567,275.575223760453,188.5,75.391042286865
31.9180361434659,4.00553823721919,275.573690194351,189,75.4062081536027
3.30922768213776,3.94997159598971,275.571982584352,189.5,75.4077805343659
22.470905653245,3.98780535137049,275.56997558752,190,75.4184575935396
-13.6054846163727,3.9171566361281,275.57025391012,190.5,75.4119929424669
-37.592848844829,3.8701988588443,275.576167541094,191,75.3941306863648
-24.7646968898174,3.89463696192018,275.579056766176,191.5,75.3823637314324
14.108739974101,3.97094758466541,275.577126163857,192,75.3890675044754
-2.76177213443689,3.93798106451391,275.576003174628,192.5,75.3877552474192
-44.1455456975902,3.85721176359862,275.583899649168,193,75.3667794749718
5.36149355027002,3.95350018458844,275.582474842584,193.5,75.3693269906252
-4.18921072540833,3.9348287457065,275.581549578877,194,75.3673364855918
-14.4380603736408,3.91465393444338,275.58212767621,194.5,75.3604762358386
15.1151012977868,3.97280283911102,275.580104420448,195,75.3676581818386
36.9469439445026,4.01567654564154,275.5790354468,195.5,75.3852135359872
40.9352384359697,4.02395374806522,275.578499129296,196,75.4046639297459
10.0551757944399,3.9643988643,275.576414798736,196.5,75.4094416502622
-8.83006987978241,3.92737044487393,275.575930139439,197,75.4052460392766
-20.6158297288535,3.90412774111838,275.577483693667,197.5,75.3954504201179
-9.65224970860708,3.92539716845674,275.577314314652,198,75.3908641500811
-10.8290263451984,3.92299413148108,275.577246758208,198.5,75.3857187341879
22.9496027140437,3.98934114925769,275.57536561612,199,75.396623246448
-52.6562220658917,3.84234478089476,275.585688303373,199.5,75.3716036229608
-53.106226512415,3.84070569177612,275.596923351341,200,75.3463701796936
-27.1324284949813,3.88986583510424,275.600447829983,200.5,75.3334781962089
-8.94878618082705,3.92524579000097,275.600302824669,201,75.3292261771288
-41.9203284920074,3.86090202293301,275.60755299673,201.5,75.3093077174638
-24.933506156892,3.89328495264309,275.61053461732,202,75.2974605527454
-50.1133635482155,3.84442723830159,275.620818778404,202.5,75.2736491694281
-10.4125886628443,3.9209200930336,275.621169065638,203,75.2687016240546
5.8017100740437,3.95291132899434,275.619386105783,203.5,75.2714583087527
7.22855386369617,3.95593113058283,275.617415938301,204,75.274892958808
-8.55204775569365,3.92501098089467,275.616980870591,204.5,75.270829450138
20.037790869195,3.98129382886568,275.614820356714,205,75.2803504139177
3.69730946442167,3.94954255633329,275.61300799748,205.5,75.282107191884
-32.7764373154914,3.87809549058157,275.617443939081,206,75.2665334555104
-40.6597567904282,3.86244472087512,275.624496348204,206.5,75.247213956958
-15.2537064720609,3.91140875878905,275.625487186489,207,75.2399661526579
-17.7303319108872,3.9064271272393,275.62673265298,207.5,75.2315415788599
-5.21713980752072,3.9309259731079,275.626016877833,208,75.2290626529412
-35.0314028815945,3.87254281101338,275.631290746197,208.5,75.2124174688406
29.1189916633782,3.99801599894527,275.629566964954,209,75.2262533685531
-35.9459621676416,3.87093775117096,275.634858014692,209.5,75.2091736312679
-15.2572513917094,3.91087490805713,275.635792776207,210,75.2019241425979
-63.1518439653962,3.81867808449368,275.651126036239,210.5,75.1719175204638
-26.4358515236722,3.88797373564817,275.654816604738,211,75.159356515786
12.6459533104942,3.96470782488466,275.652732631939,211.5,75.1653652452021
2.01974138669316,3.94407781106225,275.651041680521,212,75.1663249260727
4.1357289098616,3.94839904822152,275.649220871635,212.5,75.1682900192015
-7.77780611887482,3.92506471256895,275.648656619094,213,75.1645943917331
-4.48497470916479,3.93154814719106,275.647730704434,213.5,75.1624633543329
-18.8655976851302,3.90327190948712,275.649077731579,214,75.1534993585804
-12.767532840397,3.91507988379238,275.649426806543,214.5,75.1474328606055
27.5768829831485,3.99431302985936,275.647406489887,215,75.1605360268054
24.6315454225849,3.98905940368102,275.645125017683,215.5,75.1722397147687
-7.11088055654707,3.92710944930554,275.644315073007,216,75.1688609772291
5.70061392697355,3.95231720049093,275.642420782539,216.5,75.1715696260554
-12.7757241508427,3.91608140211495,275.642513205715,217,75.1654992359763
25.9580684042972,3.99206196637254,275.640504801913,217.5,75.1778332218274
3.44408108424216,3.94835489113925,275.638616866379,218,75.1794696782347
-6.52372286909449,3.92882836987958,275.637798520333,218.5,75.1763699288886
50.1405353649453,4.03910326121565,275.63853314697,219,75.2001942229047
-25.2797826360301,3.8928297935697,275.640743182459,219.5,75.1881825247886
-17.7828870100569,3.90712841804756,275.641809151474,220,75.1797329794158
-3.56138354968766,3.93486258191307,275.640754567426,220.5,75.1780407866983
8.02659717694607,3.95767669973628,275.638714389315,221,75.1818546273305
16.6744071320672,3.97482136207803,275.636434713816,221.5,75.1897774780773
-17.6152681750384,3.90772307248071,275.637207531007,222,75.1814075768562
5.89036137499781,3.95371820129299,275.635370813619,222.5,75.184206384253
-35.0554697670034,3.87370208563073,275.640186975654,223,75.1675497647629
26.9155063000815,3.99456151899204,275.63842883244,223.5,75.1803386775861
-24.9139299837793,3.89337062622664,275.640639348665,224,75.1685008144936
-22.8269897777271,3.89711199747839,275.642723612973,224.5,75.1576545618158
4.3315199045904,3.95018632165326,275.641010450635,225,75.1597126851085
8.66177578582871,3.95883211455026,275.638897978552,225.5,75.1638283310928
-41.9204461616937,3.86021133057373,275.645733562525,226,75.143909815517
31.440812510518,4.00296323982407,275.644283717352,226.5,75.1588489292681
-7.12942602338151,3.9279159055728,275.643394895567,227,75.155461379843
17.5879986112992,3.97644098223422,275.641175950762,227.5,75.1638183239208
-9.02923377390393,3.92443820815987,275.64057010808,228,75.1595280801369
22.1658771152731,3.98560256251311,275.638467399069,228.5,75.1700602048874
-18.4926851072583,3.90615991171035,275.639345000239,229,75.1612733986848
-29.1009794852937,3.88523610870438,275.642743302041,229.5,75.1474460574654
17.004490177699,3.97527383236849,275.640662937342,230,75.155525747294
-11.2728184354441,3.92000749848674,275.640381511151,230.5,75.1501694634242
14.1479097024832,3.96986220982942,275.638209749819,231,75.1568918479782
-30.7285029796597,3.88215569588252,275.641803169878,231.5,75.1422911883655
-42.2686400584664,3.859499224214,275.649011988299,232,75.1222072283302
-17.1531777220805,3.90762900174947,275.650166462256,232.5,75.1140568895596
-16.9431535411417,3.90786569007449,275.651088648966,233,75.1060063438567
-42.245607084026,3.85858788483701,275.658354567237,233.5,75.0859333279478
-23.447278328128,3.89441053962772,275.660870004085,234,75.0747923449347
26.5875569745559,3.99237003411542,275.65886086769,234.5,75.087425432514
-39.456655743624,3.86364479978387,275.665016374222,235,75.0686775878711
-4.39258408694161,3.93156716175594,275.664240550074,235.5,75.0665904499094
-10.1882152509387,3.92019165529924,275.663978528524,236,75.0617495156459
-42.3681061711074,3.85750107972052,275.67131380402,236.5,75.0416182942503
-35.1039476778252,3.87091140958843,275.67683667723,237,75.0249386404628
-39.0386518931989,3.86288653391334,275.683527727153,237.5,75.0063894105049
-15.532391353831,3.90820027217247,275.684529412323,238,74.9990091889797
-0.566765469475055,3.93757949746893,275.683172041441,238.5,74.9987398901562
-0.310607487139741,3.93819931480454,275.681679550149,239,74.9985923048932
3.14972004876393,3.94512540685238,275.679862537349,239.5,75.0000888955451
49.964575212656,4.03615824074459,275.68011151361,240,75.0238295820295
-39.8705251911595,3.86204522991358,275.686291373888,240.5,75.0048850871649
-10.1684631804263,3.91935814239446,275.686256097828,241,75.000053538105
-46.5350512974611,3.84867300463425,275.694986290794,241.5,74.9779423911837
0.27248115284665,3.93925759969841,275.693746116265,242,74.9780718607047
3.17181050380552,3.94508128306851,275.691886422393,242.5,74.9795789476446
-34.6104612612417,3.87121606128164,275.696849667114,243,74.9631337741115
-3.85767992669498,3.93096249330079,275.69594467279,243.5,74.9613007960604
21.8891164855183,3.9815862333226,275.693526793963,244,74.9717014178948
24.6214387198456,3.98731467303526,275.691110303653,244.5,74.9834003036544
-10.9118365486576,3.91800219586517,275.690732464928,245,74.9782155404623
39.1339349775297,4.01571623354032,275.689605126776,245.5,74.9968100442132
13.1862233342753,3.96591805600144,275.687114205216,246,75.0030754831319
-14.5114811631397,3.91173922896067,275.687295010229,246.5,74.9961803474632
16.9407433070429,3.97333664181274,275.684984175082,247,75.0042297479425
-2.78050672596656,3.93491121305144,275.683552422477,247.5,75.0029085891381
-45.280558115786,3.85229009976521,275.691465578027,248,74.9813935151184
-13.5532562790304,3.91312324627406,275.691943238648,248.5,74.9749536803596
11.2500858766721,3.96174674717716,275.689692474511,249,74.9802991628456
-17.9688828263763,3.90458221061356,275.690536775141,249.5,74.9717612414915
-10.3215608590044,3.91937406739437,275.690279291714,250,74.9668569480128
29.1674302596535,3.99666736136653,275.688282478974,250.5,74.9807158633423
-31.387353543869,3.87867185251654,275.692007474192,251,74.9658021506391
-60.7106522858815,3.82247681212758,275.705964840814,251.5,74.936955461639
-1.21200833236538,3.93646035385516,275.70496015639,252,74.9363795754294
14.4655733979207,3.96734454731025,275.70251095629,252.5,74.9432528980064
-2.65937335322285,3.93399113656803,275.701071528685,253,74.9419892957691
-24.5660643981022,3.8910729819837,275.703375851365,253.5,74.9303167211389
31.1787454176273,3.99994297948436,275.701532173338,254,74.9451313136135
-1.23088923701399,3.9370814138193,275.699873418762,254.5,74.9445464561349
-27.0170862883743,3.88660858071137,275.702678803783,255,74.9317092775427
1.69776252360115,3.94254452869842,275.701060832642,255.5,74.9325159700368
-30.6926810034783,3.87922561481679,275.704797544218,256,74.9179323312494
-37.0541357086786,3.866531831504,275.710580266831,256.5,74.9003260448942
-14.2910654074687,3.91036002336113,275.711164068237,257,74.8935356398538
-40.7241165037418,3.85886658950813,275.718028922716,257.5,74.8741855607596
7.45903436653385,3.95251801662135,275.716109129342,258,74.8777297237115
-24.8391189492783,3.88931333342209,275.718528285733,258.5,74.8659274071099
20.6196638762584,3.97825628746427,275.716156224338,259,74.8757248480651
-25.1348181639351,3.88888480157152,275.718534519644,259.5,74.8637820298718
-6.59552393032386,3.92492881527837,275.717824110244,260,74.8606481642247
-17.1481346055413,3.90419940175048,275.71869287023,260.5,74.8525002216928
-8.55873050274067,3.9209027685386,275.718205163923,261,74.8484335377131
-21.2093869681361,3.89605438977993,275.719918527155,261.5,74.8383558896115
-30.7713802126863,3.8771991138279,275.724027193356,262,74.8237348568656
-20.4293664153885,3.89699030155761,275.725809270518,262.5,74.8140278358196
-40.4944949319669,3.85785110041931,275.732819117698,263,74.7947868615007
-5.021228334944,3.9265768957324,275.732100156104,263.5,74.7924010229909
-6.0413712096937,3.92462099585388,275.731228228518,264,74.789530463215
-53.8476309018544,3.83201447694252,275.742826056083,264.5,74.7639447413765
15.1521530298287,3.96566080931021,275.740659762672,265,74.7711442925208
-13.2561030809074,3.91012425523758,275.740781345251,265.5,74.7648456502145
-24.5335010899416,3.88794174450291,275.743373797226,266,74.7531885480524
-11.7834803208972,3.91268599334361,275.743510302637,266.5,74.747589622998
-31.2160694829623,3.87462018877953,275.747813097503,267,74.73275729598
-3.85059025156615,3.92790834722985,275.746854779361,267.5,74.7309276865906
43.5378289164501,4.02035245562053,275.745757560024,268,74.7516147021835
-37.5675867825573,3.86289614131689,275.75143051845,268.5,74.7337644493597
-3.337650134419,3.9292865058753,275.750402602142,269,74.7321785636577
33.9471432245816,4.00225284474648,275.748361658289,269.5,74.7483085613792
19.1683886990519,3.97412287996035,275.745617372593,270,74.7574164283946
-21.4737101211707,3.89472995109969,275.747133838336,270.5,74.7472131870486
-0.303481110459025,3.93602455408143,275.745593195409,271,74.7470689878862
-32.6803326006163,3.87275846891952,275.749960666212,271.5,74.7315409157035
4.57041481015061,3.94528097531932,275.748084330185,272,74.7337125499994
-11.8562711921824,3.91314087840073,275.747912035211,272.5,74.7280790383354
-6.25742040074483,3.92405122178403,275.747012699169,273,74.7251058227061
-33.399506130451,3.8710118856369,275.751663524294,273.5,74.7092360349534
-19.1154914199823,3.89839084093581,275.753141379484,274,74.7001533020999
-7.37248089225638,3.9212585911061,275.75248010475,274.5,74.6966502650636
-7.0510471130235,3.92188506011924,275.751687995202,275,74.6932999574069
-5.134090134833,3.92565115356806,275.750632894697,275.5,74.6908604925709
-19.69015991425,3.8970946284499,275.752011195888,276,74.6815047057688
-9.35817939216623,3.91716606814334,275.751648298694,276.5,74.6770581633521
10.4505622027796,3.95608159324886,275.749245224664,277,74.6820237518673
-7.91370573237864,3.92022279623654,275.74846096073,277.5,74.678263551647
11.7728489422773,3.95888762979886,275.746001645704,278,74.6838574251979
-37.7852235406138,3.86223172297592,275.751797827111,278.5,74.6659037621877
-24.6840491761609,3.88710613860863,275.754539977592,279,74.6541751270464
7.77914638821612,3.95056640478749,275.752382225467,279.5,74.6578713913443
-42.533289858913,3.85255972383393,275.759776092732,280,74.637661682858
1.8733768564214,3.93863514893874,275.758225635746,280.5,74.6385518185676
16.6086455537902,3.96769281066075,275.755555212774,281,74.6464434226761
-15.7272141620585,3.90452270362096,275.756015657351,281.5,74.6389706310211
-49.0827102952301,3.8398845831104,275.765799236501,282,74.61564896298
-17.3415115429427,3.90055318528763,275.767131685077,282.5,74.6074091373244
-6.17045395472154,3.92236013148554,275.76630830951,283,74.6044772438343
-12.0421328200276,3.91083690613562,275.76630182922,283.5,74.5987554199487
6.1079146462836,3.94647240526547,275.764143259444,284,74.6016575978632
-20.9086752288019,3.89358856756391,275.765740156626,284.5,74.5917228330564
28.9198116898341,3.99102631868424,275.763405267083,285,74.6054640923305
21.1036836619793,3.97633660487176,275.760625541949,285.5,74.6154915154668
27.1629796831818,3.98849089879538,275.758087030497,286,74.6283980153599
-1.14174569628767,3.93357548702012,275.75633951969,286.5,74.6278555144679
-26.5268560423836,3.88391134303142,275.759065472575,287,74.6152512689592
14.8335387346956,3.9646227030621,275.756623453804,287.5,74.6222994304027
4.45114878435413,3.94455095901447,275.754429998638,288,74.6244143954021
-47.6155816018477,3.84346644973719,275.763290488162,288.5,74.601789834105
-13.5055717529099,3.90876192704181,275.763772564127,289,74.5953726566665
-2.17824812342622,3.93089237030165,275.762355581011,289.5,74.594337661261
-11.3566970858395,3.91291375048348,275.76211932827,290,74.5889415224193
-1.00327932737807,3.9331648372797,275.760560158467,290.5,74.588464813874
-22.8160067103832,3.89046568146715,275.762511930509,291,74.5776237798047
-31.0339292113921,3.87421861792617,275.766663078071,291.5,74.5628779968045
-67.4057412347066,3.80496927492394,275.784035909626,292,74.5308501338017
-59.4252125895338,3.81873725640572,275.798666679278,292.5,74.5026142219511
-17.5727318109643,3.8983502590299,275.800268608176,293,74.4942645318993
-13.0755014269571,3.90707316286841,275.800588081695,293.5,74.488051702536
14.7316374052199,3.96170904071768,275.797925140213,294,74.4950514455249
-1.83706815623324,3.9294967716941,275.796313423138,294.5,74.4941785619077
4.1694485691184,3.94140181825105,275.794177534089,295,74.4961596769451
4.75573796897551,3.94272334827371,275.791956973079,295.5,74.4984193676088
7.67751995654537,3.94863115096551,275.789524583778,296,74.5020673440699
-20.1947805695296,3.89411016756271,275.790896105893,296.5,74.4924717865758
44.9935218769665,4.02094397225974,275.789959189519,297,74.5138504752199
31.9553902389575,3.99666654882704,275.787546038184,297.5,74.52903409077
21.488402408404,3.97688477494422,275.784751657301,298,74.5392443131617
-11.9460562067948,3.91174911783623,275.78437088596,298.5,74.5335681401146
-18.6011396579191,3.89859052027091,275.785375183986,299,74.524729801692
-1.79228783769718,3.93131201052337,275.78387420681,299.5,74.5238781954597
3.04397976159599,3.94084131660554,275.781806036234,300,74.5253245435749
-32.2730912506197,3.87193415745083,275.785932499731,300.5,74.5099899722711
37.4853249370442,4.00753833967099,275.784346212505,301,74.5278011383485
46.0118401068999,4.024409114679,275.78359462344,301.5,74.5496636812781
7.03123509754266,3.94967323882576,275.781089583128,302,74.5530045752482
-16.5978476530272,3.90350103173839,275.781504439433,302.5,74.5451181017664
3.86767312012415,3.94338052598015,275.779452487211,303,74.5469558280871
8.42767561699434,3.9524086550467,275.777005081128,303.5,74.5509602412891
11.9744706865657,3.95950450285076,275.774407301355,304,74.5566499154868
-6.38218480153585,3.92373616673011,275.773229677323,304.5,74.5536174180061
-27.9197411377725,3.88164417760393,275.776135444879,305,74.5403513426265
-21.7519688353678,3.89323661484688,275.777854543756,305.5,74.5300158865491
-6.06016379499137,3.92365230963892,275.776870766413,306,74.5271363974693
-0.104905989380867,3.93530324118431,275.775108501637,306.5,74.5270865513494
-3.77967009696403,3.92814709355764,275.773704650879,307,74.5252906396979
2.055814944764,3.93959159238315,275.771737021389,307.5,74.5262674609331
10.3932277403684,3.95601041289395,275.769222607065,308,74.5312058069571
-2.84088748390223,3.93026561519936,275.767660380313,308.5,74.5298559582132
38.982463949479,4.01163568946903,275.766251087078,309,74.5483784904488
-26.7242111416103,3.88423850273214,275.768642745723,309.5,74.5356804715913
14.9160957839968,3.96528200764264,275.766207162877,310,74.5427678600475
-13.0201722712096,3.91082196284773,275.765988284519,310.5,74.5365813203531
-14.4289568970241,3.90790439314526,275.766172778665,311,74.5297253961202
-11.694621249663,3.91307919546922,275.765935955637,311.5,74.5241686924865
0.394707855057103,3.93665129296146,275.764175243474,312,74.5243562380705
-8.07984729247631,3.92008746967402,275.763321806286,312.5,74.5205170956262
-54.8079828602109,3.82999079160821,275.774698654203,313,74.4944750621977
0.127396676174966,3.93535477744931,275.773332751312,313.5,74.4945355947757
-10.622407266456,3.91434789090332,275.772885841251,314,74.4894883540147
-21.7831235237963,3.89244209557081,275.774571028135,314.5,74.4791380947754
30.0295315240089,3.99344636424682,275.772363008319,315,74.4934066378412
-61.8192887257002,3.81639643846914,275.786385779763,315.5,74.4640331798246
-30.2236592158576,3.87543157328587,275.790600648636,316,74.4496723969139
-6.64027514403872,3.92111305417771,275.789818477081,316.5,74.446517267711
14.0031646971956,3.96159662643898,275.78716418661,317,74.4531708766219
-29.1558758800431,3.87744381113725,275.790459072576,317.5,74.4393174513601
-38.1596840524539,3.85969894291672,275.796618257872,318,74.4211858632984
-25.7388672305098,3.8832118642635,275.799560198118,318.5,74.4089560309666
-26.0628109345588,3.88229496835205,275.802503132045,319,74.3965722766633
-14.1423677323325,3.90529707877013,275.802933651792,319.5,74.3898525253785
-6.76888453185225,3.91967244138425,275.802077371335,320,74.3866362873772
-42.7899263394368,3.84965006347056,275.809694766428,320.5,74.3663046379718
9.24148906659394,3.95060583406761,275.807477169348,321,74.3706957349369
-8.61841083831963,3.9157800307956,275.806741262841,321.5,74.3666006938235
-15.7898819331961,3.90169123873187,275.80733157093,322,74.3590981255538
-1.74675210952186,3.92913006979136,275.805832554152,322.5,74.3582681556397
-11.7493903399654,3.9095648106463,275.805651540256,323,74.3526854284524
2.99089743831844,3.93844382520652,275.803637188027,323.5,74.3541065544819
-42.7913951940232,3.84939640383522,275.811149887772,324,74.3337742071496
-27.2741272422413,3.87874092612851,275.814612157555,324.5,74.3208148954526
18.9819230674443,3.96909061635742,275.811930648096,325,74.3298341632537
-5.16160359873972,3.92213818032721,275.81064590076,325.5,74.3273816253852
-23.8724024924404,3.88551167886512,275.81290945086,326,74.3160386444674
-5.43999797749212,3.92135495029703,275.81193173888,326.5,74.3134538274064
29.8455185312435,3.99035507048484,275.809381538484,327,74.3276349366302
-23.7672323782392,3.88604910756564,275.811378962286,327.5,74.3163419273313
-56.5465182342627,3.82301576701509,275.824073516498,328,74.2894738281736
-11.8113769118311,3.90837947247392,275.82439813075,328.5,74.2838616480436
-48.6807039915767,3.83694908325113,275.834223463234,329,74.2607309934471
-5.92227036271184,3.91927677570459,275.833572635515,329.5,74.2579170244829
-2.71497403318521,3.92563039201709,275.832122126526,330,74.2566270035619
-15.2016921322401,3.90118669737918,275.832603867163,330.5,74.2494039138947
13.5396494711971,3.95751414686131,275.829898440804,331,74.2558372833737
5.44883115300236,3.94195856808715,275.827492605987,331.5,74.2584262975215
-5.23968978436777,3.92114103798182,275.82625599852,332,74.2559366569728
-22.3767446105586,3.88758213156462,275.828173407243,332.5,74.2453043384535
-31.5504321119438,3.86950169661809,275.832556999256,333,74.230313138908
-43.6464198960588,3.8458431301966,275.840814361998,333.5,74.2095745262708
-20.213726285618,3.89062631865238,275.842715229667,334,74.1999699667127
-14.146538540818,3.9023429055354,275.843173645292,334.5,74.1932482336667
-4.53777245832215,3.92114686361653,275.842021707658,335,74.1910921093964
38.2837324780239,4.0046816020597,275.839900368362,335.5,74.2092826391136
-21.4230297513093,3.88880340492374,275.841402123207,336,74.1991034785642
55.0924460635603,4.03696590029404,275.841770786649,336.5,74.2252806747894
-3.16885472516061,3.92527987706523,275.840046583468,337,74.2237749922889
-9.3354554282933,3.91319732765254,275.839370793163,337.5,74.2193392471721
33.3920952888327,3.99651001889583,275.837033299455,338,74.2352055136606
27.6101607975238,3.98588962464747,275.834241947445,338.5,74.2483244918264
-11.632948396812,3.90966516429584,275.833723285233,339,74.2427970920716
-17.795287261978,3.8974843768929,275.834521112271,339.5,74.2343416547145
-8.60190841015016,3.91525529002169,275.833806872037,340,74.2302544547361
-4.2996931838972,3.92362378968229,275.832448370869,340.5,74.2282114539215
30.3749606276864,3.99127039071596,275.829947134155,341,74.2426441277543
31.4888069364261,3.99390228666407,275.827449150359,341.5,74.2576060460747
37.6329110434064,4.00618577446679,275.825557967211,342,74.2754873377453
-11.7725334124236,3.91058979780973,275.824972784869,342.5,74.2698936141184
12.2450450031813,3.95743037911965,275.822353934005,343,74.2757118518033
-7.73093889930765,3.91853694324438,275.821272151863,343.5,74.2720384933116
-3.98884410057669,3.92577044575752,275.819829361583,344,74.2701431925546
-10.7005837994558,3.91260224377122,275.819278442872,344.5,74.2650588061848
-9.89195942162457,3.91405711194897,275.818658305257,345,74.2603586379887
-34.6262878144815,3.86589130201067,275.823379205336,345.5,74.2439059444629
-14.4765004097852,3.90451120292062,275.823737100594,346,74.2370274299122
-12.276566271355,3.90865786770698,275.823570288445,346.5,74.2311942148851
-24.8505069341829,3.88401681727082,275.825908127827,347,74.2193864872783
-15.4571500541819,3.90201306470204,275.826409882379,347.5,74.2120420166845
-16.6560304411833,3.89951414696579,275.827078675297,348,74.2041278976292
22.5853711755667,3.97610083254914,275.824343756057,348.5,74.2148593451384
0.0325178147363321,3.93244186288142,275.822344751223,349,74.2148747959902
-41.9226456604724,3.85097817233183,275.829317097369,349.5,74.1949552353217
-80.1484314440025,3.77949751616789,275.85267684728,350,74.1568726783295
25.0407006826976,3.97969169559809,275.850471634929,350.5,74.1687707765666
22.279923927321,3.9748011896131,275.847429801183,351,74.1793570907023
-42.2673465321378,3.84952600307229,275.854467214034,351.5,74.1592737452865
-11.1731416509343,3.90921587999864,275.854385002272,352,74.153964822878
-11.0640408804468,3.90936004418391,275.854034688456,352.5,74.1487077397411
-2.01604935329001,3.92703289619487,275.852408766776,353,74.1477498131415
-26.9711551976886,3.87831559323109,275.855281471364,353.5,74.134934458724
11.6559054032658,3.95358018530059,275.852673505162,354,74.1404727665089
-4.35009703299246,3.922475317578,275.851195474423,354.5,74.1384058162867
-2.64780147170965,3.92583292243092,275.849593864728,355,74.1371477124332
-30.5239388710205,3.87146265795872,275.853360577632,355.5,74.1226442515327
-12.1982964995234,3.9067787822845,275.853363133906,356,74.1168482264168
-18.1797077323574,3.8949904797079,275.85435332168,356.5,74.1082101315303
3.25427714653318,3.93682356191474,275.852246525737,357,74.1097564025261
26.4063018397655,3.98212970327795,275.849387111662,357.5,74.1223033666606
-9.79156726453646,3.91186011597702,275.848605227614,358,74.1176508998353
-6.76781521975837,3.91770808248051,275.847566873153,358.5,74.114435169918
-27.9149499425572,3.87640771391776,275.850673271746,359,74.1011713710766
32.0391959473161,3.99302962860696,275.848304257848,359.5,74.1163948069401
-5.37207551671746,3.92063945104859,275.846862003342,360,74.1138422632616
43.9273601541517,4.01628035684549,275.845590095512,360.5,74.1347143647668
-14.6596228584896,3.9031648420583,275.845501011939,361,74.1277488395166
-56.5543514166458,3.82265218270659,275.857729811069,361.5,74.1008770184194
-11.8964797237439,3.90758794186525,275.857878299328,362,74.0952244016567
6.50084314364766,3.94354572975681,275.85544372527,362.5,74.0983132796928
-29.1944079037178,3.87398497000913,275.858755635405,363,74.0844415459256
12.9615527010322,3.95600105031656,275.85610391264,363.5,74.0906002325094
-21.641402102933,3.88856366531865,275.857581367965,364,74.080317312256
-20.8156592568395,3.88991557055589,275.859129476761,364.5,74.0704267440228
-37.5994601707011,3.85719660266249,275.86507855028,365,74.0525613465467
-4.35255565542233,3.92142323233375,275.863956538353,365.5,74.0504932281092
-23.4568513024821,3.88409304211021,275.866044351623,366,74.0393476964938
16.5087951017547,3.96206256032235,275.863222251876,366.5,74.0471918566228
24.7419732809297,3.97839661929435,275.860220738715,367,74.058948014424
2.98148910736396,3.93637698020109,275.85786955294,367.5,74.0603646700816
-3.68162306828248,3.9234265437326,275.856316733424,368,74.0586153455122
-3.78876420682221,3.92322637351542,275.854819940309,368.5,74.056815112791
-5.83475010596563,3.91922645247683,275.853591597544,369,74.0540427291093
-11.146208578083,3.90880417287112,275.85317147257,369.5,74.0487466039604
-11.2694596563164,3.90846468885632,275.852816960287,370,74.0433919160157
4.60054794002377,3.93946431230469,275.850532217851,370.5,74.0455778680795
-30.2022119537625,3.87164965960581,275.854127264193,371,74.0312272758433
-26.4049148520693,3.8786070647464,275.857067024838,371.5,74.0186809707365
-52.2080668993438,3.82889417628962,275.868110652413,372,73.9938742883433
17.6131704657169,3.9636957970048,275.865513282752,372.5,74.002243192837
-22.4195898047677,3.88571698311931,275.867242707124,373,73.9915905164077
-27.321919991,3.87593589893263,275.870430661228,373.5,73.9786084959683
12.943857381245,3.95441224967595,275.867732982273,374,73.9847587746143
-32.3906222912471,3.86612395219101,275.872014100432,374.5,73.9693683583929
1.66336956628438,3.93222784459449,275.870150650471,375,73.9701587090606
31.4640787864671,3.99039558108863,275.867445239032,375.5,73.9851088777913
-50.0584325828824,3.83272109223315,275.877228365872,376,73.9613235949426
-6.16437838144409,3.91688835255603,275.87646072772,376.5,73.9583945882633
-0.417753122102097,3.92817078858078,275.874600431819,377,73.9581960927121
5.60202484894299,3.94006021339475,275.872135145356,377.5,73.9608578969013
-3.56912072231693,3.92225047104882,275.870567662434,378,73.9591620278635
19.7722633451071,3.96792508045011,275.867576992185,378.5,73.9685568261413
22.9214744979123,3.97439563120137,275.864534978259,379,73.9794479732691
-1.41419232440585,3.92727312345362,275.862611672735,379.5,73.9787760192605
20.2432949062443,3.96961045206532,275.859673249612,380,73.9883946283597
2.79307477925562,3.9358915361051,275.857350559762,380.5,73.9897217588793
-52.5947563810693,3.82894212732964,275.867960589366,381,73.964731340835
-28.8478417460369,3.87347106171785,275.8716829439,381.5,73.9510242781065
-11.4120776107632,3.90707230119792,275.871499865076,382,73.9456018251878
-46.4956424259113,3.8391777914548,275.88029983295,382.5,73.9235094034065
-31.2568849300725,3.86771948057096,275.884763987279,383,73.9086576829136
2.6185669756991,3.93352898367766,275.882778960088,383.5,73.9099018959854
-3.27239033541125,3.92212446983502,275.881199496315,384,73.9083470185012
-8.46585810436759,3.91199251580743,275.880378242891,384.5,73.9043244628761
5.33341810566949,3.93901671547272,275.87797319035,385,73.9068586384715
-19.6936061824577,3.89017919962695,275.87914319773,385.5,73.8975012141736
-17.0867360873488,3.89505638983098,275.879966079965,386,73.8893824451705
2.13168045629851,3.93255017199951,275.877911541421,386.5,73.8903953139317
-47.8642512586791,3.83568565154533,275.887195273093,387,73.8676525971547
-11.4375075210169,3.90544402991797,275.88727121634,387.5,73.8622180612047
-14.4634330467299,3.89946123372552,275.887580057268,388,73.8553457556164
3.67875596292273,3.93493298958175,275.885362212755,388.5,73.8570937178796
-11.341084134455,3.90563688321732,275.884990568706,389,73.8517049975376
-14.8166454054019,3.89876164092204,275.885346332117,389.5,73.8446648629658
-1.66019505607712,3.92443289293848,275.883694864067,390,73.8438760206678
-49.2123209964617,3.83236087591639,275.893593871762,390.5,73.8204927680538
-16.3158025846131,3.89513453928347,275.8946375641,391,73.8127403083911
-11.2903858621839,3.90485629213976,275.894446853844,391.5,73.807375677352
8.36875337757085,3.94337804720701,275.891827551334,392,73.81135209363
-18.3879314447852,3.891162824087,275.892797603013,392.5,73.8026150611691
31.4326060632878,3.98828456952917,275.890082835861,393,73.8175502756238
-14.9676049742418,3.8982711084591,275.890207528427,393.5,73.8104384125567
-56.7253463503907,3.81795526875165,275.903059963954,394,73.7834853431532
-11.4513384989765,3.90424316167399,275.903256419582,394.5,73.7780442354089
-2.11374833335799,3.92251606068833,275.901635929986,395,73.7770398871026
-37.3972154121686,3.85383175286292,275.907640711369,395.5,73.7592705862988
-24.6944817699541,3.87793538250208,275.910466016038,396,73.7475369941067
15.6420132632477,3.95670269064429,275.907544149959,396.5,73.754969302523
-14.1425994187824,3.89867460760723,275.907639689149,397,73.7482494411523
-25.4795311465921,3.87643563895862,275.91041434215,397.5,73.7361428324571
-3.03766193521229,3.920085195735,275.909020510787,398,73.7346994862595
-1.19525746161521,3.92377604098639,275.907224351771,398.5,73.7341315592323
19.2254070200004,3.96382467800796,275.904078897531,399,73.743266518524
-0.39254559599131,3.9258324400582,275.902048754936,399.5,73.7430800003382
-8.93923918671135,3.90915470607516,275.901279518358,400,73.7388325175159
-34.5024054596378,3.85934130833746,275.906374218214,400.5,73.722438686737
-32.7438883190227,3.86228117417642,275.911255598111,401,73.7068804160311
-38.5557573471311,3.85068049656806,275.917957125242,401.5,73.6885606335963
21.1639639391103,3.96678815604929,275.915029449953,402,73.6986166989287
2.56043318118441,3.93085432216132,275.912676837622,402.5,73.6998332897065
-6.22825917316344,3.91375344209628,275.911491708919,403,73.6968739300453
-2.84573386073004,3.92039688068572,275.909896433888,403.5,73.6955217785436
-25.9842000131909,3.8752072084961,275.912669559555,404,73.6831753762488
19.0050022809995,3.96292046436267,275.909679800696,404.5,73.6922056101469
-5.12416489838866,3.91608369045838,275.908240719643,405,73.6897708612908
-7.8828967260937,3.9106873762072,275.907335498341,405.5,73.6860252999813
-34.8142452518021,3.85822519842992,275.91252840471,406,73.6694832984092
24.324756822184,3.9731891171856,275.909620466495,406.5,73.6810412156549
-37.8259226991703,3.85248998387326,275.915513990211,407,73.6630682144243
-28.1204601796618,3.87070471017049,275.919141782437,407.5,73.6497067673174
-2.49286022305476,3.92047773118985,275.917677931852,408,73.6485222838558
-37.3802914281007,3.85257798722684,275.923708908126,408.5,73.6307610244893
-27.212120267776,3.87174413518369,275.927189229648,409,73.6178311754291
-43.0024713085317,3.84100782358928,275.935406297739,409.5,73.5973985352027
14.3562559993838,3.95233980106619,275.932632577049,410,73.6042199155771
10.5403041711328,3.94521843902008,275.929643712072,410.5,73.6092281450218
7.94632605286655,3.94040668316558,275.926846477441,411,73.6130038447996
-10.2338021337199,3.9049770905505,275.926249683194,411.5,73.6081412499118
2.47827280535203,3.92985595086644,275.924050853712,412,73.6093188021565
-22.7103713100035,3.88067775671525,275.925997820518,412.5,73.5985279607869
2.89869305345015,3.93057488855858,275.923853403744,413,73.5999052758687
16.6475956381368,3.95760205542078,275.920686993332,413.5,73.6078153871242
-1.0276398719972,3.92336009415237,275.918711013165,414,73.607327103657
-13.2059962363407,3.89956610207179,275.918653626228,414.5,73.6010522696366
-10.5215883498931,3.90470470349764,275.91821953538,415,73.5960529330212
-53.4577664790216,3.8219072223237,275.929851645401,415.5,73.5706524554082
-42.2251896083608,3.84239747761745,275.937986420979,416,73.5505891408704
-35.6831028093819,3.85438997319393,275.94399475654,416.5,73.5336343013069
1.81722635249579,3.92721172099243,275.942096032357,417,73.5344977570838
7.43751369032875,3.93839642188446,275.939370119755,417.5,73.5380316944783
-27.0710278458758,3.8710734759161,275.942449280535,418,73.5251688855349
-43.6517459700575,3.83881910189249,275.950887314479,418.5,73.5044277422116
-4.90197215757446,3.9135950270096,275.949925287464,419,73.5020985683189
-3.53960989415496,3.91633872290828,275.948431578749,419.5,73.500416721362
23.5015914186309,3.96929000193444,275.945144762195,420,73.5115835112602
-37.074811489876,3.85154811821042,275.950966133656,420.5,73.4939674007999
-24.0133101563062,3.87635053689781,275.953647344912,421,73.4825574675532
20.5499378541612,3.96334211272644,275.9504907976,421.5,73.4923217781632
39.9079478149657,4.00102439483116,275.947946990437,422,73.5112840544015
0.255878947012905,3.92477429599492,275.94569302067,422.5,73.5114056353783
-12.3937514251443,3.90007235510978,275.945445936565,423,73.5055167397818
13.689628073861,3.95102899346822,275.942417386531,423.5,73.5120213716496
-15.394927058505,3.89439414071162,275.942649019242,424,73.5047064663353
-22.1750970915653,3.8810116461911,275.9445279453,424.5,73.4941699607097
-33.6998743732684,3.85842122291184,275.949529587785,425,73.4781574528748
47.4773849099971,4.0154903846096,275.948187544234,425.5,73.5007163499623
-18.414399519456,3.88851364529226,275.948885621282,426,73.4919667411859
-2.23865698981863,3.91995068488119,275.947205338103,426.5,73.4909030424851
-18.8378307776146,3.8875287967916,275.948225207188,427,73.481952240189
-2.92589787054186,3.91845342588119,275.946648661827,427.5,73.4805619987283
-7.07540808030972,3.9103685692095,275.945543866191,428,73.4772001159489
-11.3680624059033,3.90194406620825,275.945167375804,428.5,73.4717985768712
-33.864825826741,3.85811860901512,275.950095884951,429,73.4557076922919
14.3606483029467,3.95180172850477,275.947191311019,429.5,73.462531159671
-12.7351952736639,3.89908387718801,275.946941302541,430,73.4564800269029
-44.3350511055818,3.83786068209811,275.95524613887,430.5,73.4354142108906
-4.51101898104147,3.91451206462253,275.954145815665,431,73.433270798545
-35.8912146984248,3.85344583422237,275.959741423848,431.5,73.4162170745401
-30.3145915328855,3.86374525021392,275.964038567486,432,73.4018130851051
-7.04435190017536,3.90882152735597,275.963219834326,432.5,73.3984659586813
8.54185342188481,3.93940283806864,275.960412440186,433,73.4025246235098
5.99816357417346,3.93466207602077,275.957711444088,433.5,73.4053746531616
19.7655339226361,3.96171276537935,275.954374670548,434,73.4147662539519
-24.9996366828002,3.87462856163767,275.956723649044,434.5,73.4028876672896
-14.0628713083131,3.89565250338333,275.957004801446,435,73.3962056887602
-31.6794136597929,3.86126343888898,275.961409575954,435.5,73.3811532035843
-24.4819120541923,3.87482183023995,275.96410580989,436,73.3695206139717
-15.7455810947251,3.89160466392237,275.964790576037,436.5,73.3620390952618
-23.88389473148,3.87560063664708,275.967242456496,437,73.3506906538024
-4.16225345767189,3.9139480938184,275.96593457959,437.5,73.3487129575249
-6.74569401446729,3.90894170382882,275.964855753909,438,73.3455077385065
-17.758089533356,3.8873895396514,275.965822821169,438.5,73.3370699756639
-24.3857766194085,3.87430493867087,275.968426091207,439,73.3254830648389
-11.6762235317643,3.89888622431934,275.968357132758,439.5,73.3199351028876
-40.0024792187449,3.84381326701123,275.975491069509,440,73.3009279100177
-11.1582965534957,3.89936382230511,275.975508782959,440.5,73.2956260412628
-1.7592426501832,3.91778572951011,275.973794201828,441,73.2947901364636
-27.8738919388568,3.86679992739362,275.977241700704,441.5,73.281545846348
29.4202380291838,3.97840905108184,275.974132825819,442,73.2955248833832
-12.2929136366798,3.89751276921277,275.973807427228,442.5,73.2896839008994
18.03725291703,3.95681206215498,275.970553189401,443,73.2982543083275
4.31524852461035,3.93037227630693,275.967938415021,443.5,73.3003047002679
49.6038845508753,4.01778764162488,275.966579464143,444,73.3238740044503
18.1309521175933,3.95828630147859,275.963143878455,444.5,73.3324889330883
-21.7102904056504,3.88080688448832,275.964614374942,445,73.3221732805323
-19.6901199826677,3.88445783869134,275.965931727306,445.5,73.3128175127036
7.81563037225428,3.938015756615,275.963242713801,446,73.31653111238
2.17115899430405,3.9271669744017,275.960872322132,446.5,73.3175627393832
-32.084646997963,3.86050955210028,275.965123117748,447,73.3023177074361
-20.4512959169852,3.8826268984817,275.9667525349,447.5,73.2926002665793
-61.0034841948611,3.80506058275958,275.981652948299,448,73.2636144383888
-24.7026637061903,3.87326349938581,275.984736846709,448.5,73.2518769585467
-23.4671235395768,3.87540983768891,275.987167806056,449,73.240726546074
27.8201113730796,3.97532141911635,275.983962169267,449.5,73.2539452823338
-45.0937956605067,3.83411721962751,275.992418814594,450,73.2325189485641
11.351939775175,3.94329288612208,275.989669001791,450.5,73.2379128269679
10.092700495903,3.94111213399809,275.986580411119,451,73.24270837736
-19.4352406661046,3.88358099054988,275.987706200788,451.5,73.2334737155333
-16.5749636038245,3.88896200837536,275.988442678377,452,73.2255981154159
-12.3224287110847,3.89713017894611,275.988338152141,452.5,73.2197431088336
11.8565969752495,3.94439465854151,275.985288892001,453,73.2253767752935
0.451568965164141,3.92236100557482,275.983067024226,453.5,73.2255913384552
-29.8097647664,3.8634030465583,275.986813741439,454,73.211427217646
12.4671604701822,3.94560815235259,275.983870279137,454.5,73.2173509935775
16.272271679176,3.95329769421197,275.980502309039,455,73.2250827695143
-33.1857263596034,3.85718228011072,275.985049567384,455.5,73.2093145592993
-35.7558156569532,3.85178689850676,275.990808823862,456,73.1923251701993
2.39228663625207,3.92567542604755,275.988718431536,456.5,73.1934618660837
-42.7859353493157,3.83801793089455,275.99652655263,457,73.1731321129987
-15.0115390833089,3.89118515610142,275.997211811406,457.5,73.1659993746234
-21.1894696265361,3.87901450902911,275.999003204688,458,73.1559311902541
-10.0743116923511,3.90054570707175,275.998574133912,458.5,73.1511443773088
27.2975855095893,3.97346404903461,275.995223335757,459,73.1641148352103
-8.246430582202,3.90463503933919,275.994133330368,459.5,73.160196540654
2.88069589666656,3.92640457312151,275.991754325662,460,73.16156530438
8.87749460872964,3.9382701294618,275.988787643647,460.5,73.1657834492432
-32.021137065901,3.85869846430533,275.993084322193,461,73.1505685940639
-18.7403479768479,3.88405904399503,275.994390859337,461.5,73.1416641107568
23.9093499694755,3.96716988803594,275.991081219742,462,73.1530246472821
4.70623866475222,3.93021933944055,275.988350189778,462.5,73.1552608183329
16.1761329158638,3.95274547620437,275.985020115428,463,73.1629469139007
-37.3614550743222,3.84883550668375,275.990783731111,463.5,73.1451946046346
-18.1829173429276,3.88542995789254,275.991974681657,464,73.1365549847005
-26.9121317174047,3.86826687852543,275.995104124725,464.5,73.1237676753116
-10.5807038862112,3.89978748596681,275.994762812879,465,73.1187402499272
-26.0927495339705,3.86948001169544,275.997665127205,465.5,73.1063422702872
-31.2694191903189,3.85915071406246,276.002146463859,466,73.0914845941359
10.0419258288597,3.93947786418169,275.999335336439,466.5,73.0962560189262
-10.2777836627412,3.89995334678021,275.998692589087,467,73.0913725261985
28.9753969908823,3.97643455363299,275.995409440923,467.5,73.105140196849
20.198804604585,3.95997466392851,275.99187204583,468,73.1147376663649
-17.8277942432783,3.88610030268455,275.99253386797,468.5,73.1062667833035
-10.2310896416609,3.90073609589401,275.992001005284,469,73.1014054772573
20.3881356796435,3.96044786067639,275.988664970729,469.5,73.1110929075039
-26.5228232729927,3.86933087871116,275.991344931921,470,73.0984905781671
2.50459366439214,3.92564824865792,275.989132183892,470.5,73.0996806367777
-18.8512697675448,3.88402363698752,275.990128572177,471,73.0907234489405
4.22986033155361,3.9289416003163,275.9876895487,471.5,73.0927332686493
-15.3717324177069,3.89075437994976,275.9879604135,472,73.0854293842773
5.29571612881204,3.93102307471952,275.985401844323,472.5,73.0879456457644
-41.2871415024335,3.84068213559191,275.992550226067,473,73.0683280451328
0.581518969115741,3.92143059254944,275.99069842726,473.5,73.0686043540871
-11.0628654081395,3.89874751550587,275.990215077147,474,73.0633478294763
-7.10555942914786,3.90641508839708,275.989153411629,474.5,73.0599716202724
11.9092675044425,3.94358419749779,275.986065478587,475,73.0656303131539
36.9102984833938,3.99210875219895,275.983218822888,475.5,73.083168255198
-8.77631791722843,3.90403616706463,275.982119442967,476,73.0789981844774
-2.06212642257128,3.917087567276,275.980290730482,476.5,73.0780183643413
-14.3983210763906,3.89301414048,275.98037106558,477,73.0711769967299
-12.0848469361956,3.89737698951412,275.980125043514,477.5,73.0654348772161
-18.4144684277903,3.88491996224124,275.981119586315,478,73.0566852356979
0.597598600423975,3.92186738060038,275.979069164588,478.5,73.056969184895
0.612818602533137,3.92198566123217,275.976887868809,479,73.0572603658818
-7.47825245158759,3.90624479335701,275.975785714755,479.5,73.0537070714497
-10.9846223396293,3.89935179144796,275.975317513707,480,73.048487724062
-10.5189706694907,3.90017127267537,275.974802792265,480.5,73.0434896312384
-9.30979926255933,3.90245474256981,275.974088597476,481,73.0390660766583
28.6896157591509,3.97637527486786,275.970922164363,481.5,73.0526979582504
47.5228251900217,4.0127038913181,275.969296842897,482,73.0752784463039
-22.178406135252,3.878623760141,275.970714479799,482.5,73.0647403683849
8.1286135404961,3.93743531632168,275.968012356032,483,73.0686026821301
23.4881888058051,3.96742356301945,275.964721308179,483.5,73.0797631037719
-26.5248250035706,3.87048255835265,275.967235453429,484,73.067159823312
45.9965429062476,4.01044157150814,275.965785763325,484.5,73.0890150977711
8.82267209537233,3.9396956335269,275.962744528943,485,73.0932071936967
-6.86787614818087,3.90923523027909,275.961423451964,485.5,73.089943919792
0.844401750686187,3.92420949683337,275.959248794679,486,73.0903451375977
-33.2792230210705,3.85798167339401,275.963633899871,486.5,73.0745325024092
-31.1380656265869,3.86161124763618,275.967767296984,487,73.0597372389526
10.7761317209835,3.94276727149252,275.964975351336,487.5,73.0648575219453
-6.11176622671495,3.91002934568044,275.963571476673,488,73.0619535139509
15.3562541088959,3.95185508586662,275.960420373491,488.5,73.0692500437987
-31.7541943710303,3.86048771779608,275.964359387185,489,73.0541620265401
-39.2711005603133,3.84562922563726,275.970949189961,489.5,73.0355023485116
-28.1907782190194,3.86636065167582,275.974487468068,490,73.0221074897622
-26.0366560435652,3.87017424759861,275.97741192034,490.5,73.0097361629651
-4.10096468699404,3.91262295275107,275.976025909096,491,73.0077875880698
12.7275277629071,3.94551964145528,275.972906770226,491.5,73.0138350776172
-46.1830423765429,3.83158621650051,275.981620787868,492,72.9918911878655
-26.2788341682256,3.86908180986617,275.984829226353,492.5,72.9794047900425
-6.71183727557397,3.90692252683696,275.983844182439,493,72.9762156580662
-6.11212550710966,3.90810187887493,275.982611439572,493.5,72.9733114793596
42.4866313117852,4.00217706165647,275.98034034827,494,72.9934990180199
48.1421847379745,4.01352097788708,275.978723822569,494.5,73.0163737949928
-22.0987151739552,3.8784873589511,275.980097210517,495,73.0058735822637
-19.4783817224909,3.88327545277608,275.981286569615,495.5,72.996618421948
-18.9566052220743,3.8840506021231,275.982381191632,496,72.9876111839305
-0.990794184280466,3.91889286412998,275.980488650938,496.5,72.9871404077056
-23.0661615050513,3.87590787661517,275.982397883459,497,72.9761805124926
-8.97579962278956,3.90307536889126,275.981679454869,497.5,72.9719156579655
-15.7984942437664,3.88970644063216,275.98209647409,498,72.9644089975532
-46.503803888329,3.83042753122006,275.99117255288,498.5,72.9423126978499
-13.9230403929336,3.8925831992363,275.991617060875,499,72.9356971600319
-2.09876665864915,3.9156018362129,275.989861291555,499.5,72.934699930274
0.281993034633674,3.92032988337789,275.98772631401,500,72.9348339193692
