curr_dens,Volts_tot,Temp_tot,t_tot,SOC_tot
-36.1545688235869,3.73576015073702,297,0,42
-36.1545688235869,3.73533776025686,297.006901561151,0.5,41.9828211431846
-21.2760114054744,3.75823589617086,297.010667946959,1,41.9727118384569
-15.2305681202754,3.7675594930961,297.013103177048,1.5,41.9654750283533
45.4523551512443,3.86213064355969,297.012471907674,2,41.9870717317983
-12.4002314147961,3.77239173938399,297.013828732334,2.5,41.9811797572323
-21.7382682384293,3.75756309683636,297.017400972367,3,41.9708508109986
-45.659722880724,3.72007785206932,297.027332089686,3.5,41.9491555766998
-56.6932371071491,3.70271493630592,297.041347588627,4,41.9222177640152
-55.1740918154038,3.70444779236473,297.055082506724,4.5,41.8960017737806
-36.1865247695767,3.73320884244383,297.062832423118,5,41.8788077330856
-0.879261851839739,3.78853361245333,297.063190841185,5.5,41.8783899514899
-44.4611654842109,3.72017629596468,297.072760564389,6,41.8572642121836
20.5885529881382,3.82204292618851,297.071492239747,6.5,41.8670468707888
-14.1805715920643,3.76752629276588,297.073302034078,7,41.8603089669258
-19.987812373934,3.75828839573511,297.076559373936,7.5,41.8508117504468
-8.37197883921629,3.77649869325961,297.077747653208,8,41.8468338015894
-11.7858653582741,3.7710903922148,297.079376214479,8.5,41.8412337432835
-42.2692850888099,3.72323521520348,297.088339526605,9,41.8211494767619
18.3627743912079,3.81823572172472,297.087073172713,9.5,41.8298745558394
42.8850978245077,3.8563992096751,297.085516224948,10,41.8502514260113
-31.8330094129722,3.73992548253079,297.090962077625,10.5,41.8351259597563
3.15044962949312,3.79475301039916,297.090703146575,11,41.8366228970688
1.91812912974491,3.792886526966,297.090225076667,11.5,41.8375342968377
23.7960034456577,3.82728548998343,297.08838474493,12,41.8488409767201
-20.7900937476675,3.75738734210797,297.091354929415,12.5,41.8389625559481
-11.0599066412224,3.77253820394635,297.09290666286,13,41.8337074371964
16.6380277322431,3.81611394666415,297.091400147394,13.5,41.8416130022579
-26.8168364837188,3.74786016639245,297.095762672012,14,41.8288709724347
-4.48061990702274,3.78281402685365,297.096364636562,14.5,41.8267420042204
-13.8556844871646,3.76800272290413,297.098232184027,15,41.8201584705861
-13.240154346147,3.7688722244877,297.100083818035,15.5,41.8138674063271
-27.5228931293748,3.74629474813519,297.104924197516,16,41.8007898934262
2.78644719912576,3.79386816861573,297.104619918635,16.5,41.8021138748486
3.13184522388237,3.79449462262993,297.103974822065,17,41.8036019722709
18.2638263100467,3.81835892031489,297.10222533385,17.5,41.8122800361309
-29.788954615506,3.74291431884718,297.107287496474,18,41.7981258032726
-21.9764293780757,3.75489183555661,297.111019986955,18.5,41.7876836946848
-12.8191505662516,3.76914925294421,297.112869580844,19,41.7815926705284
27.5253020740051,3.83249899695598,297.111031415046,19.5,41.7946713280401
4.0887842585769,3.79609962044607,297.110070738441,20,41.7966141154004
-32.8951744336821,3.73793081320124,297.116035031146,20.5,41.7809839610409
21.2142534112885,3.82276053867154,297.114503808396,21,41.7910639214348
-27.8206666082327,3.7458227178281,297.119039760239,21.5,41.7778449213548
-20.3001191982529,3.75737724982258,297.122367077056,22,41.7681993121721
-1.38691603434875,3.78707320539477,297.122427833984,22.5,41.7675403185028
-41.3103468772222,3.72439383150757,297.13085624485,23,41.7479116918288
13.0600957785145,3.80951560805005,297.12974046494,23.5,41.7541172011925
17.9095638748493,3.81730281318066,297.127830183912,24,41.7626269371247
26.6339286618585,3.83111464348686,297.125706033602,24.5,41.7752820582283
-16.5428751003019,3.76353000628937,297.127720736099,25,41.7674217049753
-11.8978132305051,3.77070355397869,297.129280100461,25.5,41.7617684545964
7.9744449121707,3.80197030719163,297.128241148513,26,41.7655575150606
5.75989022702754,3.79859000313029,297.127222858175,26.5,41.7682943290429
7.07768020697394,3.80074440460614,297.126108034644,27,41.7716572914241
-5.66845092366005,3.7807292997675,297.126455439848,27.5,41.7689639248607
8.53972405624966,3.80309246558881,297.125323194204,28,41.7730215779203
13.2760992054156,3.81063360570545,297.123738592818,28.5,41.7793297213925
-7.4091252697421,3.77818978472103,297.124287482546,29,41.7758092727666
-9.67301606669483,3.77454871359808,297.125373391824,29.5,41.771213135587
-11.7037250138245,3.77125907512251,297.126819458684,30,41.7656521062964
3.81510159758142,3.79564917357282,297.126176192555,30.5,41.7674648532385
6.34372766604702,3.7996917348678,297.125147953173,31,41.7704790777971
10.3647998624625,3.80609552009861,297.123776136908,31.5,41.7754039163043
23.5030744198404,3.82675870968965,297.121811587346,32,41.7865714108512
-10.5053652363131,3.7735548819844,297.122757053757,32.5,41.7815797826542
34.2963324703297,3.84358231044996,297.121085006846,33,41.7978756977757
-4.54420548191042,3.78319336271546,297.121063629184,33.5,41.7957165168518
-16.6938405217743,3.76398112177343,297.123324945006,34,41.7877844323227
-32.6319337552048,3.7388091071247,297.129298151221,34.5,41.7722793568695
-7.2343285646842,3.77839528161618,297.130260523681,35,41.7688419629629
-39.0202246740008,3.72847718600864,297.137937876483,35.5,41.750301488705
-4.26841369815493,3.78266286633264,297.138541768958,36,41.7482733503497
34.112451824969,3.84271104309287,297.13666889432,36.5,41.7644818945142
26.5905059639116,3.83143859925728,297.134458788988,37,41.7771163833067
-35.9905329454902,3.73350388726809,297.140908228933,37.5,41.7600154681998
-12.6558597613391,3.76972097827091,297.14275912353,38,41.75400203173
0.762698256218625,3.79079055130107,297.142414430323,38.5,41.7543644280899
10.5126908202649,3.80617462979009,297.141028861593,39,41.7593595370408
15.1120098449012,3.81351158819557,297.139285707999,39.5,41.7665400141358
7.34179442176253,3.8014716018057,297.138047383755,40,41.7700284704843
13.3139473890194,3.81092624545133,297.136452554142,40.5,41.776354597535
6.59694484427732,3.80050667842917,297.135306534164,41,41.7794891383299
-4.77162896812409,3.78265493415307,297.135490899252,41.5,41.7772218970521
-2.93558935073888,3.78549808272327,297.135533830794,42,41.7758270506809
-33.5792679081918,3.73731249761149,297.141579759098,42.5,41.7598718490527
-17.6897939410389,3.76187080953795,297.144328202498,43,41.7514665368862
32.6811473556115,3.84070168910126,297.142565744806,43.5,41.7669949962
-7.81135636467787,3.77764756698864,297.142973274057,44,41.7632834273198
-18.5287493378469,3.76068361770612,297.145592850598,44.5,41.7544794851847
-5.54719916804234,3.78097318418276,297.146110310031,45,41.7518437314381
-17.1073056531587,3.76270821187607,297.148440994799,45.5,41.7437151887981
-0.351279127568688,3.78898892504123,297.148257796272,46,41.7435482783901
-3.65181469957367,3.78380602941451,297.148332430303,46.5,41.7418131172782
-13.3934406629484,3.76842318732127,297.149958353744,47,41.7354492189688
-22.1858068693592,3.75446593302031,297.153418837693,47.5,41.7249076245882
-32.0263394992818,3.73884228099577,297.159338044019,48,41.7096902974708
3.77287723712394,3.79493167344992,297.158829193482,48.5,41.7114829814924
-10.9585563126731,3.77176529038518,297.159968928559,49,41.7062760193871
13.605999868111,3.81041908986545,297.158419530414,49.5,41.7127409152818
-46.5985529178676,3.71615803470566,297.168217788568,50,41.6905995955419
-19.7787577553864,3.75752222250385,297.171567416099,50.5,41.6812017114426
-38.7865199657367,3.72761312347482,297.179384340884,51,41.6627722820637
-26.5045496421459,3.74645377522243,297.184183829858,51.5,41.6501786354494
-34.2466259286866,3.73412808983838,297.190850587713,52,41.6339063384097
-26.2531826122223,3.7463717496451,297.195566377495,52.5,41.6214321289331
25.122669016567,3.82710709757188,297.193560923925,53,41.6333691744545
-21.7381286726574,3.7536537571796,297.196604702975,53.5,41.6230402945355
-30.5187299945174,3.73969999528656,297.202197165778,54,41.6085393086346
0.248472770516171,3.78798766986553,297.201980094362,54.5,41.6086573705639
-13.048715203989,3.76704704002742,297.20348370798,55,41.6024572686845
-2.67507412133138,3.78338566638837,297.203452362686,55.5,41.6011862062214
-31.6921550785509,3.73768886617591,297.209143136846,56,41.5861276669556
9.63599288711964,3.80260826781766,297.207936533716,56.5,41.5907062125577
7.98410224155386,3.80017100115425,297.206466645926,57,41.5944998617055
-29.467882208736,3.74124191603714,297.211446922673,57.5,41.5804981865207
-23.412865390873,3.7504947578745,297.215370515024,58,41.5693735548275
11.0156901045698,3.80467657227373,297.213940931467,58.5,41.5746076640753
17.5079311561558,3.81503784389465,297.211782128072,59,41.5829265640719
-13.5209319997473,3.76634636102145,297.213166802881,59.5,41.5765020882064
-3.87560695732276,3.78149198919122,297.213267598779,60,41.5746605921201
-18.8260590570695,3.75788991258918,297.215880490657,60.5,41.5657153831614
4.86553335268959,3.79516317116102,297.21495900201,61,41.5680272431424
-7.03641437639,3.77646566571904,297.215348385824,61.5,41.564683888236
2.6492572018886,3.79174101333681,297.214547996314,62,41.5659426837802
-10.7600771074524,3.77063027278804,297.215561639959,62.5,41.5608300291431
-14.9558317424516,3.76393715954764,297.217464731285,63,41.5537237601315
17.0919083977271,3.814359473166,297.215559824534,63.5,41.5618449867598
0.172047882136711,3.78794813356923,297.21483475631,64,41.561926735375
-8.6965111807507,3.77397608389163,297.21551677932,64.5,41.5577945848549
12.6271551812465,3.80754877613954,297.213829528863,65,41.5637943823328
6.99230622264328,3.79884356855271,297.212412580925,65.5,41.5671167792336
40.0074540968856,3.85025423155993,297.210382394379,66,41.5861263359187
-2.21262260701366,3.78483870374095,297.209798116381,66.5,41.5850750074646
-31.8761200004554,3.73814523379763,297.215340923294,67,41.5699290571978
0.125406426543689,3.78819466777687,297.215089466638,67.5,41.569988644108
4.75374438004548,3.79551881508857,297.213994963283,68,41.5722473875172
-10.6970452440227,3.77120871741416,297.214944466905,68.5,41.5671646824933
-22.6491372056126,3.75228611040211,297.218379767159,69,41.5564029365313
16.7117402204729,3.81409341924063,297.21659100076,69.5,41.5643435261089
2.38076248718022,3.79176223049929,297.215603250883,70,41.5654747462896
-20.5546950008482,3.75563021609169,297.218448319394,70.5,41.5557081753197
2.65161467313902,3.79205231781355,297.217770986245,71,41.5569680910172
-4.61636080655083,3.78063956473629,297.217789120001,71.5,41.554774625464
19.8286009014623,3.81905835661125,297.215697766437,72,41.5641961925528
-38.6831571799959,3.72736048827513,297.222929256736,72.5,41.54581587604
-30.6596645086506,3.73946543468423,297.228604027191,73,41.5312479250523
6.47545778679549,3.79770640092884,297.227615477756,73.5,41.5343247412267
-0.633536022194762,3.78660630323423,297.227045713508,74,41.5340237163502
33.3500143014339,3.83976868374041,297.224772335499,74.5,41.5498699880419
5.2063712403305,3.79620740012318,297.223344674052,75,41.552343797272
-42.9586248922069,3.72068094485073,297.231956401231,75.5,41.5319319906866
-3.33618007177615,3.78238624058564,297.232247764226,76,41.5303468034854
15.8101553810042,3.81252732563881,297.230273224968,76.5,41.5378590046914
-13.4377199394481,3.76663848807144,297.231572149526,77,41.5314740670673
22.4746543192205,3.82301073800366,297.229442481331,77.5,41.542152907421
0.634509151816047,3.78898593754962,297.228575560747,78,41.5424543946803
-4.24619207010886,3.78130576689732,297.228523461244,78.5,41.5404368149399
12.7888421567162,3.80810110594948,297.226766588797,79,41.5465134380443
-39.3439691918153,3.72634320123139,297.234201526282,79.5,41.5278191364585
-29.1289712910764,3.74185406491872,297.239452895664,80,41.5139784949221
-27.1549608615002,3.74467677810751,297.244124742452,80.5,41.5010758051752
-8.69121963432545,3.77353520537962,297.245026711858,81,41.4969461689353
-19.4896613559949,3.75646173014406,297.247751188819,81.5,41.4876856490976
-14.9862993304649,3.76341745284182,297.249686247,82,41.4805649034003
-1.87581645386952,3.78403534564393,297.249436991699,82.5,41.479673608515
-31.6794058939108,3.73711761694751,297.254994429529,83,41.4646211270291
-21.1184479806685,3.75342117187956,297.258335662104,83.5,41.4545866886212
-20.4308053438928,3.75435398606219,297.26141459962,84,41.4448789838678
-12.3020536362907,3.76704720880047,297.262865472155,84.5,41.4390336585098
20.7479262946544,3.81906924684037,297.260614742088,85,41.4488920434008
-3.57733970193617,3.78106583541086,297.260248711327,85.5,41.4471922691117
-1.82122657865378,3.78385393468953,297.259850358347,86,41.4463269126259
-3.11930518444363,3.78183268143208,297.25961246462,86.5,41.4448447736081
-55.4111711818476,3.7001748449849,297.272638257915,87,41.4185161350244
-24.4692014408525,3.74762307152207,297.277037383462,87.5,41.4068895848644
-54.8221619986106,3.70030639140213,297.290233475117,88,41.3808408142131
-37.5292443898026,3.72647751233474,297.298170298014,88.5,41.3630087797914
2.60268006360105,3.78947010467416,297.297520527217,89,41.3642454441911
-5.15395928116199,3.77733051893974,297.2974975209,89.5,41.3617965385229
-4.92354934534195,3.77773464982988,297.297504984179,90,41.3594571122213
-65.066203571167,3.6841965487127,297.314497346899,90.5,41.3285408814091
-0.617873034740184,3.78400630738308,297.314577987724,91,41.3282472988069
-1.39427742661526,3.78287886109328,297.314001137093,91.5,41.3275848073694
-3.9904759462821,3.77885003280035,297.31379723649,92,41.3256887312402
6.66858557661427,3.79574198309659,297.31227757283,92.5,41.3288573121557
-32.4870521921857,3.7340997380983,297.317987931963,93,41.313421077231
-10.7630545907644,3.76806317036911,297.319211700679,93.5,41.3083070078415
-42.3398701372065,3.71844007275678,297.328030068367,94,41.2881892028078
6.45171938329265,3.79492449178784,297.326918814074,94.5,41.291254739671
6.63477551521495,3.79536793946799,297.325270131375,95,41.2944072557232
-20.8930662927454,3.75199425402265,297.328095974053,95.5,41.2844799075081
-4.19856776422759,3.77824940782595,297.328081173787,96,41.2824849564743
0.540343576668073,3.78577980239789,297.327229645823,96.5,41.2827417009256
-33.0404165104456,3.73288018315263,297.33313048134,97,41.2670425347394
8.02294817935202,3.79740966862237,297.331729170316,97.5,41.270854641549
-59.8618110855476,3.69139597493415,297.346489435841,98,41.2424112797607
11.028293631749,3.8017781243737,297.345115325746,98.5,41.2476513775791
-3.17385772215003,3.77954633444735,297.344599733941,99,41.2461433179027
37.5302483208307,3.84324700696239,297.341881736096,99.5,41.2639758293426
-25.5399273054944,3.7447278076715,297.345456343826,100,41.25184052339
-11.7241058294305,3.76630438916454,297.346681866941,100.5,41.2462698101473
-10.4473570454281,3.76826486725943,297.347530890892,101,41.2413057445638
-14.8420802130256,3.76127266655546,297.349189032002,101.5,41.2342535246337
-14.4669793369718,3.76177786332035,297.350821822688,102,41.2273795340243
-22.1870565765235,3.74950865166494,297.354095019157,102.5,41.2168373458449
-11.2299306704842,3.76666071413169,297.355201633808,103,41.2115014401126
-13.1233331078636,3.76362750235199,297.356542125163,103.5,41.2052658835084
-2.72743674863542,3.78002123909598,297.356157410031,104,41.2039699409235
-10.1320615953494,3.7683497510918,297.356855775449,104.5,41.1991556880903
-46.5397625567298,3.7112245314918,297.36697021668,105,41.1770423026124
-30.5645486931827,3.73566687539102,297.372749103058,105.5,41.1625195459398
-9.71044617724711,3.76835959249798,297.373678686903,106,41.1579056238293
6.82602505844938,3.79452738065472,297.372035207726,106.5,41.161149012173
-52.708326835508,3.7012415085979,297.384180467971,107,41.1361046310852
9.43180728937654,3.79835021933743,297.382748739679,107.5,41.1405861578246
-21.9544733785731,3.74889819681345,297.385738025063,108,41.1301544816382
-11.3436839298538,3.76553749921766,297.386831492261,108.5,41.1247645260024
-27.5366654581244,3.73993657817131,297.391387263365,109,41.1116804691744
-32.7995348956378,3.73147065892714,297.397553432888,109.5,41.096095757977
-6.84228317872159,3.77221580942536,297.397978096256,110,41.0928446445813
13.0850612877213,3.80375330673378,297.395661530237,110.5,41.099062016316
13.5314957364574,3.80466891005518,297.393138810495,111,41.1054915115449
-43.3637708535943,3.71528494590697,297.401973202279,111.5,41.0848871997052
-9.9685077511917,3.76736923978558,297.403033185375,112,41.0801506595419
21.519526084886,3.81702045383122,297.400229231453,112.5,41.0903756703601
-21.1123316495067,3.75004284804321,297.402852684082,113,41.0803441381292
10.0188292768521,3.7991135612993,297.400931419092,113.5,41.0851045885842
-37.7267379047138,3.72399717320269,297.408012463619,114,41.0671787150455
-17.9482645848256,3.75473615778523,297.410550179071,114.5,41.0586505904566
-23.3316029630466,3.74613183503803,297.414085656935,115,41.0475645706362
-21.3857441011412,3.74904400001165,297.417233570247,115.5,41.0374031263773
-8.20396127934023,3.76977491050426,297.417697811276,116,41.033505011126
-14.2064351532043,3.76027600403379,297.41913420915,116.5,41.0267548181824
-35.410198101933,3.72681445205746,297.425848821748,117,41.0099296493921
20.2176340934494,3.8143123574723,297.423296142013,117.5,41.0195360657466
-13.1669971662808,3.76189899442196,297.424243414733,118,41.0132797621488
23.9702436533488,3.82039297509802,297.421313998675,118.5,41.0246692323306
-15.5552960662573,3.75839127753585,297.422676712992,119,41.0172781276227
-16.9382979688042,3.75610337835591,297.424696768335,119.5,41.0092298890468
-2.09475987088866,3.77949224990454,297.424099715369,120,41.0082345631155
-22.8012813292159,3.74678824748959,297.427289764784,120.5,40.9974005258165
-12.7491911646107,3.76250626514437,297.42855333369,121,40.9913427428957
-17.1312574463528,3.75551790758457,297.430594606951,121.5,40.9832028195523
-9.33227665991745,3.76776426032391,297.431164539789,122,40.9787685848285
-5.69549596021596,3.77350936531475,297.431032740004,122.5,40.9760623678059
-19.1386714687233,3.75224987137661,297.433430713186,123,40.9669686209436
42.7679385488847,3.84908159567469,297.430680107968,123.5,40.9872898228422
-5.47586726086902,3.77426429598567,297.430052028023,124,40.9846879624778
-2.03953411941224,3.77969124180463,297.429299659276,124.5,40.9837188770828
-52.9017748082529,3.70003932549306,297.44144222415,125,40.9585825791188
21.0377123240698,3.81557607286657,297.439035390621,125.5,40.9685786559494
-1.83690769076505,3.77984283588385,297.438000508843,126,40.9677058485774
-12.4415502312734,3.76309927687586,297.438927105306,126.5,40.9617942413604
-37.5736241232187,3.72348977799339,297.44611899398,127,40.9439411198919
-20.6987619375235,3.74964446466669,297.449184346826,127.5,40.9341060954635
-23.3788705720806,3.74527769980907,297.452688376591,128,40.9229976164211
-27.0662440569995,3.73930466631758,297.457149971069,128.5,40.9101370804968
-32.2920436011587,3.73089382064276,297.463076147564,129,40.8947935039765
-0.393215357537457,3.78107565073433,297.462342132968,129.5,40.8946066675532
-28.3077830060612,3.7370115515936,297.466895169764,130,40.8811562139358
-31.3536466920467,3.73201496787604,297.472590408574,130.5,40.8662585170557
-9.53102420786821,3.76627030544397,297.473312977635,131,40.8617298473606
-42.0811218525124,3.71502403280619,297.48203710486,131.5,40.8417349866706
6.70531543949923,3.79168078016105,297.480488918095,132,40.8449210197941
-9.83523849948537,3.76565048181318,297.480844258989,132.5,40.8402478025653
2.33042703658664,3.78493003285255,297.479449396382,133,40.8413551058379
-20.2726396437655,3.74923856853837,297.481976384002,133.5,40.8317225535757
-34.1455920990901,3.72726570905475,297.488346483551,134,40.8154982627977
4.04930179372144,3.78739393656909,297.486989831314,134.5,40.8174222900502
5.82789650725942,3.79034257121267,297.485015499712,135,40.8201914172419
-18.4667845201496,3.75200832602756,297.487083266381,135.5,40.8114169177129
14.6185426883586,3.80423317464105,297.484500236971,136,40.8183629237051
-11.7940666947217,3.76269861153365,297.485100759178,136.5,40.8127589685312
16.5725188776382,3.80746565678043,297.482321010823,137,40.820633407036
8.47816153948088,3.79495746482729,297.479961823876,137.5,40.8246618086428
-2.76737569202923,3.77732323261898,297.479071855067,138,40.8233468890541
-14.3779468745675,3.75896506593088,297.480311307133,138.5,40.8165152022523
-0.231177338110594,3.781264114817,297.479280414621,139,40.8164053582542
36.5705497868234,3.83883124699539,297.476002199449,139.5,40.8337818685789
-12.3246180464736,3.76260210571756,297.476486642821,140,40.8279258217329
16.6739258693556,3.80826117790466,297.473759031942,140.5,40.8358484438076
-35.9712750316429,3.72551533061969,297.480070682603,141,40.8187566791056
-1.41629988384816,3.77963615983721,297.479438919325,141.5,40.8180837236893
-19.6197144237208,3.7508816878063,297.481748016187,142,40.8087614090881
-8.89287681766066,3.767690454481,297.482118963607,142.5,40.8045359553627
5.62631404839326,3.79061860505535,297.480292293773,143,40.8072093005741
5.45337669731361,3.7904536471595,297.478350835833,143.5,40.8098004745389
-19.0216162848709,3.75185933335343,297.480455581183,144,40.8007623464907
4.34002755569318,3.78865091697888,297.478884461771,144.5,40.802824512197
-13.5656758434039,3.76042601871924,297.479872480233,145,40.7963787762775
-6.76431188451775,3.77109549098854,297.479812939316,145.5,40.7931647109713
-28.711298763217,3.73642680268884,297.48438233207,146,40.7795225266918
2.66544673231288,3.78575953632665,297.483115838825,146.5,40.7807890146974
-17.699122811192,3.7536293753832,297.48497676792,147,40.7723792699148
11.0442378404955,3.79894291240087,297.482691155661,147.5,40.7776269436299
-18.074271395353,3.75308948603018,297.48454705871,148,40.7690389468581
-16.5447197668419,3.75537104698169,297.486373524843,148.5,40.7611777171112
-13.8515023849033,3.75951939039767,297.487639634794,149,40.7545961706043
38.2690964700426,3.84111403807501,297.484492892073,149.5,40.7727797460169
-26.4920070771661,3.73996001220512,297.488067423013,150,40.7601920590069
-36.1822986523589,3.72452396952571,297.494918688986,150.5,40.7430000263531
2.67303484529161,3.78550212966864,297.493714438892,151,40.7442701198534
-46.1407887311983,3.70881243026327,297.503437975817,151.5,40.722346306937
-3.92197348020949,3.77475984985369,297.503279113313,152,40.7204827797801
-26.1972570238154,3.7395710324967,297.507204226914,152.5,40.7080351433676
-7.00582665069839,3.7697274731108,297.507303012796,153,40.7047063222304
6.45563795443281,3.79104133331518,297.505302233014,153.5,40.707773721004
-14.3850180057326,3.75819594667464,297.506421412312,154,40.7009386743516
4.49193755763619,3.78800005779891,297.504721405559,154.5,40.7030730201518
-21.5285246786676,3.74694104143585,297.507402182336,155,40.6928437336484
-31.6202901304284,3.73088927718249,297.512943301915,155.5,40.6778193410395
-27.077718397546,3.73776550234754,297.517412777246,156,40.664953353078
-20.7616967876802,3.74753270528168,297.520291400159,156.5,40.6550884251321
-34.2221276776969,3.72620912740224,297.526630243386,157,40.6388277684455
-41.8941661405532,3.71394865856425,297.535529894002,157.5,40.6189217398315
4.19168873750734,3.78637584088016,297.534136296716,158,40.6209134222932
47.4539956057927,3.85368126247879,297.53094179302,158.5,40.6434612059442
-21.5625356305731,3.74631857773024,297.533260742509,159,40.6332157591245
21.5237184918002,3.81418073863854,297.530161922347,159.5,40.6434427619663
-44.181487865473,3.71102863459204,297.539037232283,160,40.6224499115845
7.70739867720487,3.79238062700814,297.537235905987,160.5,40.6261120849309
7.59467389515908,3.79235102524727,297.534890988876,161,40.6297206970552
-1.49584637634616,3.77812017168474,297.533690747348,161.5,40.6290099450934
-0.0752348376435279,3.78040959179442,297.53237439192,162,40.6289741972324
5.14139472888835,3.78870797775428,297.530383830044,162.5,40.6314171328489
-25.2753120095921,3.74071782610366,297.533884237209,163,40.6194075589525
-28.1659134943512,3.73594847365321,297.538465405308,163.5,40.6060245146863
-11.888612226117,3.76142901124147,297.539392520561,164,40.600375636168
-37.1223732076632,3.72161599733441,297.546391139691,164.5,40.5827369267398
7.26381658186666,3.79140299114498,297.544532752601,165,40.5861883318887
-11.5696638668347,3.76174174943851,297.545025273752,165.5,40.5806910018018
-33.0071046393785,3.72786157332696,297.550816255533,166,40.5650076637635
-20.8808209303638,3.74668927062475,297.55372998625,166.5,40.5550861339369
-4.40828056831298,3.77266527319333,297.553248686431,167,40.5529915377863
30.1308761068179,3.82696746134464,297.549651457755,167.5,40.5673082347683
1.92404874097367,3.78311749062586,297.54776012638,168,40.5682224472427
-7.8588124357354,3.7677044435246,297.547594912532,168.5,40.5644883295927
5.13269624640325,3.78823871274363,297.545641882222,169,40.5669271321221
-3.63881690109607,3.77447121952677,297.544754275199,169.5,40.5651981469189
-56.2023529538102,3.69219468295264,297.558103726765,170,40.5384935780222
-13.8055625534339,3.75785749698047,297.559739056063,170.5,40.5319338598433
-7.76459019097698,3.76737438487311,297.55971777323,171,40.528244511928
-48.3969985483388,3.70353743062275,297.570366921249,171.5,40.5052486600783
-9.08777239397901,3.76486248101951,297.570997631531,172,40.5009306016473
23.6979465999627,3.81657231324672,297.56753616095,172.5,40.5121906897829
-24.8178455156964,3.74031261721195,297.570764262132,173,40.5003984812612
5.63501486681396,3.78833838438424,297.568878895081,173.5,40.5030759606698
-5.07177596369601,3.7715217575985,297.568178397149,174,40.5006661044354
-35.1660159606674,3.72401898925006,297.574481225511,174.5,40.4839569588803
0.464201209774867,3.78002468705078,297.573374160004,175,40.4841775242577
1.4219302813269,3.78162584012086,297.571747468598,175.5,40.4848531549594
-24.4546642663173,3.74074312382168,297.575073304605,176,40.4732335121433
-3.81920428686398,3.77323400921403,297.574474702881,176.5,40.4714188158068
33.9123886766706,3.83241720965976,297.570805968031,177,40.4875322998919
-25.2647503230583,3.73975948523886,297.57400842175,177.5,40.4755277443849
5.40576830477019,3.78807186106565,297.572140669736,178,40.4780962972043
26.1565741699518,3.82071227906988,297.568504233638,178.5,40.4905246031436
-45.2990352049482,3.70868639274504,297.577591904008,179,40.4690007497281
-14.7976759845768,3.75609586024873,297.579211353271,179.5,40.4619696284837
5.81950732766585,3.78865138609133,297.577167871719,180,40.4647347695536
25.1409563976428,3.8190679332979,297.573538689463,180.5,40.4766805043309
-29.4869991968769,3.73328366565431,297.577859575022,181,40.4626697457021
-16.745405998616,3.75310859224164,297.579676583279,181.5,40.4547131598174
-3.67378386370613,3.77369615968533,297.578936328656,182,40.452967560049
-19.3358265230406,3.74892206726631,297.581047336277,182.5,40.4437801348894
15.643029680762,3.80406799288323,297.578131048359,183,40.4512129262568
-5.38295918220215,3.77109930649493,297.577347129061,183.5,40.4486552112005
37.099498759963,3.83755436517518,297.573786169977,184,40.4662830518264
-24.2795010051353,3.74165281562612,297.576648367308,184.5,40.454746637899
14.4098098172946,3.80253059307711,297.57390486614,185,40.4615934643899
-13.0938324528302,3.75928639206347,297.574493979567,185.5,40.4553719250329
-16.2899166338999,3.75413044418958,297.576000487198,186,40.4476317650892
-4.54046218860097,3.77260086512561,297.575382790748,186.5,40.4454743627926
-16.022488117715,3.75442895540091,297.576755632009,187,40.4378612716078
0.63985772506121,3.78068679411355,297.575373690658,187.5,40.4381653002437
-18.4743042860023,3.75049651654205,297.577225645909,188,40.4293872276952
-32.2385675872032,3.72867012357601,297.582738563189,188.5,40.4140690603229
17.3014770258698,3.80659709621161,297.579850543161,189,40.4222898635628
-35.1602969088824,3.72406964392224,297.585840713431,189.5,40.4055834354173
9.00513038307213,3.7935013117132,297.583664813723,190,40.409862226466
-3.40343810220665,3.77404541065336,297.58261252488,190.5,40.4082450815867
21.2809176165521,3.81292826777507,297.579207579484,191,40.4183567175024
12.0882948082876,3.79878083982781,297.576210056892,191.5,40.4241004752739
-77.07914169476,3.66048376207659,297.598042159286,192,40.3874762924469
0.486703699943835,3.77990620176514,297.597420959432,192.5,40.3877075498908
-26.2806342891982,3.73763711887238,297.601131468805,193,40.3752202967397
17.1095876539543,3.80599004303782,297.598130896339,193.5,40.3833499236732
-19.5435033467408,3.74832667950411,297.600045434426,194,40.3740638207935
-36.4596815821732,3.72156654546436,297.60679142064,194.5,40.3567399895375
-37.6352534408635,3.71940025649495,297.614143621639,195,40.3388575848758
-16.1894816068551,3.75287206825657,297.615937785448,195.5,40.3311651466726
-33.9747785390361,3.72473594887944,297.621996466725,196,40.3150220180212
-7.21407926838869,3.76678289628988,297.621993427227,196.5,40.3115942455753
-3.08575900387092,3.77336072277466,297.620995182532,197,40.3101280460376
-3.82196496124386,3.7722553932493,297.620067516751,197.5,40.3083120379656
-23.6051353356806,3.74095647305951,297.623172624217,198,40.2970960491367
-0.66983814279098,3.77714377979452,297.621975727672,198.5,40.2967777752942
-57.1107995292369,3.6886863666913,297.63574774245,199,40.2696415576695
18.2064896667494,3.80652180704284,297.632936714873,199.5,40.2782923780021
-5.21995507887761,3.76980166055435,297.632016326243,200,40.2758121144061
-13.3930467467054,3.75686831911375,297.632818349344,200.5,40.2694484032661
2.96777936795044,3.78275361284546,297.630978398862,201,40.2708585447359
-10.3693393773477,3.76172227524065,297.63110062058,201.5,40.2659315492764
-11.259253143415,3.76027955981554,297.631526363666,202,40.2605817109602
17.2478367541726,3.80529636486301,297.628255356295,202.5,40.2687770270051
34.8661564455725,3.83288148443999,297.624247650711,203,40.2853436942001
-3.39748840855358,3.77336118070752,297.622883281399,203.5,40.2837293763199
-1.83902457081736,3.77583069064764,297.621609652356,204,40.2828555631116
2.21456708393928,3.78226454824211,297.619760247455,204.5,40.2839078154847
-72.350494437332,3.66636106854497,297.63961430509,205,40.2495304511597
-46.595935340864,3.70474190064938,297.650356662826,205.5,40.2273903751625
7.965240289803,3.79036260383635,297.648265752942,206,40.2311750620469
22.0850326864723,3.81270190669391,297.64448368215,206.5,40.241668773537
-0.221940090218688,3.77788210862477,297.642705136935,207,40.2415633186207
-1.26980178902043,3.77628084750758,297.641276769543,207.5,40.2409599718286
-4.44460836650148,3.77129713652709,297.640348906094,208,40.2388481145112
-1.79079803477846,3.77551141579378,297.639042391296,208.5,40.2379972161593
-38.9196434728215,3.71696854747029,297.6462736314,209,40.2195045330966
-27.9077362669568,3.73387230617852,297.650794995396,209.5,40.2062441618359
-16.550198437718,3.75160589597919,297.652458124214,210,40.1983803288964
-33.9611681648766,3.72404177054338,297.658438831353,210.5,40.1822436672193
15.3725052469878,3.80177773621683,297.65547341165,211,40.1895479188015
-13.4450477759078,3.75643238256453,297.656028760088,211.5,40.1831594993531
12.0860408953084,3.79678448722249,297.653117972746,212,40.188902186177
-15.5509483190893,3.75323704397857,297.654123659154,212.5,40.1815131473028
15.4144538725648,3.8021139232524,297.650967547343,213,40.18883733079
-20.8607529169697,3.74496955794189,297.65311129261,213.5,40.1789253362874
-15.7016017443289,3.75297454499897,297.654478239671,214,40.1714647143822
16.9921112476225,3.8045631528373,297.651209675467,214.5,40.1795385223576
-12.5358469815835,3.7581413188157,297.651542814139,215,40.1735821100047
-40.6350129649201,3.71381633000041,297.659440758817,215.5,40.1542743684901
24.8767945932338,3.81670245595501,297.656029573943,216,40.1660945866879
-27.7607968040109,3.73397550668644,297.659802720915,216.5,40.1529040337677
37.4415560397754,3.83618511926727,297.656152824104,217,40.1706944030372
-29.9833010752899,3.73071990195064,297.660381994632,217.5,40.1564478263863
15.328705902805,3.80204608105673,297.657382426496,218,40.1637312666938
-0.560994229629311,3.77719311607624,297.655665953245,218.5,40.1634647100771
-19.3971520050651,3.74740716150364,297.657576538498,219,40.1542481460918
-51.1550718115839,3.69757997094694,297.669097362674,219.5,40.129941794706
26.7649822252679,3.81956093306511,297.665735014386,220,40.142659185959
-4.67033972691779,3.77046578821247,297.66453844493,220.5,40.1404400723018
-22.508467735574,3.74222864937231,297.667219763817,221,40.1297451654907
-29.3739800035941,3.73122160364884,297.67187398138,221.5,40.1157881079735
-11.6787716782057,3.75896053250838,297.672490738478,222,40.1102389352695
-28.2174587133754,3.73275423312337,297.676741793461,222.5,40.0968313992733
-40.1183194237597,3.71385791890252,297.684709885012,223,40.0777691648869
-15.1692099447577,3.7528421921801,297.686194126311,223.5,40.0705615091432
-11.1820340647562,3.75911582488004,297.686566240625,224,40.0652483615009
-17.4336471363333,3.74918005828435,297.68819857904,224.5,40.0569647575839
-12.7597914335611,3.75651062634049,297.688905211388,225,40.0509019379413
-29.6481436816426,3.72974128743975,297.693608222468,225.5,40.0368146114506
-30.4616246524324,3.72823778696508,297.698755198103,226,40.0223407591743
20.7114411181619,3.80898606605233,297.695260929679,226.5,40.0321818081201
-25.3915316737762,3.73636225490501,297.69848332354,227,40.0201170124072
19.6744257613729,3.80749138629648,297.694999301282,227.5,40.0294653231208
20.3416260775783,3.80880142367111,297.69106163668,228,40.0391306543126
-9.75056165253927,3.76155579923689,297.690761977314,228.5,40.0344976713191
-13.4056001937207,3.75571702015362,297.691459951274,229,40.0281279954041
36.1446564302108,3.83342726074666,297.687515793984,229.5,40.0453021423421
4.0751617706607,3.78377024893127,297.684945426549,230,40.0472384569722
-23.7925627037017,3.73973356082283,297.687801088566,230.5,40.0359334119597
-26.4745832363168,3.73529044907765,297.69165306225,231,40.0233540038942
2.46640296107283,3.78090521742847,297.689863002942,231.5,40.0245259161779
-37.1734866085547,3.71835058067159,297.696478119166,232,40.0068629201983
17.6961899695307,3.80468692327481,297.693278725181,232.5,40.0152712714401
-15.3490161004937,3.75269584482701,297.694101064978,233,40.0079781807346
0.12485991904116,3.77713220062338,297.692503345681,233.5,40.0080375079716
-10.8353959188522,3.75982125302234,297.692579605193,234,40.0028890655731
-15.4662261494457,3.75242905306091,297.69370395212,234.5,39.9955402824694
-6.19124011606101,3.76704364476733,297.693104284427,235,39.9925985124269
-2.65380123875013,3.77265704191488,297.691829644923,235.5,39.9913375577819
-30.1520407932789,3.72916879655299,297.696459099603,236,39.9770108043913
10.8398028125002,3.79379536206294,297.693738118886,236.5,39.9821613407268
-21.5835323059961,3.74263102916956,297.696030187034,237,39.9719059173289
-24.1778260092273,3.73836596842126,297.699304399379,237.5,39.9604178143136
7.17722022979799,3.78787608551208,297.696892298179,238,39.9638280731736
-9.28635267909676,3.7619383509837,297.696614596037,238.5,39.9594156592464
-42.3597910582004,3.70976788548017,297.705031733431,239,39.9392883887797
-29.2957373675593,3.72985403256443,297.709942224949,239.5,39.9253685082801
46.4848303066861,3.84838749377684,297.706377613262,240,39.947455792679
9.0871576854632,3.79099734583508,297.703115857809,240.5,39.951773559031
-8.80397836075967,3.76282140516201,297.702696710841,241,39.9475903454404
5.49969763620197,3.78543883315128,297.700300616149,241.5,39.9502035288165
-31.3912799101471,3.72718129415245,297.705142825464,242,39.9352879504989
-46.0695676819519,3.70395687254652,297.715029003196,242.5,39.9133979782905
-30.7765687831114,3.72743024862713,297.720373314655,243,39.8987744801934
6.44902322266453,3.78618383567146,297.718072184468,243.5,39.9018387359748
-21.5325405756353,3.74196583948469,297.720394743729,244,39.8916075413165
-30.2079715152293,3.72811503258809,297.725280001999,244.5,39.8772542124226
-21.5736974459448,3.74152918223494,297.728032631803,245,39.8670034620621
-35.4780234247731,3.71945741161793,297.734496180262,245.5,39.8501460660444
-35.5404556789022,3.7190759518081,297.741182128509,246,39.833259005318
-7.3134162754392,3.76352920600029,297.740990226613,246.5,39.8297840328563
-26.1091833691757,3.7337296961973,297.744665520132,247,39.8173782446735
-34.4393849018655,3.72041835971235,297.750924647423,247.5,39.8010143581361
7.56297120867114,3.78680220818117,297.748473092977,248,39.8046079067171
17.6741535547009,3.80292705393565,297.744622196246,248.5,39.8130057873482
-32.5678930061861,3.72364158006838,297.749789062125,249,39.7975311408806
6.0935976188812,3.78469589691054,297.747482009285,249.5,39.8004265160543
-11.0301025115855,3.75766718725652,297.74748870974,250,39.7951855587459
4.83523912293208,3.7828308903991,297.745095930365,250.5,39.7974830244125
6.28290818206963,3.78525148413219,297.742370541266,251,39.8004683505706
5.88042087504229,3.78474920586722,297.739685181791,251.5,39.8032624347351
7.65493540322115,3.78767678325352,297.73680328776,252,39.8068996801374
6.25137812207997,3.78559200991219,297.734073651403,252.5,39.8098700247757
4.95610000666617,3.78365820717786,297.73151863758,253,39.8122249175361
-14.4695444733963,3.75295929241961,297.732193756788,253.5,39.8053497081012
49.8314455110374,3.85311009609361,297.728680386148,254,39.8290271379584
-48.6857231253142,3.69973995527643,297.738557345017,254.5,39.8058940985186
8.05845545642906,3.78864581083113,297.736239365632,255,39.8097230766241
19.2255637803058,3.80632400488972,297.732366362732,255.5,39.8188581104006
-23.7261826137306,3.73868873535419,297.734976874323,256,39.8075846059125
-49.8037044334798,3.69767537388161,297.74598932017,256.5,39.7839203572386
26.8746310219033,3.81785456196007,297.742359151321,257,39.7966898481582
-11.1620458718182,3.75826365020977,297.742145239163,257.5,39.7913861979132
-35.5851924602052,3.71962228590459,297.748329345223,258,39.7744778804885
-17.6034629078286,3.74767478246519,297.750111047998,258.5,39.7661135885445
6.95152726035842,3.78650582287411,297.747515908632,259,39.7694166093062
-14.9576308881359,3.75191350839011,297.748251913229,259.5,39.7623094854299
-3.42094342140927,3.77013496886163,297.747062993674,260,39.7606840228916
-8.14481541411973,3.76267217302214,297.746562723435,260.5,39.7568140108201
9.15678074136511,3.79005782365931,297.743633249977,261,39.761164858593
2.59432952755738,3.77983705126704,297.741325438154,261.5,39.7623975552324
5.59652359814226,3.78466319109572,297.738704139823,262,39.7650567455003
29.6154202810937,3.82235698118366,297.734466994696,262.5,39.7791285234551
-4.1076418673588,3.76974303488785,297.732980178298,263,39.777176775895
30.6353962719029,3.8242298154506,297.728873532635,263.5,39.7917331958209
53.5484449144944,3.85930558195399,297.725457654955,264,39.8171767593263
-21.6877004424061,3.7428129733763,297.727227151253,264.5,39.8068718403996
-4.18535159569088,3.77026382214766,297.726226278725,265,39.8048831690332
-36.9892648305701,3.71848640540062,297.732597907436,265.5,39.7873077060998
-35.8927724876238,3.71981276260086,297.739069725438,266,39.7702532419108
6.58560993203979,3.78659835945626,297.73675184944,266.5,39.7733823969179
-28.9517499053195,3.73049442424633,297.740796369361,267,39.7596259621889
-27.8079090534475,3.73203497732173,297.744941918262,267.5,39.7464130238658
-28.2402895320975,3.73111838012902,297.74921457407,268,39.7329946397976
-4.50767739743655,3.76849039272474,297.748345057106,268.5,39.7308528152066
-5.82087316507263,3.7664382342844,297.747434808257,269,39.7280870251586
-11.8965852399248,3.75680978378663,297.747654853074,269.5,39.7224343582598
23.1964685570672,3.81212246526472,297.743724772243,270,39.733456168917
-20.5951221306718,3.74328026782865,297.745532365119,270.5,39.7236703889813
-8.92751743859746,3.76161158689873,297.745336758493,271,39.7194284757519
-18.348570843915,3.74664069189038,297.746944791786,271.5,39.7107101454952
-10.6690172452807,3.75869118833902,297.747059296569,272,39.7056407579853
-55.441625152208,3.68844567598048,297.760060975228,272.5,39.6792976491863
11.3495956020031,3.79303601245947,297.757435957698,273,39.6846904137553
26.4676368584275,3.81688558548609,297.75312012915,273.5,39.6972665212468
-24.9284880956254,3.73611520008036,297.755957342306,274,39.6854217408621
-10.2913855277515,3.75910233888242,297.756056083212,274.5,39.6805317852032
-41.7814523951116,3.70938842087625,297.764179669336,275,39.6606793125673
9.30932985436106,3.78977204637978,297.761571293991,275.5,39.6651026441079
-9.32656836264686,3.76041772017585,297.761133146174,276,39.6606711216837
18.6821627427113,3.80465142613964,297.757370750711,276.5,39.6695479582551
9.91009442960485,3.7911101061265,297.75408819833,277,39.674256743307
-31.4291220909969,3.72584586219199,297.758790937876,277.5,39.6593231842631
-17.9309331443901,3.74688634370585,297.760543893237,278,39.6508032947145
-40.1772011358635,3.71170720599763,297.768236141888,278.5,39.6317130826607
-39.0447496895596,3.71310744309395,297.775892412236,279,39.6131609553326
14.4319650915939,3.79739740294125,297.77272810605,279.5,39.6200183089103
-18.8548426887573,3.74488855516602,297.774229127406,280,39.6110594233983
-27.4667657206974,3.73113724645506,297.778222570249,280.5,39.5980085794565
-0.337452460549056,3.7739886891266,297.776643196447,281,39.5978482387945
3.42573854623177,3.78004035047755,297.774239519774,281.5,39.5994759797381
-12.1238250649549,3.75547321077289,297.774384880354,282,39.593715339752
16.5707096044229,3.80083955825843,297.770750925786,282.5,39.6015889185799
18.8070576540763,3.80456843280334,297.766714435052,283,39.610525099015
-30.7434044378025,3.72646348953002,297.771145671794,283.5,39.5959173589688
-17.9226700521607,3.74645476047958,297.772877677452,284,39.5874013956316
-7.75209523832971,3.76248206210645,297.772403470062,284.5,39.5837179846976
18.5627426428762,3.80405536685853,297.768597283772,285,39.5925380787642
-69.0437606446418,3.6672028067755,297.786874825496,285.5,39.55973191023
26.9049487691965,3.81669894265201,297.783361500225,286,39.5725158066384
-18.7277575260842,3.74502234467038,297.784678652756,286.5,39.5636173056887
-16.8714395012217,3.74783973302825,297.786023234575,287,39.5556008349385
-4.91920239752522,3.76672189304109,297.78501778325,287.5,39.5532634740908
-17.0659518259745,3.747457933615,297.786260836206,288,39.5451545807372
-7.3929814108298,3.76271946313564,297.785690863825,288.5,39.5416418028718
-17.6119526574005,3.74649117428732,297.78708698224,289,39.5332734770202
-29.3252441222129,3.72783830239835,297.79154459106,289.5,39.5193395763752
-11.1491365489316,3.75642942163629,297.791835439081,290,39.5140420599998
-23.1859532471845,3.73729379377641,297.794621727714,290.5,39.503025245696
9.23625122537432,3.78860396165955,297.791716971417,291,39.5074138538989
29.0063183790635,3.8197239688942,297.787225185259,291.5,39.5211962168585
-9.73298098415872,3.75906704612341,297.786633563039,292,39.5165715873261
-28.8102818510987,3.72878995027595,297.790814797465,292.5,39.5028823711956
2.64574748701986,3.77844218251109,297.788782800223,293,39.5041394990975
-18.9915206638445,3.74419123710676,297.790375460009,293.5,39.4951156709948
-17.4704814067651,3.74647505744824,297.791858294982,294,39.4868145652605
-28.232036282031,3.72932011916154,297.796010109576,294.5,39.4734001027271
28.884855232098,3.81930838704428,297.791879959821,295,39.4871247524273
-24.4669019798904,3.73545720346193,297.794560220026,295.5,39.4754992948571
5.8691865604843,3.78340296794313,297.792052967252,296,39.4782880410329
16.4422943435369,3.80019261504289,297.788205207366,296.5,39.4861006033019
-36.3774253921227,3.71687592705461,297.794294157377,297,39.4688158561052
-45.3822743236792,3.70245671486735,297.803940899728,297.5,39.4472524515914
21.926337209185,3.80833556696193,297.800257219133,298,39.4576707588665
22.1909597825684,3.80903213741846,297.795886281274,298.5,39.4682148016557
18.7886481776831,3.80398148522544,297.791737878539,299,39.4771422348212
-36.4602876047461,3.71690511481724,297.797778632893,299.5,39.4598181156133
18.1500715547347,3.80289878060854,297.794252355744,300,39.468442128859
-26.9510789203699,3.73178016834957,297.797605787616,300.5,39.4556363136921
0.0112286858931778,3.77430392401463,297.795895587705,301,39.4556416490064
-25.232385228057,3.7343218208564,297.798988868414,301.5,39.4436524717863
-38.2314500391914,3.71363996394529,297.806102232424,302,39.4254867840893
-10.5300635227376,3.75711153391468,297.806335118007,302.5,39.4204834204924
-41.1253706339847,3.70873676642826,297.814265338127,303,39.4009426853492
-28.6610355567718,3.72797374842254,297.818834854277,303.5,39.3873243836509
-30.877251281896,3.72426723818687,297.823892247293,304,39.3726530462271
-28.2446544260581,3.72820493014372,297.828255027838,304.5,39.3592325881778
10.9586535745729,3.7902886122885,297.825139512916,305,39.3644395964972
6.08805847406677,3.78279558844451,297.822171517934,305.5,39.3673323397441
25.8964058646484,3.81405807285837,297.817687284703,306,39.3796370266165
1.69439849966856,3.77631292282748,297.81517885796,306.5,39.3804421206935
-37.344866364224,3.71455682058711,297.821709043552,307,39.3626976935592
-35.7055434766904,3.71678263797598,297.828229391381,307.5,39.3457321913043
7.46135277463146,3.78494549573036,297.825584265654,308,39.3492774558486
-72.2892611158904,3.66034574536178,297.845621552878,308.5,39.3149291865591
12.4465367362059,3.79235464895201,297.842895472556,309,39.3208431631158
-17.4118027385784,3.74517430787112,297.844002043119,309.5,39.3125699385725
16.3145799417404,3.79859253268946,297.840230636564,310,39.320321817296
-56.9880460774776,3.6833226195324,297.853645247375,310.5,39.2932439260195
-23.4744767080899,3.73521090321634,297.857030711995,311,39.2820900196861
8.45054549221414,3.78583408582021,297.854055728695,311.5,39.2861052995178
-26.0103320709487,3.73126158944469,297.857307448996,312,39.2737464805661
2.82140531857075,3.77693200456454,297.8550741576,312.5,39.2750870723519
-37.7680428789786,3.71266502935675,297.861804732478,313,39.2571415727394
11.9375711214048,3.79120824084927,297.858612439925,313.5,39.262813714095
-12.1424234969636,3.75319031015085,297.858548285654,314,39.257044237057
-19.2507507519118,3.74184661425651,297.86029485881,314.5,39.2478972356816
12.8971999547032,3.79279814321891,297.856794315317,315,39.2540253450341
-10.7927516889768,3.75542319334553,297.856438180902,315.5,39.2488971650573
-38.6295630925907,3.71130868719135,297.863548762766,316,39.2305423137951
-35.2601798447067,3.71626330865107,297.86998500359,316.5,39.2137884262355
37.0165970816799,3.83000294572113,297.865581794271,317,39.2313768760981
-2.12336220179077,3.76909496771153,297.863456849121,317.5,39.2303679597587
-20.999780082088,3.73912937171543,297.865473132266,318,39.2203899064469
-42.7083268567493,3.70474040376562,297.874034144476,318.5,39.200097029066
-14.2903250385332,3.74929125301391,297.875015611186,319,39.1933069758122
-28.6798340387337,3.72638647208657,297.879221660524,319.5,39.1796797420082
-14.4470178343679,3.74880040041041,297.880068916038,320,39.1728152361142
-14.2594321439297,3.74905853712693,297.880708708232,320.5,39.1660398616307
-27.6130867940665,3.72778865003849,297.884633716956,321,39.1529194931766
-16.3469567842911,3.7455104195758,297.885895472311,321.5,39.1451522305843
-19.9018612201759,3.73979291988539,297.887859798562,322,39.1356958538279
-36.1723974954708,3.71391151879127,297.894400445184,322.5,39.1185085257124
-5.19581822097771,3.76287652306398,297.893513678285,323,39.1160397307534
-28.4183514866984,3.72596822181917,297.897593317406,323.5,39.1025367404812
-32.3135422924111,3.71961016255605,297.903083582381,324,39.0871829488499
-26.3883669911303,3.72877782110454,297.906948512092,324.5,39.0746445064654
-57.6915664734302,3.67957013252916,297.921438711341,325,39.0472323372112
14.4383615993833,3.79317462448303,297.918111709275,325.5,39.054092730092
-2.47428997193389,3.76659218907158,297.916169945019,326,39.0529170702921
-47.994091647976,3.69453865529002,297.926574402958,326.5,39.0301126598059
-38.6089517291904,3.70882128327836,297.934339410284,327,39.0117676020406
11.7630542460298,3.78870809340674,297.930990986046,327.5,39.017356821638
2.60507430999009,3.77441375353511,297.92824600885,328,39.0185946236648
-37.0450294022596,3.71146993132923,297.934819397313,328.5,39.0009926641744
-30.2801549588008,3.72187427423276,297.939815712512,329,38.9866050372905
10.5419607499271,3.78672520109952,297.936477677184,329.5,38.9916140538593
8.13556528832844,3.78313197580659,297.932987661608,330,38.9954796707301
-26.707373803677,3.72782027847075,297.936395741378,330.5,38.98278965214
4.91883117239776,3.77804258379571,297.933706262372,331,38.9851268365999
12.7562770042482,3.79061279926116,297.929764850302,331.5,38.99118798636
26.7515465727978,3.81277281115863,297.924818949324,332,39.0038989936578
-24.7469870344682,3.73154550976328,297.927447229052,332.5,38.9921404535698
-2.42734924760627,3.76689150475415,297.925829448164,333,38.9909870976725
-46.7651377842983,3.69673104213283,297.935592860342,333.5,38.9687666250715
-6.6728580508415,3.75978295387143,297.93499829267,334,38.9655960140883
-9.19020715006505,3.75580021405045,297.93440236346,334.5,38.9612292837449
-9.34435351350167,3.75555551945628,297.93386188676,335,38.9567893106996
-62.9455765090772,3.67134301008209,297.950123392233,335.5,38.9268806966241
-40.3741198915873,3.70570119813525,297.958594693255,336,38.9076969185503
-4.70484443634769,3.76211284871175,297.957559211268,336.5,38.9054614099676
31.3592312458278,3.81908795233017,297.952511143088,337,38.9203617603504
7.43816574903947,3.78194937648183,297.948881587045,337.5,38.9238960075709
34.3945198308734,3.82429942948054,297.943768067758,338,38.9402385764532
-23.97619157025,3.73254818726041,297.946077033822,338.5,38.9288462801165
-17.0245052745921,3.74340955518838,297.947272919148,339,38.9207570801072
14.5023589593813,3.79340889637457,297.94335810379,339.5,38.9276478813573
-40.497420714546,3.70639522125941,297.950717207122,340,38.9084055168517
-5.42575774019208,3.76167210279219,297.949756709897,340.5,38.9058274660446
1.20967749802293,3.77226793501373,297.94730060117,341,38.9064022447575
-8.71503067708432,3.75655657726504,297.94647216303,341.5,38.9022612946919
0.145926579384918,3.77065646568439,297.944214813048,342,38.9023306317603
-26.3303050931127,3.72859024739998,297.947469320562,342.5,38.8898197775082
-27.8817951251515,3.72592134923011,297.951465453871,343,38.8765717321906
14.8913528717382,3.79371574957742,297.9476241226,343.5,38.8836473640429
-51.6085133969999,3.68873443029901,297.958959892231,344,38.8591255597191
-24.4233759574535,3.73098344435262,297.962377138576,344.5,38.8475207835546
8.15712884262854,3.78273385940364,297.959173832835,345,38.8513966463562
-11.1966709129467,3.75210420448229,297.958771148996,345.5,38.8460765440101
-7.24714002082988,3.75838087405375,297.95778882313,346,38.8426330627354
6.66777442636887,3.78054270708349,297.954585408067,346.5,38.8458012582325
-0.215580407200372,3.76975425191129,297.952213715648,347,38.8456988251219
6.21245460943577,3.78003977687585,297.949007089011,347.5,38.8486506752388
0.964621200149137,3.77183749078385,297.946465579906,348,38.8491090153606
-12.9801970644729,3.74970654904488,297.946482009878,348.5,38.8429414699006
-34.1677230323401,3.71599754015277,297.95210944676,349,38.8267066636015
-18.8867066137612,3.73994090270876,297.953872870585,349.5,38.8177326379337
-33.0134052649179,3.71740111681145,297.95927597147,350,38.8020463061508
3.1608157372306,3.77472266087978,297.956836221237,350.5,38.8035481689232
1.95430901922253,3.77293043468186,297.954171568737,351,38.8044767595801
-46.3107602544588,3.6965056730428,297.963705203207,351.5,38.7824721846313
16.3134707891195,3.79539822680355,297.959933614904,352,38.7902235363405
-0.0648062553329734,3.76970007680902,297.957441343451,352.5,38.7901927436242
34.4041531579989,3.8238950870595,297.952383017464,353,38.8065398897854
-25.4859937914778,3.72973983646921,297.955049401521,353.5,38.7944302103621
-24.7845195447153,3.73063490264365,297.958139739916,354,38.7826538366879
-1.81978634914758,3.76702205742307,297.956343512505,354.5,38.7817891645277
-14.0349577377967,3.74761445826597,297.956607471739,355,38.7751204491417
-6.38303601414492,3.75974340472287,297.955478870982,355.5,38.772087547207
-14.7508781316286,3.7464157037409,297.955950897074,356,38.7650786619798
-22.3637090086407,3.73421519957565,297.958321008389,356.5,38.7544525373316
1.67139048084316,3.77236282671962,297.955961979259,357,38.7552466991398
4.30177415861762,3.77664165495972,297.952977132581,357.5,38.7572906887303
-21.1793683138618,3.73617957602358,297.95483940649,358,38.7472273040035
-53.0347446219514,3.68590633741406,297.967103005572,358.5,38.7220278253831
1.86938602834029,3.77230428988262,297.965094412995,359,38.7229160648493
-12.2495792937077,3.74991238588685,297.964959200123,359.5,38.7170956726947
-17.2309610178543,3.74193239616086,297.966073169429,360,38.7089083751622
-35.6820460453479,3.71254213753548,297.972289349867,360.5,38.6919540377205
-24.5580006983366,3.72988895890954,297.975536782289,361,38.6802852945603
-35.7239774032104,3.71202385232654,297.981910044647,361.5,38.6633110334184
-7.05857663331791,3.75740998858068,297.981180286063,362,38.6599571481074
-62.8945907240268,3.66948881003092,297.997517962734,362.5,38.6300727599466
-25.8336457299801,3.72692220720086,298.001556475834,363,38.6177978935755
-17.0351837535593,3.7408386208815,298.00284288795,363.5,38.6097036196829
-47.6260814032278,3.69231689939839,298.013311675763,364,38.5870740694013
29.3024430258217,3.81397744517687,298.008610299788,364.5,38.6009971360969
2.07198763893024,3.77143296676665,298.005600905638,365,38.6019816417937
-1.32703699758562,3.76614216830336,298.00336674518,365.5,38.6013510996711
-6.82428720326017,3.75745348016226,298.002135721872,366,38.5981085370698
-12.8259471157241,3.74789249770059,298.002172610668,366.5,38.5920142835303
1.15225044564338,3.77017855441736,297.99970055091,367,38.5925617757578
-20.8333293351595,3.73518672743621,298.00151055414,367.5,38.5826628115804
-42.8860037978191,3.70011842161621,298.010167839955,368,38.5622855109349
-32.8690847988263,3.71554698883703,298.015893573912,368.5,38.5466677530751
0.419087297470668,3.76844869622256,298.013762392648,369,38.5468668825603
-16.8809122579773,3.74092077728926,298.014648739727,369.5,38.5388459108262
6.48504075322497,3.77817434581152,298.011443934918,370,38.5419272803506
-20.1130634345432,3.73588100846631,298.013029727011,370.5,38.5323705507835
-25.892733664303,3.72655330418354,298.016420129873,371,38.5200676087585
-20.0774680766491,3.7356596592295,298.018370486477,371.5,38.5105277923389
-6.19783076974942,3.75775839443347,298.017219312476,372,38.5075828907449
-9.2388719673697,3.75294464366598,298.016500355838,372.5,38.5031930372955
-42.4551873620731,3.7001265592142,298.024918913143,373,38.4830204392396
-9.22085011190349,3.75265333394033,298.02463596166,373.5,38.4786391488815
-16.3415768556623,3.74128654101779,298.02549762423,374,38.4708744425642
-33.3122573197863,3.71417845198982,298.031041234016,374.5,38.4550461111164
4.66130075911943,3.7745882768338,298.028250598586,375,38.4572609299047
-28.0950665722987,3.72241595184086,298.032008046869,375.5,38.4439115485798
-5.31134785634262,3.75865260725098,298.030772447901,376,38.4413878596716
-25.5188210292344,3.7264023265602,298.033913489211,376.5,38.4292625823741
10.9889219402381,3.78455794649086,298.030214661934,377,38.4344839727187
18.2463796988401,3.79624024116695,298.025447197634,377.5,38.4431537468148
-4.34596866943054,3.76062167448216,298.023525703882,378,38.4410887581861
-11.9129144490131,3.74856575251553,298.023294664191,378.5,38.4354283324576
-0.563814871171648,3.76666209474222,298.021031788175,379,38.435160435612
-16.0653430512752,3.74197259443253,298.021678307642,379.5,38.4275269818896
23.8028743777864,3.80521485373864,298.016850797625,380,38.4388369264978
-23.3234568068767,3.73065044249169,298.019023357557,380.5,38.4277547773266
28.3521701316119,3.81244708610677,298.014098096805,381,38.4412263215033
-11.596131071219,3.74956929585436,298.013471664617,381.5,38.4357164155145
-7.79222349346841,3.75558385635965,298.012470179301,382,38.4320139376251
6.61940729777657,3.77853250014885,298.009140037282,382.5,38.4351591514631
-27.316074738632,3.72457465239802,298.012516411851,383,38.4221799083976
17.6224000935412,3.79585206072154,298.008269590008,383.5,38.4305531983523
-13.5889249827852,3.74648688009481,298.008158642808,384,38.4240964155957
-41.9412410282491,3.70141319422403,298.016268206695,384.5,38.4041680193313
-3.25328452908201,3.76254906857436,298.014816872256,385,38.4026222199781
-19.708351035867,3.73632118246726,298.016341106514,385.5,38.3932577896577
-2.28512962114806,3.76402854584222,298.014453405231,386,38.3921720094688
3.22624701158985,3.77287370326346,298.011521935985,386.5,38.3937049619356
23.2171246862015,3.80455126474801,298.006578198708,387,38.4047365873601
-42.7312020372553,3.70024342631399,298.01455866441,387.5,38.3844328408288
1.07113877540066,3.76948190423618,298.012411487911,388,38.384941792816
-10.5445464730309,3.75103389757975,298.011825046065,388.5,38.3799315476399
30.2104247188399,3.81542040898979,298.006744792384,389,38.3942860421744
-37.8395986080537,3.70800423483038,298.013020728666,389.5,38.3763065428306
10.1728348225191,3.78404191842756,298.009611231449,390,38.3811401690778
-25.3041969870796,3.72769156879228,298.012391493155,390.5,38.3691168704737
-22.8333526100201,3.73141947902886,298.0149233016,391,38.3582675944938
-33.3466474138227,3.71454537207734,298.020403597025,391.5,38.34242292258
-14.1047962227336,3.74492139027958,298.020976031361,392,38.3357210234119
10.2116001254707,3.78364729647119,298.017261412006,392.5,38.3405730690072
-50.9419031873055,3.68678726182454,298.028409217747,393,38.3163680047724
10.2464851193115,3.78347041844439,298.025125909175,393.5,38.3212366259855
-14.322229665858,3.74448790140035,298.025252254232,394,38.3144314132362
31.3847768755477,3.81675304929734,298.020119359655,394.5,38.3293439016345
26.2627923795358,3.80916095404089,298.014777666734,395,38.3418226771956
34.6152856485514,3.82238471121118,298.009344274871,395.5,38.3582701430382
-27.1528882966441,3.72517201407645,298.01232512855,396,38.3453684380712
4.24968716859374,3.77493688846309,298.009513353127,396.5,38.347387678509
-22.0613951102058,3.73310072251985,298.011450316892,397,38.336905198422
-4.81672630957764,3.76041912740352,298.009994527474,397.5,38.3346165291256
-28.7103925566061,3.72235091865428,298.013820351302,398,38.3209747754305
-11.0462321835718,3.75025234509286,298.013639881901,398.5,38.3157261541026
-8.49677829887593,3.75428134683952,298.012751907969,399,38.3116889067356
-13.3134982304889,3.74657490331501,298.012821627442,399.5,38.3053629931027
12.5422579425149,3.78766961484916,298.008873365393,400,38.3113224516261
-3.67025014006758,3.76210306533031,298.006872153299,400.5,38.3095785309078
-10.9890882015843,3.75044730068012,298.00640084907,401,38.3043570615641
-22.7454774000976,3.7316413878841,298.008714708293,401.5,38.2935495395228
-12.3567984478245,3.74804231999649,298.008751612776,402,38.2876782021472
-45.0740030763091,3.69609194385549,298.017927787621,402.5,38.2662612728313
-25.9211780756956,3.72594513161404,298.021560398905,403,38.2539448154336
-23.9948147639766,3.72883601879284,298.024445203606,403.5,38.2425436702795
-48.5437214595665,3.6898737479886,298.035147274905,404,38.219478102984
-21.3772938969802,3.73244909887798,298.037685073389,404.5,38.2093206738428
-9.96100889775061,3.75061767056395,298.03724372443,405,38.2045876967624
-29.3019946887031,3.71972738373772,298.041456590523,405.5,38.1906648430944
32.1415766314444,3.81706235923948,298.036383232681,406,38.2059369251781
-18.7031975077983,3.73691803419066,298.037321046085,406.5,38.1970500939301
-11.8545500310489,3.74776625576628,298.037204441,407,38.1914174000765
4.34631353978625,3.77362240238525,298.034164931424,407.5,38.1934825525704
0.568373978073401,3.76773335094411,298.031518464891,408,38.1937526156774
-21.547900184409,3.73248082179536,298.033431733342,408.5,38.1835141228953
-7.81583096348724,3.75429005407663,298.032527781238,409,38.1798004279078
36.1517592776285,3.82359561852994,298.02725260741,409.5,38.1969779497664
-27.861425815779,3.72276645597199,298.030485678161,410,38.1837395829338
-31.771029917129,3.7163139261416,298.035513361252,410.5,38.1686435662592
19.2743659575992,3.79732290243021,298.031120829609,411,38.1778017884083
-26.1070346058122,3.72535733575248,298.034025615199,411.5,38.1653970212112
-39.7594272556734,3.70350276474974,298.041571246598,412,38.1465053145719
8.74871497652973,3.78046748842492,298.038279757594,412.5,38.150662269745
16.4797666727223,3.79287475837086,298.033666587758,413,38.1584926370051
-6.27593502371395,3.75694312123689,298.032055194038,413.5,38.1555106241458
-5.81840494703304,3.75767919779644,298.030582860017,414,38.1527460068725
3.06846179619074,3.7718666340343,298.027662389541,414.5,38.1542039876355
15.2271480056116,3.79123803821922,298.023253510807,415,38.1614391726704
15.8659610377578,3.79244703965848,298.018698225667,415.5,38.168977889955
-23.2377189896002,3.73042533408412,298.020818712755,416,38.1579364791395
-24.7548211320017,3.72780676856771,298.023765262176,416.5,38.1461742166771
-33.967805918617,3.71296670043924,298.029391155963,417,38.1300344010688
-29.9632287486629,3.71902045594163,298.033975342281,417.5,38.1157973617914
19.675820948926,3.79782621325988,298.02953601394,418,38.1251463354289
-26.4592605702685,3.72467355143956,298.032531604428,418.5,38.1125742079339
1.1189400900765,3.76851504816986,298.030129622948,419,38.1131058727336
12.1641107816997,3.78615413196698,298.026021546973,419.5,38.118885654493
-20.2496943359446,3.73467603086018,298.027456505901,420,38.1092640047024
17.5327908339799,3.79467987265505,298.023096127131,420.5,38.1175947167842
-1.77540909888415,3.76429109953599,298.020702581966,421,38.1167511304909
-9.58410234055211,3.75186421142548,298.019903120529,421.5,38.1121972407013
-1.41156786206638,3.76487201125415,298.017721328911,422,38.111526533707
-8.6227421393749,3.75340695270547,298.016737154634,422.5,38.1074294345743
8.16981630661482,3.78013298649458,298.01320926786,423,38.1113113258292
30.8394811109502,3.81582761977105,298.007972161817,423.5,38.1259647167423
10.9526454679459,3.78502064287753,298.003808491552,424,38.1311688703075
-11.947044161527,3.74872914921934,298.003354843833,424.5,38.1254922278334
-20.5777486920468,3.73487159677881,298.00508124411,425,38.1157147028935
9.47439984946882,3.78257553509387,298.001565600729,425.5,38.1202164675037
-46.0033937885259,3.69464360130878,298.010700499705,426,38.0983579378453
-28.4818230767221,3.72181963883273,298.014969707577,426.5,38.0848247890236
-14.6657172631818,3.74361790470385,298.015561383688,427,38.0778563680147
12.0371996960535,3.78609590335862,298.011670221344,427.5,38.0835758479245
5.32691795381539,3.77564367722517,298.008306369593,428,38.0861069349703
-1.23572497139445,3.76531087259642,298.005964781067,428.5,38.0855197797909
-31.7527618792925,3.71670612832048,298.010626493083,429,38.0704324431812
23.2753428354779,3.80386215137483,298.006077154056,429.5,38.0814917309811
-7.359122383262,3.75562571585151,298.004634416451,430,38.0779950412452
-0.447825569309837,3.76662805867613,298.002301630804,430.5,38.0777822567595
27.7604342503973,3.81115274092895,297.997270259268,431,38.0909726374123
11.3945683860565,3.78579515020132,297.993113558577,431.5,38.0963867708164
-21.3772569163923,3.73378117151481,297.994791820034,432,38.0862293592465
-31.3069609703495,3.71780462523561,297.999504634293,432.5,38.0713538451045
12.5263590323927,3.78729544831745,297.995806228627,433,38.0773057492548
-4.58097915516965,3.76029488423592,297.993970427945,433.5,38.0751290953065
-12.8795792952117,3.74705289592689,297.993893013782,434,38.0690093584169
16.1824513625685,3.79316136459542,297.989673408708,434.5,38.076698456197
-55.3526085708878,3.68016813677769,298.002219640263,435,38.0503976436597
11.8558885155559,3.78605074160558,297.998889154941,435.5,38.0560309734947
-26.1839061755076,3.72564241445662,298.001849103961,436,38.0435896807427
-31.1747558329945,3.71749170378712,298.006642867031,436.5,38.0287769839208
-13.2184147424488,3.74585626543505,298.006964660226,437,38.0224962492426
13.2262528302255,3.78792227969001,298.002961344196,437.5,38.0287807081912
11.3449219203729,3.7851464701579,297.9989007227,438,38.0341712520586
44.9068113902645,3.83737198517594,297.993845545923,438.5,38.0555087401828
1.27367144081217,3.76982082228084,297.990818917334,439,38.0561139256413
-36.9435598320912,3.70906910019691,297.996942881066,439.5,38.038560179455
-29.7737054319175,3.72004140860579,298.001410995408,440,38.024413192252
17.9118606086798,3.79563229556251,297.997219006225,440.5,38.0329240194781
-38.5218116413693,3.70620200867147,298.003744122634,441,38.0146203663579
-35.8474334397078,3.71005060417002,298.010092738529,441.5,37.9975874450344
-10.6258115215317,3.74991337958312,298.009922490352,442,37.9925385867403
-22.3361405170918,3.7311811726453,298.012135465925,442.5,37.9819255612711
-26.6120169005434,3.72421206458647,298.015625562412,443,37.969280851549
-23.3391195197666,3.72923583865368,298.018308788744,443.5,37.9581912602339
1.88321387242112,3.76940217233573,298.015787954081,444,37.9590860700054
-0.133723096466392,3.76629658986263,298.013302825918,444.5,37.9590225314264
-14.6770131105169,3.74313538157614,298.013586902269,445,37.9520487431914
36.2245677922776,3.82342783325298,298.008481348334,445.5,37.9692608600428
-26.3875392924458,3.72484359618885,298.011282783907,446,37.9567228109395
-0.498662576766509,3.76595768425077,298.00916018732,446.5,37.9564858712308
-10.1922428188771,3.75053981513095,298.008486737671,447,37.9516430232669
-11.7342222736688,3.74803647431889,298.008232747517,447.5,37.9460675031919
-18.3260364956521,3.73744872560434,298.009463305657,448,37.9373598801391
2.08120701506523,3.76993217929174,298.006864567936,448.5,37.9383487664259
-22.7199540021661,3.73041394961215,298.009035126096,449,37.9275533718367
-33.0009087422265,3.7138813763942,298.014365331178,449.5,37.9118729777812
-29.395402077695,3.71933160465144,298.018793552495,450,37.8979057415576
-53.6517530677839,3.68089583163687,298.031465988688,450.5,37.8724130911448
-33.0850565177451,3.71275260686997,298.037348597956,451,37.8566927142424
-25.4248333314695,3.72472861408657,298.040749198674,451.5,37.8446120952345
-0.695371915092448,3.76419905363251,298.038637169697,452,37.8442816890105
-11.7516926479002,3.74660534934625,298.038320636256,452.5,37.8386978678807
-22.2837455805727,3.72972757951509,298.040601161735,453,37.8281097378851
15.0140667657612,3.78918902730957,298.036424829459,453.5,37.8352436772897
-40.4599830591015,3.70097685356485,298.043817437705,454,37.8160191013
-6.63810549616139,3.75461745875669,298.042925524587,454.5,37.8128650030061
18.7729487724443,3.79510347752099,298.038251315186,455,37.8217849765933
-5.43551786274715,3.7568774417746,298.036471890758,455.5,37.8192022882604
16.1315088584779,3.79123239109381,298.032030053521,456,37.8268671806907
-9.77465073728277,3.75020732160733,298.031097377095,456.5,37.8222227517596
4.07701619521221,3.7723106998783,298.028073879064,457,37.8241599475202
-5.95903247282707,3.75639609666788,298.026525944645,457.5,37.8213285110257
-23.3013522336991,3.72866518527396,298.028925154198,458,37.8102568648506
8.67465256808503,3.77957848953633,298.025466781663,458.5,37.8143786292428
-9.24620384695781,3.75114038163423,298.024504940241,459,37.809985292048
-7.79666874725675,3.75343334232502,298.02344592651,459.5,37.8062807019947
24.6136961801433,3.8048226211665,298.018509827381,460,37.8179759088837
-15.1756939691209,3.74194238301007,298.018640287289,460.5,37.8107651722534
-30.3588924636669,3.7176113914735,298.023065750168,461,37.7963401332147
-17.3421903022127,3.73811845548049,298.024286029291,461.5,37.7880999850464
-49.4628862433426,3.687084233618,298.035148816407,462,37.7645976762623
3.18788186618558,3.77043541930353,298.032736192395,462.5,37.766112399516
4.88972294063377,3.77327539424486,298.029468179502,463,37.7684357531887
-37.7330586901277,3.70536942086346,298.035999551914,463.5,37.7505068763265
-57.5389565738039,3.67399347143191,298.050360230442,464,37.7231672197229
3.1037922224162,3.76978990838484,298.048051374343,464.5,37.7246419877511
-8.38777882677689,3.75154359299331,298.046979902127,465,37.7206565315238
-23.6932060102406,3.72704057521759,298.049563188996,465.5,37.7093986958811
-7.14147697707529,3.75341769458061,298.04854171461,466,37.706005420441
-12.8781702566198,3.74425185927534,298.048504054809,466.5,37.6998863530566
-20.8307940506508,3.73147412754914,298.05039925765,467,37.6899885935205
-0.301622929310467,3.76425921433323,298.048133450092,467.5,37.6898452772736
-45.4037046496451,3.69240603481562,298.057418303918,468,37.6682716901325
-17.013940068948,3.7371937124371,298.058801437705,468.5,37.6601875101846
36.0271768358919,3.8211693743295,298.053478785762,469,37.6773058366496
-38.4019538624089,3.70352354432748,298.059971561841,469.5,37.6590591339977
-15.517975317364,3.7397074550283,298.060876454765,470,37.6516857622575
15.9460492757736,3.78989970829255,298.056481685661,470.5,37.6592625334981
-9.57906297239649,3.74943787373336,298.055489643484,471,37.6547110381662
-37.1918655806663,3.7053098695246,298.062020401313,471.5,37.6370393094112
37.0924751592501,3.82284536314413,298.056947932745,472,37.6546638127706
-16.8913770815267,3.7378923080593,298.057347517624,472.5,37.6466378686717
-14.0965974500719,3.74226513421967,298.057630212663,473,37.6399398651535
-1.59178970172388,3.76223056587055,298.055463289447,473.5,37.639183525685
-7.44205006134278,3.75292836266363,298.054209613342,474,37.6356474328321
-14.1619926489612,3.74216092857059,298.054407679048,474.5,37.6289183567609
32.1922447996415,3.81554993463916,298.04916852198,475,37.6442145138434
-22.2393033309984,3.72958566119982,298.050893764665,475.5,37.6336475005993
-27.6449007804184,3.72077503184184,298.054624206358,476,37.6205120157177
-33.8973283098724,3.71059147540104,298.060295119257,476.5,37.6044056875714
-1.37120238775453,3.76234860722014,298.058328736331,477,37.6037541602472
30.3124936150355,3.81248996458753,298.05297639341,477.5,37.6181571528557
-5.38990077119469,3.75638249856343,298.051038946344,478,37.6155961395008
-19.2757172925645,3.73415472382948,298.052377790861,478.5,37.6064372752644
18.6871458471163,3.79455067475662,298.047840695612,479,37.6153164795598
-18.7904778000195,3.73506613031496,298.048820355553,479.5,37.6063881770485
-9.34691938567133,3.75005041440878,298.048118261748,480,37.6019469848281
-37.5735680343724,3.70496732512387,298.054696129793,480.5,37.5840938900103
14.3423884581039,3.78749419007069,298.050735762956,481,37.5909086812173
-3.35760115071222,3.75952722274207,298.048583016657,481.5,37.5893133157825
4.17269024177561,3.77158874114421,298.04543438269,482,37.5912959711019
-23.0711274375646,3.72811699405424,298.047629900478,482.5,37.5803337163243
-5.7030518059097,3.75574637314521,298.046290389645,483,37.5776239091388
-16.6447507234198,3.73823391969039,298.047026503649,483.5,37.5697151496457
27.3802904213358,3.80807711320559,298.04198440196,484,37.5827249048168
-35.8030591695015,3.70794998399915,298.047605516627,484.5,37.5657130679442
-33.878664315673,3.71066457539873,298.053344891754,485,37.5496156080017
-8.06498604263313,3.75165273792122,298.052588763691,485.5,37.5457835268858
-15.5651343634733,3.73963514182589,298.053115753008,486,37.5383877475073
-36.0219255927047,3.70689034821086,298.059326707215,486.5,37.5212719161724
-24.6410758596704,3.72472787251373,298.062472347827,487,37.5095636998185
-4.14172998145581,3.75744128346781,298.060876933524,487.5,37.5075957552783
-8.34369263262382,3.75076351652425,298.059838291707,488,37.5036312466225
-20.5589109509669,3.73118152703397,298.061584530328,488.5,37.4938626724423
-6.69179807571777,3.7533064998092,298.060409805288,489,37.4906830620992
13.0068188755013,3.78478403924497,298.05620378577,489.5,37.4968632569226
-16.8090109852398,3.73733431247361,298.056806185227,490,37.488876449105
0.257524306094426,3.76459451996477,298.054375890387,490.5,37.4889988118748
6.25196409865132,3.77424740045327,298.050901527133,491,37.4919694349401
-16.9261038907464,3.73728419944332,298.051588715048,491.5,37.4839269903849
42.008925609291,3.83017409153635,298.046422842604,492,37.5038875470031
-2.73697905900851,3.76041618807155,298.043942412624,492.5,37.5025870703859
-65.5766724987363,3.66114395014815,298.061083805053,493,37.4714282900729
43.4921828137738,3.83233729931636,298.056531424418,493.5,37.4920936169031
1.50718988278477,3.76712714493593,298.0533413759,494,37.4928097587361
1.42419583897317,3.76706103943758,298.050522521635,494.5,37.4934864659184
-51.4887925082875,3.68298259269694,298.061806317818,495,37.4690215470195
11.4440072843445,3.78262180510667,298.058304900531,495.5,37.4744591713344
-19.6318301976606,3.7331470910528,298.059541745678,496,37.4651310999187
-30.8536877564585,3.71508116758384,298.064146549593,496.5,37.4504709587128
-21.0565104282809,3.73047522725927,298.066231613788,497,37.440465949956
-17.7628647267324,3.73561826863247,298.06739835305,497.5,37.4320259181785
-19.611550045108,3.73256013443889,298.068981319721,498,37.4227074828849
-7.44640345388387,3.75196323183312,298.067911656164,498.5,37.4191693215159
8.93139487422797,3.77816432424455,298.064145238808,499,37.4234130771102
-17.5059042335033,3.7360289741533,298.064921894101,499.5,37.4150951402066
-3.41992658028707,3.75851316651726,298.063085863761,500,37.4134701608208
