curr_dens,Volts_tot,Temp_tot,t_tot,SOC_tot
3.81771671027927,3.87358480203801,313,0,60
3.81771671027927,3.87362567600163,312.999624301739,0.5,60.001813989514
-18.7863283055771,3.84190446939612,313.002245936525,1,59.9928876586366
-32.0508905600245,3.82316098677018,313.007726574139,1.5,59.9776586660735
-19.8213033735667,3.83994416651435,313.010841505986,2,59.9682405664079
-15.1708904475399,3.84629628942975,313.013045935041,2.5,59.9610321121726
3.16694431459111,3.87196521906983,313.012804196084,3,59.9625368869409
-36.1559020995571,3.81688943710068,313.019123227461,3.5,59.9453573966189
-13.6952246888535,3.84797445965335,313.021230719168,4,59.9388501055174
3.74279705990869,3.87241250319614,313.020899379126,4.5,59.9406284969317
2.69267628915588,3.87101256178288,313.020542105063,5,59.9419079230713
-49.7342877347227,3.79779635120988,313.030528813217,5.5,59.9182766577677
-39.9179998458683,3.8108707192717,313.038319741183,6,59.8993096053032
-3.54688926873127,3.86147640318453,313.03899051117,6.5,59.8976242995487
-21.4750206769604,3.83629879917746,313.042200327905,7,59.8874204354917
-34.7826879061426,3.81752584685423,313.048461709387,7.5,59.8708934284042
-29.0278648997419,3.82526218316874,313.05352610339,8,59.8571008276072
-1.3650219805884,3.86391449811673,313.053802684533,8.5,59.8564522369058
-21.9872417439094,3.83496860035845,313.057100649632,9,59.8460049908184
-27.8635117715784,3.82657644097001,313.061788993927,9.5,59.8327656328431
-14.4500131073585,3.84518757062031,313.063930022664,10,59.825899703744
6.17106706467224,3.87415392512022,313.063259748608,10.5,59.8288318885536
23.1586983881936,3.89813082475507,313.061440300581,11,59.8398357527009
24.2664090857617,3.89995348626322,313.059520123873,11.5,59.851365945998
-10.659903304496,3.85116386470328,313.060613800982,12,59.8463008889805
-18.6161015711639,3.83990141417837,313.063274000787,12.5,59.8374554413993
-34.9008331483683,3.81696355736314,313.069476301313,13,59.820872297556
-43.9537954410918,3.80406528158124,313.078225863677,13.5,59.7999876353143
16.9048874241501,3.88900375311231,313.077006048842,14,59.8080199988575
-6.02780590864291,3.85698337927118,313.07745937299,14.5,59.8051558846395
-3.11516548863057,3.86107402017192,313.077685710687,15,59.8036757125996
28.0661973589908,3.90485119402902,313.075810686166,15.5,59.8170113767071
-15.9420444552736,3.84338039041732,313.077704123815,16,59.8094365083585
-36.0570503737869,3.81510543965961,313.084137721274,16.5,59.7923039874707
9.70029869182965,3.8789850695583,313.083296358771,17,59.7969130879998
-24.8991341716967,3.83050061547106,313.087007252158,17.5,59.785082255143
-44.2748748400024,3.80329782101212,313.095723991316,18,59.7640450319056
9.20979707975843,3.87784648094717,313.094964527726,18.5,59.7684210704113
3.45005183870065,3.86990031608812,313.094293043107,19,59.7700603638249
-3.70655509606562,3.85991432190534,313.09448177896,19.5,59.7682991927933
-12.8568666272416,3.84704990306785,313.096050170262,20,59.7621902478363
5.27210063224729,3.87247031872253,313.095356187151,20.5,59.7646952884114
8.18172232492554,3.87665698686264,313.094273229789,21,59.7685828368153
-28.3479813652653,3.82546784111306,313.09869846595,21.5,59.7551132829325
-7.06688140601436,3.85507234425089,313.099580405302,22,59.7517554516056
-29.1111670251467,3.82411394280384,313.104307470544,22.5,59.7379232697728
-59.5553200020591,3.78175744842554,313.117782925801,23,59.7096255373369
24.7692443785745,3.89899117496243,313.116279920627,23.5,59.7213946530102
-30.6010799111701,3.82156271222017,313.121135094187,24,59.7068545385158
34.0680597194491,3.91201818777414,313.119289603912,24.5,59.7230419897548
-8.48885643543966,3.85274150706758,313.119885572666,25,59.7190085064641
25.5729494774316,3.90051707455416,313.117936849639,25.5,59.7311595029139
8.33346882026146,3.87664529572791,313.116654826384,26,59.7351191537215
1.14508717119396,3.86664558509714,313.116168359102,26.5,59.7356632423165
-18.908246502543,3.83849845137274,313.11866968102,27,59.7266789819625
-16.6634703371224,3.84147494600831,313.120930866005,27.5,59.7187613278379
-17.6507525225338,3.83995099627445,313.123355889627,28,59.710374566216
-13.4915501919806,3.84565066178027,313.125072281537,28.5,59.7039640511274
-29.3992884302913,3.82326276900461,313.129871415047,29,59.6899949683019
-28.3595190729455,3.82445841191716,313.134595515533,29.5,59.676519932273
-15.8576894010414,3.84175167870164,313.136823288017,30,59.6689851452597
-9.38797607755116,3.85075456174884,313.137875023228,30.5,59.6645244449369
-1.70124092642719,3.86154291370278,313.137809250466,31,59.6637160996783
15.779352868704,3.88615644735588,313.136106265083,31.5,59.6712136650591
-26.9100170630781,3.82640120600062,313.140127188747,32,59.658427360449
13.8519585025759,3.88343213788096,313.138737749367,32.5,59.6650091236804
0.658167772251405,3.86507644352994,313.138215801168,33,59.665321852342
-1.15780130534373,3.8625666567874,313.137994644516,33.5,59.6647717226214
-12.6667472398072,3.84640832760305,313.13941210362,34,59.6587531129621
29.2116438183275,3.90506699400493,313.137379966765,34.5,59.6726330363805
-7.53162598862785,3.85386551980187,313.137805354983,35,59.6690543814925
8.69008124192631,3.87660942537935,313.136654025643,35.5,59.6731834768247
-29.9001573313089,3.82257052644514,313.141323208984,36,59.6589764059547
17.5219416578186,3.88883117518357,313.139762104031,36.5,59.6673019630464
11.1671719151443,3.88012456250813,313.138245221681,37,59.6726080489328
-14.7495738712663,3.84384664077183,313.139892240865,37.5,59.6655997834254
12.693424598244,3.88226576515297,313.138496820412,38,59.6716310688414
14.5891398183484,3.88506910568091,313.136797156215,38.5,59.678563104049
-24.6347272636717,3.83018080398882,313.140258230902,39,59.6668579042328
-1.4980763346085,3.8624042645453,313.14026335866,39.5,59.6661460927056
36.317719196897,3.91530031553957,313.13825230255,40,59.6834024704815
-13.9674296643867,3.84528309599614,313.139599030472,40.5,59.6767658410847
1.03601066085495,3.86621536044033,313.139224444885,41,59.6772581019352
8.06934202118429,3.87611363319705,313.138066292611,41.5,59.681092252796
-4.51115019170503,3.85853358866656,313.13819293182,42,59.6789487781056
-10.3190160240092,3.85033752040785,313.13922449463,42.5,59.6740456938062
14.152403829751,3.88460602326706,313.13771654672,43,59.6807702137464
-16.419274159849,3.84184314990276,313.13960778147,43.5,59.6729685895262
-11.7137808010133,3.84828633200673,313.140949077576,44,59.6674027822246
-10.7253927192813,3.84957384566939,313.142101282366,44.5,59.6623066078873
-7.16555327541945,3.85448940149842,313.14272261346,45,59.658901892585
-2.92108531223146,3.86040840715302,313.142752648613,45.5,59.6575139378131
10.1496718596868,3.87876542238736,313.141442826411,46,59.6623365581699
-50.1885982906076,3.79460962569576,313.151381840996,46.5,59.6384894270368
-13.6789530295215,3.84492999729216,313.153359994511,47,59.6319898674203
-18.9139689956543,3.83749187092838,313.155929172439,47.5,59.6230028880215
-3.45253271504078,3.85906677752406,313.156102109657,48,59.6213624158187
-18.7842149634878,3.83754506697431,313.158564771817,48.5,59.6124370890966
-20.1845370315421,3.8354359827606,313.16142027438,49,59.6028463988233
-16.950237170822,3.83981839130434,313.163690318742,49.5,59.5947924873311
1.75143470020378,3.86599141030714,313.163210164226,50,59.5956246821799
-1.03340236895887,3.86214847902449,313.162905400153,50.5,59.5951336606602
-32.6275005198649,3.81788684337565,313.168287988087,51,59.5796306916604
4.09373348103379,3.86911410849785,313.167684068922,51.5,59.5815758306456
-4.72727850513049,3.856807829199,313.167823211514,52,59.5793296625067
40.3663511872961,3.91985345221432,313.165775890538,52.5,59.5985097492777
10.3214922522331,3.87839338626419,313.164123529119,53,59.6034140101579
11.0454642104241,3.87952615665177,313.162596219366,53.5,59.6086622665832
-12.6678658293049,3.84634959844697,313.163836941143,54,59.6026431254257
22.6825214589432,3.89582066032235,313.161882950878,54.5,59.6134207339281
-22.0371097448055,3.83334881602888,313.164715635156,55,59.6029497930415
26.0815689001784,3.90059071915411,313.162759120223,55.5,59.6153424601991
28.951994856685,3.90485344886216,313.160475086198,56,59.6290990113169
-20.0427677676444,3.83650783161322,313.162862131371,56.5,59.6195756827621
30.2695530401488,3.90676499554159,313.160896248603,57,59.6339582721405
19.4794837103059,3.89201915333916,313.15883039484,57.5,59.6432139560661
-26.3270949751969,3.82801364120153,313.162497878314,58,59.6307046271027
6.89571980725515,3.87430593681319,313.161595211795,58.5,59.6339811309323
-12.439147068603,3.84724027417775,313.162802145875,59,59.6280706655789
-20.5571816307346,3.83573913887559,313.16557108192,59.5,59.6183029130859
-64.8549262371499,3.77437036119746,313.180452986194,60,59.5874870707773
-7.08374386245958,3.85380388427675,313.181500900133,60.5,59.584121227248
16.1730037372804,3.88643980723996,313.17970800315,61,59.5918058359854
-25.0224857367048,3.8288471582833,313.183173011647,61.5,59.5799163925866
-14.3130779171548,3.84362694634825,313.184938390968,62,59.573115528294
-1.65261833562089,3.86131071479418,313.184768241982,62.5,59.5723302860776
-42.4897555792405,3.80424206960874,313.192589735177,63,59.5521412629204
-27.3893608427155,3.82484245817149,313.197083540477,63.5,59.5391271979352
-29.2086397429697,3.82208039928507,313.201856300879,64,59.5252487019044
-10.9007464897672,3.84751227847166,313.203108070923,64.5,59.5200692081579
-35.8087583384409,3.81261160649415,313.209331446612,65,59.5030546633231
-1.33959240654352,3.86063056549746,313.209277594022,65.5,59.5024181554932
25.7297360401549,3.89865479585678,313.206947000803,66,59.5146436491365
16.8577433893672,3.88656170694261,313.204809661008,66.5,59.5226536121741
-13.1078174996962,3.84469779245488,313.206015586828,67,59.5164254278169
39.0137199036378,3.91751171207177,313.203878963566,67.5,59.5349628113307
-26.6622907987749,3.82605476845874,313.207504101599,68,59.5222942139472
-32.6135452772231,3.8174915994963,313.212963459278,68.5,59.506797875786
-3.98299937775724,3.85730011576516,313.213184373341,69,59.5049053521512
-41.1311542473643,3.80536246404377,313.22065151898,69.5,59.4853618689219
28.4987685585124,3.90246283571547,313.218584648216,70,59.4989030693956
-6.73777370906684,3.85341871848833,313.21871110843,70.5,59.4957016137133
-8.51394262883599,3.85089425217138,313.2193308287,71,59.4916562107085
-11.5133673733736,3.84663602019518,313.220428769423,71.5,59.4861856299215
20.7836184121358,3.89188228530025,313.218323355328,72,59.4960609739354
-33.7767602440548,3.81567668741103,313.223678366166,72.5,59.4800119337504
-3.87384541506026,3.85723536282257,313.223868484511,73,59.4781712746615
-20.0799684817238,3.8344942632043,313.226436761982,73.5,59.4686302701736
7.20334623190757,3.87264867423858,313.225264350262,74,59.4720529428132
-87.0062312122703,3.74295453662196,313.248737712484,74.5,59.430711899712
35.9932196825497,3.91216246285118,313.247047676493,75,59.4478140914231
-10.1621509144831,3.84798261114513,313.247590826474,75.5,59.4429855416387
-37.5982802444136,3.80956592645608,313.254147099364,76,59.4251207048051
6.52377650932892,3.87106059857588,313.253122060356,76.5,59.4282204796384
-5.75645021686072,3.85393549687969,313.253180692048,77,59.4254853001782
17.6390764865689,3.88677350163442,313.251064290618,77.5,59.4338665139273
-21.8937915189749,3.83152451271072,313.253780088406,78,59.423463670749
21.9021741882675,3.8927779514919,313.251605909564,78.5,59.4338704969557
-21.8397441860365,3.83169288212001,313.254269412998,79,59.4234933343878
36.0386255130479,3.91251404213529,313.251958802248,79.5,59.4406171006961
-38.2803479582136,3.8090082391417,313.258271605792,80,59.4224281791347
-36.5032026993613,3.811089932858,313.26473766913,80.5,59.4050836688037
0.215184278227134,3.86217516701316,313.264345831879,81,59.4051859136935
16.2357865619359,3.88471129511409,313.262233710919,81.5,59.4129003537133
-24.2745397793513,3.8280934770156,313.265411360223,82,59.4013662971142
-5.22774607001675,3.85459509279705,313.265598878991,82.5,59.3988823316258
48.0211071842078,3.92880265951855,313.263561583863,83,59.4216995785541
-23.3143980316359,3.82976644671376,313.266319528342,83.5,59.4106217336633
-21.032076023026,3.83273335242014,313.269113115144,84,59.4006283349232
-20.7485961230225,3.83294605501636,313.271844335885,84.5,59.390769631763
-44.9249481489874,3.79912854720331,313.280413485402,85,59.3694235259511
8.58560564757326,3.87355476700596,313.279199190539,85.5,59.3735029796659
-35.4014322263395,3.81206985677727,313.284996424813,86,59.3566819759846
12.7874831955651,3.87930257745918,313.283338638475,86.5,59.3627579533782
7.76602737703025,3.87244868781248,313.281712254949,87,59.3664479841731
-0.239997738625865,3.86133482670172,313.280962819367,87.5,59.3663339491584
7.48720376400719,3.8722215846152,313.279459943753,88,59.3698914968098
-34.92136802394,3.81293816407268,313.285088013035,88.5,59.3532985958128
-22.7881371779118,3.82953493182956,313.288349727261,89,59.3424708039623
-22.0874199471884,3.83033545817583,313.291368340985,89.5,59.3319759581643
-6.22611326197238,3.85242701729673,313.291632166676,90,59.3290176181336
-15.1334352150654,3.83992136257875,313.293191531235,90.5,59.321826960766
-37.5946419665897,3.80844891682878,313.299748149676,91,59.3039638526615
3.0419043416861,3.86504853094766,313.298964350643,91.5,59.3054092146401
-15.4138735984243,3.83922604422051,313.300501198948,92,59.2980853068704
-2.46774342755796,3.85732175204473,313.300176304178,92.5,59.2969127576635
-18.174827068072,3.8353066510424,313.302255825412,93,59.2882769818264
-6.13907846410415,3.85208266948507,313.302455156335,93.5,59.2853599964123
7.47293346748418,3.87120859254483,313.300936642113,94,59.2889107635271
-13.1693330824326,3.84235059350442,313.302031434925,94.5,59.2826533500179
-21.5624316745407,3.8305013555528,313.304845961044,95,59.2724079525928
-25.6403246016116,3.82463035081856,313.308597853461,95.5,59.2602249428277
-10.2573122471772,3.84600028218673,313.309485047283,96,59.2553511771008
-1.95786426499879,3.85763128251069,313.309033790901,96.5,59.2544208971675
-7.86337202094212,3.84938075123091,313.309342882462,97,59.2506846130289
-21.0397737364165,3.83087417099236,313.312012946957,97.5,59.2406875567174
-15.8097181490022,3.83805381376441,313.313800941977,98,59.2331755632624
11.5762105814278,3.8764259971041,313.31197336024,98.5,59.2386760040231
28.3578123462813,3.90004777842769,313.309166295155,99,59.2521502291002
-36.2124484231732,3.81000445354217,313.314978660914,99.5,59.2349438707716
-12.1831898262663,3.84325026304977,313.316246411036,100,59.229155023597
21.1986967282255,3.89000794928736,313.313806249046,100.5,59.2392275922271
14.6408594149611,3.88109472497402,313.311505439145,101,59.2461842020202
7.39682003799382,3.8711239944497,313.309825491716,101.5,59.2496988038107
-43.9647097931669,3.79944877080488,313.31780770799,102,59.2288089556106
21.2573006366293,3.89022036178354,313.315655831174,102.5,59.2389093699095
-19.14663700144,3.83383700043546,313.31767800409,103,59.2298118382214
-27.7064100924962,3.82170637821196,313.321787554285,103.5,59.2166471271673
0.2216296762843,3.86062060060459,313.321171896921,104,59.2167524345904
10.0898468366665,3.8745240867719,313.319324875459,104.5,59.2215466290653
3.60445158098839,3.86557338562213,313.318028525003,105,59.2232592855738
15.3036747973676,3.88204111666535,313.315795118768,105.5,59.2305308323422
-28.1655913687445,3.82131804189062,313.319704913283,106,59.217147941134
-43.9216909785214,3.79917008127397,313.327985312483,106.5,59.1962785333397
4.55856305835209,3.86652385088162,313.327022340885,107,59.1984445362713
8.24746236234075,3.87180422229086,313.325287321278,107.5,59.2023633210784
-21.8830853034945,3.82967057195956,313.327924337213,108,59.1919655649624
-3.41954950063834,3.85538562887536,313.327701844705,108.5,59.1903407647461
-28.1154912249461,3.8207982347774,313.331767325753,109,59.1769816786399
0.43536371046299,3.86058427550399,313.331107056753,109.5,59.1771885418687
-12.2957486636316,3.84277311398786,313.332037351062,110,59.1713462123208
33.1288997063098,3.90626297889673,313.329315858418,110.5,59.1870874213304
-12.6910894498715,3.84253937405222,313.330078439958,111,59.181057245461
-24.8060009488043,3.82547880266069,313.333462980645,111.5,59.1692706648896
10.4068934223836,3.87464268622914,313.33175882582,112,59.1742155041676
-2.230720443793,3.85706465849347,313.331113813638,112.5,59.1731555765195
-55.8389936570217,3.7824985248409,313.342770712878,113,59.1466236579277
6.60688000821349,3.86896844845969,313.341686483043,113.5,59.1497629194194
-23.3091920842853,3.82713369946611,313.344620610054,114,59.1386875481364
-3.70256055558177,3.85444958560026,313.344417748649,114.5,59.1369282751122
-13.8438506372151,3.84023905370887,313.345620360166,115,59.1303503643361
-30.2910362809317,3.81714500397523,313.350270577736,115.5,59.1159575671879
2.82817676909567,3.86332363760016,313.349311581767,116,59.117301376431
11.9112027656218,3.87616014232062,313.34721707306,116.5,59.1229609888525
-35.4469918484411,3.81001283854277,313.352900365269,117,59.1061183374999
-24.0160818050745,3.82563164852027,313.356344476702,117.5,59.0947070873033
0.312486014514715,3.85958727149257,313.35560993863,118,59.0948555651492
3.37177463853735,3.86395607867186,313.354319515871,118.5,59.096457665122
-20.2058219755341,3.83096531764632,313.356633894584,119,59.0868568612998
-21.6627919496714,3.82877463588269,313.35943977957,119.5,59.0765637776527
-17.995533802469,3.83375395374403,313.361542752455,120,59.0680131930774
-9.85553631445457,3.84506287826987,313.362184659851,120.5,59.0633303313342
-21.885505459165,3.82816425732203,313.364957808185,121,59.0529314252804
-3.7534675229093,3.853456336444,313.364718808199,121.5,59.0511479637917
18.8498351134998,3.8851893776866,313.362166109627,122,59.0601044699524
18.2593088010823,3.88460729580881,313.359509416828,122.5,59.0687803873164
-20.1265697153222,3.83102026317137,313.361670619049,123,59.059217240235
-24.5206228504991,3.82470531656131,313.365038517177,123.5,59.0475662571731
18.4021999174659,3.88468146080632,313.362688418817,124,59.0563100693041
-5.6488468797045,3.85120346033938,313.362388360516,124.5,59.0536260176095
-15.2804548598994,3.83767780227747,313.363809948023,125,59.046365503803
-15.516890542508,3.83723651516072,313.365358076147,125.5,59.038992647494
19.9527532007751,3.88685793393252,313.362854688147,126,59.0484732055939
-27.0637859249866,3.82123863022442,313.366446178842,126.5,59.0356138376519
-20.9239786338158,3.82957977035575,313.369124014332,127,59.0256718014265
-0.104608873612326,3.85862650705749,313.368375973562,127.5,59.0256220964813
-7.45654647143413,3.84836360704433,313.368463813155,128,59.0220791156537
15.9459135901932,3.88115924769352,313.366110383596,128.5,59.0296558224233
-8.69325405639187,3.84682054800016,313.366265908209,129,59.0255252195271
-1.06474616618903,3.85747830483461,313.365534017527,129.5,59.0250193049904
-11.7065857679425,3.84257861105352,313.366291590217,130,59.0194569164114
11.9838837179486,3.87572932712299,313.364260830013,130.5,59.0251510632145
-17.0019881925325,3.83524794149258,313.365845005084,131,59.017072562205
-12.2032694650497,3.84183621911277,313.366813620518,131.5,59.0112741741827
-37.6261689699176,3.80625930080086,313.373202786441,132,58.9933960860108
-2.69192146010715,3.85477475273858,313.372933868461,132.5,58.9921170185284
-19.6379430819405,3.83104184409558,313.375148144252,133,58.9827860425735
-9.98093480523185,3.84444166201869,313.375781968115,133.5,58.9780435976908
-17.2565482578926,3.83420078139514,313.377600984729,134,58.9698441423717
0.59517642995568,3.85914309620967,313.376719295326,134.5,58.9701269406737
-46.8904528872733,3.7929230163022,313.385628208153,135,58.9478469245548
16.4539742023798,3.88103968977224,313.383537546263,135.5,58.9556650365131
-3.54756254653001,3.85323011263744,313.382920799406,136,58.9539794108505
12.8046433504358,3.87618894359624,313.380711002788,136.5,58.960063541898
2.12094980277721,3.86139352292266,313.3794057119,137,58.9610713119852
-26.1458835059001,3.82184650382823,313.382897158815,137.5,58.9486480857188
-44.2759972975701,3.79642839182623,313.391244919506,138,58.9276103291452
-13.246292468631,3.8392825046944,313.392643820029,138.5,58.921316348355
-16.8633186127339,3.8341527423097,313.394405350982,139,58.913303736248
-67.6225281171222,3.76393646404234,313.410440382587,139.5,58.8811728668775
-30.213422099592,3.81474858464814,313.415651713405,140,58.8668169481364
6.91170875351713,3.86664084588356,313.41410699419,140.5,58.8701010491197
-21.3151076157008,3.82718065843978,313.41658811572,141,58.8599731678132
2.59006323599743,3.86062077674192,313.415426132455,141.5,58.8612038373225
-28.0077718612715,3.81781735650812,313.419381556422,142,58.847895934112
-12.8610376936988,3.83883063546453,313.420532392728,142.5,58.8417850072713
18.2118459596799,3.88239378881727,313.417909231548,143,58.8504383726485
-16.9380150793308,3.83334670061424,313.419405083712,143.5,58.8423902684876
40.1750235325762,3.9130465200633,313.41644110822,144,58.8614794458524
-9.76173846112292,3.84379193591724,313.416524735686,144.5,58.8568411521941
-10.241513169488,3.84306374565784,313.417020383469,145,58.8519748934048
12.9732136102785,3.87556915118265,313.414755827508,145.5,58.8581391206739
4.33667176665062,3.86364652191365,313.413117646582,146,58.8601996918758
23.0046682435682,3.88983151784696,313.410198775771,146.5,58.8711303685427
-6.48201193196848,3.8488239719407,313.409868541944,147,58.8680504381638
7.59628457047821,3.86852202378703,313.408057642387,147.5,58.8716598156011
7.9003084499241,3.86905183755787,313.406120397155,148,58.8754136500976
6.59966897544054,3.86733357202319,313.404309840394,148.5,58.8785494852644
-2.11672253036568,3.85520611716959,313.403494558794,149,58.8775437237674
12.7342630891509,3.87600479825132,313.401242895433,149.5,58.8835944136076
-21.2805373895482,3.82851894014799,313.403531162137,150,58.8734829583568
-10.1826472335907,3.84385320212708,313.404103250851,150.5,58.8686446697388
-17.2222127101909,3.8339211662976,313.405800102907,151,58.860461528968
-7.86155953350335,3.84689812812912,313.405982466551,151.5,58.8567261060335
19.8545613723564,3.88566822201053,313.403321341804,152,58.8661600082496
-5.9968728230444,3.84971771489876,313.402947915638,152.5,58.8633105918987
-14.7630407689057,3.83740115776902,313.404161303043,153,58.8562959275898
33.4256908151522,3.9046068072916,313.401258701558,153.5,58.8721781570051
-62.290825587266,3.77195836837939,313.414632111497,154,58.8425806480735
-23.5730476328098,3.82471533599757,313.418097766639,154.5,58.8313799057286
-29.9032213705197,3.81569570495735,313.422592414117,155,58.8171713789792
-7.48793661164717,3.84682032560879,313.422819555857,155.5,58.8136134831148
9.09298925625307,3.8700697487154,313.420841352092,156,58.8179340203398
-17.7114219207048,3.83264336870327,313.422476088492,156.5,58.8095184316308
-20.6422253181926,3.8284141887281,313.424899613917,157,58.799710270598
-23.5149495886754,3.82424506957469,313.427950365099,157.5,58.7885371335603
29.3031679847128,3.89798285313712,313.425016936205,158,58.8024605447204
19.0595082240316,3.88406857543386,313.422083667667,158.5,58.8115166771376
30.0691414983594,3.89960314428535,313.418898998518,159,58.8258040408974
6.28010214712268,3.86675274142297,313.416948781263,159.5,58.8287880337669
-10.2969142476239,3.84360626809244,313.417270653378,160,58.8238954511348
-78.8958377470567,3.74924200329594,313.437195612961,160.5,58.7864080645032
-18.8965141164642,3.8306932850211,313.439890384502,161,58.7774293787969
-30.8051442643966,3.81394066374255,313.444536683204,161.5,58.7627923030492
38.1718194492372,3.91004665108904,313.441615200693,162,58.7809296572492
17.8937218085193,3.88233064046136,313.438652741208,162.5,58.7894318658177
14.135989023789,3.87729890608139,313.43606193392,163,58.7961485862568
13.7332480304218,3.87690450978866,313.433537381045,163.5,58.8026739441631
-19.9674436231544,3.82988677811053,313.435475446809,164,58.7931864059036
20.5372550167436,3.88638071443602,313.432817106623,164.5,58.8029446902586
-19.828497683337,3.8301400811345,313.434680916698,165,58.793523172214
6.18389395692404,3.86638704109543,313.433051134989,165.5,58.7964614517262
-4.37345360630523,3.85169084456877,313.432459297777,166,58.7943834036196
1.65543242781942,3.86012152665008,313.431189854175,166.5,58.795169982953
-25.0614122772007,3.82277662947795,313.434259948122,167,58.783262043594
-14.6083466261964,3.83715790535206,313.435530216207,167.5,58.7763208822646
18.0139245887774,3.88272234052043,313.432945007005,168,58.7848802052288
-40.356990326373,3.8014188862242,313.439602311978,168.5,58.7657045662743
-18.8441059451665,3.83097209309467,313.441805916288,169,58.75675078233
-38.5127169042378,3.80343156342177,313.448323914786,169.5,58.7384514505776
-7.13858968613051,3.84690284204001,313.448512866153,170,58.7350595470348
-13.5017463577371,3.83798272525304,313.449448985352,170.5,58.7286441872342
-22.4527549912637,3.82538364490787,313.452146179218,171,58.7179757523543
-60.2293845111473,3.77300546734827,313.465390632401,171.5,58.6893577379162
-10.3855298536186,3.841585306775,313.466326563324,172,58.684423049546
-31.2250640643493,3.81242012169888,313.471010221624,172.5,58.6695864487492
-24.8170022246688,3.82113435686323,313.474416361447,173,58.6577946409176
-47.4144795072129,3.78958367976886,313.483667225894,173.5,58.6352656333555
25.6956470872621,3.89137104499179,313.480843503135,174,58.6474749296202
-17.7186314364804,3.83091569484329,313.482303015652,174.5,58.6390559153071
15.0246225919,3.87673852646255,313.479767671853,175,58.6461948703164
-82.469966181213,3.7423142608776,313.501260455255,175.5,58.6070092352308
-22.1253385474398,3.82410728396674,313.504647286593,176,58.5964963723959
-47.3807984751648,3.78886881219243,313.513886691803,176.5,58.5739833683887
8.87606214141889,3.86714681503456,313.512072074717,177,58.5782008326145
-6.22464578443167,3.84615357469558,313.51162966505,177.5,58.5752431898563
-15.7016155840465,3.83289154831084,313.512901572354,178,58.5677825613752
-44.8051518166938,3.79226305017632,313.52126331363,178.5,58.5464933768351
-7.89871761034911,3.84342310298101,313.521549654624,179,58.5427402982266
19.4359207008435,3.88178272001705,313.518528106452,179.5,58.551975283172
-4.43829619699756,3.84861400840047,313.517714743863,180,58.5498664250843
-67.2111900743201,3.76167564068521,313.533371141822,180.5,58.5179310031377
-46.6688303296956,3.78907820716384,313.542863465111,181,58.4957562910595
-20.0630997073476,3.82575110042178,313.545380916676,181.5,58.486223301776
20.2949990733348,3.88229574918576,313.542337884204,182,58.4958664781295
-27.6736143381601,3.81536721683603,313.545880254155,182.5,58.4827173499902
-14.5950808277693,3.83349407108897,313.547089245104,183,58.4757824919098
-10.3492122133731,3.83941062845619,313.547424793158,183.5,58.4708650598798
2.56815918302565,3.8575471874854,313.545851115461,184,58.4720853216702
-23.2365096349128,3.82146866934487,313.548502885954,184.5,58.4610444854801
12.706994989349,3.87173428268691,313.546009014984,185,58.4670822188725
-13.8727113621623,3.83466589486995,313.546713130046,185.5,58.4604905949122
-4.16969478502296,3.84821967896765,313.546049318672,186,58.4585093628852
-30.4922798194291,3.81139766611349,313.550385323418,186.5,58.4440209447949
-12.7062020560045,3.83604665252121,313.55124622758,187,58.437983588165
-4.57760151918265,3.84741709390304,313.550628656702,187.5,58.4358085391017
-8.11573520816273,3.84249225483631,313.550480637242,188,58.4319523445008
13.8549967485441,3.87329823345206,313.547761515521,188.5,58.4385355513559
7.69276908069971,3.86488263246431,313.545430641119,189,58.442190773444
21.1840820115665,3.88386953530856,313.542158457858,189.5,58.4522563978861
-7.65363498864624,3.84377539404629,313.541726095481,190,58.4486197703763
-8.52922626768087,3.84251470370434,313.541643267524,190.5,58.4445671053448
-15.9439789083384,3.8320884481053,313.542844995411,191,58.4369913178401
1.39462278061358,3.85628475048409,313.541447781523,191.5,58.4376539733727
-20.7278533529014,3.82536007937502,313.543503039331,192,58.4278051261474
-15.6311419306431,3.83233604471293,313.54476220741,192.5,58.4203779832489
-8.7888726640649,3.84183142908206,313.544798020757,193,58.4162019471357
-1.32144251358808,3.85228261793586,313.54368441555,193.5,58.4155740632342
-9.12076206943425,3.84139831071764,313.543652195007,194,58.4112403297466
-7.93947376324122,3.84302445584014,313.543496028672,194.5,58.4074678858369
3.73953941409601,3.85938112829569,313.541756705297,195,58.4092447293795
-7.68223848583002,3.84346776642283,313.541456136952,195.5,58.4055945109074
22.5027082413373,3.88566879664613,313.538261381115,196,58.4162866810927
-31.9034363225884,3.80988360960309,313.542633564116,196.5,58.4011277514653
19.1319615722034,3.88097374020123,313.539815043618,197,58.4102183101178
19.5563131463395,3.88180123437546,313.536588551582,197.5,58.4195104995785
-1.54264035236135,3.85253772086323,313.535294169494,198,58.4187775134416
18.6417055420414,3.88076775245628,313.532287817201,198.5,58.4276351267591
3.80288681261482,3.86025281973622,313.530369009555,199,58.4294420698417
32.628931666307,3.90044124339241,313.526955812317,199.5,58.4449457188513
-15.0361525693298,3.83429444594286,313.52765019038,200,58.437801285369
9.41495496871388,3.86835959741345,313.525444104291,200.5,58.442274804722
-16.2477848339956,3.83256910941863,313.526512529669,201,58.4345546637187
10.5605052224999,3.86992926762273,313.524219492836,201.5,58.4395724917006
8.86159359983375,3.86768454844992,313.521875173797,202,58.4437830811934
-50.7760528017815,3.78479471905824,313.53142099751,202.5,58.4196568208309
-24.5787464199312,3.82052644001725,313.534713906447,203,58.4079782203335
32.2160190693665,3.89961262806221,313.531480239498,203.5,58.4232856737691
0.728199042085858,3.85610850760741,313.529829177965,204,58.4236316778147
-24.5386905893684,3.82080973947425,313.532605697993,204.5,58.4119721098599
-33.0594099392748,3.80872585015999,313.537579420159,205,58.3962639189389
5.08591883272462,3.86175185810613,313.535925025084,205.5,58.3986804951628
-0.0247119144004149,3.85470386923815,313.534536483828,206,58.3986687532875
-17.3307188809044,3.83052315848874,313.53588887773,206.5,58.3904340557693
-26.5878529820358,3.8174651523396,313.539298078985,207,58.377800827542
-6.19904433850768,3.84576202515965,313.539015656686,207.5,58.3748553493203
-5.70660713432484,3.84645228289047,313.538482589002,208,58.3721438528193
-18.4523689696384,3.82860835455146,313.540109198429,208.5,58.3633762028445
-42.8019036169439,3.79460589039032,313.547665786138,209,58.3430388624312
-0.944223988547512,3.85263572593458,313.546809251082,209.5,58.3425902140521
2.39303009841095,3.85738171737815,313.545159442113,210,58.3437272631929
-29.1913493708208,3.81328202209437,313.549024793676,210.5,58.3298569826887
-6.54568967680467,3.84471871891285,313.548814611979,211,58.3267467958057
35.4199950822348,3.90324303616384,313.545347921911,211.5,58.3435766196349
-18.5857820530676,3.82829820999039,313.546689606975,212,58.3347455783839
-36.5735840921032,3.80309070351004,313.55252119936,212.5,58.317367626308
-23.608946219857,3.82080911626909,313.555482996895,213,58.306149826736
-12.7798270974743,3.835790768856,313.556224134293,213.5,58.3000774871404
-23.0057847474921,3.82142944541905,313.558845913667,214,58.2891462799662
-24.0250257297788,3.81984611515859,313.561787101164,214.5,58.2777307800605
9.61198214002068,3.86680438333448,313.559544187683,215,58.2822979169471
12.0477530130488,3.87038431652087,313.556823333809,215.5,58.2880224112695
-3.01331636204907,3.84948397747861,313.555737206389,216,58.28659063288
-30.7806333432229,3.8106843568589,313.559997338256,216.5,58.2719652035056
-7.91099955837409,3.84239534301568,313.559987936671,217,58.2682062891249
-28.3200275029131,3.81384094756513,313.563732474863,217.5,58.2547500175302
-8.02072099857152,3.84201745638594,313.563719598789,218,58.2509389689664
5.37302379364058,3.86078826957572,313.561754010239,218.5,58.2534919632191
-18.4237222977448,3.82757556942828,313.56327443841,219,58.2447379247211
12.3132308183064,3.87050426874432,313.560745167182,219.5,58.2505885609214
0.0960179406953685,3.85359332141938,313.559240899902,220,58.2506341838816
1.5611978525385,3.8557026738023,313.557648385493,220.5,58.2513759876215
35.8691501794105,3.90352023601544,313.554127199061,221,58.268419227662
-47.3021065670959,3.78812291671042,313.562468425614,221.5,58.2459436141442
-17.9711335719143,3.82837952751895,313.564349436751,222,58.2374046233475
-32.1431715988492,3.8084830608845,313.569057478697,222.5,58.2221317834146
-17.1627169203414,3.82912159375441,313.570651234368,223,58.2139769120904
-46.2678232076856,3.78855029381926,313.579231572741,223.5,58.1919927386952
-22.8500320657788,3.82066996088866,313.582147651428,224,58.1811355374657
-3.74481278495551,3.84730481399141,313.581421039858,224.5,58.179356188279
-2.13678172645341,3.84961777297573,313.580299855977,225,58.1783408956474
24.8031918698025,3.88732573869655,313.576851887262,225.5,58.1901261414838
-4.19070455154308,3.84712760547047,313.575801235266,226,58.1881349266585
-20.5353572420644,3.82425768729446,313.577774643297,226.5,58.1783775440318
-77.070288372217,3.74654984413827,313.597187119961,227,58.1417575678643
5.45062746176395,3.85980665952587,313.595854628371,227.5,58.1443474355288
-31.723990753103,3.80792609533342,313.600305047773,228,58.1292737695305
15.3378091494851,3.87356901272035,313.597562236291,228.5,58.136561535249
-36.9136945606533,3.80074425223831,313.60323757073,229,58.1190219795575
-5.05909859035813,3.84495928420436,313.602789047133,229.5,58.1166181469818
-48.2174609419493,3.78485806661788,313.611877758415,230,58.0937076024925
4.18872962042699,3.85757421827436,313.61032117305,230.5,58.0956978789286
-19.6952177986088,3.82423590569006,313.612067654643,231,58.0863396888708
32.0098172272003,3.89639184859159,313.608478405686,231.5,58.1015491654245
13.3657330824982,3.87085167056373,313.605377708356,232,58.1078998984668
-38.6680730029045,3.79834509324374,313.611457075506,232.5,58.0895267492063
-3.80164581286756,3.84668661276081,313.610807205125,233,58.0877203957852
-15.2504026123184,3.83068182033885,313.611712088228,233.5,58.0804741613153
-25.9107960815337,3.81569434818728,313.614902995424,234,58.068162636926
-10.255093983286,3.83741230879166,313.61513128066,234.5,58.063289925208
-20.2676704785398,3.82337098046889,313.617078042763,235,58.0536597340465
-3.50808778294203,3.84673125867928,313.616208285329,235.5,58.0519928648325
-9.29876677994659,3.83866274743823,313.616076961607,236,58.0475745523406
19.4404412416452,3.87886596222172,313.612831967503,236.5,58.0568116852227
-22.1802960782307,3.820896135339,313.614913347533,237,58.0462727092965
2.05611837390871,3.85467299691239,313.613323431511,237.5,58.0472496747062
27.4396759138643,3.89016671623064,313.609681348722,238,58.0602876469161
-19.2529087791597,3.82526473300481,313.611085395244,238.5,58.0511396201533
-19.0411049921361,3.82540840066944,313.612814917946,239,58.0420922320386
1.37295338788631,3.8538579852585,313.611279586761,239.5,58.0427445913512
25.7487539748648,3.88793960575202,313.60771044303,240,58.0549791213733
-34.1009788023584,3.8046927795053,313.612446761072,240.5,58.0387760286198
16.9786939197229,3.87575384586555,313.609601658048,241,58.0468434613468
3.20375098841034,3.85673304749298,313.607569534281,241.5,58.0483657248198
23.6169555985318,3.88527728661119,313.604096649204,242,58.059587330051
-13.1550085285545,3.83419207681292,313.604366875484,242.5,58.0533367228589
-33.9381178173261,3.80510950741182,313.609330610073,243,58.037211013563
-30.6359914042329,3.80937938547713,313.613717347364,243.5,58.0226543108597
-7.5858215320769,3.84132703246854,313.613528827475,244,58.0190499049391
1.85712541795721,3.85454532694533,313.611832321296,244.5,58.0199323187717
-15.9747319622002,3.82966162438762,313.612785163338,245,58.012341918942
15.2031356466044,3.87318043489212,313.60989267726,245.5,58.0195656944956
-16.6526980762485,3.82883022477264,313.610864071559,246,58.0116531588147
-31.0997906766883,3.80855527370958,313.615201249937,246.5,57.9968760817147
22.0020827641583,3.88249458246033,313.612042475586,247,58.0073303795184
32.8675092860223,3.89781562817993,313.608225017475,247.5,58.0229473887727
-30.1664704835322,3.81029205406239,313.611905415925,248,58.0086137791094
40.3374205316709,3.90818976185502,313.60857811255,248.5,58.0277801194687
-35.6702159753542,3.80284276641466,313.61353888357,249,58.0108314030892
0.115082776132992,3.85243687123862,313.612297055462,249.5,58.010886084713
-6.67259631376582,3.84298456456048,313.611671003225,250,58.0077155980943
-59.2420386535287,3.77012572603211,313.62405743721,250.5,57.9795667214075
17.0680951983796,3.87560677758663,313.621441087415,251,57.9876766331853
-33.0569223795637,3.80582274229931,313.625949247277,251.5,57.9719696242292
-17.7878834984601,3.82682545346315,313.62752877492,252,57.9635177047731
-19.1453893481667,3.82481911765744,313.629235059174,252.5,57.9544207659078
-32.5565556015423,3.80599639706674,313.633959220546,253,57.9389515064123
22.4342980817749,3.882590113509,313.630733146596,253.5,57.9496111714848
-18.5416445754442,3.82560996089301,313.631991685065,254,57.9408011021728
7.41573243182426,3.86182294448414,313.629733188598,254.5,57.9443246901942
-41.5292262118437,3.79366144540455,313.636560765181,255,57.924592062923
-33.7974278992256,3.80399582658189,313.64181754875,255.5,57.908533202494
-27.9849988623074,3.81181567127514,313.645607251044,256,57.8952361198824
26.5869420111722,3.88789920870006,313.642134784495,256.5,57.9078689152615
-27.1189014928811,3.81321035480953,313.645183395432,257,57.894983359137
-3.17969598660469,3.8464944405744,313.644250367402,257.5,57.893472525407
12.6793607280049,3.86873133050956,313.641355063464,258,57.8994971283699
-3.62023601821712,3.84612529637123,313.640148446197,258.5,57.8977769718802
-15.3432726509935,3.82973776950353,313.640968512995,259,57.8904866101769
23.1281875913987,3.88340643578598,313.637551207385,259.5,57.9014759771078
15.5885682748451,3.87319645416311,313.63428350564,260,57.908882891118
9.17728005722205,3.86444728863922,313.631588378107,260.5,57.9132434791484
-10.563955281571,3.83696642788235,313.631455095479,261,57.9082240118697
26.4361733973749,3.88851555796508,313.627949018311,261.5,57.9207851694859
-8.43377108222741,3.84017902931442,313.627356585575,262,57.9167778600213
-52.9323848592546,3.77838396795607,313.637587742771,262.5,57.8916270176802
-19.7086251650524,3.82385026285748,313.639703623375,263,57.8822624571072
23.2399362156778,3.88371501671412,313.636333815162,263.5,57.8933049214385
-23.8405385745812,3.81825548442731,313.638610014891,264,57.8819770806731
-22.4267411556312,3.82002927207979,313.640976224895,264.5,57.8713210062769
-2.85905811903507,3.84723029042707,313.639943748518,265,57.8699625237489
-17.5838544923546,3.82666237299861,313.64116255519,265.5,57.8616075487508
-9.83787003461939,3.83738253792639,313.641136276103,266,57.8569330811471
-6.78040703347325,3.84163060661475,313.640561273682,266.5,57.8537113682248
-31.4208112428587,3.80721445933406,313.644830580734,267,57.8387817580835
7.71142747301721,3.86166193485325,313.642632527648,267.5,57.8424458457137
2.23590595138567,3.8541522970496,313.640697817316,268,57.8435082372576
16.4358867055683,3.87406553268873,313.637509203749,268.5,57.8513177549351
11.3952006997547,3.86724956975013,313.634606969969,269,57.8567321887832
-12.2056936886567,3.83440695155952,313.63472325114,269.5,57.8509326488901
-32.0492433739031,3.80664514713062,313.639143183256,270,57.8357044389881
-1.34141932360402,3.84924870434245,313.637999484026,270.5,57.8350670630979
19.216515906291,3.87799657370196,313.634683938085,271,57.8441977977736
7.74541581451701,3.86224269726432,313.63209805662,271.5,57.8478780349769
18.839892393278,3.8778192119421,313.62877172333,272,57.8568298168505
33.4032055300672,3.89819249079186,313.625005137827,272.5,57.8727013623743
-24.4081183302485,3.81802405501937,313.627273659262,273,57.861103835877
33.2357969855403,3.89807676687267,313.623854144434,273.5,57.8768958371686
-30.7533089741791,3.80932847232467,313.627534475926,274,57.8622833909784
21.1473669469144,3.88141230359711,313.624445422672,274.5,57.8723315702438
-19.5298385729133,3.82488847585185,313.625797237098,275,57.8630519601865
17.8341180847698,3.87687049059936,313.622779517548,275.5,57.8715258480236
-37.7675409693852,3.79957862146367,313.628309777311,276,57.8535805868935
11.8135659755096,3.86834438094271,313.625859234754,276.5,57.859193807158
-18.9386880850304,3.82554101919984,313.62717255858,277,57.8501950824748
-1.30372788062046,3.85002812469542,313.625907804914,277.5,57.8495756156877
-10.19860342688,3.83761873814827,313.625781930684,278,57.8447297454785
19.1612690680871,3.87854145116996,313.622603611003,278.5,57.8538342295986
14.6337330169009,3.87246509422881,313.619500227447,279,57.860787453281
-46.7994867922038,3.78714532399958,313.627554664956,279.5,57.838550659736
7.84540597694943,3.8627361332093,313.625542774725,280,57.8422784073022
-9.90962808142138,3.838044333451,313.625298634905,280.5,57.8375698438358
-29.9472462927712,3.81003417890899,313.629146816251,281,57.8233403986283
5.05145366661779,3.85864824873532,313.627241254798,281.5,57.8257405987156
-44.445255048706,3.78981272288701,313.634766781897,282,57.8046224192587
30.5626734960416,3.89384296602353,313.631485547592,282.5,57.8191442849306
-3.30488374458443,3.84704547712059,313.630107003886,283,57.8175739681909
-3.19886842033977,3.84720306893936,313.628952496394,283.5,57.816054024672
-41.0552599007245,3.7944882177147,313.635569555396,284,57.7965466026697
-13.889006470569,3.83189394034715,313.636435148255,284.5,57.7899472360826
8.65716180512057,3.86334954360259,313.634008704395,285,57.7940606897322
14.3885574568682,3.87148751852518,313.630946606007,285.5,57.8008974181561
-16.9746076715484,3.82785834970186,313.631870789055,286,57.7928319270114
9.06107946987543,3.86412166695249,313.629448297131,286.5,57.7971373022896
18.6405235886669,3.87759954534762,313.626142086987,287,57.8059943540015
15.6131147220024,3.87360358394625,313.622969739449,287.5,57.8134129312652
2.33026986254533,3.85525633629318,313.621001545364,288,57.8145201598565
-14.6747589436674,3.83153837217712,313.621584060595,288.5,57.8075474426898
-24.2094967724814,3.81811089875939,313.624165639983,289,57.7960442912995
7.17660297548028,3.86173967627628,313.622005136779,289.5,57.7994542568709
-22.7146971776052,3.82009560413206,313.624106712082,290,57.7886613600638
-75.217949462677,3.74799021693849,313.642359690019,290.5,57.7529215234177
-18.6061478964554,3.82490776938549,313.644506579113,291,57.7440808053287
17.8326265419912,3.87574217440374,313.641397262549,291.5,57.7525539844586
22.9971486849058,3.88316470895647,313.637772819592,292,57.7634810882044
-10.5293077857726,3.83666197639916,313.637500588505,292.5,57.7584780836962
-2.63262542160444,3.84764446119507,313.636313019413,293,57.7572271907485
-18.2005898262479,3.82590269407456,313.637587639289,293.5,57.7485791737273
-1.48849705998915,3.84913333474093,313.636319524363,294,57.747871913796
-3.86197855869416,3.845852819887,313.635229887572,294.5,57.7460368932483
-56.9840866302685,3.77220251378344,313.646700296378,295,57.7189608833046
-53.8174146734671,3.7759528714042,313.657771071994,295.5,57.6933895187183
-4.47863401470809,3.84402623081435,313.657262524703,296,57.6912614941015
-27.0594471118755,3.81250845296259,313.660463892964,296.5,57.6784041877482
-12.3286728793154,3.83290634726848,313.660917783788,297,57.6725462142469
12.2618284746965,3.86728465344198,313.658097545665,297.5,57.6783724266045
13.2358273561311,3.8688444381438,313.655019158285,298,57.6846614348926
-9.77766580672988,3.83686691477457,313.654679436707,298.5,57.6800155733501
-20.787575021658,3.82143632286412,313.656528890628,299,57.6701383493517
-10.1634141933122,3.836141517207,313.656535861284,299.5,57.6653091993199
-46.4913344998172,3.78558469623287,313.664847082505,300,57.6432188244513
-53.2757911008923,3.7758417822292,313.675699694507,300.5,57.6179048125068
-13.3234645596233,3.83083676382313,313.676605523755,301,57.6115741633689
10.5358987892971,3.86422143033387,313.67390004758,301.5,57.6165802995949
-20.8427579181546,3.82050965647201,313.675623871168,302,57.6066768554227
-11.0947309303068,3.83402232602193,313.675783470757,302.5,57.6014051898972
-21.001967531491,3.82013979122691,313.67771718536,303,57.5914260972181
36.4044985594596,3.90005421092079,313.674002873645,303.5,57.6087237082403
-19.615155180055,3.82242166399655,313.67526629806,304,57.5994035599655
10.9897609541309,3.86509300587518,313.672580487418,304.5,57.6046253489678
-38.619905067995,3.79602875253962,313.67845628355,305,57.5862750867195
18.7134045660377,3.87571283896391,313.675385824036,305.5,57.5951667678549
-22.9886084021906,3.8176949620059,313.677444210895,306,57.5842437220276
-22.7880028470522,3.81779958299739,313.679812785904,306.5,57.5734159940044
1.9870177701399,3.85229946230439,313.678072931287,307,57.5743601262365
-4.66732241093866,3.8430812063335,313.676999920468,307.5,57.5721424462581
-25.605319684604,3.81383281717088,313.679813719124,308,57.5599760690923
22.0005940400999,3.88014549973074,313.676444072308,308.5,57.5704296595282
-30.2822844947894,3.80743453084292,313.680113389214,309,57.5560410207944
-16.9340269212462,3.82579712002902,313.681372954415,309.5,57.5479948116083
13.0273739359516,3.86760368700448,313.678479239566,310,57.5541847731763
-18.0474679358135,3.82435143225408,313.679572145867,310.5,57.5456095120783
-9.59896772880401,3.83604562535966,313.679418773231,311,57.5410485589939
-1.45341024077357,3.84741761941556,313.677992103792,311.5,57.5403579705778
-15.4182007364511,3.82792960864656,313.678703999973,312,57.5330320067669
5.87172441225437,3.85762420498128,313.676461618463,312.5,57.5358219588039
20.1073213107608,3.87758987392591,313.672945352484,313,57.5453759599987
36.8243914723718,3.90093798686213,313.669029142372,313.5,57.5628730832946
15.359574578991,3.87162179992956,313.665646894484,314,57.5701711908651
19.9393482155896,3.87815478926403,313.662152104422,314.5,57.5796453795812
-41.1978836238566,3.79323481470997,313.668495727863,315,57.5600701898639
11.9498002940883,3.86686469317039,313.665969794324,315.5,57.5657481419154
-26.6600282872949,3.81312187732802,313.668797034907,316,57.5530806195651
21.6522935801161,3.88028346895832,313.665528368315,316.5,57.5633687149079
-11.4095605205935,3.83441841904852,313.665333335107,317,57.5579474579856
-4.37193517561659,3.8441698712383,313.664319853953,317.5,57.5558701313618
-29.7349351585917,3.80877542300755,313.667985313669,318,57.5417415658686
-14.9039559767791,3.82918071550337,313.668831438387,318.5,57.5346599456463
1.61081934056564,3.85217483532597,313.667077836119,319,57.5354253270547
21.2206451037011,3.87957395486515,313.663589591013,319.5,57.5455083244636
-29.0834985185032,3.80965923574509,313.66690903743,320,57.531689289332
20.4676469210582,3.87853170933737,313.663720712002,320.5,57.5414144993745
-1.44533069542449,3.8482275994458,313.662077696549,321,57.5407277499573
-13.4209151575578,3.83151066822468,313.662399589196,321.5,57.5343507971316
-30.5496174441254,3.80753699469706,313.666342117323,322,57.5198351350476
25.1649846818498,3.88496172160798,313.662978624277,322.5,57.5317922868731
4.53485382963588,3.85654743830938,313.660607217441,323,57.5339470243559
4.40051742330908,3.85643918819667,313.65839849092,323.5,57.5360379318453
13.3216062271178,3.86895345306002,313.655400318419,324,57.5423676979958
2.98782897082626,3.85470092936868,313.653294041234,324.5,57.5437873660419
-41.0563922137792,3.79343166613282,313.659727642123,325,57.5242794060206
-22.9720296084942,3.81811176937412,313.662248125197,325.5,57.5133642376133
-47.5742476505867,3.78384832339325,313.670871878236,326,57.4907593161585
-38.3211410772273,3.79615904188195,313.677187185831,326.5,57.4725510117315
9.94256701896375,3.86320128064994,313.674773782683,327,57.4772752261463
-42.2511194277141,3.79060874694682,313.681630869962,327.5,57.4571995910452
-0.885566625282422,3.84790241880482,313.680437852473,328,57.4567788137341
6.27543090492049,3.85799240515616,313.67802847771,328.5,57.4597605870611
4.94803065226598,3.85627259863491,313.675707501469,329,57.4621116456648
-40.5011747159416,3.79301674161567,313.682083190069,329.5,57.442867497444
22.3738488752666,3.88032669172595,313.67885294025,330,57.4534984400535
-45.3993107879186,3.78621714181448,313.686484240279,330.5,57.4319269406575
-9.20390331544697,3.83614843313596,313.686518694122,331,57.427553702576
18.808854843508,3.87526355550041,313.68316236888,331.5,57.4364907369462
-2.24959032117671,3.84612741662331,313.68160245797,332,57.435421843269
-16.4699314580903,3.82627709408203,313.682473410792,332.5,57.4275961492147
-11.8956255268502,3.83256076788354,313.68265751454,333,57.4219439383239
13.9301032093499,3.86859392644748,313.679659056066,333.5,57.4285628320418
-38.6709550920219,3.79543197267463,313.685445047927,334,57.4101883133556
-30.0271875434952,3.80706637981142,313.689551335298,334.5,57.395920884033
18.1570733682933,3.87412844325808,313.686410145401,335,57.404548224193
0.779920779257782,3.85013187318279,313.684461510871,335.5,57.4049188038412
-23.9554701628999,3.81563006891659,313.686807071078,336,57.3935363532889
9.70706638563956,3.86249152524193,313.684249853006,336.5,57.3981486694902
5.209721739049,3.85636982243622,313.68185974142,337,57.400624070711
-6.68640351345817,3.83984413347494,313.681022431316,337.5,57.3974470235962
-37.1617578098126,3.79735562273671,313.686567807258,338,57.3797896005597
-37.7571322828029,3.79619137502995,313.692603971853,338.5,57.361849285121
-8.08299121731511,3.83724497422833,313.692376979606,339,57.3580086488396
-34.8693438058104,3.79987555897738,313.697414191464,339.5,57.3414404671691
14.3441244077554,3.86833491754113,313.694550246986,340,57.3482560832133
4.89686397872728,3.85537041090123,313.692137836495,340.5,57.3505828299529
28.2079538513006,3.88791558762046,313.68829730483,341,57.3639858497104
-6.32877622376541,3.84013012865482,313.687232235765,341.5,57.3609787293353
18.3339746277217,3.8745286009769,313.683899503035,342,57.3696901241945
16.3035728764974,3.87192302144909,313.680525438401,342.5,57.3774367729069
-4.90716561779352,3.84252071446835,313.679335574166,343,57.3751051313396
-11.3280063604111,3.83352550493888,313.679293263658,343.5,57.3697226249067
-14.6780525779502,3.82876361456258,313.679886720366,344,57.3627483427684
34.5322320330661,3.89713503199768,313.676230473478,344.5,57.3791563456547
-8.55112336380026,3.83760623905449,313.675465493655,345,57.3750932762099
-9.05291765616254,3.83684245503114,313.675088724515,345.5,57.3707917790206
13.8979360077578,3.86881829365047,313.672110419341,346,57.3773953884806
-1.30003080885596,3.84778715709041,313.670468502367,346.5,57.3767776783585
39.7525497563585,3.9047182834942,313.666857185807,347,57.3956661171515
-31.9031350793623,3.80557264018515,313.670624872386,347.5,57.38050733066
-61.4242231013372,3.76472285441633,313.683655585025,348,57.3513215882217
-0.4918731857335,3.84846103758886,313.6825937462,348.5,57.3510878744947
-27.1066649769394,3.81135950639052,313.685603024325,349,57.3382081325552
-14.5276874481974,3.82868286864869,313.686321749044,349.5,57.3313052964642
22.2586189472296,3.87993236210629,313.682863947838,350,57.3418814875306
-20.5754298610574,3.82045189997623,313.684307146754,350.5,57.3321050643841
7.52338764104256,3.85954553517032,313.6819308968,351,57.3356798048182
-15.4043924665516,3.82763841006553,313.682495775479,351.5,57.3283604020118
-34.5248016655914,3.80090789363733,313.687401120221,352,57.3119559296674
-28.7521925814699,3.80861813523881,313.691125835883,352.5,57.2982943146749
-20.5756614780764,3.81978746716958,313.693032614932,353,57.2885177814755
-20.8016271708999,3.8193411703615,313.694913861737,353.5,57.2786338805932
25.3051005552167,3.88356203328709,313.691350749896,354,57.2906576085281
-7.98265399581099,3.83746750393625,313.690550192826,354.5,57.2868646475148
37.5389133299428,3.90071827801521,313.686806947559,355,57.3047012761369
-24.105539935217,3.81537535036479,313.688864397496,355.5,57.2932475198765
24.0673081121167,3.88234694238582,313.685430513845,356,57.304683110272
-21.352116530061,3.81929539570158,313.686993200097,356.5,57.294537644166
3.92343721047089,3.85441633835166,313.684986177845,357,57.2964018668149
1.80043477943182,3.85153379253997,313.683010755532,357.5,57.2972573440696
-31.4836173427165,3.80516076094605,313.686983020521,358,57.2822978915866
-0.497362450484427,3.84810945068026,313.685593597844,358.5,57.2820615696333
-28.0228268542563,3.80973366868809,313.688799875412,359,57.2687465130373
-15.8119099023917,3.82652277423796,313.689753467693,359.5,57.2612334781698
-22.0096088621377,3.8177743382055,313.691810126963,360,57.2507756043379
-23.4936138170034,3.81554630001796,313.694246636419,360.5,57.239612605
50.2483197430952,3.91769222628594,313.691045303538,361,57.2634881128035
21.6532604462333,3.87895094696003,313.687190331044,361.5,57.2737766675532
7.3645074389841,3.85931574394576,313.684498565022,362,57.2772759160003
-0.230237652952159,3.84881353008044,313.682737433825,362.5,57.2771665184939
43.4778591759328,3.9093422583018,313.67920748645,363,57.2978250394423
-36.8345601645465,3.79833116986828,313.684132342639,363.5,57.2803230844885
-29.5455907191275,3.80804708520508,313.687950163853,364,57.266284486076
8.27631866847672,3.86054466534397,313.685579595536,364.5,57.2702169819677
-15.7554558398006,3.82711279789079,313.686167111432,365,57.262730771269
-40.1305353433337,3.79311932571701,313.692482304392,365.5,57.2436627324839
-14.1283909454471,3.82890280457046,313.693233056586,366,57.2369496222746
-45.8680040297791,3.78475063499456,313.701222312183,366.5,57.2151554231104
14.2230748978204,3.86804176704452,313.698483217935,367,57.221913522435
-19.5333567412637,3.8211069971686,313.699767520148,367.5,57.2126322407187
-3.23639929198746,3.8437530779264,313.698603102018,368,57.2110944643921
-20.4220103592647,3.81977208978079,313.700201758108,368.5,57.2013909385789
-19.1979208971998,3.82133815162379,313.701716066285,369,57.1922690393287
-4.916521596136,3.84118077175582,313.700787502912,369.5,57.1899329522648
-25.0786279735778,3.81303841462029,313.703391318721,370,57.1780168328613
0.978602608947472,3.84927081470962,313.701731791491,370.5,57.1784818162547
-2.65779890844655,3.84427067710725,313.700314388891,371,57.1772189621154
9.26023684204697,3.86096247419568,313.697581815418,371.5,57.181618967093
-44.6471591275694,3.7860334666613,313.705019375522,372,57.1604048528379
-33.7329724468539,3.80070625055027,313.710056606465,372.5,57.144376618441
-2.98799008129445,3.84335821145258,313.708992835328,373,57.1429568738433
-4.82669295895393,3.84084274058753,313.707905637082,373.5,57.1406634688897
-16.2779480614055,3.82485691043514,313.708730199915,374,57.1329289958177
7.23801841741981,3.85765405909286,313.706284159621,374.5,57.1363681429592
-3.81498274105909,3.84234799844756,313.70496967725,375,57.1345554524917
-25.4682747106115,3.81212350941989,313.70764593767,375.5,57.1224541922963
48.2228155428083,3.91424066452714,313.704308893938,376,57.1453672810261
-18.2961906587169,3.8225015897333,313.705111258508,376.5,57.1366738392339
-1.81400860503744,3.84538839375731,313.703726120202,377,57.1358119123709
5.1298822612524,3.85512100238481,313.701383349411,377.5,57.1382493778341
-0.844002282216563,3.84687395615867,313.699684062307,378,57.137848349836
0.124745283592896,3.84826221163361,313.697913447086,378.5,57.1379076226039
-3.53382352325789,3.8431933264711,313.696613670714,379,57.1362285250433
-18.2416924305936,3.82265252203457,313.697760059386,379.5,57.1275609781043
-43.8255158806103,3.78699839304462,313.705172003508,380,57.1067372679435
16.3506808467744,3.87043358639701,313.702257157117,380.5,57.1145063000254
1.46932535786691,3.84990411551582,313.700193157872,381,57.1152044505154
27.1149180496455,3.88564769546761,313.696424663934,381.5,57.1280881139054
-32.5926126005543,3.80278597271052,313.700448643102,382,57.1126017219134
-30.0068882010393,3.80606766845188,313.704379606382,382.5,57.098343937831
-15.9228523966382,3.82544117225924,313.705345199544,383,57.0907781885961
44.8691063984625,3.90973461817461,313.701816220325,383.5,57.1120977611794
-27.2607186347115,3.81006925181125,313.70448248472,384,57.0991448205872
-12.8009510500697,3.82998831772569,313.70484126609,384.5,57.0930624439376
7.88595371782498,3.8588144345321,313.70231139338,385,57.0968094577778
-12.381075476093,3.83063188903454,313.702297687346,385.5,57.0909265851633
1.15212856035056,3.8494667137618,313.700492287632,386,57.091474019477
35.5475935166156,3.89725937269621,313.696671135355,386.5,57.1083644717496
-34.8877335658062,3.79969918349205,313.701177910052,387,57.0917875521779
14.1188575656499,3.86768292749494,313.698350666561,387.5,57.0984961325982
-47.3041264695184,3.78242840579973,313.706426702284,388,57.076019559323
-17.7408947704618,3.82295342388084,313.707890252087,388.5,57.0675899665785
2.46393048233484,3.85107405104354,313.705967651523,389,57.068760704063
-36.9362349469,3.79623014041123,313.711301741015,389.5,57.0512104382986
17.3173819627531,3.87156573315321,313.708241698966,390,57.0594387987752
-10.0072504071954,3.83366424603359,313.707761757002,390.5,57.0546838500244
4.35848056754782,3.85369524018578,313.705558655536,391,57.0567547836862
1.81689983297724,3.85024295387948,313.703529634008,391.5,57.0576180843172
-48.7407444528661,3.78002758605837,313.712174986906,392,57.0344589014733
-62.096385841129,3.76132723771495,313.725790834777,392.5,57.0049537806593
-19.2151755943035,3.81991694456476,313.727755075292,393,56.9958236828333
26.2474973889208,3.88326994785956,313.724048943552,393.5,57.008295190974
25.2761121861201,3.88225604095325,313.720062712927,394,57.0203051450745
-0.52372503162209,3.84663904089883,313.718137118927,394.5,57.020056296931
-5.52483440744993,3.83969270764873,313.717077909146,395,57.0174311698087
0.71719515205033,3.84840953452256,313.715230967917,395.5,57.0177719453518
21.3511146353159,3.87720484800922,313.711628608256,396,57.0279169354071
-41.0634723194149,3.79055851125267,313.717853572923,396.5,57.008405611271
-14.0009895233488,3.82778053998761,313.718537186733,397,57.0017530358947
-29.5431775694183,3.80603048983698,313.722166582222,397.5,56.9877155840913
-2.23656113853794,3.84391063808306,313.720912678727,398,56.986652881235
19.6863634558685,3.87452785960125,313.717381232059,398.5,56.9960068641485
2.24447059287323,3.85047695167067,313.715163027428,399,56.997073325185
-11.1292514631798,3.83185932171783,313.714951877997,399.5,56.9917852572155
-18.5820884397786,3.8213855146555,313.71619403277,400,56.9829559709863
-16.5316336790565,3.82410997548936,313.71712357981,400.5,56.9751009590988
-27.2429423847795,3.80906612552521,313.720255202552,401,56.9621564648983
-28.0611742067023,3.80771027493137,313.723695675495,401.5,56.9488231875435
-25.8779486044261,3.81053527407147,313.726667711319,402,56.9365272706451
-14.5272831705125,3.82619944826929,313.727331491641,402.5,56.9296246266468
28.7650602202205,3.88649945474886,313.723532452717,403,56.9432923557025
-24.2078252771265,3.81300742861353,313.725640772655,403.5,56.9317899985239
-8.6768825942952,3.83451200096035,313.725274533027,404,56.927667174534
-30.3126076360501,3.80430388953207,313.729070834376,404.5,56.9132641277484
-12.829664594903,3.82845238633388,313.729465411463,405,56.9071681078473
14.5523907703658,3.86666650104377,313.726307713163,405.5,56.914082681731
-65.1185481770553,3.756468807072,313.740416546655,406,56.8831415793597
-36.4403663269861,3.79512080452619,313.746402664181,406.5,56.8658269257544
24.0274344151721,3.87922783713564,313.742872500431,407,56.8772435701479
-20.3239554798736,3.81764378731795,313.744213004729,407.5,56.8675866351471
34.3749368067413,3.893719554875,313.740347407212,408,56.8839198991482
-10.1476846353361,3.83217339547411,313.7397258932,408.5,56.8790982230218
22.055969800432,3.87704962636333,313.736090373605,409,56.8895781252708
17.1594117397601,3.87051513056041,313.732493892711,409.5,56.8977314261372
-12.7733843824735,3.82895749783214,313.732410224471,410,56.8916621477999
7.03671249246725,3.85653606304893,313.729894203531,410.5,56.8950056443563
-12.6351855983101,3.82917179699474,313.729866283183,411,56.8890020312227
-26.8310379517793,3.80928730067183,313.732815823073,411.5,56.8762532535666
17.8169157974709,3.87135944456841,313.729576009327,412,56.8847189677304
-16.4818830177102,3.82372731514073,313.730160613026,412.5,56.8768875948882
20.3210653986588,3.87494433178999,313.726704762867,413,56.8865431566658
-9.0950467249983,3.83417726177648,313.726001846354,413.5,56.8822216418337
-51.263805247605,3.77564511250138,313.735471277203,414,56.8578636257153
-15.7486542345305,3.82435356982992,313.736567746588,414.5,56.8503806468019
0.433636854056104,3.84688709034966,313.734806998175,415,56.8505866895143
-14.8343929151637,3.82561941271491,313.735236742409,415.5,56.8435381222066
-27.1307731939238,3.80838216100442,313.738311013009,416,56.8306469252389
-7.83614792440716,3.83511091529763,313.737817659575,416.5,56.8269235766398
15.418884981242,3.86757887786998,313.734538747958,417,56.83424986557
-11.0985288633878,3.83077340761148,313.734202663734,417.5,56.8289763954552
-15.0134350107714,3.82524820282099,313.734762395239,418,56.8218427562292
0.636998864708792,3.84703451230997,313.732973727177,418.5,56.8221454264766
-9.18345810619021,3.83337578492958,313.732442852984,419,56.8177819029439
-5.08639852328278,3.83907023625701,313.731372847293,419.5,56.8153650987949
-40.9414931862041,3.78915657213484,313.737838303631,420,56.7959117330893
25.5180205485935,3.88137688053343,313.734357940307,420.5,56.8080366300381
-7.34381915337537,3.83590440158875,313.733354019788,421,56.8045472116377
7.26182622881234,3.85629021550481,313.730767959721,421.5,56.8079976710696
-30.8071631123355,3.80329312051673,313.734486754147,422,56.7933596360656
5.44685293240757,3.85362953401636,313.732296956781,422.5,56.795947710261
-24.2174142122494,3.81231450212669,313.734544571413,423,56.7844407968963
-9.21533955086346,3.83307035189445,313.734240783802,423.5,56.7800621248833
-28.4666850788306,3.80617981115878,313.737580291355,424,56.7665361688869
7.85343583280695,3.85668280603775,313.735118269787,424.5,56.770267731842
-22.7344127749249,3.81409793922601,313.737048289284,425,56.7594654671615
-13.7959798245651,3.82641100220484,313.73751266706,425.5,56.7529103022198
-25.7656500195543,3.80963750932853,313.740298965864,426,56.7406677440358
-23.1438129421498,3.81310244427079,313.742640122615,426.5,56.7296709527137
-50.2470281265236,3.77541087496083,313.752129277047,427,56.7057960586222
-45.8257400285607,3.78103816714142,313.760623129779,427.5,56.684021941214
-36.2854610545873,3.79385582017261,313.766416542611,428,56.6667808909064
-13.5499852401431,3.82532609676672,313.767019484129,428.5,56.660342610383
-35.7217430240289,3.79437680028433,313.772340159082,429,56.6433694109071
-9.27019026835517,3.83106739244869,313.772184928072,429.5,56.6389646765553
-15.8389462992516,3.82189967408975,313.772938603463,430,56.6314387953339
-23.0955097654794,3.81170799125628,313.775229774094,430.5,56.620464955284
-23.4119360074701,3.811143853118,313.777663114197,431,56.6093407651877
13.3179754802666,3.86242205814425,313.774561342449,431.5,56.6156688061876
-56.8285658545354,3.76507533403144,313.785988920506,432,56.5886666919983
43.2531012279131,3.90358627672588,313.782390640419,432.5,56.6092184191241
-36.3169818634339,3.79341026857799,313.787348166211,433,56.5919623916925
36.6763262687496,3.89480758574988,313.783459282656,433.5,56.6093891617519
-4.91769080740267,3.8374160909754,313.781947661395,434,56.6070525191368
25.0482629686106,3.87920631900577,313.778005925297,434.5,56.6189542105969
-30.5951161324666,3.80191479295515,313.781531414345,435,56.6044169297942
-7.13443553574511,3.83439770554128,313.780886551381,435.5,56.6010270000975
-4.20415664179997,3.83849520685661,313.779587246796,436,56.5990293935065
-58.6271617106278,3.76308058544285,313.791587558726,436.5,56.5711726758276
-0.585573195854979,3.8430695881033,313.79030520767,437,56.5708944405059
19.4023945725407,3.87104511500758,313.786553766361,437.5,56.5801134954991
-4.98953963631158,3.83727428737202,313.785149236881,438,56.5777427138862
-6.19134507398098,3.83561034677094,313.784112932606,438.5,56.574800893973
17.4313252556277,3.86858655917754,313.780557112052,439,56.5830833946475
5.25684591108604,3.85185141557586,313.777870587029,439.5,56.5855811869361
-35.4098645729876,3.79523538667,313.782716191322,440,56.5687561766223
23.3027917442415,3.87677007495383,313.779130176851,440.5,56.5798285067813
-36.4322055097654,3.79381661294524,313.784104129724,441,56.5625177307913
23.3423924280009,3.87680862857338,313.780523666871,441.5,56.5736088772299
-9.94191703631448,3.83069808087095,313.779850150075,442,56.5688849716547
-24.7516093031512,3.80997736197916,313.782275214468,442.5,56.557124235294
40.1224759101007,3.89996936779748,313.778422018024,443,56.5761884446364
-26.8217187022485,3.8073813566922,313.780906648327,443.5,56.5634440950253
-24.3684111278966,3.81055662688299,313.783392659898,444,56.55186543542
3.18901225821949,3.84885366161055,313.781273708122,444.5,56.5533806957798
-5.72691691978102,3.83648956384469,313.780090363656,445,56.5506595490767
-7.10822363764748,3.83455885705688,313.77919039884,445.5,56.5472820739731
0.783315598959714,3.84557318876293,313.777211429867,446,56.5476542666711
-21.7424116909838,3.81417480618862,313.778899032776,446.5,56.5373233516744
-9.31928722982189,3.83135581275794,313.778499143171,447,56.5328952888831
-10.5167985006581,3.82965209858653,313.778185769052,447.5,56.5278982281663
-24.4104646641311,3.81021485233544,313.780559677539,448,56.5162995868077
-0.0984975297912083,3.84399685857077,313.778854160525,448.5,56.5162527856698
-18.2901821045884,3.81864218853775,313.779877782045,449,56.5075621988442
3.28052000277155,3.84867403679339,313.777704605423,449.5,56.5091209391429
-12.6544119697179,3.82650288879153,313.777656813438,450,56.5031081905918
28.299997913327,3.88349107397126,313.77372157413,450.5,56.5165549451196
-13.0513081337842,3.82623632715612,313.773547379362,451,56.5103536112086
7.08988796040328,3.85428390308384,313.77092970115,451.5,56.5137223741083
-1.40010837749066,3.84255130491592,313.769130100165,452,56.5130571120923
18.720289605392,3.87061592953579,313.765526556048,452.5,56.5219520646568
13.5932346904842,3.86371181886034,313.76212523223,453,56.5284108951726
-22.5646567584111,3.81344281385738,313.763855962126,453.5,56.5176892901265
-5.49317181874282,3.83706357419908,313.762883407306,454,56.5150792074949
50.5592213060891,3.91448887439573,313.75943423847,454.5,56.5391024402917
7.98110629976666,3.85638336819338,313.756341942958,455,56.5428946659166
-37.6962155621094,3.79289191042608,313.76162814546,455.5,56.5249832950804
-5.81575779754651,3.83687161513386,313.760845726054,456,56.5222199356011
21.76754842728,3.87525918868661,313.757169251191,456.5,56.5325627943275
-13.0082220541501,3.82706695796027,313.757017391761,457,56.5263819327832
-55.18113006094,3.76863708903914,313.767680567582,457.5,56.5001625983236
22.410188452415,3.87580336259161,313.764416911043,458,56.5108108076968
-10.0190427693029,3.83090249269106,313.763764780149,458.5,56.5060502558008
27.9284213083298,3.88364572508911,313.759911459051,459,56.5193204555666
-30.3820994913551,3.80281239528689,313.763252401563,459.5,56.5048843897001
-36.7994499040498,3.79363181104338,313.768706735344,460,56.4873991173997
-25.829667302792,3.80851892809896,313.771615453269,460.5,56.4751261413797
-13.2850644601703,3.82581729131169,313.771928954218,461,56.4688137380633
-39.4287303332171,3.78938960349876,313.777999872958,461.5,56.4500791621896
-33.8937822875788,3.79671276302529,313.782912831881,462,56.4339745189372
-28.4253042964488,3.80404894149274,313.78645639111,462.5,56.4204682250349
38.039506707171,3.89634886390897,313.782558207189,463,56.4385427107863
-1.66134650777876,3.84171538138715,313.780561329089,463.5,56.4377533213756
-17.3957735943087,3.81977840331005,313.781393188041,464,56.4294877130862
13.686851676757,3.86306478653043,313.778213389281,464.5,56.4359910257478
16.1019535874446,3.86661655341301,313.774626419568,465,56.4436418749801
14.2475713386325,3.86424250379777,313.771167637372,465.5,56.4504116137976
-21.4690235682802,3.81460205951486,313.772648141594,466,56.4402105992689
-3.04324617808686,3.84013983164785,313.771297754155,466.5,56.4387645997162
-8.79158187744304,3.83212843583836,313.770632615248,467,56.4345872763193
6.03821409711455,3.85279414614487,313.768090307087,467.5,56.437456335992
-24.9379727963448,3.80967802796467,313.770381905149,468,56.4256070489482
12.129587042607,3.86118984582362,313.767429663557,468.5,56.4313704267401
-9.65025528260109,3.83097150798872,313.766787616786,469,56.4267851043555
13.1618098809116,3.8627457782636,313.763630053201,469.5,56.4330389432128
-60.1936731202359,3.76125759861389,313.775778320739,470,56.4044378970554
-33.8280142406209,3.79684430720904,313.780859261669,470.5,56.3883645035149
-10.1283985124138,3.82960270419337,313.780713826886,471,56.3835519911969
-42.2673955996312,3.78487521977343,313.787569478115,471.5,56.3634686224668
-6.05813006485233,3.83493431086179,313.786871773073,472,56.3605900997146
-20.5772267670457,3.81467663677759,313.788404267159,472.5,56.3508128227676
-6.11144341817366,3.83477566162366,313.787492378653,473,56.3479089681558
9.48218752350727,3.85658946912259,313.78454928987,473.5,56.3524144330822
-9.01604318240477,3.83091913106465,313.78382486882,474,56.3481304568127
-18.4479250227766,3.81772064862264,313.784937133758,474.5,56.339364918381
-15.7991009466822,3.8213042829594,313.785635312248,475,56.3318579696935
-6.71211638063338,3.83392473049255,313.784768424539,475.5,56.3286687051003
-12.7438760548563,3.82550266903221,313.78481042694,476,56.3226134476559
-36.8163016338065,3.79192255417109,313.790211798828,476.5,56.3051201682498
-17.0662400978222,3.81911367026035,313.79135395396,477,56.2970111379237
-37.4968866159053,3.79058909648734,313.797022721686,477.5,56.2791944783103
12.7355641747324,3.86040872512186,313.794066586841,478,56.2852457863619
-0.694564948269027,3.84187574638816,313.792100821058,478.5,56.2849157635685
-8.69963918234093,3.8307555585474,313.791408396038,479,56.2807821267773
48.367443712175,3.90976498155482,313.787657022008,479.5,56.3037639356356
17.5932455038334,3.86797082196575,313.783742768689,480,56.3121233727762
-28.979642294676,3.80325041934953,313.786837679022,480.5,56.2983536849681
-39.1110843383382,3.78894048634312,313.792927569336,481,56.2797700387069
-1.03429720242105,3.84164530879231,313.791460079949,481.5,56.2792785920067
-24.849681110448,3.80844753981984,313.793818361461,482,56.2674712567903
22.0253423645,3.87365162735063,313.790162877608,482.5,56.2779366064018
-5.30554262281774,3.83584977463273,313.788754873002,483,56.2754156758524
13.6084537955375,3.86224153154555,313.785461914863,483.5,56.2818817377317
-8.34686659013343,3.83179361282933,313.784574288196,484,56.2779157209688
9.47169234531513,3.85662899438318,313.781664022233,484.5,56.2824161991074
-29.923975264976,3.80182377096809,313.785050060508,485,56.2681978111373
0.0455604285635349,3.84336936678534,313.783358176953,485.5,56.2682194591919
-40.4968383676707,3.78697483154119,313.789559700525,486,56.2489773713886
-0.0204752237858443,3.84299178757778,313.787982633801,486.5,56.2489676425784
-7.68507657726314,3.83235303657812,313.787109777238,487,56.2453160755862
-17.8925281281023,3.8180830825934,313.788085496627,487.5,56.2368144341953
-11.4700236152806,3.8269395095348,313.787990734992,488,56.2313644482111
-13.0890094309489,3.82463286782995,313.788120176901,488.5,56.2251452005147
-36.8684266498194,3.79146291678361,313.793516004482,489,56.2076271538878
-17.7373608171523,3.81777804305528,313.794773378584,489.5,56.1991992403025
-36.7997694578364,3.79115146877103,313.800242065142,490,56.1817138161659
-41.9077308866867,3.78378808571974,313.807349707022,490.5,56.1618013422578
17.8274852639857,3.86677620988323,313.804038686968,491,56.1702720785075
-61.4956833014115,3.75693847312953,313.816900051622,491.5,56.1410523817286
-1.72054233700195,3.83925303056265,313.815767237952,492,56.1402348653976
-8.02640819788988,3.83052452566977,313.814960552666,492.5,56.136421114559
-1.88957513610342,3.83913490936695,313.813288160393,493,56.1355232822307
18.8928477327413,3.86820348426737,313.809522405951,493.5,56.1445002258535
13.2975485983086,3.860681481857,313.806003947142,494,56.1508185610127
-32.2048009436509,3.7973850916653,313.809955648928,494.5,56.1355164378736
-11.3002385556533,3.82626445636503,313.809950355393,495,56.1301471253236
-17.2689007096605,3.81788609767528,313.81083653979,495.5,56.1219418007324
49.5916649942814,3.91044815724977,313.807139916386,496,56.1455052987879
38.1302145794281,3.89534590414305,313.802690635984,496.5,56.1636228844186
-12.7098508857037,3.82517061692911,313.802308886465,497,56.1575837940459
14.7742440903524,3.86340173714748,313.79897049999,497.5,56.1646037816171
24.6607777290555,3.87727910107957,313.794923298324,498,56.1763213593216
-11.0591259986407,3.82783055780059,313.794346097834,498.5,56.1710666114926
-31.6103288294562,3.79912572436839,313.798239820244,499,56.1560469519995
7.18465528089056,3.85291498983593,313.795727936094,499.5,56.1594607436269
6.02364866424796,3.85141183410928,313.792997864843,500,56.1623228825287
