curr_dens,Volts_tot,Temp_tot,t_tot,SOC_tot
-19.1432911293712,3.83230706160399,266,0,61
-19.1432911293712,3.8319958016495,266.002790504462,0.5,60.9909040581042
-5.22010517986982,3.86169086608803,266.003465969003,1,60.9884237231877
7.86576309256212,3.88991449174891,266.002963727829,1.5,60.9921611434448
-38.5330777531067,3.79068419549051,266.010785533348,2,60.9738521372275
4.69318718228429,3.8825898467839,266.010686969714,2.5,60.9760821068616
-11.0044180023296,3.84876554758973,266.012020057854,3,60.9708533535574
-31.3542951289863,3.80511371827465,266.017932547711,3.5,60.9559553485723
-37.7409283516586,3.79120973479125,266.026028753009,4,60.9380227324375
18.940363353882,3.91218860851381,266.025482244763,4.5,60.9470222531254
-10.9294552370493,3.84809735020719,266.026748143342,5,60.9418291184069
17.9737409258384,3.91032295620332,266.026000475381,5.5,60.9503693480888
-13.6172409205593,3.84248358956808,266.027688329654,6,60.9438991110038
-5.6368987934726,3.85950504979828,266.028349997779,6.5,60.9412207364468
-37.9352469767412,3.79053003700592,266.036245321985,7,60.9231957897451
8.07431494334616,3.88850516677457,266.035870373809,7.5,60.9270323034917
-32.9873738525761,3.8005216293414,266.042227448181,8,60.911358340544
-34.4746768577423,3.79689711271225,266.049442534873,8.5,60.8949776850206
-4.88185283410846,3.859707530489,266.050225843594,9,60.8926580708319
31.7154949659915,3.93823813296062,266.049926140979,9.5,60.9077277000538
-12.5974397555211,3.84360434518038,266.051388295471,10,60.9017420218714
-8.4892652776554,3.85229624563392,266.052422489616,10.5,60.8977083443193
8.76071680005286,3.88946255919645,266.051727055892,11,60.9018710021632
-3.83636015064181,3.86242801537071,266.051986081019,11.5,60.9000481542116
-10.0629524974317,3.84895835881468,266.053188987622,12,60.895266738592
-9.89123208085537,3.84920486219331,266.054415260043,12.5,60.8905669159922
-17.3908655545763,3.83294913852233,266.057010876513,13,60.8823036397596
-1.37123659315949,3.86725526080342,266.057162040197,13.5,60.8816520961827
-33.2928820902741,3.79889751378113,266.063716576377,14,60.8658329708824
-5.28758324148056,3.85833636415669,266.064495149246,14.5,60.8633205737397
21.6789714345453,3.91639571496317,266.063581803901,15,60.8736213450751
-17.516811103484,3.83236302263832,266.066006993299,15.5,60.8652982257682
-18.0903816797786,3.83089202905881,266.068813881902,16,60.8567025741887
-4.2476093569356,3.86047591601913,266.069298767164,16.5,60.8546843210239
2.19292422772096,3.87437855092855,266.068977931315,17,60.8557262897859
-1.47044609381419,3.86654517725738,266.068978299075,17.5,60.8550276067778
23.4787054073059,3.92023433940347,266.068112325921,18,60.8661835223792
-17.8700773366051,3.83163371142171,266.070555736711,18.5,60.8576925484903
-12.9733506065963,3.84190018019795,266.072329643083,19,60.8515282561273
-17.6062654789938,3.83177680926068,266.074980953475,19.5,60.8431626325407
-23.874063924646,3.81813197460746,266.079121773961,20,60.8318188621928
-13.9013907578399,3.83917439050314,266.081188466206,20.5,60.8252136112069
28.022957045191,3.92915721935836,266.080521770368,21,60.8385287296632
-27.1774258414549,3.81112531255412,266.085172614784,21.5,60.8256153656727
-2.48460090378962,3.8637554452235,266.085475017264,22,60.8244348066297
-30.4460843324616,3.80381312616674,266.091244047971,22.5,60.8099683383422
-22.5753523466971,3.82010569457222,266.09524507283,23,60.7992416512832
9.75753893652211,3.88947839693458,266.094473502749,23.5,60.8038779495358
-24.1572987247949,3.81666392022203,266.098535185738,24,60.7923996000674
-15.6163371338029,3.83462448979872,266.100949379728,24.5,60.7849794916736
-18.7095986436569,3.82780201360115,266.103962683367,25,60.7760896189236
17.6337993860236,3.90589689991368,266.102918616961,25.5,60.7844683252564
-49.8208907847844,3.76256345781815,266.115256405022,26,60.7607959104813
-1.23532620322309,3.86485362868627,266.115641767893,26.5,60.7602089447767
-24.2573836741443,3.81538364658086,266.119890444802,27,60.7486830399073
3.73754776215178,3.87535300148541,266.119498081613,27.5,60.7504589371158
-39.4562778272286,3.78312195082388,266.128246501426,28,60.7317112720401
32.3881497837022,3.93619853076694,266.127803695777,28.5,60.7471005134487
-13.6834683329561,3.83793582256146,266.129448684773,29,60.740598808384
12.2840219993107,3.89379874931675,266.128396732446,29.5,60.746435566003
-20.6725422781214,3.82304570524347,266.131567527442,30,60.7366129998555
-55.4063477483348,3.75022585170122,266.146578462485,30.5,60.710286653128
-4.27723062501613,3.85723644954162,266.147394462974,31,60.7082543254067
-42.5363001131797,3.77578304243323,266.157411087302,31.5,60.6880431865969
-2.6941884527976,3.86009526442605,266.157882655381,32,60.6867630419521
-1.97701673477983,3.86170676380716,266.157889737095,32.5,60.6858236617157
8.48696262611858,3.8843605104516,266.156873026028,33,60.6898562451622
-5.9813893452744,3.85333732588984,266.157311742247,33.5,60.6870141857915
-9.8408729134658,3.8449884044736,266.158454694802,34,60.6823382913687
-17.8492192365812,3.82767404026473,266.161202683287,34.5,60.6738572282138
-21.0163510229866,3.82067621431877,266.164773260883,35,60.6638713012134
14.038843724145,3.89596614497725,266.163606017114,35.5,60.6705418630272
-25.7864551054611,3.81056242285704,266.168117405746,36,60.6582894192989
-32.2889709370255,3.79642374467426,266.174852658668,36.5,60.6429473027562
-5.00872312256914,3.85442614076321,266.175489969548,37,60.6405674061027
2.11719939538115,3.86984111080966,266.174987337882,37.5,60.6415733941824
-16.0367511351876,3.83079389958538,266.1772804673,38,60.6339535259196
2.11656199367074,3.86979055163652,266.176844019935,38.5,60.6349592111376
-17.0881005534644,3.82848579423595,266.179345661776,39,60.6268397938079
12.1525730903654,3.89135178149412,266.178169666138,39.5,60.632614093429
0.553075750265675,3.86661409864054,266.177688240425,40,60.6328768875773
-16.4605223174929,3.8300083374924,266.180006091182,40.5,60.6250556642796
-38.6119936633334,3.7827972296544,266.188643187353,41,60.6067091611382
-2.90808182060792,3.85848931071156,266.189002834911,41.5,60.6053273849802
18.9701672855488,3.9056383093467,266.187530528185,42,60.6143410670173
27.8125436974838,3.92481686222572,266.186194772192,42.5,60.6275562074932
-12.1958511542899,3.83940325130304,266.187442191352,43,60.621761344284
22.2382859931394,3.91333260090035,266.186114223061,43.5,60.6323278741397
-5.14902372540192,3.85485972079813,266.186220123352,44,60.6298813136027
24.4192018408771,3.91833131954281,266.184939598431,44.5,60.6414841064341
-79.5613624074436,3.70189902095162,266.211060376704,45,60.6036804955128
-12.1164941920325,3.83898443237837,266.213297210188,45.5,60.5979233387937
-2.65285822136803,3.85928853739065,266.213284633529,46,60.5966628322237
9.03977410819083,3.88454302859127,266.212063738213,46.5,60.6009580842514
33.3958241979968,3.93660982607561,266.21109437354,47,60.6168261225325
13.718660041076,3.89538572024822,266.209529413191,47.5,60.6233445489503
52.9732779675027,3.97793820201055,266.211536590463,48,60.648514821667
-0.246027676807314,3.86645031487557,266.210861708768,48.5,60.6483979215249
-30.2737255765071,3.80218513866539,266.21616894269,49,60.6340133495643
-49.884854084781,3.76094753934639,266.228523935401,49.5,60.6103105426035
26.6413466219602,3.92283881246349,266.227552502287,50,60.6229691883536
-35.6626131170514,3.79010624322579,266.234497814566,50.5,60.6060240844751
-5.09921539141721,3.85474753526832,266.234885951001,51,60.6036011903864
7.23204186786293,3.88130144159318,266.233726119148,51.5,60.6070374977681
-6.27255767073778,3.85237282993507,266.233933636611,52,60.6040570896593
-9.95302320008424,3.84439948865332,266.234809112666,52.5,60.5993279069862
3.3965514339707,3.87305867877696,266.233981796363,53,60.6009417796626
-21.3517153286337,3.81996386065277,266.237103812259,53.5,60.5907965041877
-10.0676014062739,3.84386644551493,266.238133828925,54,60.5860128796373
15.4002297223056,3.89857532486044,266.236639018178,54.5,60.5933303045142
-3.59650647593604,3.85800734758704,266.236421451007,55,60.5916214231253
39.575499046335,3.94993931901221,266.236194517334,55.5,60.6104257362076
25.3428761787751,3.92070324753492,266.234724707529,56,60.622467413244
26.6078176743378,3.92379757139414,266.233423378863,56.5,60.6351101277022
-4.77589132752881,3.85696890402243,266.233252624804,57,60.6328408611628
-57.1338671126786,3.7470327717545,266.248017912157,57.5,60.6056936829672
-19.0338223403114,3.82539155164296,266.251065055516,58,60.5966497552072
16.2388493206314,3.90093317447039,266.249603235649,58.5,60.604365650498
-29.3297601318571,3.80356803978657,266.254587252298,59,60.5904296040693
15.3863939023931,3.89899192918764,266.253213393383,59.5,60.5977404548512
0.544214769752314,3.86739041119078,266.252445863803,60,60.5979990387014
-35.0698787251881,3.79140926014613,266.259206935457,60.5,60.5813355727894
33.5569800539185,3.93733440718286,266.258494811607,61,60.5972801843353
-26.3132541046104,3.80994740959754,266.262535599066,61.5,60.5847774318668
-6.10426184459876,3.85280467912435,266.262859519536,62,60.5818769895823
-53.3088759197054,3.75341568218483,266.276394133237,62.5,60.5565472573739
-4.13010310644625,3.85620706563386,266.276760053912,63,60.5545848373477
-11.9286978467494,3.83943520653307,266.277924840903,63.5,60.5489169121318
-27.2917390418374,3.80649666360353,266.28268530407,64,60.5359492321816
23.5990525747991,3.91520404730117,266.281191697019,64.5,60.5471623307844
10.3888736367405,3.88742933903266,266.279569695892,65,60.5520986079545
0.940816584925571,3.86732298818022,266.278731060773,65.5,60.5525456373046
-19.720024284397,3.82299623477765,266.281365501078,66,60.5431756604358
-42.656562425168,3.77441466579258,266.290974699847,66.5,60.5229073789438
-40.3482952232454,3.77854292713661,266.300183337909,67,60.5037358714708
1.21061446457512,3.86653029167839,266.299743447573,67.5,60.5043110953836
-5.97178723170792,3.85116434194955,266.299879757124,68,60.5014735984607
-9.24348360826604,3.84410674269522,266.300581181989,68.5,60.4970815537884
-4.92618546525842,3.85333540264393,266.300616690544,69,60.4947408749335
10.4786244852064,3.88649420970039,266.2990819092,69.5,60.4997197972526
9.44269675508656,3.88450151897457,266.297516922788,70,60.5042064981257
-34.7285452316448,3.7902258524287,266.304242765816,70.5,60.4877052169501
-8.37174496954246,3.84586806858919,266.305013118201,71,60.483727379216
-40.4142111382124,3.7777665454189,266.313913313764,71.5,60.4645245517715
15.6412961602333,3.89688975220636,266.312431983808,72,60.471956519456
16.8737769355775,3.89984972112146,266.310523663933,72.5,60.479974100839
18.2571528644042,3.9031289237352,266.308623373459,73,60.4886489938088
-0.842770802852234,3.86247466023827,266.30787865554,73.5,60.4882485509486
2.97405300011829,3.87072430858814,266.306834889998,74,60.489661673337
-14.0495669612337,3.83420019700615,266.30822364719,74.5,60.4829860163731
8.28605525546985,3.88206689580398,266.306853085885,75,60.4869231386077
-21.1090581998478,3.81911054205177,266.309736497637,75.5,60.4768931617577
-33.1461983067432,3.79331882994195,266.316177936466,76,60.4611437333116
14.9450486858148,3.89578263312996,266.314639751703,76.5,60.4682448787498
41.5626345738983,3.95216996737441,266.314195200114,77,60.4879933800167
0.161393450306106,3.86503809683729,266.313226962892,77.5,60.4880700661746
-44.0259050031538,3.77130452977776,266.32294274716,78,60.4671511410477
12.088563720974,3.8900411154893,266.321596032695,78.5,60.4728950265931
21.9388074637789,3.91130580622263,266.319733576918,79,60.4833192591143
-38.0329564280378,3.78372026290251,266.327235905745,79.5,60.4652478857304
22.9219746960195,3.91321624294361,266.325720603328,80,60.4761392705275
17.8763337310672,3.90289027481728,266.323793450178,80.5,60.4846332171445
-23.5340490293063,3.81443487464431,266.327065180836,81,60.4734510050005
-13.9240440649645,3.83460584615764,266.328544822512,81.5,60.4668349902874
-35.6540818099385,3.788334371694,266.335585678261,82,60.4498939400626
28.5767708750803,3.92487755349944,266.334210589633,82.5,60.463472203366
-28.6710250943546,3.80303083784231,266.338859213766,83,60.4498491551353
-7.93179123158557,3.84689135789571,266.33935047748,83.5,60.4460803615833
-12.6382597382751,3.83671660789977,266.340501259432,84,60.440075287771
-0.99214017100815,3.8616168189622,266.339889869755,84.5,60.4396038719999
-5.88313409540005,3.85113741327626,266.339848701141,85,60.4368084986477
-32.9058403734926,3.79348384854036,266.346021680677,85.5,60.4211732763629
-8.69101963044126,3.84459961235958,266.346719234223,86,60.417043735155
-8.41000293026934,3.84514009366198,266.347161942466,86.5,60.4130477191367
-12.3841731645198,3.83653889775026,266.348309701972,87,60.4071633746543
-2.73528940582728,3.85716452121384,266.347928386178,87.5,60.4058637008764
-37.7753106089353,3.78257259951555,266.355750874641,88,60.3879147479993
-25.4832088546,3.80790577008917,266.360263990155,88.5,60.3758063918397
-16.0533535183021,3.82770833871468,266.362396323506,89,60.3681786349484
-24.4108336381212,3.80969062146351,266.366475314402,89.5,60.3565798182716
-31.7922374235698,3.79374520129015,266.372804932871,90,60.3414737248424
4.05229720416615,3.87011052457543,266.371837050954,90.5,60.3433991753653
-20.7885365296084,3.81687160353986,266.374858686136,91,60.333521494506
-4.75691744057222,3.85106662457926,266.374881154017,91.5,60.331261243416
-35.9922337757392,3.78445864592209,266.382387376751,92,60.3141595201589
26.342540400271,3.91721519009506,266.380638802739,92.5,60.3266761880218
-15.908909041068,3.82715927167554,266.382349136151,93,60.3191170639775
-0.954619194205336,3.85916076198832,266.381748467086,93.5,60.3186634763125
31.053506309739,3.92753332873562,266.379988081379,94,60.3334185613783
-6.56517431433131,3.84772591677484,266.379851143425,94.5,60.3302991163626
-48.3311996094351,3.75946462078494,266.391587825586,95,60.3073345289032
-17.7131591240219,3.82302629210043,266.394290485951,95.5,60.2989181147613
-38.2890710022155,3.77926389818107,266.402672218447,96,60.2807250484424
8.87966405019636,3.87952732984664,266.401273569977,96.5,60.2849442241164
-13.7531279758265,3.83106295296442,266.402631171121,97,60.2784094202466
-32.7823740935861,3.79041111746442,266.409152330468,97.5,60.2628328630107
3.46271414014813,3.86758072930997,266.408171948985,98,60.2644781729215
0.590006614469141,3.86155378709166,266.407206604222,98.5,60.2647585147836
-21.1260475542461,3.81499024443065,266.410274603865,99,60.2547204654356
-8.78143360424335,3.84122554414603,266.410897715167,99.5,60.2505479639944
5.62217678969546,3.87220628105962,266.409468641358,100,60.2532193433858
-10.1035939925633,3.83852755596327,266.410092862408,100.5,60.2484186169447
17.8092890971208,3.89842053711569,266.407998042245,101,60.256880707279
-16.2299294955671,3.8256782677166,266.409729390501,101.5,60.2491690502464
6.79808369273255,3.87501884390065,266.408232915393,102,60.2523991622399
-39.7432216655152,3.7759403214151,266.416751629396,102.5,60.2335151556928
-58.1615649540214,3.73762001063583,266.43336479704,103,60.2058796664859
-3.75303976142724,3.85110031651202,266.433600410303,103.5,60.2040964082483
14.6685058643954,3.89076905576471,266.43148464044,104,60.2110661542621
-4.07486204705363,3.85081608030373,266.43102970384,104.5,60.2091299820458
27.8774004309152,3.91916467785585,266.428924775494,105,60.2223759392227
-17.4672310015491,3.82260958690094,266.430831722724,105.5,60.2140763779197
-18.7558618367396,3.81963957653273,266.433353102663,106,60.2051645231963
5.39894470488016,3.87134272380345,266.431946080824,106.5,60.2077298337796
-30.9741172424202,3.79363325940167,266.437604828611,107,60.1930124704586
48.6116055055266,3.96201272063374,266.437681039407,107.5,60.2161102928838
-21.5550550842932,3.81410556548436,266.440405387257,108,60.2058684004483
-30.8066306135089,3.79419087843417,266.446122815988,108.5,60.1912306184614
5.969085058655,3.87248913878404,266.44473356201,109,60.1940668314457
-29.3730273709916,3.79697266604985,266.449861718573,109.5,60.1801102265723
9.67808199293879,3.88024578250515,266.448161409696,110,60.1847087708286
7.12296922274742,3.8749994326128,266.446357575833,110.5,60.1880932523025
-37.881872720032,3.77916537594772,266.454138664167,111,60.1700936663986
37.3389628800998,3.938637525197,266.452852691703,111.5,60.1878352884902
1.28089694066466,3.86277744327123,266.451468867174,112,60.1884439071477
-20.6457995920708,3.8158153446738,266.454141886624,112.5,60.1786340477974
-21.7322636372377,3.81322495247754,266.457306534792,113,60.1683079546521
-8.09179356850237,3.84216475914088,266.457630634602,113.5,60.1644631359303
-4.49701930844926,3.84984979215303,266.457262591409,114,60.1623263755343
-27.2917564683201,3.80109476050201,266.461829386591,114.5,60.1493586873039
-3.37092910298603,3.85192760446568,266.461473170915,115,60.1477569890876
-12.0835008166877,3.83322995013845,266.462403750526,115.5,60.1420155091831
-33.1104265193706,3.78836821575638,266.468853114356,116,60.1262830777151
-29.9937896903777,3.79446644028833,266.474630644032,116.5,60.1120315173948
-25.3696860068319,3.80386908625873,266.47909846438,117,60.0999771016586
-20.1565217540351,3.81467818553739,266.482172484204,117.5,60.0903997228549
8.32886274771695,3.87572319375384,266.48044521122,118,60.0943571850854
-18.3273060698069,3.81864290885353,266.482733333694,118.5,60.0856489587939
-4.54968444096133,3.84805960072654,266.48250510871,119,60.0834871745407
-1.57006353721108,3.85451042394818,266.481714846174,119.5,60.0827411582674
-17.5143518926391,3.82030465083465,266.48384801973,120,60.0744192074554
51.3245135944294,3.9657739226565,266.483977745095,120.5,60.0988060691674
3.82288575355907,3.86691285886666,266.482229257425,121,60.1006225147542
-2.60837779511159,3.8532046679211,266.481421607715,121.5,60.0993831430753
-16.5103471160066,3.82337739899812,266.483154396148,122,60.0915382455061
-27.1431993698679,3.800526709218,266.487726765092,122.5,60.0786411442363
-25.1252996366473,3.80443208874887,266.491914840134,123,60.0667028487747
-41.9381895088084,3.76878061296052,266.501612575036,123.5,60.0467759024409
8.52800721961936,3.87574733274813,266.500020417678,124,60.0508279882412
-28.72782914521,3.79612780660411,266.505040884146,124.5,60.0371779495446
-26.4873584750666,3.8004947285266,266.509773950149,125,60.0245924713197
-40.8389052515172,3.76997588755424,266.519286552452,125.5,60.0051878503094
8.78683215602678,3.87536039574365,266.517655458343,126,60.0093629168744
-25.6038630078686,3.80176528101277,266.521874353549,126.5,59.9971972318491
-24.5976042734738,3.80359341479305,266.526130430883,127,59.9855096710355
4.786552250127,3.86646476918442,266.524695249956,127.5,59.9877840031164
3.72146282343347,3.86436785728369,266.523121671937,128,59.9895522575602
-24.4936819153521,3.80393754816878,266.526998599347,128.5,59.9779140754937
-13.9441404891894,3.82621108198445,266.528548642401,129,59.9712885119571
-3.65445490158685,3.84825326766393,266.528092020977,129.5,59.9695520963523
-8.69595417763145,3.83744832064789,266.528396586226,130,59.9654202104925
28.7411568261945,3.91748418575755,266.525968648653,130.5,59.9790765818417
18.3265151939521,3.89597896457614,266.523299090675,131,59.9877844323481
4.4313202852578,3.86660435900638,266.521508604901,131.5,59.9898899758288
-37.3091852260064,3.77770891210118,266.52908302082,132,59.9721625026006
-18.8201615434753,3.8162654027494,266.531738622782,132.5,59.9632200958477
-28.1911381318823,3.79610063726588,266.536785593294,133,59.9498250660856
-35.6078072117097,3.7800887826884,266.544375781195,133.5,59.9329060032533
-21.022679895522,3.81049521888417,266.54774700968,134,59.9229170690867
43.6661614123764,3.9478128276715,266.546432579136,134.5,59.9436650619127
-11.748810883152,3.83101659434376,266.546951793609,135,59.9380826100545
-26.4183769612238,3.79956342274795,266.551348269856,135.5,59.9255299084215
5.57452815336758,3.86785129319566,266.549728890821,136,59.9281786475457
34.4402368782624,3.92925181460186,266.547474922626,136.5,59.9445429389
-8.1910765445031,3.83907227770947,266.547283436056,137,59.9406509458352
28.9928942819088,3.91839614570739,266.544888852262,137.5,59.9544269303301
22.5953847311783,3.90541579046233,266.542192726728,138,59.9651631357839
-7.65513480573006,3.84111450201614,266.541883129432,138.5,59.9615257956355
-16.6382954122765,3.82179109427625,266.543510668441,139,59.9536201033858
-0.938700682702351,3.85525646518945,266.542476751671,139.5,59.9531740794075
-21.3876126359529,3.81149502617898,266.54521787835,140,59.9430117473137
-17.3903884546503,3.81973611890093,266.547211181998,140.5,59.9347486977753
9.71704555957142,3.87769606137024,266.545128807851,141,59.9393657555848
-23.8638596334399,3.80597595984001,266.548472381029,141.5,59.9280268338097
-27.4178510447784,3.79811426646677,266.553122427368,142,59.9149992316944
16.2857483692075,3.89129985674173,266.550775054254,142.5,59.9227374110855
-58.2234639165611,3.73450894736542,266.566606266795,143,59.8950725105636
10.7916987796119,3.87906646024027,266.564840921892,143.5,59.9002001902501
-10.3409687815927,3.83395352138938,266.565164691877,144,59.8952866750897
-14.1204062997716,3.82576934312554,266.566396589394,144.5,59.8885773587877
-13.0523114533084,3.82792222810795,266.567446762229,145,59.8823755481491
-19.459185141406,3.81408954305196,266.569952384386,145.5,59.873129509096
-9.59811854401265,3.8350022013669,266.57039101546,146,59.8685689595022
-19.503384075522,3.81371715522604,266.572905001358,146.5,59.8593019193092
-19.6181576154416,3.81325084253993,266.575560576601,147,59.849980344426
12.2450463633095,3.88144908625476,266.573280870199,147.5,59.8557985827571
-8.55273374478241,3.83707244707256,266.573269596064,148,59.8517347481392
-1.96049790963429,3.85120356647504,266.572325939614,148.5,59.8508032168287
1.32668721729654,3.8583306480398,266.570892590693,149,59.8514335927531
-26.820491864486,3.79816162989797,266.575201316254,149.5,59.8386898260744
-13.1628728645297,3.82694840358348,266.576404970162,150,59.8324354821401
-3.23394114358402,3.84817565985266,266.575698134286,150.5,59.8308988738036
-14.6813112652989,3.82362474436291,266.577021011561,151,59.8239230432988
-2.36896917376431,3.84994117763085,266.576194259972,151.5,59.8227974267153
-54.7649257927008,3.73966602483829,266.590877629761,152,59.7967758518685
-7.51714620965414,3.83812762173856,266.591374801315,152.5,59.7932040770528
-6.23072856371607,3.84089874477093,266.591148481473,153,59.7902435440598
24.7917956398971,3.90727602118758,266.588400839569,153.5,59.8020233749733
25.120710564797,3.90843614594326,266.585532477722,154,59.8139594899357
-12.9338510434787,3.82751625887262,266.586199457817,154.5,59.8078139658048
-20.207471709049,3.8118169721275,266.588782389451,155,59.798212378111
-62.6757229000033,3.72368558121501,266.607210818344,155.5,59.7684319850782
-16.7219199056859,3.8180528513403,266.609710577568,156,59.7604865586194
-8.35629384688365,3.83587527766546,266.609928042682,156.5,59.7565160624919
-38.1407425583143,3.77250562488624,266.618206533013,157,59.7383934744882
-28.5374093834113,3.79217124015443,266.623693097491,157.5,59.7248339138122
-0.535336896354578,3.85187647641437,266.622767319664,158,59.7245795482869
23.3965488956497,3.90317816256515,266.619863420088,158.5,59.7356964271913
12.7430187867211,3.88098555895622,266.617158272265,159,59.7417512773044
-17.3764279320043,3.81661064193266,266.618914282168,159.5,59.7334948611136
-50.1037248602959,3.74775095148846,266.631770730448,160,59.7096880576224
-24.4283595155895,3.80060791693134,266.636122304266,160.5,59.6980809135185
-0.521750634246654,3.85166151339405,266.635105336055,161,59.6978330035106
-6.02801551979757,3.83992177414921,266.634730303044,161.5,59.6949687896958
-20.9883588631223,3.80782500115502,266.637643895974,162,59.6849961631805
-15.9459688357199,3.81839017539144,266.639467530994,162.5,59.677419430161
-3.14599795490329,3.84579151647046,266.638741665763,163,59.6759246080633
12.4287636675603,3.87932222240656,266.636167916231,163.5,59.6818301397398
4.0227576756229,3.86159443172765,266.634222348246,164,59.6837415545447
-32.5801903786036,3.7834572569671,266.640337531163,164.5,59.668261064976
-24.8820861153115,3.79929098439185,266.644535994234,165,59.6564383325095
-25.383810303923,3.79791836470335,266.648864067795,165.5,59.6443772056083
-22.5368448017261,3.80368042780606,266.652444107267,166,59.6336688154237
18.1262154897909,3.89073666914013,266.649718104713,166.5,59.6422814934513
5.17648928017324,3.86342726492761,266.647602466799,167,59.6447411042569
-7.87025328867994,3.83554163356092,266.647433853519,167.5,59.6410015504814
-10.3669860463366,3.83014610090658,266.647837757722,168,59.636075673208
-49.5048443152663,3.74755842932477,266.660496607789,168.5,59.6125534280304
-12.5262600627276,3.8247252406128,266.661877907081,169,59.6066015709055
-22.2392804576363,3.80383109621273,266.665251262282,169.5,59.5960345685296
-15.7580301033392,3.81747171635122,266.667082731081,170,59.5885471346686
-29.1361466042247,3.78878098209546,266.672545121665,170.5,59.5747030837796
5.02741063850797,3.86177265888121,266.670823528197,171,59.5770918598132
-18.8650135807314,3.81056206362968,266.67316505835,171.5,59.5681281415981
0.287943483225526,3.85160323247845,266.671921443896,172,59.5682649580512
0.664804586750794,3.85254478790989,266.670450169933,172.5,59.5685808401977
-7.02314543673047,3.83611077206294,266.670181527706,173,59.5652437900329
-4.57024251832376,3.8413949286784,266.669536848227,173.5,59.5630722376015
7.95400176035045,3.86837656355875,266.66724377029,174,59.5668515844945
24.7782631410192,3.9044191440588,266.664171288207,174.5,59.5786249854361
30.2815249406298,3.91643230393064,266.661212702855,175,59.5930132632675
-56.0936512665911,3.73455890216517,266.676025534329,175.5,59.5663603440178
-47.0289073428555,3.75202163848585,266.688079795442,176,59.544014541213
28.1801780627076,3.91113702588476,266.685436922317,176.5,59.5574043632942
-15.4146821870356,3.81851496642052,266.686601884464,177,59.5500800713233
-3.82351282428858,3.8432671565092,266.685805864579,177.5,59.5482633277836
-4.2843247463582,3.84231596567305,266.684985325878,178,59.5462276292879
-13.2179087512728,3.8231465589652,266.68585124263,178.5,59.5399471350316
-6.81051726174552,3.83679708235341,266.685539518329,179,59.5367111152231
-15.5751394976234,3.81796614573511,266.68696240596,179.5,59.5293105819015
13.0123243247719,3.87919130242466,266.684305209971,180,59.5354933926411
-4.17024233233495,3.84262723064301,266.683331581377,180.5,59.5335119004468
-33.9661788093602,3.77911044990392,266.689863759427,181,59.5173728579602
4.0585372135726,3.85988702419739,266.68816083908,181.5,59.5193012734258
-37.789670228658,3.77079892816138,266.696025422937,182,59.50134549757
-21.8354427040418,3.80394589657383,266.699384733942,182.5,59.4909703788528
-36.1939499029783,3.77330906358856,266.707106332071,183,59.4737728101029
-14.0635315533755,3.81986086658071,266.708620146763,183.5,59.4670905178578
-0.0653285929447343,3.84990345555899,266.707300471394,184,59.4670594769526
25.9085497118773,3.90545977027659,266.704138651447,184.5,59.4793699339786
-23.0428929638988,3.80125532200261,266.707212812695,185,59.4684210948216
-19.1360214840741,3.8093061427364,266.709662897441,185.5,59.4593286071005
-2.2109713310427,3.8454672416489,266.708648941303,186,59.4582780632507
3.05837881214479,3.85687842561105,266.706757422067,186.5,59.4597312530801
-20.5583074991331,3.8063107166161,266.70932393493,187,59.4499629656303
-27.6666784385978,3.79093795365679,266.714142026518,187.5,59.4368171330863
-6.88197999134089,3.83507867498295,266.714014771669,188,59.4335471577354
-21.1479220835277,3.80446827618612,266.716902311239,188.5,59.4234987146966
-11.2124542743477,3.82554081862637,266.717571540987,189,59.4181711128804
-46.4826301259107,3.7509143519961,266.729164868277,189.5,59.3960848738982
24.7981459153785,3.90197962068261,266.726340114539,190,59.4078677221475
-34.0729429891931,3.77666745729542,266.732946034817,190.5,59.3916779506211
-7.12697565435835,3.8337377641239,266.732944498179,191,59.3882915654898
8.4805694293715,3.86733712041936,266.730488514072,191.5,59.3923211112065
-18.2202065780786,3.81018177614283,266.732471467908,192,59.3836637732783
-1.88085006503654,3.84513006953107,266.731375062605,192.5,59.3827700866708
-39.5062107660866,3.76503209571103,266.740079008741,193,59.3639986959406
-46.5477070745399,3.74983111830235,266.752120378179,193.5,59.3418815356221
-39.6779894455656,3.7633603286305,266.761733109691,194,59.3230285241885
14.050853545393,3.87783879637874,266.759141112343,194.5,59.3297047924734
10.5818544949893,3.87077455046323,266.756322449217,195,59.33473276457
-18.6912552108524,3.80809325261481,266.758459419189,195.5,59.325851607709
4.36578493985707,3.85754207012901,266.756497304062,196,59.3279260120459
13.8397038667678,3.87804039532993,266.753480558427,196.5,59.3345019524825
-41.7943968126955,3.75968098047164,266.762878406743,197,59.3146433293018
0.702838846633675,3.84961887847223,266.761615274146,197.5,59.314977283441
11.6295537400718,3.87321675762369,266.758760016204,198,59.3205030702233
-35.6423982113551,3.77240083561583,266.76590808139,198.5,59.3035675714647
-36.9635650621965,3.76910233588122,266.774097906768,199,59.2860043197859
-3.08124192222605,3.8409672773534,266.773390825876,199.5,59.2845402665412
-0.417032950374555,3.84679868556828,266.771917751719,200,59.2843421131798
-40.2043253481848,3.76205891497251,266.780973060408,200.5,59.2652390130465
28.6673838079761,3.90842190881595,266.777954863294,201,59.2788603311187
-34.5899460563305,3.77392113707505,266.784690940727,201.5,59.2624249053927
-65.2922137301157,3.71062381424102,266.80541396788,202,59.2314012857694
-1.20138904150645,3.84391904406737,266.804794888128,202.5,59.2308304453198
14.1818298988121,3.87712196577092,266.801704594689,203,59.2375689470677
-11.3615288620595,3.82253810927602,266.802056463846,203.5,59.2321705124057
16.3869769705359,3.88211769034547,266.798900343731,204,59.2399567906044
11.3182900033691,3.87166037498674,266.795874315088,204.5,59.2453346803066
-28.4600860531651,3.78665542258736,266.800578087778,205,59.2318118598396
-34.5433879040949,3.77341959172432,266.807737634594,205.5,59.215398556237
-10.9637916590821,3.82323116600919,266.808414291348,206,59.2101891065549
23.9442525823953,3.89797435985947,266.805015055356,206.5,59.2215662270697
-0.170191186288996,3.84695494633037,266.803198135279,207,59.2214853606642
-49.0087784113001,3.74358979537413,266.815568118088,207.5,59.1981988213853
46.9068226600495,3.94545776862964,266.813834969859,208,59.2204866156077
-4.52878138897,3.83787860796924,266.812546069852,208.5,59.2183347634474
11.0000098047517,3.87122480607874,266.809618874923,209,59.2235614221949
-18.8080435425722,3.80753679609746,266.81145247165,209.5,59.2146247733146
-34.6740906868189,3.77368023234634,266.818319982723,210,59.1981493662362
-42.340532103063,3.75716825125727,266.828338259596,210.5,59.1780312466692
16.8856521314332,3.88284106194671,266.825381655476,211,59.1860544705559
-39.3580782320476,3.76319672963612,266.83379749169,211.5,59.1673534650544
-8.15510025657408,3.8289876560414,266.833861816631,212,59.1634785661362
-28.9946188692603,3.78439687055661,266.838983908118,212.5,59.149701762203
-37.3202750466325,3.76647305035196,266.847252040569,213,59.1319690196425
-38.4581662593767,3.76355472308418,266.856179337538,213.5,59.1136956076492
-22.7264998782583,3.796336042024,266.859971606225,214,59.1028971027845
-3.44993964795611,3.83761627975838,266.859104665678,214.5,59.1012578626784
-21.1523652942506,3.79960451686714,266.862032678787,215,59.0912073084464
-24.1995012117756,3.79287806476573,266.86602057709,215.5,59.0797089064505
-26.2084877209073,3.7883288259634,266.870689940008,216,59.0672559337681
-18.74695387222,3.80401523259175,266.873261947497,216.5,59.0583483116674
25.3803196354865,3.89859290510558,266.869729818662,217,59.0704077799762
-15.7749125974276,3.81087575254485,266.870964598885,217.5,59.0629123243919
-47.3262352428851,3.744100083313,266.883165021537,218,59.0404252461248
-20.251837694964,3.80044789788498,266.886368557343,218.5,59.0308025779163
13.9574121075832,3.87397544016562,266.883270753194,219,59.0374344474673
-9.86866721788701,3.82304368154038,266.883243367045,219.5,59.0327453465705
-7.73910933687203,3.8276187378141,266.882944258557,220,59.0290681058924
-25.5633055916395,3.78934485944641,266.887111025621,220.5,59.0169216917385
22.5401629881454,3.8923046758413,266.883637762214,221,59.0276316585606
-29.4718711526785,3.78131271808829,266.888710811226,221.5,59.0136280880276
-20.6566029934377,3.79971939039815,266.891645225506,222,59.003813095437
-65.8224289670595,3.70595225967205,266.912799673522,222.5,58.9725375438468
-11.9039006740905,3.81734350017557,266.914200809895,223,58.9668814010168
-14.7882422143285,3.81110705851855,266.915622459425,223.5,58.9598547622318
43.7506379096561,3.93542293839404,266.912726245692,224,58.9806428940969
-22.1605329857629,3.79615935357572,266.915464351331,224.5,58.9701133086115
-26.221654984754,3.78723237798707,266.919905220808,225,58.9576540794988
-36.8293663019186,3.7644566686513,266.928097332889,225.5,58.9401545924107
-31.9187778552285,3.77429520331921,266.934785101585,226,58.9249883732484
23.4295732078767,3.89270453844253,266.931235550119,226.5,58.9361209436671
10.5249490387864,3.86571380433616,266.927960504838,227,58.941121877115
16.0464830860869,3.87780228417812,266.924338898731,227.5,58.9487463695179
15.149270868241,3.87624417826647,266.920738693224,228,58.9559445512021
-24.8320525664087,3.79079787316912,266.92420386518,228.5,58.9441455921949
2.14347894442885,3.84842313839132,266.922195263079,229,58.9451640670121
-19.7933781989813,3.80140192904716,266.924379629005,229.5,58.9357592360035
7.49654274047445,3.85986753834664,266.921673797993,230,58.9393212210732
12.1849962840674,3.87013102688701,266.918318544782,230.5,58.9451109265868
9.22483642817687,3.86408897578826,266.915179916488,231,58.9494941110446
-2.36925268676152,3.83944100960789,266.913504297158,231.5,58.9483683597498
-31.4901041878818,3.77726690735615,266.919063613688,232,58.9334058250399
22.2131458436713,3.89159571829803,266.915563170908,232.5,58.9439604095442
-12.6261073143692,3.81750818003098,266.915745437218,233,58.9379611099606
-32.9517867435355,3.77413554141197,266.921895234306,233.5,58.9223040562411
-39.8403271159067,3.75922578892986,266.93088202119,234,58.9033739100031
-4.61203088031198,3.83363986697639,266.930121733754,234.5,58.901182501816
-32.0035483532142,3.77512178253105,266.936112140641,235,58.8859760039201
-33.7904257022886,3.77091078194098,266.943085543921,235.5,58.8699204705876
-15.0381990255857,3.81042206467303,266.944549282235,236,58.8627750647308
47.6781990688869,3.94295203548328,266.942042987373,236.5,58.8854293787406
-16.7234128939583,3.8076866016621,266.943100975471,237,58.8774832428878
20.2673435487043,3.88677867840762,266.939442420556,237.5,58.8871132787085
-10.0815471179846,3.82222355545709,266.939066980608,238,58.882323027848
-22.0655960621937,3.79648679083863,266.941825939722,238.5,58.8718385516772
-22.7395255734767,3.79477548537778,266.94495210498,239,58.8610338576485
-29.9932264070985,3.77909121639469,266.950368247763,239.5,58.8467825649725
-5.15852107536962,3.83185152689381,266.949558241289,240,58.8443314917661
-27.1331820886564,3.78480442838964,266.953945190569,240.5,58.8314391502112
-36.3617410525425,3.76496873178399,266.961754550814,241,58.8141618554342
-19.7649013105517,3.7996854040815,266.964450216254,241.5,58.8047705552297
-24.3302518067305,3.78973460671913,266.968294996618,242,58.7932100270401
-2.61498564214587,3.83617549720522,266.96704836434,242.5,58.7919675156402
-9.61240098475938,3.82119244696907,266.966918374084,243,58.7874001797393
23.348984889805,3.89179909188048,266.963053739617,243.5,58.7984944585887
-12.1442544119757,3.81626280215979,266.963184205269,244,58.7927241115907
-2.31202416326249,3.83735047096047,266.961657231105,244.5,58.7916255524501
-39.4143956800968,3.75833599273616,266.970239785674,245,58.7728977876922
-50.809012599944,3.73418114876636,266.984144729803,245.5,58.7487558664693
-32.4450107102881,3.77156754991856,266.991099295705,246,58.7333396075704
-31.0565471498932,3.77409100445073,266.997421204397,246.5,58.7185830776482
-9.72664700286106,3.81947221520822,266.997721059658,247,58.7139614577094
-13.3075452948293,3.81175722244022,266.998590179651,247.5,58.707638372616
8.23767553815419,3.85819669152595,266.995680691182,248,58.71155250721
-3.54375845480779,3.83308701674537,266.994264494228,248.5,58.7098686890629
-25.1988053525239,3.78659225024086,266.998176829113,249,58.6978954673331
17.9281868909177,3.87900395694628,266.994565864528,249.5,58.7064140519984
21.5916051886241,3.887167851642,266.990480200576,250,58.7166733112295
-0.397863782405132,3.84059317667874,266.988346399089,250.5,58.7164842661054
-14.551062482296,3.81022969141311,266.989125929834,251,58.7095703233582
25.7637425414849,3.89635523189675,266.98523025452,251.5,58.7218119752033
-2.27302459624796,3.83706000561271,266.983331276845,252,58.7207319467215
13.7235817833814,3.87140196510529,266.979768535065,252.5,58.727252711707
-28.4168389661704,3.7814991079965,266.984138689325,253,58.7137504401096
20.9494870274958,3.88667968702118,266.980456331264,253.5,58.7237045966577
-29.7302403212106,3.77880883057178,266.985190577202,254,58.7095782619182
-32.6840214309019,3.77214250514324,266.991438203828,254.5,58.6940484369865
-21.2768871244816,3.7958766861849,266.994282692601,255,58.6839387161606
-16.9844854974197,3.80482539104964,266.995895047823,255.5,58.6758685315632
-37.6638149929397,3.76078933429014,267.004010728967,256,58.6579725558695
-27.270860594283,3.78216414554838,267.00887290456,256.5,58.6450147963214
-18.1810283431475,3.80126093426353,267.0110015963,257,58.6363760739462
7.66485938265745,3.85676637512525,267.008123841284,257.5,58.6400180347309
20.2524762878439,3.88386516435597,267.004095027103,258,58.649641006367
-16.6746654615561,3.80512328313769,267.005234372638,258.5,58.6417180328749
-14.5708293360974,3.80947121630939,267.006165521106,259,58.6347946978998
-30.0663983994734,3.77626811374438,267.011547054892,259.5,58.6205086375244
13.7236888658156,3.86979461833061,267.008191705487,260,58.6270294533902
-25.6553140217605,3.78563004564723,267.011909370963,260.5,58.6148393213966
-79.6617932761579,3.67567475277339,267.04063975071,261,58.5769879907106
29.8614491337767,3.90283071303404,267.037352111335,261.5,58.5911766693662
34.4252018202772,3.912897021135,267.033172079246,262,58.6075338168071
9.23900515839241,3.86038558811607,267.029653769343,262.5,58.6119237335423
-27.8525638347223,3.78113488132157,267.033902278006,263,58.5986895774833
-30.9551818363517,3.77417705088363,267.039601998329,263.5,58.5839812113276
-22.4520185836396,3.79181851484172,267.042781129251,264,58.573313126352
-2.03302887020484,3.8354649347936,267.041203106239,264.5,58.5723471319287
26.0436766010076,3.89544866492565,267.037040355858,265,58.5847217945462
-10.9491551622981,3.81693368464573,267.036704159955,265.5,58.579519299401
-20.9180954490819,3.79548495324395,267.039103919239,266,58.569580058573
-57.4401056273049,3.71920422064603,267.05561314938,266.5,58.5422873710334
-35.7595391678842,3.76283391432596,267.063657784058,267,58.5252962127058
15.7696857620496,3.87276398938703,267.060124346354,267.5,58.5327891847573
-31.2257804914783,3.77239210187868,267.06570040233,268,58.5179522435499
2.99379736197595,3.84541876598076,267.063425315275,268.5,58.5193747474793
-0.273348344705242,3.83857275873308,267.061299597154,269,58.5192448659117
-26.0290202440194,3.78338020776754,267.065235336257,269.5,58.5068771672676
-14.8391414890314,3.80701617190483,267.066346130667,270,58.4998263436733
9.31411125193461,3.85890965831696,267.063113350515,270.5,58.5042519470968
7.77384081321361,3.85587989404522,267.059835612501,271,58.5079456904488
8.41133854146416,3.85748072571854,267.056488917692,271.5,58.5119423410833
-7.89680364869065,3.82267011990742,267.055599972016,272,58.5081901718943
-22.5604781340368,3.79119776233116,267.058423830226,272.5,58.4974705523231
-2.95482612765639,3.83302359157201,267.05691197216,273,58.4960665655902
-4.91114699995322,3.82888254065194,267.055564355684,273.5,58.4937330322677
-16.5105856813629,3.80398123793923,267.056757003719,274,58.4858880213441
-29.8626721974524,3.77534916286467,267.061991481363,274.5,58.4716987615494
-7.16224837174739,3.82353840657523,267.061385354247,275,58.4682956165733
-30.4209767026849,3.77377538868486,267.066795642758,275.5,58.4538410781854
19.9471372521829,3.88127905191002,267.062944236628,276,58.4633189678652
2.95406531229576,3.84541659901087,267.060175930661,276.5,58.4647225930964
24.1604330848949,3.89072631501438,267.055952622675,277,58.4762024318572
-7.00491202066453,3.8246566500215,267.05473717037,277.5,58.4728740453068
-21.3862278127697,3.7938051927801,267.05712857511,278,58.4627123712122
-24.3815842099809,3.78715103505616,267.060585459613,278.5,58.4511274524121
-19.0661174763572,3.79818375626146,267.062634534312,279,58.4420681796062
-15.8622327415486,3.80484509124731,267.063829229595,279.5,58.434531233823
46.6707652277401,3.93682083877809,267.060852945966,280,58.4567068652687
-30.5913352122931,3.77430759975718,267.065660590434,280.5,58.4421713809716
12.4310687080028,3.86591518879068,267.062235748142,281,58.4480780078889
-21.4505974169274,3.79358853561179,267.064469965793,281.5,58.437885748553
20.9569395951854,3.88404663249269,267.060498020473,282,58.4478434461914
-9.96633808797073,3.81837114805034,267.059850667892,282.5,58.4431079369444
39.2031020923796,3.922350897195,267.056275823444,283,58.4617353054756
-37.8202478599165,3.76000694519603,267.06341673766,283.5,58.4437650006469
-2.73749742117153,3.83399508661945,267.061890218958,284,58.4424642777297
-46.7536375568703,3.74096567972643,267.072995729349,284.5,58.420249269466
-20.1657661819042,3.79598288661342,267.075516288005,285,58.4106674981689
-9.22621304093481,3.81920847153502,267.075119549639,285.5,58.4062836596131
-29.1995839071973,3.77651381702527,267.07997313313,286,58.392409466466
-2.44345538399837,3.83339679410023,267.078402390705,286.5,58.3912484577321
-8.17736406984574,3.82114713841528,267.077633893867,287,58.3873629801547
8.70230168363178,3.85737962291827,267.074319750212,287.5,58.3914978820343
-31.7258799780711,3.77115077303482,267.0797976638,288,58.3764233183701
-17.1079686114276,3.8017883393479,267.081374862783,288.5,58.3682944607252
-31.3041233940227,3.77139820797151,267.087082875425,289,58.3534202948586
-9.05797827975496,3.81851006908104,267.086842606295,289.5,58.3491163931121
-10.0671415863058,3.81632310462038,267.086585161881,290,58.3443329870454
13.1460465630767,3.86613696859585,267.082884146568,290.5,58.3505793359563
-6.65867708809725,3.82396648143132,267.081684404569,291,58.3474154630628
11.1664160602098,3.86222453659673,267.078113748782,291.5,58.3527211898044
6.48120310636941,3.85247772385825,267.07488008067,292,58.3558007358695
-46.5738982814719,3.74007877110875,267.08594095757,292.5,58.3336711307893
-35.6412988857228,3.76199244669698,267.093493316172,293,58.3167361543757
-20.4021120527141,3.793789947319,267.096107036535,293.5,58.3070420832503
-5.99889448311793,3.82453747384737,267.095139272617,294,58.3041917063068
-33.7000500886151,3.76537114615186,267.101671477798,294.5,58.2881791149807
-2.6273336667435,3.83141387702246,267.100236958514,295,58.2869307364123
0.503281282934115,3.83825372788509,267.097955195882,295.5,58.287169870701
-16.1548075403229,3.80253473476172,267.099037741302,296,58.2794939078934
-21.9218881044759,3.79002867729048,267.101857019663,296.5,58.2690777146121
17.9968958573421,3.87546495680893,267.097918520501,297,58.2776289463682
-15.320373033207,3.80439107628661,267.098621652738,297.5,58.2703494654268
1.35529662055954,3.8401363912017,267.096282579687,298,58.2709934351199
-18.3235654629509,3.79795733878532,267.097865051939,298.5,58.2622869861792
10.51213181547,3.85973127662973,267.094438727863,299,58.2672818295187
-37.5635616892115,3.75730182602745,267.10208176906,299.5,58.2494334892195
-17.3142585612915,3.7996946127258,267.103849348993,300,58.2412066128283
-8.38536747589151,3.81873636522696,267.103312740221,300.5,58.2372223023553
-32.6305069918411,3.76690221899625,267.109493580707,301,58.2217179048291
30.9593044868183,3.90218911437958,267.105430667469,301.5,58.2364282298638
-13.4344193391996,3.80811249617959,267.105579764283,302,58.2300448605211
32.6828912317437,3.90622714885578,267.101435315028,302.5,58.2455741484383
-0.83815037080139,3.83574586957701,267.099024364922,303,58.2451759009781
-10.5699213667308,3.81490298629432,267.098628112066,303.5,58.2401535989118
-22.9242918586215,3.78837160395323,267.101460890842,304,58.2292611131141
-28.413498313794,3.77640657041066,267.106171915768,304.5,58.2157604288288
-3.55831616253397,3.82925688524847,267.10474903921,305,58.2140696935815
-29.9998093403614,3.77272438766265,267.109859611648,305.5,58.1998152730224
-13.8191654790496,3.80685356507735,267.110643160745,306,58.1932490914083
-0.775369617461286,3.83483101854156,267.108621934904,306.5,58.1928806742464
2.96626025192524,3.8429866144521,267.105904506792,307,58.1942900939077
-11.2635996282591,3.81253358419762,267.105720942659,307.5,58.1889381903576
-21.3546170474012,3.79081685901842,267.108229351618,308,58.1787915361299
-40.858142462101,3.74937581381316,267.117549139719,308.5,58.1593777745518
-7.39080121172537,3.81998602594633,267.117086599091,309,58.1558660326088
-5.38429554361281,3.82432928421968,267.115856882986,309.5,58.1533076825799
10.4725001484329,3.85846019983625,267.112295945736,310,58.1582836949181
-2.47640103154725,3.83093273982666,267.110334527413,310.5,58.1571070320475
-8.03512225904833,3.81903462135463,267.109507737042,311,58.1532891407194
-6.14142762265853,3.82308900471485,267.108354284101,311.5,58.1503710391017
-10.9478621031024,3.81275447211113,267.108184385517,312,58.1451691583541
-21.6115460066567,3.78981004193531,267.110780514824,312.5,58.1349004242359
12.155420088873,3.86208162830502,267.10721287044,313,58.1406760766093
-9.90462306833467,3.81500674632084,267.106662814299,313.5,58.1359698912768
-0.463472694072687,3.83526633425108,267.104518836796,314,58.1357496720539
-3.12956009445105,3.82962777314497,267.102733770956,314.5,58.1342626604118
-32.2134009528615,3.76750525702028,267.108536254599,315,58.1189564509751
-23.1249487104598,3.78631314210204,267.11182909011,315.5,58.1079686229997
-18.0225782132299,3.79694909826062,267.11363641588,316,58.0994051882626
-43.049425239299,3.74385973988568,267.123931131766,316.5,58.0789502378585
4.22384845731799,3.84408525846817,267.121526336255,317,58.080957201023
9.13439339303482,3.85483110959741,267.11802901403,317.5,58.085297411439
35.2684549106393,3.91016691914088,267.113761727118,318,58.1020552308992
-36.2722997385811,3.75873478733309,267.120671324994,318.5,58.0848204341958
2.86676819742718,3.84181776114267,267.118277015389,319,58.0861825801704
-32.2267225359892,3.76684641798431,267.12406696239,319.5,58.0708700409786
-18.8206267792828,3.79490013854256,267.126149722341,320,58.0619274131687
-13.1945926979101,3.80678555459849,267.12668047821,320.5,58.0556579975438
-50.5923889356046,3.72787932066908,267.140168341556,321,58.0316190051356
-1.8717328641426,3.83037678535641,267.138805885952,321.5,58.0307296505695
-8.38153208286433,3.81644987751836,267.138153775196,322,58.0267471624848
-17.0762435907242,3.79772217451801,267.139615849511,322.5,58.0186333789954
-60.7794753531792,3.70639708705436,267.15821517746,323,57.9897539886893
2.17792474342069,3.83821625158045,267.156367075534,323.5,57.9907888304406
-16.769180528491,3.79751145701854,267.157762061383,324,57.9828209480793
36.997524527059,3.91199927380377,267.153577439868,324.5,58.0004003356105
11.1024661608078,3.85818524879159,267.14961319984,325,58.0056756765337
-11.8861442588517,3.80902031063762,267.149479058284,325.5,58.0000279706709
-4.46550135997659,3.82491775894958,267.148003621439,326,57.9979061860399
32.7137496012795,3.90398206276798,267.143649746731,326.5,58.0134501363228
24.35572142775,3.88709752609481,267.139047598696,327,58.0250227664124
-6.36039564848814,3.82201739005483,267.13754335918,327.5,58.0220006220558
21.6701595913528,3.88184818770071,267.133249129796,328,58.0322972064406
6.94356702738712,3.85095630147258,267.129763213793,328.5,58.0355964448946
35.4541525664328,3.91113123381913,267.125666080139,329,58.052442498665
-12.8450376633797,3.8093555271387,267.125348798765,329.5,58.0463391742447
-27.8584701763804,3.77723428604336,267.129409395057,330,58.0331022117853
17.813342100714,3.8743303728953,267.12546318068,330.5,58.0415662279057
33.4968482993132,3.90747771589712,267.121226365945,331,58.0574822678261
14.3715972306895,3.86793884356384,267.117086909907,331.5,58.0643109375923
-44.4348317689226,3.74364529095749,267.12664868552,332,58.0431977107606
-26.460206282078,3.78038275273753,267.130632432668,332.5,58.0306251339103
12.2698998245535,3.86274865268553,267.127007340462,333,58.0364551813727
-18.3506623522674,3.79752695274428,267.12818529729,333.5,58.027735857335
17.922013119029,3.87478108050293,267.124141759241,334,58.0362515085302
-32.6039368204292,3.76751172212845,267.1294983806,334.5,58.0207597358309
28.0100147302819,3.89586892848756,267.125430274605,335,58.0340687047415
-24.3483075799574,3.7849995242113,267.128106068341,335.5,58.0224995973445
-43.2264807562168,3.74512444128561,267.137813625741,336,58.0019605189457
-3.293455587731,3.82899826535865,267.136344713287,336.5,58.000395632299
20.0238788323978,3.87875785787026,267.13205845786,337,58.0099099857691
12.1255568408205,3.86240945323627,267.128077890491,337.5,58.0156714486092
22.6727078535378,3.88495405971906,267.123685049795,338,58.0264443941734
-13.3024225784627,3.80871937606097,267.123491679073,338.5,58.0201237431406
-5.02916718699957,3.8262577062552,267.12192184646,339,58.0177341324824
0.601328625507916,3.83829357834549,267.119389702505,339.5,58.0180198540023
-30.1166258299137,3.77290662442741,267.12400521254,340,58.0037099280447
15.2053684545119,3.86908600058772,267.120226272765,340.5,58.0109347645178
-13.5134228751071,3.80804338962963,267.120177996818,341,58.0045138566156
9.93951723296123,3.85805390028927,267.116641079482,341.5,58.0092366219235
-27.9828806645413,3.77737060178725,267.120517744539,342,57.9959405457743
40.2370521654298,3.92123306553506,267.117046813563,342.5,58.0150591960671
14.9510260784459,3.86922608688774,267.112842764499,343,58.0221631816656
11.7039292391757,3.8626074285883,267.108979806663,343.5,58.027724307994
-13.600341891832,3.8088054680094,267.108868268127,344,58.0212621004888
-40.5989705457784,3.75176160792422,267.117148578712,344.5,58.0019714845431
-2.34267573400717,3.83208606226237,267.115428173283,345,58.0008583612973
42.7583461985397,3.92678528584912,267.112037964998,345.5,58.0211750053871
-11.8822772985169,3.81247519866941,267.111395239452,346,58.015529136912
-30.0831648329146,3.77371600980582,267.115965749881,346.5,58.0012351099595
17.7602653784581,3.87508467732145,267.112082603307,347,58.0096739066557
-29.6301312001779,3.77457446499086,267.116316427099,347.5,57.9955951388023
-71.6946523933618,3.68891103547831,267.13936423196,348,57.9615293980682
15.3846717177546,3.86894150200811,267.136054984201,348.5,57.9688394305535
33.6454387961631,3.90749117370339,267.131742527499,349,57.9848260733037
4.28863757186624,3.84625797313889,267.128448015787,349.5,57.9868638210401
4.22938178843995,3.84625255962749,267.125326719479,350,57.9888734133689
-5.71261318691941,3.82511610202707,267.123689408002,350.5,57.9861590630898
-2.83214088790959,3.83123963885384,267.121647581434,351,57.9848133702942
-35.4402138002538,3.76206384127963,267.127996436178,351.5,57.9679739395336
2.22051708952016,3.84155245581834,267.125520302546,352,57.9690290190541
11.8480095354192,3.86218546608714,267.121678479756,352.5,57.9746586051888
8.87767183643606,3.85611373726392,267.118032335809,353,57.9788768342618
-36.1387863221738,3.76067390213268,267.12450868536,353.5,57.9617054765079
21.3444641949303,3.88218882317635,267.120542066282,354,57.9718473066039
-16.0750148989168,3.80288992626295,267.120985734623,354.5,57.9642092572995
-18.2722239405003,3.79799838266848,267.122286220038,355,57.9555272033023
28.6530665162988,3.89745817904235,267.118143530468,355.5,57.969141718508
-37.3445012383767,3.75815897752857,267.12491998558,356,57.9513974648634
6.43272039807825,3.85054810814164,267.12194732878,356.5,57.9544539743517
-15.2870164967277,3.80428666217298,267.122332809857,357,57.947190342781
-37.6260611876088,3.75695095258102,267.129695399661,357.5,57.9293123058219
35.7970199147427,3.91171463880219,267.125948941294,358,57.9463212731403
1.52408544719762,3.84018231857969,267.123013044694,358.5,57.9470454429071
12.1265295518194,3.86285828371915,267.1191635648,359,57.9528073679311
30.1466798235535,3.90094906616123,267.114916262587,359.5,57.967131574055
-1.17590686065428,3.83525806719792,267.112371609673,360,57.966572841473
-49.6340066462138,3.73344275233892,267.124019486542,360.5,57.9429892247659
-8.66055688498803,3.81850956301044,267.123501261676,361,57.9388741579428
-27.9392210568172,3.77744140811777,267.127482326809,361.5,57.9255988266725
-2.13618395392511,3.832021063479,267.125582174418,362,57.9245838180727
-15.1328307700333,3.80426625139815,267.126032636921,362.5,57.9173934479074
-1.07319068506862,3.83417381061669,267.12384208894,363,57.9168835209545
13.7422428740606,3.86582651480951,267.119893196757,363.5,57.9234131527642
6.26399951083587,3.85019633426673,267.116503589022,364,57.9263894944601
-15.2998989941085,3.80426553515546,267.116865599348,364.5,57.919119741766
2.18341317711852,3.8414547330828,267.114197135614,365,57.9201571913487
-43.4873770759085,3.74495952218306,267.12356635226,365.5,57.8994941479666
10.1833155551507,3.85799648564009,267.120309288116,366,57.9043327541378
4.52116843027832,3.84616059932826,267.11715289481,366.5,57.906480988998
-47.4747585293648,3.73650676929492,267.128182637515,367,57.8839233398361
-8.33598230806395,3.81808309517452,267.127680602829,367.5,57.8799624947439
23.2133499434353,3.88520854959531,267.123387285535,368,57.8909923265981
-23.1673296060134,3.78687521937432,267.125751804201,368.5,57.8799843613244
22.1508094811371,3.88311714149433,267.121626101004,369,57.8905093266829
-30.6862229685932,3.77114350804932,267.126253073805,369.5,57.8759287564331
-24.4342773870074,3.78386567439989,267.129488269976,370,57.8643188004503
12.7353509939054,3.86292589277112,267.125806895348,370.5,57.8703700072089
8.4644955800212,3.85411433657501,267.122197370625,371,57.87439191543
2.91633843517161,3.84247066327717,267.119246626262,371.5,57.8757776147215
13.8108007050287,3.86578323175607,267.115282547475,372,57.8823398218101
-32.8497425464604,3.76677552671538,267.120627592272,372.5,57.8667312544287
-29.8266007636279,3.77259840174195,267.125521801729,373,57.8525591339891
-26.5184891738673,3.77913354207637,267.129443568735,373.5,57.8399588640011
-6.68342319915959,3.82109014241071,267.128410772162,374,57.8367832329838
16.7351567229191,3.87108096472015,267.124317491343,374.5,57.8447349489212
-3.62332913537708,3.82799584610039,267.122317069607,375,57.8430133227357
-18.200941290459,3.79682513788243,267.123578292788,375.5,57.8343651387162
2.04220176898411,3.83992772016598,267.120991492168,376,57.8353354916458
-39.5172647541829,3.75180787262309,267.129027094773,376.5,57.8165588486091
-20.5873363519601,3.7910318379421,267.131414026609,377,57.806776768089
-3.35100957302597,3.82769135498971,267.129741030897,377.5,57.8051845346448
-28.813450166196,3.77337776326809,267.134233761974,378,57.7914938130882
-25.8125450423032,3.7793204324107,267.138108564,378.5,57.7792289727167
18.293994852475,3.87328266290751,267.134091738947,379,57.7879213711709
16.7863615203849,3.87046685340203,267.129811380004,379.5,57.7958974170868
-27.7906236878232,3.77564498363991,267.133720317486,380,57.7826926919116
-19.6724845276164,3.79248299443108,267.135724209185,380.5,57.773345303576
-16.8116568428736,3.79835524043515,267.136938529846,381,57.7653572385781
-28.4933639107218,3.77331264244395,267.14153695687,381.5,57.7518186061248
-28.2527063902618,3.77342380226492,267.146261608976,382,57.7383943221818
8.3921094422597,3.85154246166341,267.143046910977,382.5,57.7423818361027
1.46652545039802,3.83694810745966,267.140373003324,383,57.7430786562155
-6.279947302971,3.82043515932253,267.139051755076,383.5,57.7400947369202
-1.74231834398508,3.83017871329778,267.136979083948,384,57.7392668737115
-22.2057223707018,3.78639225385484,267.139490000238,384.5,57.728715816473
-19.029748892244,3.79288358279163,267.14136438783,385,57.7196738242134
14.353481120714,3.86422373221319,267.13751347873,385.5,57.7264938861032
-42.2526153908844,3.74410475022734,267.146798976706,386,57.7064175401947
-17.5736216388454,3.79551015422896,267.148577471144,386.5,57.6980674273408
25.6862164698098,3.88775372276442,267.14424253716,387,57.7102722426441
-32.788375210323,3.76360216351398,267.149924506993,387.5,57.6946928339753
6.61254792870728,3.84737281285817,267.14693634529,388,57.6978347885816
-40.9355057566515,3.7463267591027,267.155822974705,388.5,57.6783842678054
26.7654197089865,3.88975932696774,267.151705245314,389,57.691101866929
0.126415416859016,3.8336509653191,267.149086956881,389.5,57.6911619332612
-35.7758986857044,3.75719160315077,267.155982738911,390,57.6741630017026
-13.8988912380575,3.80311013027765,267.156717806253,390.5,57.6675589383646
-4.60009746178275,3.82297853537763,267.155245274592,391,57.6653732003457
-1.13168338532999,3.83047199560891,267.153070677911,391.5,57.6648354805645
-21.7105127179848,3.78640175533378,267.155492723334,392,57.6545197223767
5.50326740627839,3.84455406519009,267.152519437995,392.5,57.6571346019304
-15.398615844999,3.79984663868236,267.15319814292,393,57.6498179438879
7.77718802463048,3.84946566035015,267.149890906224,393.5,57.6535132776686
5.6800417468507,3.84519329837849,267.146631267771,394,57.6562121516159
25.9684972553238,3.88839086465811,267.142152734113,394.5,57.6685510927394
-36.4449045006675,3.75609245869374,267.148959278402,395,57.6512342828191
-18.5932219013145,3.79327425430343,267.15080952208,395.5,57.6423997065215
-78.4303720623554,3.67109215699916,267.17844846488,396,57.6051334860831
-8.54193585405903,3.81337282442397,267.178698503313,396.5,57.601074782087
31.7763705103347,3.89919154825352,267.174221560806,397,57.6161733363464
-51.2185600282518,3.72414956616412,267.187345511199,397.5,57.5918368185108
-8.43341033902931,3.81352456640703,267.187093474862,398,57.5878296804534
-13.0083155020668,3.80367155402587,267.18739305396,398.5,57.5816487745074
11.985215356167,3.85729557689782,267.183595002618,399,57.5873435540388
4.10469935317599,3.84072230953066,267.180468624977,399.5,57.5892939034622
-45.8412166562997,3.73477722700253,267.191431652619,400,57.5675124323286
7.17958609538641,3.84685376175986,267.188488471882,400.5,57.5709238153305
-27.9962990776448,3.77163534316822,267.192837656846,401,57.5576213634174
-3.16594483469549,3.82450744100942,267.19124540327,401.5,57.5561170635524
-2.97161897494719,3.82499723527707,267.189362992534,402,57.5547050976919
13.7585879033669,3.86094096695776,267.18531371899,402.5,57.5612424958483
14.8957005462618,3.86366915374214,267.181062817225,403,57.5683201934996
-30.5755700605263,3.7667266622851,267.186019123973,403.5,57.5537922000203
5.19707257021466,3.84287590741788,267.183108320592,404,57.5562615909838
15.3111055746135,3.86464999597297,267.178889368361,404.5,57.5635366684888
27.0501847866022,3.88970537172658,267.174267888123,405,57.5763895738448
-14.8586627407119,3.80087368809692,267.174486116799,405.5,57.5693294747205
-36.9970101693379,3.75379510600141,267.181844192752,406,57.5517503315866
-26.728581405594,3.77481411427848,267.186084167825,406.5,57.5390502361966
-16.1386053279805,3.79704142554606,267.187247417895,407,57.5313819718762
22.601257695608,3.8797520955751,267.182851073772,407.5,57.5421209678713
-11.7485680781747,3.8067996045049,267.182456650831,408,57.5365386313819
-15.2066011399283,3.79927399241579,267.183155560088,408.5,57.5293132091979
-9.79783643838022,3.81072278962688,267.182658471784,409,57.5246577635723
-38.1843525659009,3.75034476132968,267.190638778181,409.5,57.5065144542573
-9.6296578254516,3.81047992720047,267.19043358778,410,57.5019389187621
7.65613737586517,3.84760116882804,267.187031813353,410.5,57.5055767352821
-30.8835462228633,3.76530326661041,267.192265952982,411,57.4909024068147
-19.5606348929554,3.78894163079323,267.194449476081,411.5,57.4816081638745
38.483300113199,3.91204590895513,267.190332063603,412,57.4998935182278
-14.1294912699817,3.80116870930847,267.190414630379,412.5,57.4931798851988
0.718250257685181,3.83293342703825,267.187942324343,413,57.4935211620757
7.69895899276242,3.84800380680659,267.184419138351,413.5,57.4971793253029
-2.16793016290192,3.82704594725586,267.182216763276,414,57.4961492324802
-28.4143329897478,3.77095414336164,267.18656368156,414.5,57.4826481515983
-53.1089475525387,3.71929453793324,267.201046128591,415,57.4574134154279
-26.8226120103749,3.77304279646458,267.205756235679,415.5,57.444668641361
-5.74445023085027,3.81792261343596,267.204668277078,416,57.4419391636986
-19.1338504390072,3.78915952609555,267.206533258701,416.5,57.4328477075503
-26.5087700241984,3.7731985095668,267.210762130772,417,57.4202520556199
-8.45954966588624,3.81159622215537,267.210251083462,417.5,57.4162324974517
-2.43044600062805,3.82459458706808,267.208348659084,418,57.4150776701311
10.3980025364447,3.85225421417441,267.204575903164,418.5,57.4200182849012
-2.07645953043077,3.82573205828894,267.202400527852,419,57.4190316543835
-13.5994151932937,3.80099235518794,267.202711315224,419.5,57.4125698871995
-9.99794052023024,3.80861979419638,267.202310746691,420,57.407819362045
-61.2885594409098,3.70134469753222,267.220843774125,420.5,57.3786980802454
-11.8840021643268,3.80355438199573,267.221608695943,421,57.3730513921996
-29.924661380171,3.7648486840433,267.227044496259,421.5,57.3588326782217
-10.1027278787332,3.8069788183312,267.227011953276,422,57.3540323633149
11.0933957017392,3.85264786018899,267.223238502224,422.5,57.359303394406
-5.86824721476192,3.81643650566815,267.221817239953,423,57.3565150945607
-45.9904625188656,3.73120945048566,267.233299781082,423.5,57.3346627091999
-21.0597524684728,3.78304979019901,267.236338909798,424,57.3246561599865
-43.4730127714016,3.73539885922231,267.247207295914,424.5,57.303999941809
-16.6782404973168,3.79163686322764,267.249109592686,425,57.2960752696373
-31.7804684361468,3.75915823461786,267.255492309993,425.5,57.2809747682469
-16.1988671550491,3.7921603047435,267.257157928423,426,57.273277870497
-26.4827539647197,3.76992613320629,267.261751256252,426.5,57.2606945801069
-20.3292067892502,3.78284185484526,267.264555890713,427,57.2510351499445
6.15060670331148,3.8400108289763,267.261503999108,427.5,57.2539576130058
9.02604629247499,3.84646331552732,267.257802608245,428,57.2582463422567
46.1388784687848,3.92443707115037,267.253760901492,428.5,57.2801692475112
16.6728419187545,3.8639358535084,267.249100051379,429,57.2880913545463
-26.134854574598,3.77233555914727,267.252736597741,429.5,57.2756733686807
-25.8646886274998,3.77253527321325,267.256779071701,430,57.2633837522653
25.711900750304,3.8827900703084,267.252224330428,430.5,57.275600771464
0.908541658831668,3.83039063560244,267.24938690243,431,57.2760324653709
-37.4784113524925,3.74840630208967,267.257138408886,431.5,57.2582245842859
-9.02515636625077,3.80855089374893,267.256791188262,432,57.2539362778837
-30.4556535203,3.7625778194576,267.262246574409,432.5,57.2394652627931
16.5276279333604,3.86310682230205,267.2581205072,433,57.247318371349
17.534885352444,3.86561436784071,267.253520790771,433.5,57.255650078642
0.455818014773707,3.82940574597809,267.250784111248,434,57.2558666607412
-50.1400157290422,3.7222377925852,267.26377332431,434.5,57.2320426136302
28.9856158019232,3.88951780192762,267.259456742502,435,57.2458151397526
-0.324359108399387,3.82769774391409,267.256767418737,435.5,57.2456610204017
-37.4525467979338,3.74846010903051,267.26445913669,436,57.2278654288693
-20.9181225924039,3.78291887079997,267.267116926919,436.5,57.2179261751442
7.34790269943711,3.84356722900518,267.263747459931,437,57.221417533843
-26.9671909918752,3.77002911147767,267.2677902843,437.5,57.2086040630194
-50.883644314499,3.71968500133715,267.28169560004,438,57.1844266805097
-32.6357085317956,3.7567861188686,267.288627942115,438.5,57.1689198114699
-16.8288181825603,3.79016111032412,267.290332589613,439,57.1609235922551
2.27547231302834,3.83135242417553,267.287693698554,439.5,57.1620047837704
-36.7225577606064,3.74780168292912,267.295527107503,440,57.1445560468005
-8.47196905584465,3.80780721422693,267.295182106924,440.5,57.1405305875545
-32.611954633838,3.75595354331734,267.301660950364,441,57.1250350051882
-1.42639841705318,3.82268527159855,267.299848631271,441.5,57.1243572514502
-6.04490741294993,3.81281562717759,267.29858771293,442,57.121485011446
-2.7324879359104,3.82003926347428,267.296684922056,442.5,57.1201866687876
10.1426160916746,3.84791875812869,267.292808201237,443,57.1250059365936
-7.21381362130905,3.81074756380785,267.291602750112,443.5,57.12157829037
-36.0430408288952,3.74898940999239,267.299146030413,444,57.1044524261228
1.59837108416986,3.82933669714412,267.296787403959,444.5,57.1052118927375
11.2655967985942,3.85031735095862,267.292746033204,445,57.1105647452439
-15.2692159686979,3.79336740019411,267.293411880226,445.5,57.1033095716007
-90.7129828737068,3.64029053261792,267.329799022254,446,57.0602072640698
-54.697108826916,3.70843631780378,267.347343019579,446.5,57.0342179124794
-22.3877440487149,3.7754852094744,267.35132450993,447,57.023580367573
25.738392454908,3.87914445604016,267.346505695371,447.5,57.0358099743151
-13.8661216050543,3.79444009144805,267.3468907036,448,57.0292214814803
-30.8706912948911,3.75777175704127,267.352886843112,448.5,57.0145532610368
-19.4735814377398,3.78183805580421,267.355413006122,449,57.0053003815782
-29.4563330484673,3.76019984420655,267.361088616118,449.5,56.9913041939811
-15.376057570891,3.79019405351162,267.362497546849,450,56.983998254511
0.749522924012522,3.82516985587065,267.360100263651,450.5,56.9843543906069
4.9448555245683,3.83444785082018,267.356828619013,451,56.9867039405475
-32.3109485373508,3.75419970848725,267.363140988871,451.5,56.9713513813398
-23.1377292195918,3.77339221759808,267.366795294366,452,56.9603574807007
34.5203679659033,3.89696108302115,267.361912509522,452.5,56.9767598463711
3.16228270506737,3.830951189889,267.358602147576,453,56.9782624061738
-12.3803997182701,3.79745566591675,267.358605205605,453.5,56.9723798546458
-31.448441465536,3.75638919450845,267.364599638899,454,56.9574371159939
-10.6833864277667,3.8006441796487,267.364631930952,454.5,56.9523609009617
-2.93109408897356,3.81744211082313,267.36274549579,455,56.9509681905158
6.45427450610446,3.83785812156854,267.359215572012,455.5,56.9540349414465
-27.7354044789565,3.76425385831288,267.36371249224,456,56.9408564536989
11.6320396726958,3.84892340344574,267.359799143179,456.5,56.9463834216731
-24.5060382479658,3.77118685231118,267.363173245478,457,56.9347393684905
20.0593431150636,3.86696913717422,267.358540478407,457.5,56.9442705728278
27.9380401651551,3.88399596582643,267.353320407877,458,56.957545342997
-8.3472664377422,3.80687660771833,267.352059880296,458.5,56.9535791362464
-17.8260196663721,3.78638334644724,267.353425906038,459,56.9451090963759
-27.0757109439063,3.76634865962619,267.357757499625,459.5,56.9322440622567
-38.9749300946484,3.74078706697125,267.366673922186,460,56.9137251097351
-29.6355608692746,3.75990677354376,267.37238006193,460.5,56.8996437619723
-1.08163245478249,3.82115097308897,267.370339250965,461,56.8991298239094
6.74724212247841,3.83821220105756,267.366730953521,461.5,56.9023357785119
-9.18554771192126,3.80398613660246,267.365915334016,462,56.8979712621022
-21.8650581213528,3.77658336256457,267.368623416185,462.5,56.8875820716085
-1.73048349942638,3.81987543527032,267.366559740316,463,56.8867598317305
13.0957450606535,3.8519446958318,267.36221412777,463.5,56.8929822798639
-26.7862195791538,3.7663075307629,267.366209277186,464,56.8802547976743
8.80141496076356,3.84273885059162,267.362565307429,464.5,56.8844367932644
-6.34324523821641,3.8102960105725,267.361064873608,465,56.8814227979316
-7.93935957362735,3.80685516695774,267.3600308965,465.5,56.8776504082791
-5.3279967394577,3.81249194433166,267.358463164434,466,56.8751188086479
-18.612785385026,3.78382557220211,267.360101168591,466.5,56.8662749367538
-13.283131532725,3.79511667000995,267.360481057301,467,56.8599634518686
19.8702447452986,3.86638942411139,267.355743373068,467.5,56.8694048060452
15.5821390662612,3.85767828341337,267.351033051889,468,56.8768086652145
22.3593663506155,3.87237671551075,267.345997118218,468.5,56.8874327264471
-4.95628671646541,3.81433444980886,267.344004067889,469,56.8850777449715
-27.7286101441313,3.76544880074086,267.348199301961,469.5,56.8719024855546
1.48888098104894,3.82786208906774,267.345541389456,470,56.8726099279062
-16.3456358607758,3.78953090439075,267.346370235161,470.5,56.8648432929512
-28.2299970240398,3.76391255705094,267.350976499532,471,56.8514297993719
-13.1626529863621,3.79581721755084,267.351377076687,471.5,56.8451755599129
9.8635482267151,3.84537884305443,267.347470124748,472,56.8498622285191
-22.9431592839785,3.77499053277906,267.350162148263,472.5,56.8389607778572
0.794574362320347,3.82586360222497,267.34760175569,473,56.8393383201608
-28.4964783270301,3.76297931073283,267.352182091776,473.5,56.8257982078915
-12.1327458819302,3.79769073637559,267.352359792095,474,56.8200333291758
-36.6953343898869,3.74512546103609,267.360158069766,474.5,56.8025975274006
-19.722121130764,3.78071058166182,267.362574857751,475,56.7932265542145
4.16818609816413,3.83216433384672,267.359515142589,475.5,56.7952070693884
-14.8414172371979,3.79125743556297,267.360103482913,476,56.7881551644715
-11.7857573221867,3.79773335692143,267.360104097485,476.5,56.7825551574991
-59.557258313331,3.69731233283815,267.378354411806,477,56.7542565040737
-28.8691966146384,3.75991740449754,267.384234785885,477.5,56.7405392945714
-38.3865813351303,3.73934882112307,267.393393484382,478,56.7222998961816
0.211992746908445,3.82196613031015,267.391310792137,478.5,56.722400624614
-11.9774100132272,3.79566432129378,267.391392301267,479,56.7167095537942
-0.526053505353961,3.82050002076847,267.38907441917,479.5,56.7164595992756
-7.45721031141825,3.80559696658727,267.38802204593,480,56.7129163030242
-32.647542675,3.75133517384929,267.394534360546,480.5,56.6974038109869
-12.2868279700844,3.79470713471146,267.395027076413,481,56.6915657201099
45.2723597670636,3.91693540072317,267.390545340995,481.5,56.7130768986812
-15.0051158112193,3.78976486084674,267.39087408565,482,56.705947212326
13.0032997252978,3.85016215598924,267.386607804855,482.5,56.7121257350239
-44.3141371843482,3.72771564681234,267.397291492764,483,56.6910698562689
-28.2611657981736,3.76078329533929,267.402567235373,483.5,56.6776415528351
3.12246576078699,3.82827402241453,267.399740236807,484,56.679125193602
-19.9152087869319,3.77856355782777,267.401814941146,484.5,56.6696624747443
-12.6204345541245,3.79412912125801,267.402131732169,485,56.6636658705748
-6.5947811163708,3.80713291381454,267.400953352543,485.5,56.660532357876
7.68099691778541,3.83808425316161,267.397218829082,486,56.6641819864166
-23.8576377386525,3.77013236678223,267.40040422268,486.5,56.6528460209771
-1.49732190715151,3.81821811640105,267.398291691958,487,56.6521345679163
4.05896234603831,3.83035710415753,267.395008858516,487.5,56.6540631853838
-25.2282466305597,3.76724677689312,267.398636352796,488,56.6420759746198
-9.01133115880627,3.80192809620667,267.398097615873,488.5,56.6377942372701
17.6565465667867,3.85944131594891,267.393382060375,489,56.6461837519343
63.6684017296436,3.95372417439571,267.391392864359,489.5,56.6764358166821
8.76994325248253,3.84191098414509,267.387068011394,490,56.6806028584783
-29.7064529766514,3.75946704604885,267.391713680803,490.5,56.6664878263044
-1.42215208462265,3.81976560181334,267.389479740698,491,56.6658120902128
-18.1688442344002,3.7837165313343,267.390772446235,491.5,56.6571791571213
-2.97141744389681,3.81628111082425,267.388725893914,492,56.6557672870184
6.07630169542457,3.83583728621299,267.385088434278,492.5,56.6586544440276
15.2038974751814,3.85556093123118,267.380427718573,493,56.6658785815643
-41.8113431405244,3.73410810381448,267.389628621889,493.5,56.6460119063295
-2.53500282143099,3.81719869698338,267.387777414104,494,56.6448073987967
-13.0734317632869,3.79451271100488,267.387786800156,494.5,56.6385955528349
-13.1290259510929,3.79427169345713,267.387924220119,495,56.6323572912741
-15.4400478860353,3.78917047934989,267.388672584085,495.5,56.6250209467819
-23.5381784601072,3.77161194506457,267.39180275682,496,56.6138367725373
-8.01592566817037,3.80475176465578,267.390921518537,496.5,56.6100280024765
35.1924894390434,3.89671437303893,267.385926519479,497,56.6267497269147
-10.7190818452158,3.79962899840478,267.385062965464,497.5,56.6216565511916
34.4910580475971,3.89577566005673,267.380150789159,498,56.6380449902434
-45.4597577668454,3.72667862555119,267.390651612856,498.5,56.6164447694429
-5.59172176064818,3.81058096803688,267.389409982375,499,56.6137878607698
16.511808617931,3.85805000386584,267.3847338157,499.5,56.6216334527722
-19.8139611632159,3.78035749186524,267.386287153807,500,56.6122188417605
