curr_dens,Volts_tot,Temp_tot,t_tot,SOC_tot
-5.04987657670916,3.77447329895363,316,0,39
-5.04987657670916,3.77442363932414,316.000692158558,0.5,38.9976005492675
-5.58068790615487,3.77363596331149,316.001512925989,1,38.9949488833345
-28.0292255641154,3.7422220065941,316.006665506405,1.5,38.9816307863891
1.26743818040555,3.78292417175791,316.006789812189,2,38.9822330101117
-0.531318266351774,3.78043901343777,316.006828954929,2.5,38.9819805540399
11.0821160136018,3.796662601836,316.005629393445,3,38.9872462255831
-22.0262721374368,3.75049610507759,316.009265625623,3.5,38.9767804341897
9.72475912699904,3.79469140268998,316.008402941769,4,38.9814011571036
-19.075194998246,3.75452562587607,316.011439548199,4.5,38.9723375711098
3.88516747251746,3.78648221145589,316.011137375724,5,38.9741836098786
21.0339896885849,3.8103978462235,316.009214325112,5.5,38.9841779178975
3.14447960273844,3.78569413070118,316.008613043136,6,38.9856720185496
-37.8732424682116,3.7284873982384,316.016164958442,6.5,38.9676765333131
-8.0042975055338,3.76978693630142,316.017702400113,7,38.9638732883781
8.00837597241796,3.7921283421571,316.016824473513,7.5,38.9676784711982
-8.25324704452494,3.76948034078065,316.017899497138,8,38.9637569377972
-42.3552302535245,3.72190629098491,316.026876315386,8.5,38.9436318343986
0.973594854476261,3.78197116177744,316.027159142476,9,38.9440944383556
-13.3732507505572,3.76192753608617,316.029174346857,9.5,38.9377401332905
-75.021349221673,3.67708066024011,316.049821271227,10,38.902093711322
1.34975278733687,3.78181455208793,316.050447936623,10.5,38.9027350468606
-10.5283492178667,3.76524870577526,316.05193249168,11,38.8977324978163
28.8930022417641,3.82015760588308,316.049669508343,11.5,38.9114610185712
-14.6692564381685,3.7597238976205,316.051626741833,12,38.9044909159219
-22.3445229176597,3.74887804377655,316.055568748614,12.5,38.893873907552
-26.0310961647356,3.74355466514062,316.060441620849,13,38.8815052225335
-0.978724510796761,3.77844091380644,316.060706332032,13.5,38.8810401812184
-16.5176488242478,3.75670615624116,316.063295953318,14,38.8731918142398
-32.2710059071474,3.7345909827383,316.069646797882,14.5,38.8578582337877
-25.3857905938421,3.74393805228834,316.074507177179,15,38.845796165951
-2.60327048093967,3.77568978090655,316.074968742298,15.5,38.8445592210144
-11.4891840292419,3.76326759519209,316.076619799799,16,38.8391001309523
-9.49210430461548,3.76602001762727,316.078009125434,16.5,38.8345899540637
17.7785928789378,3.80412740804491,316.076122304255,17,38.8430374590785
-56.8836714581383,3.70041134707178,316.089610495114,17.5,38.8160091614412
-4.1427148406629,3.77322573679093,316.090660284765,18,38.8140407489448
-40.9621098041128,3.72180239306011,316.099297164714,18.5,38.7945775872455
-20.2544146486833,3.75033841418408,316.103104617714,19,38.7849536945965
-9.13461583586585,3.76582605215584,316.104495480814,19.5,38.7806133784867
-28.5585995331582,3.73860116274642,316.109848009568,20,38.7670437493032
-8.64375418371842,3.76631489476466,316.111240094177,20.5,38.7629366662898
-1.71182661808547,3.77604177323833,316.111303766229,21,38.762123291236
4.96562335388624,3.78545390703049,316.110413894693,21.5,38.7644827090183
40.3287628388849,3.83450368350145,316.107687502323,22,38.7836449356716
-13.799580530537,3.75966444046465,316.109285821048,22.5,38.7770880598532
17.5057307698489,3.80335532551234,316.107370590931,23,38.7854059143354
-27.4047359580993,3.74072636512669,316.112067415408,23.5,38.7723845438584
0.902127781082594,3.78013897625226,316.111957184711,24,38.772813190209
-9.00543915097864,3.7662966261323,316.11303691255,24.5,38.768534252449
-10.0653466019367,3.76476242661696,316.114401049749,25,38.7637516992697
-14.7667203226891,3.75811567349054,316.116640772672,25.5,38.7567352866195
-31.1043488716491,3.73517256952756,316.122610423191,26,38.7419560436915
11.1573962989557,3.79410058642134,316.121353757437,26.5,38.7472574846902
-34.9450307732811,3.7297423392658,316.128064139779,27,38.7306533403291
11.0198916926921,3.79379146297488,316.126849748185,27.5,38.735889445963
11.4185768371305,3.7944957760049,316.125111922125,28,38.7413149869915
-21.8127732387841,3.74809635952903,316.128566260204,28.5,38.7309506396792
-36.5705371445522,3.72734257705262,316.136062969297,29,38.7135741353615
-5.32710683212211,3.77074791763929,316.136922446062,29.5,38.7110429585701
12.3575008219429,3.79551741011936,316.135224575615,30,38.716914629679
1.5117263039832,3.780509143311,316.13455737716,30.5,38.7176329269942
-22.6794701288439,3.74665542722896,316.138292103079,31,38.7068567683324
-21.469775171692,3.74817295076737,316.142029397663,31.5,38.6966553966792
-21.2526856223175,3.74832428566123,316.145712672716,32,38.686557175206
4.59421132317194,3.78443072137899,316.144979741404,32.5,38.6887401164239
6.17054835113948,3.7867325105047,316.143789797075,33,38.6916720547665
-16.6624342772934,3.75482344522588,316.146188188419,33.5,38.6837548929261
27.9835690227439,3.81705306939947,316.14364404204,34,38.697051296149
27.519601159116,3.81668556744495,316.140726726249,34.5,38.7101272448689
-2.94934185247322,3.77451201154732,316.140521937858,35,38.7087258639914
3.96935085235273,3.78418179787528,316.13967887976,35.5,38.7106119025243
18.9214228499359,3.80507262854706,316.137412057365,36,38.7196024236247
-34.4999727866981,3.73063238125434,316.14380068156,36.5,38.7032097487312
-11.9811066552017,3.7617639215798,316.14571338982,37,38.6975169214506
13.4878358153444,3.79732085210325,316.143975576635,37.5,38.7039256716517
-1.26304518777179,3.77685341239701,316.143643506306,38,38.7033255352613
11.4058554981276,3.79457009480246,316.141989934045,38.5,38.7087450317408
-39.8723361800164,3.72306871857673,316.149945447236,39,38.6897996763842
35.9218313700266,3.82824801594748,316.147581690821,39.5,38.7068679479119
4.17081186426145,3.78459367845584,316.146346501033,40,38.7088497107196
31.2233017899373,3.82217736507245,316.143602105786,40.5,38.7236854741709
-16.8897974999815,3.75544960919175,316.14573741171,41,38.7156602806108
-3.06132217299904,3.77464968249135,316.145958126496,41.5,38.7142056922424
-9.34018895652112,3.76583581380437,316.14702429945,42,38.7097676979879
12.2885138470756,3.79600422878068,316.145373989354,42.5,38.71560658991
-40.1529695229581,3.72291965676994,316.153353094609,43,38.6965278915161
-10.3708496006933,3.76408433783161,316.155017979127,43.5,38.6916001784735
-26.004598603479,3.7421415518284,316.159559568295,44,38.679244083781
2.84629221032818,3.78233559690176,316.1590551861,44.5,38.6805965005827
4.96320434133177,3.78536141477437,316.157985111479,45,38.6829547689703
-38.7781740544345,3.72431097635671,316.165689524968,45.5,38.6645293051543
-13.9815240587038,3.75857176775295,316.167997086975,46,38.6578859788008
22.3571277544961,3.80926948998181,316.165602981169,46.5,38.6685089763636
-11.8917571911529,3.76167229120826,316.166853266101,47,38.662858603514
-23.9065119574611,3.74476957789472,316.170913463751,47.5,38.6514994154712
-24.5067781448017,3.74373956633444,316.175260942037,48,38.6398550107264
-21.6056124673263,3.74761220822135,316.178967221474,48.5,38.6295890959316
10.5794044848442,3.79256160081536,316.177493284912,49,38.634615903905
-11.4819739889605,3.76180705899975,316.178769317617,49.5,38.6291602396963
20.6129987434008,3.80660884561395,316.176405939207,50,38.6389545137112
-11.4089622183743,3.76207993443793,316.177564366782,50.5,38.6335335410723
-13.1268241051428,3.7595954067627,316.179356571108,51,38.6272963257195
-3.48250568846427,3.77303211726639,316.179532379877,51.5,38.6256416118471
-11.4835338297481,3.76181916261941,316.180936365635,52,38.6201852064794
-39.8972947225492,3.72208223226606,316.189160920255,52.5,38.601227992062
-11.240536208769,3.76176512328342,316.190941827157,53,38.5958870471042
20.2911674066559,3.80581683137412,316.188543311487,53.5,38.6055284028398
-8.36560015050107,3.7659937609085,316.189152963137,54,38.6015534848188
-29.4183850442218,3.73647903276639,316.19449040379,54.5,38.58757532823
-27.2424398521968,3.73927686986472,316.199548372776,55,38.5746310728081
-6.88233260360625,3.76761191484357,316.200396698266,55.5,38.5713609299133
21.1641463931415,3.80680890412132,316.197865171847,56,38.5814170819388
-47.4296188355761,3.71131892721191,316.208062007161,56.5,38.5588808809193
-29.6221365908199,3.73559701256797,316.213947182113,57,38.5448059117074
-30.3291254961036,3.73439248065784,316.219807290585,57.5,38.5303950164544
-9.05881921416275,3.7639940311802,316.221043682557,58,38.5260907151376
-14.9844663966753,3.7556676055036,316.223146863964,58.5,38.5189708403594
7.6359578009341,3.78734610236248,316.221777404786,59,38.5225990685469
-31.7251714621378,3.73231069269161,316.2275679879,59.5,38.5075248415342
1.1127098526397,3.77811495358431,316.227196233949,60,38.5080535460343
-4.32971454791834,3.77055490863951,316.227261559152,60.5,38.5059962805575
11.3042706248638,3.792479995603,316.225381038028,61,38.5113675089468
-2.53566483985468,3.77325152526994,316.225063930786,61.5,38.5101626868556
4.88614556246511,3.78367671267549,316.223874877028,62,38.5124843407358
5.7494384506434,3.78496995877682,316.222511336692,62.5,38.5152161885527
-1.85899060856093,3.77439813211828,316.222146851293,63,38.5143328884741
-23.162450508996,3.74454434171633,316.225862102834,63.5,38.5033272415051
-31.3515488344021,3.73291828918523,316.231838245205,64,38.4884305414229
-9.21048353056171,3.76368267385703,316.233065540056,64.5,38.4840541767498
-14.7714201122447,3.75585013493555,316.235081087489,65,38.4770355309928
-44.54075883803,3.71423660286948,316.244786491637,65.5,38.4558719728749
-48.1667553539946,3.70884971101067,316.256077898241,66,38.4329855211646
-1.17809908245057,3.77415329154372,316.256187916263,66.5,38.4324257469477
-19.1978294640698,3.74891460839878,316.259046059992,67,38.4233038911418
-27.6179322947771,3.73701407297542,316.264079719412,67.5,38.4101812203463
7.27017658161849,3.78582388359896,316.262784875841,68,38.4136356474514
-2.3393120983966,3.77248681840945,316.262404855028,68.5,38.4125241224383
4.18542093800666,3.78169187143158,316.26120452117,69,38.4145128267527
-3.27720266624224,3.77131921484061,316.260993173505,69.5,38.4129556626877
4.36766093203205,3.78207169672757,316.259780259654,70,38.4150309584031
20.4331911638174,3.80458475237329,316.256976443029,70.5,38.4247397967797
-33.1142200464841,3.72987050919792,316.26292075504,71,38.4090055628158
6.86092715515224,3.78561939515133,316.261736072764,71.5,38.4122655349039
-37.635465649542,3.72341685023133,316.269081594335,72,38.3943830294112
1.85921646282429,3.77842985169663,316.268569149642,72.5,38.3952664368046
20.4756163158213,3.80450510755728,316.265756537018,73,38.4049954335079
-30.4809389343174,3.73340502724791,316.270993533852,73.5,38.3905124040433
25.0868132209694,3.81089261358168,316.26827658213,74,38.4024324126702
25.50389299321,3.81172530824737,316.265007102978,74.5,38.4145505969059
-11.8911506049862,3.75975124696506,316.266020903356,75,38.4089005122759
-23.310777442601,3.74365519187453,316.269788231161,75.5,38.3978243877093
-40.1436210866624,3.72000002569297,316.278146010751,76,38.3787501312284
14.3567118110829,3.79593184164508,316.276243105034,76.5,38.3855717281819
-3.23966133641787,3.77148273770001,316.275874974865,77,38.3840324018937
-4.29128946725965,3.77002026510648,316.275843901419,77.5,38.3819933941082
-16.6545884549443,3.75267039137624,316.2780775099,78,38.3740799602132
15.4112361245775,3.79748725387799,316.275811867262,78.5,38.3814026147863
-40.7462376239725,3.71912608635046,316.283913878852,79,38.3620420248337
-26.5667133310153,3.73851386795239,316.28882234964,79.5,38.3494188411195
20.3664826227509,3.80406063630313,316.286260432812,80,38.359095982908
-27.2262237693443,3.73765994496743,316.290640240136,80.5,38.3461594325638
-32.6966277859953,3.72980587877046,316.296956687187,81,38.3306236177178
7.92633319154826,3.7865194298331,316.295552601042,81.5,38.33438981788
3.78151639678099,3.78084759572226,316.294207798491,82,38.3361866068016
-10.1106150981657,3.76143656199291,316.295060577251,82.5,38.3313825442795
-16.350118223047,3.7526311599974,316.297271309635,83,38.3236137795284
-32.298903127153,3.73020096953441,316.303346813403,83.5,38.3082669437019
-34.7382317012009,3.72654483768619,316.310307169146,84,38.2917610599966
-9.37237758429339,3.7618382254345,316.311460584004,84.5,38.2873077713037
22.8702837465579,3.80695365882693,316.308465652221,85,38.2981745951269
-24.6992264938995,3.74060426872016,316.312198883132,85.5,38.2864387484775
-37.5241806496967,3.72251543229066,316.319839696286,86,38.2686091200938
-8.04588156594318,3.7635231877107,316.320768553531,86.5,38.2647861164771
-19.7213510745601,3.74711893069448,316.323678087407,87,38.2554155091835
7.92000717825861,3.78583765073855,316.322047691895,87.5,38.2591787035381
-61.2159131697345,3.68964482935313,316.337256868169,88,38.2300919396412
-22.9531633777214,3.74210753836504,316.341582900718,88.5,38.2191857355305
0.807898171096998,3.77539973297475,316.34087595806,89,38.2195696086468
-26.955011537223,3.73648059111588,316.345398189109,89.5,38.2067619248956
45.4734680504809,3.83719576024619,316.342088231288,90,38.2283686601425
6.59509932856493,3.78393574289046,316.339947226121,90.5,38.2315023240399
-18.0442094120545,3.74944700051289,316.342258322049,91,38.2229286112306
-6.18920727685466,3.76598228675491,316.342559081272,91.5,38.2199878070925
-9.605109980569,3.76117930168876,316.343329007783,92,38.2154239355149
-25.3826323392158,3.73899617165108,316.347500644926,92.5,38.2033633683241
9.29140799823912,3.7874960261058,316.345714154079,93,38.2077781842881
-0.773237293559507,3.77352798325726,316.344857930821,93.5,38.2074107803006
7.17973760851107,3.78472526082534,316.343047990385,94,38.2108222352941
5.484212214455,3.78246058426524,316.341367141072,94.5,38.2134280607663
-33.1052763548934,3.72844728796801,316.347328049872,95,38.1976980764009
1.93904183273665,3.77732306269437,316.346543731778,95.5,38.1986194128484
5.9866026066421,3.78306743277357,316.344843734238,96,38.2014639493023
-16.3001856370278,3.75188161478897,316.346768709685,96.5,38.1937189100379
-27.3845846605943,3.73623273688911,316.351480057224,97,38.1807071144574
-4.36956728320387,3.76833389158623,316.351567002319,97.5,38.1786309129386
-22.1998260221447,3.74330758578707,316.35490605937,98,38.1680826573524
-14.3785148809663,3.75413877711125,316.356754475163,98.5,38.1612507006622
-18.4909769176839,3.74829181702703,316.359377469446,99,38.1524647061065
-21.6859546717631,3.74369900467896,316.362768138313,99.5,38.1421606166834
-64.655267204622,3.68409305422628,316.379653948974,100,38.1114396424385
-18.988629109233,3.7468151631818,316.383061775085,100.5,38.102417188259
0.563575659155562,3.7742582490294,316.382243753216,101,38.102684971443
-8.05395232712003,3.76223401797832,316.382614040564,101.5,38.098858133001
16.8043601873632,3.7971152431725,316.379797484457,102,38.1068427309903
-39.4228384523743,3.71851980529646,316.387496384062,102.5,38.088110954646
30.6235363551698,3.81621227163797,316.384238667708,103,38.1026617393281
-32.5171629443789,3.7282139990463,316.389804760238,103.5,38.0872111972683
-3.11628590040206,3.76923974502246,316.389674390628,104,38.0857304928643
-15.1191714194354,3.75239859290711,316.391403888753,104.5,38.0785466129445
-14.018761534945,3.75387173524479,316.393040525867,105,38.0718855931904
8.89631256544861,3.78601176641507,316.391040450403,105.5,38.0761126794126
-6.34658786469004,3.76475415220587,316.390977111601,106,38.0730970958297
-10.9641497051457,3.75825982468951,316.391904254848,106.5,38.0678874760218
-55.8563684746749,3.69566849609994,316.405287277155,107,38.041347301779
-18.6602542961432,3.74693086945615,316.408424331883,107.5,38.032480875014
-21.4985589476177,3.7428552252562,316.411733725448,108,38.0222658267389
-13.8066550932502,3.75356167899333,316.41339449541,108.5,38.0157055894394
-24.4242593445247,3.73859246573114,316.417344838922,109,38.0041003935332
1.9030781516857,3.7754977630625,316.4163059454,109.5,38.0050046418244
-15.9295037767414,3.75050408565426,316.418131782419,110,37.9974357321838
-27.2221072339939,3.7345675752144,316.422792761673,110.5,37.9845011378129
-33.8030572178191,3.72517477715157,316.429371782675,111,37.9684396026111
0.012849570702425,3.7724922074122,316.428703076083,111.5,37.9684457080894
-19.0363478771009,3.74576370274345,316.431222894105,112,37.9594005803197
-40.3317630423594,3.71584525045221,316.439627396339,112.5,37.9402369281186
-0.0909397796669946,3.77207541196507,316.439037661619,113,37.9401937180485
13.904087992834,3.79181574304822,316.436224251994,113.5,37.9468002506265
-36.0084574204807,3.72191960087886,316.442938469224,114,37.9296908186986
-17.2190569107422,3.74800548347332,316.445451942428,114.5,37.921509177407
-25.7642373906345,3.73591687444022,316.449749955476,115,37.9092672904342
-37.2933419919381,3.71961747135361,316.457326605976,115.5,37.8915473451246
-22.8526641365005,3.73959661442632,316.461173550448,116,37.8806888932657
-26.1108437817306,3.73490745031175,316.465652249515,116.5,37.8682823161372
-2.04081867544157,3.76869009212214,316.465141056606,117,37.867312620385
18.3351852173229,3.79737228911644,316.461865856102,117.5,37.8760245904563
3.95720646385734,3.77747629388575,316.459973182251,118,37.8779048585785
15.470436687111,3.79372035017895,316.456911770263,118.5,37.8852556423208
12.9422427894563,3.79038351379565,316.453995238597,119,37.8914051537929
-53.082868293846,3.69817799598175,316.466107595516,119.5,37.8661828091919
-17.8783034777452,3.74678890000804,316.468926092876,120,37.857687926649
-42.7843716544647,3.71182790411988,316.478018105188,120.5,37.8373589165542
1.25164175413696,3.77333869934526,316.477158716202,121,37.8379536345989
-23.8530587888109,3.73808594264962,316.480716115608,121.5,37.8266198448491
-9.79059999264928,3.75775279205559,316.481485893968,122,37.8219678376234
-43.0098888790424,3.71115219813392,316.490575292482,122.5,37.8015316729355
13.1403183555979,3.78970668160254,316.488190242136,123,37.8077753000865
-2.95237621368196,3.76730313670612,316.487322207409,123.5,37.8063724774312
-21.0817086512606,3.74181669656875,316.490230574245,124,37.7963554957293
30.8044508688006,3.81441017997591,316.486367652048,124.5,37.8109922420098
-37.7582338873706,3.71871806559653,316.49333642132,125,37.7930514031433
-44.7037981874925,3.70874127133956,316.503255353369,125.5,37.7718103768178
-1.95172243992077,3.76839915666973,316.5028571431,126,37.770883015175
31.8172096294766,3.81563276367468,316.49870636864,126.5,37.7860009741571
-33.1919045364872,3.72492384431041,316.504329512971,127,37.770229828379
-15.5328462043133,3.74946874908953,316.506300661484,127.5,37.7628493907314
-21.456051150364,3.74106194206146,316.509394385331,128,37.7526545400519
-32.9029504773653,3.72486926715425,316.515529716076,128.5,37.7370206909024
-14.7028700478943,3.75022733336828,316.517332437302,129,37.730034616734
-18.9679035320197,3.7441747663491,316.519850971354,129.5,37.7210220103203
14.4394217330112,3.79111356044447,316.516955012253,130,37.727882906924
9.2650718916991,3.78407506627558,316.514274805925,130.5,37.7322852092772
-1.60387422804185,3.76895123949675,316.513147826404,131,37.7315231278416
-5.59348573498119,3.76338196016201,316.512794745094,131.5,37.7288653810155
-23.9686270993649,3.73752234066727,316.516337971996,132,37.7174766789399
-23.912674352636,3.73743630568356,316.520091290575,132.5,37.7061145628328
-19.4227530897142,3.74360043946261,316.522786697073,133,37.6968858344827
-24.880555115578,3.73581941815897,316.526742549994,133.5,37.6850638294713
-29.8737217145237,3.72865393003798,316.532075647275,134,37.6708693194944
18.1740110667185,3.79604887896046,316.528930305022,134.5,37.6795047076081
8.00616951107921,3.78205927343889,316.526332872093,135,37.6833088420273
16.9452778168786,3.7947111710163,316.522905242662,135.5,37.6913603970806
9.82794071401672,3.784963091923,316.520121722654,136,37.696030146764
-38.3572035125106,3.71743429039905,316.527364761398,136.5,37.6778047072574
-29.6919602669815,3.72921608662659,316.53274287203,137,37.6636965612999
-50.4315701267538,3.70011606175213,316.544430906404,137.5,37.6397339820085
-18.4081641396304,3.74446213296308,316.547222117748,138,37.6309873359751
-26.2877605406473,3.73329664815362,316.551513447255,138.5,37.6184966967829
-6.94175805436158,3.76041918350869,316.55163588445,139,37.6151983178631
-47.9612696913549,3.70291162412898,316.562273124461,139.5,37.5924095027418
-30.1746630638582,3.72735323335554,316.567997755264,140,37.5780720003709
-2.72765162817338,3.76588848684614,316.567412103951,140.5,37.5767759556859
-4.10311659309958,3.76403489542267,316.566733370535,141,37.5748263583115
-6.23635055346043,3.76108797982734,316.566439377962,141.5,37.571863154028
28.548703130144,3.80985107828365,316.562236596644,142,37.585428080932
-1.19477370233988,3.76858017087023,316.56075262979,142.5,37.5848603837632
-2.93928914484306,3.76617606343097,316.559837708514,143,37.5834637794335
-44.4734051678658,3.70790884145672,316.569150296318,143.5,37.562332224437
-24.7345568482785,3.73514274743245,316.573312600883,144,37.5505795905566
-16.2898847628039,3.74689380791399,316.575239861695,144.5,37.5428394457565
5.22731557180481,3.77717687509152,316.573240004102,145,37.5453232066934
-6.90999586544915,3.76020857120054,316.572933090461,145.5,37.5420399195895
3.52630706533104,3.77493001529386,316.571063816808,146,37.5437154457023
-8.66633905160726,3.75785526157774,316.571092138339,146.5,37.5395976314806
9.33434236524833,3.78318377696399,316.568490623533,147,37.5440328477251
-26.1325538396358,3.73340193802679,316.57232162077,147.5,37.5316159550546
25.5664700522758,3.80580772508462,316.56850319131,148,37.5437638728031
0.286301115145349,3.77073675895327,316.566786884699,148.5,37.5438999088844
-23.486875535899,3.73731144174358,316.570022627957,149,37.5327401112433
-21.0802444969879,3.74052470733351,316.572963318645,149.5,37.5227238252349
-36.8666924762997,3.71823973330458,316.580095888031,150,37.5052066026013
1.71585019684764,3.77225060507501,316.578825693686,150.5,37.5060218894601
23.6877154424825,3.80309693723602,316.574789795756,151,37.5172771162574
-4.45504892332244,3.7639412098897,316.573838499491,151.5,37.5151602981055
20.6920681080832,3.79920993274897,316.570105545144,152,37.5249921419584
-0.790086883638731,3.76935524957287,316.568586011826,152.5,37.524616731882
32.9786761224363,3.81645579089039,316.564248699713,153,37.5402865620999
-0.822967291946527,3.76967881333378,316.562632183602,153.5,37.5398955288853
9.85254300729087,3.78467504839588,316.559919080908,154,37.5445769683574
16.9361709059439,3.79468039985824,316.556414407773,154.5,37.5526241962587
28.6853248681524,3.81113560175011,316.552143849789,155,37.5662540390323
-19.1276462017428,3.74453097389744,316.553997077779,155.5,37.5571655308296
-2.69705595309037,3.76745803186546,316.553206133871,156,37.555884023691
-21.4191787868131,3.74113159891788,316.555900806871,156.5,37.5457066929288
-39.8937644521142,3.71510846750479,316.563780137677,157,37.5267511559207
-31.3124282007354,3.72672990339389,316.569460746154,157.5,37.5118730440221
-18.2212889928151,3.74487103015854,316.571802963978,158,37.5032151917842
-5.59315786345646,3.7625570856953,316.571477208891,158.5,37.5005576007464
-28.4389920840905,3.73042545230734,316.575999090547,159,37.4870448030867
-5.38586378457073,3.76267059203426,316.57575577921,159.5,37.4844857079075
0.775928801701244,3.77136957884535,316.574246328613,160,37.4848543907661
-6.05009456294095,3.76183285065646,316.573782651734,160.5,37.4819796860856
16.7943099990306,3.79389700860721,316.570387950031,161,37.4899595087242
-38.6934126098334,3.71622001182448,316.577528057275,161.5,37.4715743193401
-50.0756430869642,3.7000816496856,316.58902859943,162,37.4477808589139
0.333078967515414,3.77034527190551,316.588109764178,162.5,37.4479391215092
-29.0319385342025,3.72907811230653,316.592737750218,163,37.4341445851233
-9.16671929967394,3.75685584516788,316.593170381131,163.5,37.4297890150408
-3.65621709202001,3.76462632613785,316.59237741558,164,37.4280517621305
-18.9179965081401,3.74315597968241,316.594543504518,164.5,37.4190628690577
-16.2937133973858,3.7467528434684,316.596300499204,165,37.4113209050805
33.2336746292894,3.81601096663903,316.591983767523,165.5,37.4271118979337
-34.3550184507768,3.72170526522044,316.597710496277,166,37.4107880981469
18.7535174697398,3.79606434499081,316.594401029909,166.5,37.4196988389434
13.5020064029382,3.78895773804817,316.591009314682,167,37.4261143223045
-33.694918966509,3.72280166005591,316.596695037823,167.5,37.410104169033
-30.6679871231132,3.72675687999743,316.602105075618,168,37.395532263552
6.32940755018725,3.77861427773888,316.6000473687,168.5,37.3985396839021
-28.5157634837986,3.72968681267501,316.604423225703,169,37.3849904082834
-3.14991467973143,3.76521053923976,316.603736410632,169.5,37.3834937251524
-10.6387364168462,3.75469809667526,316.604109407273,170,37.3784387255895
8.31490986930385,3.78135278858627,316.601561516897,170.5,37.3823895581046
7.41531842753191,3.78022812103843,316.598931849258,171,37.3859129494117
-5.16511782963587,3.76265577687004,316.598180306702,171.5,37.3834587417551
15.9284952471795,3.79226755484637,316.594786293888,172,37.3910271721925
-25.0594555263341,3.73485179728947,316.598133056973,172.5,37.3791201625844
10.5381373903352,3.78473812759946,316.595509475965,173,37.3841273624825
-31.408290319286,3.72590576759809,316.600569236328,173.5,37.3692037016627
-4.34878130907184,3.76372718139681,316.600111884316,174,37.3671373766072
-14.8289147866917,3.74897940358854,316.601331308582,174.5,37.3600914122343
-0.0531898570707057,3.76971957737505,316.599982620054,175,37.360066139054
-5.86442847736709,3.76159555701574,316.59942666799,175.5,37.3572796536831
-14.877105674242,3.74889712302591,316.600671133364,176,37.3502107913921
-30.6116209091598,3.72668552915887,316.605816231746,176.5,37.3356656683386
-24.650647280148,3.73482439861322,316.609618207759,177,37.3239529041207
-18.8718107379438,3.74280186647025,316.611975693697,177.5,37.3149859562338
-35.1104414939126,3.71988192777785,316.618482517719,178,37.2983032169072
-16.8001473111084,3.7453773748389,316.620517556639,178.5,37.2903206206676
-15.4182699693997,3.74726342207029,316.62202459046,179,37.2829946239606
-20.5407486797528,3.73998492389287,316.624670057975,179.5,37.2732346795903
24.7196071088986,3.8034912088171,316.620671474701,180,37.2849802100965
37.4978934167754,3.82138444600526,316.615797450472,180.5,37.3027973480917
21.2508490121304,3.79933295406524,316.611529629025,181,37.3128946968988
-21.9669528411223,3.73887901900194,316.614030379914,181.5,37.3024570910911
-40.3983604927171,3.71287980361585,316.622040293859,182,37.2832617950867
-17.5721581290084,3.74455682354257,316.624254177647,182.5,37.2749123776201
17.4857137907255,3.79376445566891,316.620774560174,183,37.2832207210273
-60.4586532293384,3.68496663994472,316.635327522761,183.5,37.2544937694725
-31.1120899199619,3.72512449032571,316.641209094322,184,37.2397108483825
-20.5053937516632,3.73983954089919,316.643992647153,184.5,37.2299677029195
-32.5432710855549,3.72280203261389,316.649771733339,185,37.2145047555667
-46.0758023722533,3.70367192872207,316.659906956953,185.5,37.1926118209429
19.5789100294927,3.79565631145685,316.656479743224,186,37.201914747321
30.7891961753626,3.81147574453824,316.651663343064,186.5,37.2165442453282
-12.5625164892345,3.7510891780976,316.651983665827,187,37.2105751609488
-30.4641939834154,3.72582091405548,316.657016421155,187.5,37.1961000878538
41.4684268672036,3.8262045025709,316.6525597885,188,37.2158038262938
2.8343642029602,3.77298917801188,316.650110639106,188.5,37.2171505754984
1.95173918829805,3.77182116101884,316.648144489589,189,37.2180779450992
-14.1158370601039,3.7492452426773,316.649031955047,189.5,37.2113707998732
42.6738920649777,3.82829252568562,316.644490389467,190,37.23164731555
20.5851419329935,3.79830400267566,316.640167051811,190.5,37.241428353391
-31.2284473741329,3.72578825813072,316.644922531576,191,37.2265901450134
-12.0167740466114,3.75251838688835,316.645743541157,191.5,37.2208803703585
-13.4944502337568,3.75036596738518,316.646640128089,192,37.214468477314
25.1568103218932,3.80446688295502,316.642528950226,192.5,37.2264217450893
-14.2646773700918,3.74948656561468,316.64319744253,193,37.2196438783347
9.70014386797928,3.78309595495825,316.640423829439,193.5,37.2242529052991
-68.6840192885415,3.67398644238487,316.658128827893,194,37.191617668004
-7.27975482279095,3.75876147204441,316.658554597635,194.5,37.188158689794
3.63747215931275,3.77414309969633,316.656432486892,195,37.1898870360426
-24.9847953737997,3.73392343485945,316.659769329789,195.5,37.1780155012337
-20.4887417936202,3.74007366396273,316.662353176315,196,37.1682802679547
10.0661000859986,3.78298650461923,316.659552080782,196.5,37.1730631791522
18.6341177461026,3.79511638320687,316.655593676744,197,37.1819171871256
10.7034093228249,3.78425047312689,316.65233429938,197.5,37.1870029160439
0.414918929950437,3.76994416441931,316.650499107545,198,37.1872000649277
39.9180320705364,3.82483534599699,316.645853762165,198.5,37.2061671327038
1.28761195348985,3.77160280535457,316.643642294042,199,37.2067789420021
-26.4726489039339,3.73258624667561,316.647297554652,199.5,37.1942004530353
-31.3761086403367,3.72547505387278,316.652581591241,200,37.1792920833522
-26.5533905480513,3.73197388951925,316.656682664261,200.5,37.1666752299633
-36.2816938288058,3.71813602098791,316.663413934723,201,37.1494359696544
-1.62808520323557,3.76661462718943,316.662412716245,201.5,37.1486623843649
1.67110499489228,3.77131722350968,316.660498805042,202,37.1494564105244
-18.5636351808458,3.74288239061789,316.662311490141,202.5,37.140635892368
-28.0546310128858,3.72941163614962,316.666671672943,203,37.1273057240142
21.0282023853117,3.79820835269781,316.662918909353,203.5,37.1372972821939
-34.2576244986716,3.72079321743631,316.668538067874,204,37.1210197591796
33.9000096371253,3.81600577092318,316.664236769581,204.5,37.1371273613595
-26.1304807901869,3.73232375723711,316.667521639386,205,37.1247114536992
21.4669082127026,3.79898919267586,316.66372616748,205.5,37.1349114631158
1.03815121529764,3.77064031942755,316.661665710189,206,37.1354047410517
-24.816563099278,3.73428532766498,316.66492049805,206.5,37.1236131418706
-30.7611190880353,3.72574090999575,316.670034258372,207,37.1089969847018
4.02344136399002,3.77448517646513,316.668099047064,207.5,37.1109087243615
-36.3805110564194,3.7177374945481,316.674487615701,208,37.0936225110102
-5.13451200978392,3.76141803249365,316.6740457784,208.5,37.0911828457202
-7.0065949286155,3.75880326661374,316.673564971375,209,37.0878536595355
-25.2095634916849,3.73314677527415,316.677043264291,209.5,37.0758753260719
0.91323509703043,3.76980547158258,316.675476331914,210,37.0763092500677
-11.0325195617898,3.75304286327832,316.675688920564,210.5,37.071067144297
-8.95221398009599,3.75594183232561,316.675630743238,211,37.0668134964968
-10.1811237963271,3.75419209430007,316.675784452234,211.5,37.0619759317406
7.84163443354517,3.77954844057173,316.67309435363,212,37.0657018872565
-16.0378462353534,3.74604186099159,316.674261890144,212.5,37.0580814986564
3.89186849381024,3.77404209440475,316.672158596699,213,37.0599307214179
-30.1957622933335,3.72612170185474,316.6768064765,213.5,37.0455831937403
-8.5063953826076,3.75644812770088,316.676890834927,214,37.0415413768124
-26.9124988178594,3.73048995689451,316.680825862164,214.5,37.0287538929955
-27.989114077496,3.72878554157146,316.685274997103,215,37.0154548550379
1.52473465348524,3.77022776813196,316.683637593949,215.5,37.0161793332753
18.9546952561505,3.79476241676701,316.67965713253,216,37.0251856637718
-2.81873177225784,3.76444111955102,316.678193086728,216.5,37.0238463423225
-22.3646205218108,3.73690710158885,316.680907836905,217,37.0132197845685
-3.92483881302725,3.76276364448504,316.680068964549,217.5,37.0113548959476
-9.68057738327568,3.75467195898904,316.680060090282,218,37.0067551660056
15.7821463638247,3.79045010472085,316.67649327125,218.5,37.0142540587167
1.44013149469564,3.77052534535364,316.674398460891,219,37.0149383377317
-2.52788113540628,3.76499785633925,316.673064205953,219.5,37.0137372140706
17.0304886483799,3.79246346536157,316.669339729472,220,37.0218292570822
10.2358870990666,3.78315310439964,316.666112739146,220.5,37.026692842642
-2.99972030606656,3.76468068187929,316.66477505621,221,37.0252675244236
-27.8304155357312,3.72971887565312,316.668817699688,221.5,37.0120438921371
23.7998426651636,3.80198337856599,316.664897708096,222,37.0233523962259
0.485951717182436,3.769632173274,316.662890822209,222.5,37.023583296365
2.55482221332929,3.77257617240901,316.660814430584,223,37.0247972210893
10.1134861823787,3.78323478927458,316.657769655902,223.5,37.0296026478081
-15.0609903530565,3.74794875869794,316.658678179207,224,37.0224464126436
-23.0402723084448,3.73659997337633,316.661656075068,224.5,37.011498818692
-18.0423027844753,3.74345348181776,316.663586896856,225,37.0029260118176
35.2606866178944,3.81785102299944,316.659127972633,225.5,37.0196801401706
-23.3552331915722,3.73623894541525,316.661668611268,226,37.0085828924384
-14.3222684924899,3.74876486346422,316.662795650226,226.5,37.0017776612405
-50.3234447403014,3.69828223328859,316.673778943184,227,36.9778664577667
7.95566431253828,3.77963621692245,316.671574291825,227.5,36.9816465946219
-11.4549779180233,3.75244162393568,316.671781211402,228,36.9762037576063
-34.2027896519473,3.72038095125191,316.677686883341,228.5,36.9599522893898
51.2281123309069,3.8390902883543,316.673506192753,229,36.9842933460056
1.63378119631436,3.77111640411159,316.671083304403,229.5,36.9850696377484
-11.5816575431964,3.75255242443583,316.671351649652,230,36.9795666088617
-30.6132275301301,3.72569759395027,316.67620681927,230.5,36.9650207224217
-19.0824284092249,3.74166393716568,316.678446322447,231,36.95595369947
-6.58848655370283,3.75916343068121,316.678019181611,231.5,36.952823177635
-12.1629155439866,3.75130121688466,316.678505124799,232,36.9470439637933
18.2813378762331,3.79402888940599,316.674761478146,232.5,36.9557303482804
-30.6439560037765,3.72546194056855,316.679325194891,233,36.9411698611947
-7.99408729145355,3.75711952992115,316.679289355363,233.5,36.9373714676468
4.53096291554941,3.77474989112197,316.676990396043,234,36.9395243563603
4.66674007729273,3.77503616534637,316.674545956161,234.5,36.9417417596426
10.3180107941971,3.78305575757191,316.67141327382,235,36.9466443663068
2.43007406034541,3.77211591591485,316.669231730681,235.5,36.9477990168998
-6.14386877349829,3.76010348908276,316.66848891353,236,36.9448797553684
-32.6560798253991,3.72276896032868,316.673840801431,236.5,36.9293632069009
-11.3933394858145,3.75242166671765,316.674480636559,237,36.9239496574092
-8.88606231899025,3.75590885333305,316.674388322116,237.5,36.9197274415954
2.85150650838339,3.77242226152539,316.672342610093,238,36.9210823359728
-6.94142377492184,3.75870701588923,316.67174072701,238.5,36.917784115886
-24.7226253545302,3.7336280754319,316.675041777761,239,36.9060371512592
-9.71912524926313,3.75459854251307,316.675266421399,239.5,36.9014191052844
-45.4585433661269,3.70438047784284,316.684602746608,240,36.8798194615068
10.8551193379107,3.7831889160545,316.681962875672,240.5,36.8849772754951
-26.6621297076075,3.73049726643502,316.685587539999,241,36.872308754654
-7.17291658839595,3.7578027261683,316.685356073461,241.5,36.8689005406709
4.73069052768363,3.77458818552036,316.683008134485,242,36.8711483300335
-42.408194676139,3.7083685552212,316.69121213086,242.5,36.8509980605698
-12.7430354091829,3.74972565551348,316.692255855892,243,36.8449432025585
-38.9064051166204,3.71285867736269,316.69961229999,243.5,36.8264568097056
-7.6951156400839,3.75653786584594,316.699626598923,244,36.8228004726489
-4.83264813742154,3.7606010815474,316.69874430381,244.5,36.8205042380901
-20.178877125321,3.73896193911277,316.700960376103,245,36.8109162371234
15.8090989745642,3.7895720070481,316.697442273833,245.5,36.8184279363775
5.24196430243808,3.7749578647637,316.694759882983,246,36.8209186576642
0.700244730879668,3.7686710134901,316.69283372406,246.5,36.8212513792084
29.9862085677086,3.80963626573576,316.688197105509,247,36.8354993373554
17.8789229171871,3.79313804189268,316.684056151224,247.5,36.8439945142252
23.2639883527872,3.80081160939732,316.679659855141,248,36.8550484069383
3.72065054993658,3.77372502055118,316.677157794274,248.5,36.8568162754301
-38.372954746997,3.71458377436438,316.683994095859,249,36.8385833517187
-22.7325059958999,3.73617274128457,316.68714650767,249.5,36.8277819930449
-16.8828234699142,3.74424763774845,316.688775008036,250,36.8197601131978
18.8955714126443,3.79445436405629,316.685006526504,250.5,36.8287383509781
4.11752337130087,3.77397558281039,316.682473874491,251,36.8306947937384
-22.2954576135561,3.73683019778812,316.685021358411,251.5,36.820101098766
-32.9952870845582,3.72161383213297,316.690655658412,252,36.8044233758433
6.80204013125879,3.77742020481181,316.688322379273,252.5,36.80765536774
10.1630908129191,3.78225560657127,316.685144612513,253,36.8124843641174
-22.0902756883813,3.73696295978776,316.687588834061,253.5,36.801988161413
9.78801424583889,3.78171555372189,316.684770906171,254,36.8066389400202
-12.273354471685,3.75078828632199,316.685073421096,254.5,36.8008072510809
17.9097621760267,3.79314253333918,316.681351061803,255,36.809317081236
8.17224997536968,3.77971909459682,316.678321216922,255.5,36.8132001288494
-22.0339582465701,3.73728548388669,316.680756985494,256,36.8027306853984
-25.9512524305221,3.73159309853325,316.684499030658,256.5,36.7903999381599
-15.2715741150954,3.74644227017733,316.685823041796,257,36.7831436440425
9.72992180476541,3.78157967108907,316.682936941577,257.5,36.7877668200048
-23.5209362248546,3.73487418179188,316.685736866636,258,36.7765908384146
8.20391464063637,3.77941595132478,316.683126847012,258.5,36.7804889315056
-21.1228224088055,3.73821385399184,316.685370822331,259,36.7704524145866
-7.46195509936504,3.75733889262645,316.685101932839,259.5,36.7669068638475
-22.0931914491072,3.73668083911501,316.687752964819,260,36.7564092757183
-1.88542866851387,3.76504712737295,316.686542272094,260.5,36.7555134135856
-13.027515008596,3.74936650530692,316.68713194643,261,36.7493233849869
-18.6476609457109,3.74137011207801,316.689054560482,261.5,36.7404629419571
-19.7497121809821,3.739700562872,316.691300553166,262,36.7310788588732
-10.4230096524166,3.75275233989341,316.69158063557,262.5,36.7261263619625
11.5814126025253,3.78372654864053,316.688412972266,263,36.7316292744655
-11.1877819040396,3.75181971758933,316.688495358218,263.5,36.7263133957353
28.912534198162,3.80797123888716,316.684047569744,264,36.7400511971065
-11.2349249198631,3.75202857366794,316.683966987687,264.5,36.7347129183547
-40.5075773010414,3.7107948947144,316.691684635485,265,36.7154657279432
-27.3426785131147,3.72890639195233,316.696058570642,265.5,36.7024738440843
-5.31721257443027,3.75980460239149,316.695478601868,266,36.6999473685531
26.5782755324579,3.80452645183572,316.69104073832,266.5,36.7125760460517
-2.09899280338426,3.76467322635752,316.689345814178,267,36.7115787088409
10.8721336991615,3.78294148905415,316.686178390763,267.5,36.7167446072093
-4.90995933072622,3.76087761392619,316.685101403632,268,36.7144116382083
-6.37308138917506,3.75880675262554,316.684444129799,268.5,36.7113834662173
-59.6284849715221,3.6842803671391,316.698683616918,269,36.6830509694188
-20.4867541048919,3.73835177881514,316.70162702459,269.5,36.6733166805909
0.202550473396611,3.76745564011906,316.700044512932,270,36.6734129225236
16.139292935015,3.78991510607651,316.696282051678,270.5,36.6810815135607
3.73487166991556,3.77271258619422,316.693798834252,271,36.6828561392229
5.10164048517721,3.77471720239771,316.691258613995,271.5,36.6852801855958
6.43464562424555,3.77668007517549,316.688538269152,272,36.6883376098559
-41.6199366415281,3.70915807699943,316.6963798972,272.5,36.6685618814904
8.17190155987813,3.7788880999721,316.693970130882,273,36.6724447635541
-54.5139575320829,3.69102981713747,316.706178873972,273.5,36.6465424363696
-16.8003171343161,3.74334669610396,316.708203460249,274,36.6385597594384
0.967570453637048,3.76836616068785,316.706444925573,274.5,36.6390195008991
-3.91613880542488,3.76155703171072,316.705272260934,275,36.6371587460901
9.29996032970649,3.78020223753743,316.702254952464,275.5,36.6415776256976
-38.8278530335592,3.71254525238321,316.709248148605,276,36.6231285568962
-39.4562928733819,3.71133506485535,316.717039078653,276.5,36.6043808846713
-8.46370238208351,3.75471775557801,316.717153918392,277,36.6003593533384
-28.666181712507,3.72618654078668,316.721498173517,277.5,36.5867386064424
-37.6750290928944,3.71332644449,316.728669181987,278,36.5688373023649
-25.7170959162382,3.72988009337228,316.732628994681,278.5,36.5566178146811
-5.57913007867983,3.75822646786277,316.732030906704,279,36.5539668889504
-37.6272643737751,3.71302155247981,316.738937081593,279.5,36.5360882802969
-39.4208311240972,3.7102295591203,316.746817036242,280,36.5173574577354
25.2073702413451,3.80104307994823,316.742642458028,280.5,36.5293347490753
-7.99043875586528,3.75469184427753,316.741913756912,281,36.5255380891303
37.6480797059293,3.81852055755775,316.736946763119,281.5,36.5434265881966
4.13119617307033,3.77224363511094,316.73411770725,282,36.5453895275938
3.7493008860036,3.77179434278351,316.731657338464,282.5,36.5471710093034
-20.1618359180716,3.73810747251072,316.733665866752,283,36.5375911054727
26.1766036710923,3.80312453559747,316.729293272202,283.5,36.550028928437
-13.5929147495848,3.74755454904749,316.729629053674,284,36.5435702499412
-36.2388204117417,3.71555641536987,316.736065116489,284.5,36.5263513609524
-46.2699847236428,3.70122472828354,316.745984850289,285,36.5043661605121
-14.1883611377616,3.74597585427813,316.747287456882,285.5,36.4976245554436
-3.0651187715437,3.76166802119496,316.746061819584,286,36.49616816312
-58.0033046510758,3.68458214627175,316.759820642001,286.5,36.4686078713549
-19.7536916535917,3.73764168198155,316.762544622382,287,36.4592218974231
-16.9177236600396,3.7415747300905,316.764110439198,287.5,36.4511834347377
2.19307166670795,3.76856891128519,316.762050383326,288,36.4522254735553
-17.5482606762289,3.74074656256948,316.763493155169,288.5,36.4438874109722
-33.1403672068527,3.71864551851336,316.769171389626,289,36.4281407531754
-6.63515499606824,3.75590651556759,316.768782638448,289.5,36.4249880568127
19.8443271185129,3.79324104291979,316.764542861154,290,36.4344170962193
-20.8713221891586,3.73606538662158,316.76655767985,290.5,36.4245000797231
-6.9304464484658,3.75567633082287,316.766056292516,291,36.4212070755171
9.38995055958955,3.77873563300281,316.762894102448,291.5,36.4256687140158
-19.4991713964557,3.73806634533989,316.764677271234,292,36.4164036754788
-55.6463826434497,3.68727949939546,316.77774940739,292.5,36.3899632760817
5.830430635252,3.77334522456813,316.775631102261,293,36.3927336073652
-20.7382974353864,3.73589762517488,316.777756584925,293.5,36.3828797976303
23.1960368852459,3.79773633423138,316.773398545998,294,36.3939014031784
-63.0884461293422,3.67693988609933,316.788850974376,294.5,36.3639249045497
-9.95960404350363,3.75083580770356,316.789466429012,295,36.3591925949864
-32.0371822261405,3.71960557582836,316.794725652659,295.5,36.3439701159433
-20.682288566637,3.73544078033306,316.797279928499,296,36.3341429188431
-6.35632210750217,3.75565657509209,316.796632836207,296.5,36.331122710031
-17.505736144285,3.73989451335965,316.798123113845,297,36.3228048529951
10.8713574402661,3.77997700811968,316.794817323573,297.5,36.3279703825238
-7.16476193827172,3.75468004759579,316.79395834128,298,36.3245660432257
-27.7460136827217,3.72555490659493,316.797971755579,298.5,36.311382514511
17.0546430921609,3.78868440922982,316.794134860327,299,36.3194860345155
-42.90714519115,3.70431104861733,316.802365487171,299.5,36.2990986885291
-6.39191908489764,3.75553292033292,316.801983401588,300,36.2960615658
-1.16183139380963,3.76297045319878,316.800237379238,300.5,36.2955095211814
17.0569316099843,3.78870574549486,316.796092118244,301,36.303614128576
6.45593065517476,3.77402813444037,316.792977082172,301.5,36.3066816664265
-15.3850029763911,3.74326057893601,316.793799299528,302,36.2993714765436
13.7185250350259,3.78427851009352,316.790167673361,302.5,36.3058898388133
-8.77938418082269,3.75271974573788,316.789562666158,303,36.3017183111564
-32.6203064090307,3.71899449756926,316.794874126676,303.5,36.286218760441
-10.548435265465,3.74994256749032,316.795144991549,304,36.2812066675037
-34.376792249319,3.71623328179072,316.801017706342,304.5,36.2648725218884
-20.556355106557,3.73549017675319,316.80352403886,305,36.2551051621186
-13.625760570672,3.7452027269153,316.80429050223,305.5,36.2486308769187
-40.3628237217578,3.70740242216862,316.81206634272,306,36.2294524662242
-14.4354804872495,3.74372381243963,316.813265965357,306.5,36.222593442305
7.20599804946579,3.77433806425492,316.810343848929,307,36.2260173749567
24.3183303223272,3.79848029257521,316.805499315321,307.5,36.2375722386486
24.9956307833982,3.79969680443262,316.80048520257,308,36.2494489219063
-19.1568670240482,3.73778311908946,316.801945618386,308.5,36.2403465294191
-0.223193062863002,3.76445124432004,316.800173244219,309,36.2402404791523
21.8657623194634,3.79553785737704,316.795637896575,309.5,36.2506300042461
-0.317463973753402,3.76462173980218,316.793456198079,310,36.2504791611209
-27.9614258608856,3.72557327685929,316.797345621086,310.5,36.2371932792297
14.0063806774406,3.78462302325602,316.793827735073,311,36.2438484162149
35.3217785389522,3.81439353728896,316.788560854632,311.5,36.2606315724169
-18.257402460609,3.73963314995353,316.789693754979,312,36.2519565608514
-22.7314049135743,3.73316355192157,316.792434343551,312.5,36.2411557253573
-4.68761770750839,3.75851105942609,316.791457128495,313,36.2389284020612
5.02929849478567,3.77223810733074,316.78876307019,313.5,36.2413180751104
-1.28517192289299,3.7634208626203,316.786910482871,314,36.2407074251935
-49.9652261855821,3.69492077025136,316.797548250862,314.5,36.2169664293991
-20.044692015391,3.73649243565548,316.800088052733,315,36.2074421865373
-33.7628331325084,3.7170036045911,316.805856844647,315.5,36.1913997638246
-31.458866308652,3.71999482652194,316.811165157849,316,36.1764520718046
5.02613554385298,3.77141819562229,316.808746051123,316.5,36.1788402419765
-10.5427099258016,3.74952034962403,316.808552357359,317,36.1738308694365
-6.60180019193241,3.75508418049894,316.807768933056,317.5,36.1706940216213
-20.461383272218,3.73546372733101,316.809873908072,318,36.1609717877539
13.1294637369687,3.78284235884903,316.806316045585,318.5,36.1672102573288
-30.0906965922995,3.72194164546424,316.810672619974,319,36.1529126516582
-51.653191517016,3.69149289945926,316.82239296371,319.5,36.1283696185091
-2.98064372844139,3.75970477964391,316.821474464819,320,36.1269533645336
-0.178639239573066,3.76374097718892,316.819480802665,320.5,36.1268684840325
-9.0291499920581,3.75128714292872,316.819029474879,321,36.1225782800576
45.052580757681,3.82675446256181,316.813790730444,321.5,36.1439850305509
-7.71805950763577,3.75363263186083,316.812645627336,322,36.140317791707
-14.8767945119655,3.74346973401088,316.813448485787,322.5,36.1332490772648
-5.9232202891093,3.75606483237348,316.812561839083,323,36.1304346569428
-39.7441060800937,3.70829019009187,316.819924071675,323.5,36.1115502301657
12.4754783835086,3.78174314880903,316.816651005443,324,36.1174779583569
-22.7654211416611,3.73209890608573,316.819075221874,324.5,36.1066609600394
-29.0659931325854,3.72303797061001,316.823540030339,325,36.0928502425984
-9.98189928260968,3.74985931518006,316.823598884172,325.5,36.088107339444
-24.3041221920064,3.72955139656801,316.826674545962,326,36.0765592267505
-19.4842323531782,3.73622676964847,316.828746039946,326.5,36.0673012865055
-8.55011375154463,3.75163714312019,316.828407890657,327,36.0632386967783
13.4073304850215,3.78267511123526,316.824628894322,327.5,36.0696091948418
11.7014864094069,3.7804685870665,316.820823581005,328,36.0751691604588
-42.6262366008083,3.70390745253062,316.828918773386,328.5,36.0549152882935
-31.4638798159616,3.71923728381912,316.834319824132,329,36.0399652141036
-22.5657858419588,3.73159983303459,316.83722831798,329.5,36.029243072573
18.0685033370201,3.78894438484128,316.833119963348,330,36.0378283286498
-23.1376840677923,3.73093703425649,316.835588122625,330.5,36.0268344494645
-15.4528235672478,3.74168471003621,316.836705369232,331,36.0194920346027
-19.2497441635688,3.73623607193011,316.838600626668,331.5,36.0103455115081
-12.4865787541272,3.74573340553625,316.839037054725,332,36.0044125089718
-33.1003314829322,3.71650532215294,316.84454753137,332.5,35.9886848741641
8.07273008178441,3.77460961122233,316.841654462401,333,35.9925206348631
-26.026022364274,3.72645204059994,316.844977121857,333.5,35.9801543606627
9.09910916632036,3.7760646033715,316.84186148351,334,35.9844778057653
14.2653853975239,3.78349648245813,316.837766627862,334.5,35.9912560089394
-64.0696516857419,3.67354115187757,316.853682601924,335,35.9608132901259
11.6565720839992,3.77952193285658,316.850745529322,335.5,35.9663519146845
-20.8216420768719,3.73371704274672,316.852694594625,336,35.9564585037121
-34.9836161276219,3.71356503791846,316.858839878563,336.5,35.9398360255055
-12.874197052802,3.74463596151123,316.859534086478,337,35.9337188459904
-29.9166889033794,3.72044196919238,316.864146806645,337.5,35.9195039201378
-42.9228644555424,3.70191209769251,316.872951739154,338,35.8991091051371
7.23999826705121,3.77266807248499,316.870232929102,338.5,35.9025491930048
15.0385359931824,3.78382905885381,316.865988114298,339,35.9096947589719
9.17960617434159,3.77579791361348,316.862354269228,339.5,35.9140564522577
-19.9576283831652,3.73466408055151,316.864093647681,340,35.9045735777131
15.3104004566455,3.78447255954546,316.860145105091,340.5,35.911848320181
4.98350297397972,3.77012848675668,316.857081357439,341,35.9142162334715
-41.9265997998373,3.70387713521741,316.865009215526,341.5,35.8942947939923
0.934989309227065,3.76419088048328,316.863202015463,342,35.8947390545101
-39.9635874551555,3.70637027548305,316.870581756713,342.5,35.8757503410761
-36.5457343924697,3.71085631702091,316.877439445788,343,35.8583856217953
-7.54782490298728,3.75170827719052,316.877043782042,343.5,35.8547992699871
4.95804569748126,3.76947223568965,316.87418799041,344,35.8571550872432
-20.7766081598886,3.73309162599981,316.876169947586,344.5,35.8472830741532
38.4692097032751,3.81626898680926,316.870834516473,345,35.8655617334429
-4.08988967275554,3.75711273806571,316.868972245322,345.5,35.8636184208447
24.7519948902746,3.79772077417449,316.864058532751,346,35.8753793404172
-23.814933518155,3.7294556835771,316.866528852948,346.5,35.864063665904
13.5372851254257,3.78213691451252,316.862813793839,347,35.8704959119632
-11.0505948741089,3.7475568348103,316.862494983977,347.5,35.8652452177012
-41.6544023904322,3.70425031895659,316.870462300728,348,35.8454531129222
-39.4737678380321,3.70694855118484,316.87817640285,348.5,35.8266971374614
8.83440715776552,3.77505234529609,316.875176973622,349,35.8308948093062
-35.2911497020788,3.71270966931895,316.881009969801,349.5,35.8141262064073
41.5672572282493,3.82049388026936,316.875823229046,350,35.8338769041301
-8.46702604478139,3.75093573881964,316.874720370506,350.5,35.8298537935577
5.5575073315214,3.77077207109338,316.871783245953,351,35.832494445232
-16.6123522882599,3.73946937446631,316.872714772918,351.5,35.8246010798673
-39.8842177236705,3.70647479112208,316.880186697029,352,35.8056500789908
11.6845259572203,3.77913049185922,316.876839438836,352.5,35.8112019858425
-23.584241204262,3.72935767925247,316.879381257582,353,35.7999959248679
-42.739527313549,3.70216682710421,316.887890807804,353.5,35.7796882225784
-42.3606090669578,3.7023433872774,316.896579395339,354,35.7595605634346
3.49431400558141,3.76700298627021,316.894318890578,354.5,35.7612208880332
-12.3924214144466,3.74458745489256,316.894369853178,355,35.7553326243918
2.80745111801444,3.76613596104233,316.891837024011,355.5,35.756666585834
13.12799244452,3.78081436531765,316.887788390203,356,35.7629043563238
-15.2110805545004,3.74087782092099,316.888326970236,356.5,35.7556768057443
-6.64630012573181,3.75296357391585,316.887429810814,357,35.7525188137691
5.96184290301549,3.77083502122448,316.88438602771,357.5,35.7553515856405
-13.9327463106872,3.74275444928818,316.884718683513,358,35.7487314360521
7.26158890345851,3.77272632728349,316.881588016106,358.5,35.7521817827188
-10.2069752864863,3.74811171692153,316.881133396203,359,35.7473319346174
17.2455604499718,3.78686527344859,316.876844727054,359.5,35.7555261690755
-21.3646354372762,3.73247053161282,316.878753443158,360,35.7453747546061
3.77619302139856,3.76796536064177,316.876207561379,360.5,35.7471690141238
-32.48501076882,3.71667954823418,316.881203115107,361,35.7317337491822
-17.1634861182157,3.73812146263108,316.882706239089,361.5,35.7235785123734
-7.25310191467584,3.75210275203919,316.881955486497,362,35.7201321983026
-17.9080822558946,3.73698010568413,316.883329639038,362.5,35.7116231663622
2.59793401915315,3.76598205095272,316.880911284859,363,35.712857575677
14.8655670879425,3.78337777165778,316.876714601682,363.5,35.7199209554045
21.07337477632,3.79225964813109,316.871855818259,364,35.7299339772625
15.9966857025116,3.78538294659239,316.867407193792,364.5,35.7375348084201
7.59197873668361,3.77374186486847,316.863964979634,365,35.7411421399388
5.98653066359558,3.77157642876734,316.860824975359,365.5,35.7439866422089
3.18403476511905,3.76770363023481,316.858098899963,366,35.7454995375111
-3.02557713021167,3.75898073980541,316.856379179516,366.5,35.744061933413
1.64851064545941,3.76559397320826,316.853984301602,367,35.744845223859
-19.8004728972141,3.73526323207189,316.85566475691,367.5,35.7354370218019
-6.23143931515295,3.75434251011847,316.854773749998,368,35.732476151095
22.9777031285854,3.79544079945634,316.850082551764,368.5,35.7433940152775
3.26298123643526,3.76800933017421,316.847205009131,369,35.7449444220249
7.65372350464535,3.77425867110559,316.843936066913,369.5,35.7485810915931
-4.24795685263403,3.75754488232792,316.842403501375,370,35.7465626733156
30.2120157982875,3.80583991076808,316.837369077173,370.5,35.7609179238521
-48.9212614316433,3.69487482319237,316.847134616754,371,35.7376729682985
-6.88023416126685,3.75367575558305,316.846742068861,371.5,35.7344038224794
-21.8407967477118,3.73245815059751,316.849012705019,372,35.7240261597864
-27.19709370499,3.72471467110884,316.852825087897,372.5,35.7111034506031
-28.7558329914144,3.72230207486371,316.857140173134,373,35.6974401058685
-27.922275773315,3.72326698494862,316.861269444754,373.5,35.684172826156
-20.0402840591028,3.73424093832048,316.863406450714,374,35.6746506777362
-15.1812037524826,3.74102843554031,316.864338291674,374.5,35.6674373231303
-1.0008105807097,3.76109173868096,316.862493899268,375,35.6669617876109
-15.0418111219454,3.74123651968579,316.863171398997,375.5,35.6598146654652
-10.3903806757108,3.74777278047272,316.863035185591,376,35.6548776722249
6.56307237203691,3.77177271861781,316.860010275665,376.5,35.657996118502
-22.6515277068761,3.73048387694624,316.862374101139,377,35.6472332366924
1.79053088286078,3.76501101654742,316.860178532933,377.5,35.6480840081069
-46.1686667082962,3.69725937461586,316.869490926099,378,35.6261469489594
-10.9265311799226,3.74669844333856,316.869861516203,378.5,35.6209552036078
9.55915540205772,3.77570910074065,316.866439540979,379,35.6254972398502
-4.84474561610104,3.75548577072663,316.864976248826,379.5,35.6231952571699
-2.52799471076756,3.75879442906889,316.863263313745,380,35.6219940795434
6.29759681446921,3.77132686811191,316.86018591415,380.5,35.6249863850107
1.35094354943626,3.76444801264475,316.857734346607,381,35.6256282863403
4.94392546931852,3.76959423978695,316.854814165287,381.5,35.6279773943648
-16.0763465662926,3.73989756654079,316.855641034346,382,35.6203387123181
18.7408570519949,3.78900038072055,316.851369479706,382.5,35.6292434375125
32.8527732187727,3.80881283781949,316.845945176603,383,35.6448534449189
-57.7997677124193,3.68177744045549,316.858954088637,383.5,35.6173898638059
-5.96434536713765,3.75420551735817,316.858511873146,384,35.6145559028877
3.48178896198548,3.76758672535927,316.855873858284,384.5,35.6162102762072
23.3508487032495,3.79557458661442,316.851044070623,385,35.6273054406482
-47.9137000723446,3.69533687435006,316.860607522348,385.5,35.604539228249
21.2819541287308,3.79255903543725,316.856517337547,386,35.6146513566639
-4.16584989876147,3.75695817342853,316.854815564644,386.5,35.6126719515361
-31.7730167898326,3.71784864196511,316.859650083065,387,35.5975749907982
-19.2271723707819,3.73535017351394,316.861608840771,387.5,35.5884391926993
-23.1725091191498,3.72963417223586,316.864374075178,388,35.577428766378
-44.6166423365355,3.69921732596932,316.873448613439,388.5,35.5562291521876
-26.7557901075694,3.72404289517154,316.877501058479,389,35.5435161285727
-19.8971077298614,3.73361290822496,316.879596705669,389.5,35.534062010439
41.5820235357208,3.81985275486832,316.874244203571,390,35.5538197243782
33.4193145791526,3.80906359766153,316.868498184952,390.5,35.5696989241227
-8.41952091440881,3.7506733640981,316.867433041919,391,35.5656983856306
-3.52975115288142,3.75756810245301,316.865902676255,391.5,35.5640212230583
4.98704028388338,3.76963231550267,316.8630040862,392,35.5663908171029
48.1130808433237,3.8294955785883,316.857649973798,392.5,35.5892517653495
27.6052798027018,3.80184121661512,316.852229823625,393,35.6023684243088
-64.788821999166,3.67246362475227,316.867858881667,393.5,35.5715839914535
18.153727142581,3.78838404960971,316.864257339038,394,35.5802097416532
-23.4497122733808,3.72980827854436,316.866593229402,394.5,35.5690676021501
-37.8745258649042,3.70924832626837,316.873384049695,395,35.5510715071072
19.0100879643602,3.78933209085586,316.869312563786,395.5,35.5601041574696
19.1977406064268,3.78981126941167,316.864616114532,396,35.5692259710547
-22.3453961390649,3.73134345808674,316.866668187745,396.5,35.5586085477733
5.87606686883326,3.77114053283153,316.863858299255,397,35.5614005631302
-14.0048329569318,3.74308905517069,316.864159877803,397.5,35.554746161545
2.185670674749,3.7659380697686,316.861777739771,398,35.5557846837785
-69.6477115593757,3.66521730961688,316.879802412713,398.5,35.5226915477427
13.136748140497,3.78087128575446,316.876713037815,399,35.5289334785046
9.15308559244662,3.77544908814758,316.873068197122,399.5,35.5332825705261
-21.4206416558484,3.73228456525933,316.875009188857,400,35.5231045446812
13.7755524811624,3.781950561297,316.871222763231,400.5,35.5296500035631
-19.6680213037226,3.73480915124143,316.872699237432,401,35.5203047359299
-31.5857449222916,3.71779570381966,316.877621624689,401.5,35.5052967574895
2.73745249257022,3.76621094707428,316.875343042836,402,35.5065974590589
-26.0910400046121,3.7254185317464,316.878538699105,402.5,35.4942002917025
-27.6499869766729,3.72302057824236,316.882494828545,403,35.4810623901129
-15.4459018915963,3.7401435406469,316.883512231884,403.5,35.4737232640878
3.86221606862342,3.76747562115515,316.88086342178,404,35.4755583974884
-12.549751875227,3.74430576332452,316.880891800361,404.5,35.46959537822
-19.8543868135893,3.73388213603406,316.88272897994,405,35.4601615589456
1.54943990941071,3.76415212278114,316.880478147783,405.5,35.4608977758945
-17.6491283444098,3.73698661880953,316.881645886517,406,35.4525117860013
26.7909755133254,3.79960109375962,316.87673865601,406.5,35.4652415279749
-34.4476229232444,3.71342288099675,316.881996887502,407,35.4488737271385
21.0418038335918,3.79163241772112,316.877681640726,407.5,35.4588717480514
22.2700548031669,3.79358336931052,316.872694067855,408,35.469453372869
-56.1241357735834,3.68335508028663,316.885148544164,408.5,35.4427859688946
-48.0466656119397,3.69405647490899,316.89574418734,409,35.4199565778698
-6.7250060057406,3.7521149369979,316.895242031488,409.5,35.4167611887665
5.34095421636881,3.76924814925853,316.892254779935,410,35.4192989451477
2.51703056064047,3.76537491438724,316.889550857352,410.5,35.4204949131541
-5.90970377377521,3.75351552712741,316.888275684986,411,35.4176869152094
-18.2480565232954,3.73599799324127,316.889637690844,411.5,35.4090163443694
-4.12190567651836,3.75595527360475,316.888279968625,412,35.4070578193551
18.9897819453505,3.78860141803555,316.883755498293,412.5,35.416080821305
18.1383857448924,3.7876272184466,316.879096612073,413,35.4246992820339
-19.5426919847236,3.73454721359884,316.880486025968,413.5,35.4154135646732
-22.0656198246754,3.73082124150714,316.882898109156,414,35.4049290772116
0.952231136612502,3.76333158052447,316.880757255758,414.5,35.4053815301901
-19.2895927240961,3.73467075549793,316.882283038574,415,35.3962160730372
-0.986699180730345,3.76052910541542,316.88041892333,415.5,35.3957472425547
-5.14441197448401,3.75468248317336,316.879057925135,416,35.3933028732928
-36.2078170613962,3.71065011484206,316.885167259719,416.5,35.3760987155575
-14.961362723022,3.74046830552371,316.886178901183,417,35.3689898184984
-4.74292845642889,3.75492080758544,316.884904669239,417.5,35.3667362142794
-44.0006462654305,3.69933895447407,316.893505693665,418,35.3458292908511
-9.51635486601991,3.74782950630958,316.893496297837,418.5,35.3413075912992
-51.5084798029067,3.68845104821303,316.904798289566,419,35.3168333179749
-11.7098110355173,3.7443101866627,316.905341820586,419.5,35.3112693969087
-23.555955628802,3.7274485575748,316.908110696568,420,35.3000767758358
10.6890206872193,3.77597227107093,316.904594488437,420.5,35.3051556679885
-11.7352245990076,3.74434146134129,316.904371475508,421,35.2995796716583
17.8700453029823,3.78623488399472,316.899966120957,421.5,35.3080706303264
-35.6451471629365,3.71062860020181,316.905705506914,422,35.2911338254024
24.6745785967533,3.79573371026802,316.90105111855,422.5,35.3028579605943
-15.4128274136747,3.73937608816465,316.901455346738,423,35.2955345499197
-29.822527667746,3.71882753790894,316.905872468266,423.5,35.2813643648132
-55.5241455946815,3.68247108621205,316.918899947038,424,35.2549820463952
-15.8230203466741,3.73805041860893,316.920373281041,424.5,35.247463732396
-12.2510903588529,3.74309219613851,316.920543595648,425,35.2416426222582
-12.4375675147384,3.74281073621033,316.920707714101,425.5,35.2357329074304
-54.2606163232414,3.68364948248716,316.933126828436,426,35.2099509554155
-19.3146559975055,3.73257072499129,316.935405664652,426.5,35.2007735894389
-21.6772145277352,3.7291373641027,316.937798989262,427,35.1904736528985
15.6714440996763,3.78211985013618,316.933616152868,427.5,35.1979199453876
4.06252675209419,3.76594379937681,316.930491124278,428,35.199850256484
-24.4272612334208,3.72553025638523,316.933265998622,428.5,35.1882436342292
-18.9244463201189,3.73321060131319,316.935014573736,429,35.1792516765258
35.5909759713091,3.81001822831081,316.929525942062,429.5,35.196162741988
25.5104970721905,3.79641398309078,316.92399267173,430,35.2082840641542
7.78089361203378,3.77178899418319,316.920278962584,430.5,35.2119811586462
12.323087845356,3.77831185277579,316.916199119436,431,35.2178364784165
-42.8803986383716,3.70025434822494,316.924166397281,431.5,35.1974618410646
-31.5951712708754,3.71579156246284,316.929396940611,432,35.1824493836911
-8.19696465921298,3.74881744021823,316.928890901726,432.5,35.1785545928864
1.35040244885856,3.76238751563294,316.926429218973,433,35.1791962371119
-28.5897397314462,3.71990271886339,316.930293656259,433.5,35.1656118116516
-14.4670199294649,3.73977941848442,316.931047259602,434,35.1587378017546
21.7648480662438,3.79101941351394,316.926262686427,434.5,35.1690793774034
30.063688129334,3.80282614569326,316.920630942073,435,35.1833641499929
6.86501580382213,3.77062418011749,316.917005463399,435.5,35.1866260648039
-39.9008291401368,3.70441351121318,316.924059436106,436,35.1676671710065
-12.6334146320443,3.74272630691079,316.924544692245,436.5,35.1616643993482
-28.4164681234498,3.72023436607961,316.92850172111,437,35.1481623039568
-22.3545197171801,3.7286355503208,316.931088653092,437.5,35.1375405456039
-12.9818182576608,3.74183908183504,316.931439721808,438,35.1313722298334
-24.238553713907,3.72577576839623,316.934326916216,438.5,35.1198552720266
-28.9935102605819,3.71886603616211,316.938631063895,439,35.1060789948493
-11.9907057103658,3.74287563689599,316.938865014867,439.5,35.100381606574
-24.779883167578,3.72464062103171,316.941902627755,440,35.0886074358761
26.6423406130619,3.79733878452476,316.93685456817,440.5,35.1012665539215
-15.1837115888168,3.73850829097055,316.937146466109,441,35.0940520077162
-16.2286467846327,3.73694707958826,316.938115805988,441.5,35.0863409601642
42.9209754015112,3.81995301894978,316.932526014066,442,35.1067348775802
-18.1976378340945,3.73455217986151,316.93333176802,442.5,35.0980882631991
18.3910612901873,3.78628766007493,316.928882054827,443,35.1068267828072
-15.6157795694121,3.73833366564166,316.929320010528,443.5,35.0994069393403
-69.4567733076232,3.66266419310214,316.947643034874,444,35.0664045276858
6.92488158895575,3.769687491715,316.945129467368,444.5,35.0696948877468
-12.4315977395956,3.74232242704688,316.94500011953,445,35.0637880094599
-32.7936262760797,3.7133244510424,316.950197028247,445.5,35.0482061057453
14.1921721716044,3.7798450749346,316.946279399977,446,35.0549495216279
-10.0297843566373,3.74569222491465,316.94557523795,446.5,35.0501838658627
-56.6277144090332,3.67979296693469,316.958744743052,447,35.0232771863125
25.0453098732439,3.79482913748113,316.954169495022,447.5,35.0351774746082
-15.1923701972359,3.73818836605269,316.954441386685,448,35.0279588142619
15.6770936061091,3.78192989168717,316.950144049271,448.5,35.0354077911161
16.2490902186283,3.78293673373973,316.945479569145,449,35.0431285523734
-52.1682632630119,3.68628783466122,316.956611425822,449.5,35.0183407826927
16.3582512512149,3.78288354172993,316.952714022462,450,35.0261134118552
15.9848335460326,3.78256828760538,316.948062506359,450.5,35.0337086114562
-35.3067990299957,3.70999925728707,316.953608733109,451,35.0169325727734
29.2770297901649,3.80108297443113,316.948551624136,451.5,35.0308435643606
-13.0951136033514,3.74160846227271,316.948296149568,452,35.0246214162645
21.5773755905171,3.79058963522257,316.943486888226,452.5,35.0348739142967
-6.48525879537839,3.75118773408026,316.941993372547,453,35.0317924411695
-23.1303994345983,3.72749557972116,316.944415323722,453.5,35.0208020232805
8.42507589477152,3.77214857040548,316.941077432732,454,35.0248052012235
-2.89587201137557,3.75623102205744,316.939082654793,454.5,35.0234292265609
-26.3687911134858,3.72287690129899,316.942304568734,455,35.0109000856619
-15.2536903258984,3.73847730341899,316.943131622292,455.5,35.0036522890337
-41.1432509693846,3.70167011210665,316.950850788394,456,34.9841030580424
40.0756877509069,3.81586788895123,316.945558418609,456.5,35.0031450359736
-7.54322648669629,3.74950004293584,316.944099697273,457,34.9995608691046
26.3146075331165,3.79723885150701,316.938926755729,457.5,35.0120642646552
-25.3674515782543,3.7244330278058,316.941565294095,458,35.0000109106086
2.10464618100375,3.76327630068643,316.93914178843,458.5,35.0010109340238
-10.2507769765804,3.74579190998671,316.938574769276,459,34.9961402735331
-22.6353322691414,3.72812700124511,316.94092383122,459.5,34.9853850869917
12.8175922820191,3.77829272612115,316.937066036019,460,34.9914753707289
-20.3260897269356,3.73142888807832,316.93860424265,460.5,34.9818174216399
-34.2959205559794,3.71145605155427,316.944250968524,461,34.9655217022397
-14.8987891340187,3.73874249795385,316.945110162075,461.5,34.9584425370447
-25.6802602822127,3.72333024449638,316.948330684139,462,34.9462405518261
-7.96484349727004,3.74838437507346,316.947654418037,462.5,34.9424560534778
-7.34129522577827,3.74927702131474,316.946647333627,463,34.9389678343225
21.8433487494311,3.79055765673079,316.941739848793,463.5,34.9493467096001
26.2027754260164,3.79688798602391,316.936274915152,464,34.9617969680835
27.2373399370403,3.79859126128552,316.930756043637,464.5,34.9747388002788
-8.62248288098735,3.74831174767158,316.929623719886,465,34.9706418243329
-4.25590695880723,3.75446200743893,316.928060812544,465.5,34.9686196285595
42.0209865773712,3.81915877079876,316.922511225348,466,34.9885859159511
-4.66928405193907,3.75428360019875,316.920535762897,466.5,34.9863673038983
-2.15597651358191,3.75782028738874,316.918583449319,467,34.9853428908564
-30.8642563411319,3.7170654631953,316.922959544457,467.5,34.9706777279835
-19.3436512854663,3.73313843342059,316.924756390476,468,34.9614865848851
4.58557902699741,3.76699237758345,316.921935813224,468.5,34.9636654244643
-4.93573943827375,3.75357582871739,316.920365664646,469,34.9613202060355
-31.2655009380887,3.71616631280833,316.924927963478,469.5,34.9464643916433
-5.62375096263434,3.75235333272535,316.923900045257,470,34.943792264283
-1.51884059090301,3.75819067029998,316.921858270829,470.5,34.9430705866117
1.90760687080344,3.76309151610904,316.919233852191,471,34.9439769867254
1.3092722667927,3.76230905479127,316.916669300725,471.5,34.9445990879296
-20.1637893518222,3.7318460052155,316.918304064966,472,34.9350182559241
-31.6094812424382,3.71544764544714,316.923173380985,472.5,34.9199989991623
30.3373135848609,3.80277389110873,316.918141405559,473,34.9344137849888
-4.58167369282224,3.75396725704551,316.916270988914,473.5,34.9322368010306
-26.2716248847515,3.72312977848913,316.919491676126,474,34.9197538287013
-22.103745985429,3.72884385395819,316.92193119303,474.5,34.9092512255802
-37.3508244231564,3.70706410130165,316.928540163756,475,34.891503967472
1.60545802461065,3.76214292622054,316.926384173379,475.5,34.8922668014492
25.4981764714648,3.79587465379161,316.921201521895,476,34.9043822694774
-30.5706410725753,3.71678513347401,316.92528555415,476.5,34.8898566180085
0.932632681011123,3.76134049746953,316.923147838743,477,34.8902997587736
8.40689690708268,3.77199704454943,316.919591518048,477.5,34.8942942989638
19.4613910715856,3.78768374910688,316.914815239466,478,34.9035413861654
-7.93239085830091,3.74916689209127,316.913660181804,478.5,34.8997723077006
-14.8363968259616,3.73930885148657,316.914192786919,479,34.892722788234
6.29724624891801,3.76923019108567,316.911110805627,479.5,34.8957149271299
-10.9671355671251,3.74482292000017,316.910688937044,480,34.8905038885886
-4.5887596263796,3.75383393654159,316.909256825223,480.5,34.8883235377465
-18.3468382641291,3.73426644118586,316.910550657274,481,34.8796060307256
-21.7988809325292,3.72922935186431,316.912832280271,481.5,34.8692482843478
4.89289689889508,3.7670318577672,316.910029363085,482,34.871573146128
-61.3293877842449,3.67356717074373,316.924710860208,482.5,34.8424324647259
-0.18853340148182,3.75942633480273,316.923181330902,483,34.8423428830101
-26.3006866092897,3.72233157027741,316.926424140145,483.5,34.8298461019916
0.174714614721559,3.75985405755659,316.924360040801,484,34.8299291177057
-21.2615921607401,3.72940825802399,316.926320707201,484.5,34.8198266642875
14.8196013915286,3.78053996215594,316.922264224836,485,34.8268682033972
-14.4057304024169,3.73926256516514,316.922484449368,485.5,34.8200233152418
4.52483399618609,3.7661183411532,316.919623209451,486,34.822173291797
-20.8840252986598,3.73007056308663,316.921433218127,486.5,34.8122502394136
-14.3769091525895,3.7392000927847,316.922048984891,487,34.8054190456858
-21.0628783123368,3.72960605119924,316.92413035661,487.5,34.7954110112265
-4.8463759430371,3.75258345569991,316.922862461799,488,34.7931082538958
-15.2137755484978,3.7378392753604,316.923482730106,488.5,34.7858794227888
-32.8732988397335,3.71263622362053,316.928737325875,489,34.770259662626
-30.6279299959463,3.71557606969297,316.933596238306,489.5,34.7557067903038
3.38418815858818,3.76382691051811,316.93108303761,490,34.7573147885653
-21.8433835588652,3.727997952047,316.933179399716,490.5,34.746935896748
12.6700255729266,3.77697888062583,316.929338039915,491,34.7529560641085
-29.0252554513483,3.71785697349924,316.93320110514,491.5,34.7391647031919
1.51915349236714,3.76117350325101,316.930950014175,492,34.7398865295385
-23.5081476761612,3.72559813836564,316.933475869392,492.5,34.7287166244321
-0.241225510972489,3.75861896541217,316.931437356066,493,34.7286020060409
-17.6987623812733,3.73380868117351,316.932574265695,493.5,34.7201924325167
-10.5103739367773,3.74397033695748,316.93235082322,494,34.7151984244339
3.32990659389007,3.76366082278755,316.929602126319,494.5,34.7167806307897
-16.3832156757738,3.73567904733155,316.930398819588,495,34.7089961397716
-19.3122874873885,3.73141544436418,316.932103520739,495.5,34.6998198991935
5.5526419645964,3.76673489510929,316.929137274509,496,34.7024582390869
8.57594291789765,3.77114142567222,316.925493435784,496.5,34.7065331015521
-6.49386250396477,3.74986407944888,316.924193592524,497,34.7034475403695
-25.5975158077185,3.72263252747925,316.927339485946,497.5,34.6912848712188
-14.8438457121092,3.73777711287798,316.928135176287,498,34.6842318124111
-2.87247353502137,3.75477994041125,316.926446505917,498.5,34.6828669555432
10.467747661669,3.77376496671015,316.922663948021,499,34.6878407097356
-36.7913374758312,3.70669972420747,316.92879803343,499.5,34.6703592920584
7.40318781036294,3.76931184555561,316.92580538282,500,34.6738769194983
