curr_dens,Volts_tot,Temp_tot,t_tot,SOC_tot
-47.0952731882356,3.71882213262075,323,0,39
-47.0952731882356,3.71831928272948,323.010233392158,0.5,38.977622663439
-28.2895397744394,3.74297646206167,323.015978705427,1,38.9641808780999
-34.0444254489754,3.73502567185595,323.022937847194,1.5,38.9480046566933
2.47877251256413,3.78393492170712,323.022944989139,2,38.949182446374
4.45511146510338,3.78666159817535,323.02230611826,2.5,38.9512992942426
-82.7052633488405,3.6710784692187,323.045741912397,3,38.9120018576204
0.846358869264167,3.78117663298056,323.04656555893,3.5,38.9124040053518
27.1454152985367,3.81650916294494,323.044124874341,4,38.9253021595209
0.734477764762405,3.78138807185585,323.043659421195,4.5,38.9256511469039
-51.0484753036522,3.71195051914508,323.055204814478,5,38.9013954448884
-43.9881126519467,3.72085636699177,323.06524804845,5.5,38.8804944768112
-12.6563387786153,3.76259297684412,323.067641813751,6,38.8744808127361
-31.3994045236677,3.73729122927923,323.07376548954,6.5,38.8595613740053
-17.8022535075588,3.75538162202014,323.076996823482,7,38.851102626634
-21.1839721287348,3.7507294412548,323.080777274981,7.5,38.8410370544029
32.1484396551487,3.82229809432304,323.078266351792,8,38.8563123974548
-21.9700644118901,3.74991703282216,323.081674660045,8.5,38.8458733131831
-13.6975684129397,3.76092143819066,323.083946404093,9,38.8393649084602
-21.8114923789394,3.74990044325546,323.087778092554,9.5,38.8290011697489
8.31298354084596,3.79041457050433,323.086778597383,10,38.8329510869683
3.57362777286396,3.78415532941303,323.0860098586,10.5,38.8346490975329
6.69453103379314,3.78843340000374,323.084920814005,11,38.837830006442
-24.0951254035856,3.74699831476327,323.089009555092,11.5,38.8263811986502
-12.4003055361856,3.76258480820589,323.091041084813,12,38.8204891888654
-30.4320092072692,3.73821615673727,323.096860711365,12.5,38.8060294083788
-53.9271064801643,3.70664652605548,323.109837378048,13,38.7804059236898
-5.15188402479533,3.77165981602185,323.110991511856,13.5,38.7779580040804
-13.9848163393349,3.75975222346964,323.113102195563,14,38.7713131133986
-28.3231124922279,3.74035011076472,323.118446860565,14.5,38.75785537597
8.66786020710677,3.79010656506464,323.117394729059,15,38.7619739129693
-19.1859559438409,3.75263505038959,323.120392196478,15.5,38.7528576988711
-6.97584222070503,3.76902087844969,323.121376974074,16,38.749543124847
-19.1600923346176,3.75255599603619,323.124526310088,16.5,38.7404391998523
16.6057657699801,3.80069911119692,323.122601816326,17,38.7483294356303
-38.2650213323884,3.72696785986335,323.130198624692,17.5,38.7301477965209
-9.61653064501759,3.76525333215222,323.131846121873,18,38.7255784984104
-34.1540934562608,3.73214056909457,323.138613333293,18.5,38.7093501682094
3.61398769735086,3.78286929894841,323.138174642771,19,38.7110673558072
-5.87524287362811,3.77014956486733,323.138691443516,19.5,38.7082757319719
26.9489840064686,3.81428544431512,323.135948228134,20,38.7210805517397
1.44231781771983,3.78033268866012,323.135148335094,20.5,38.7217658695869
-21.2437427161684,3.74974701720582,323.138593178737,21,38.7116718973389
-10.2864854127561,3.76438477728726,323.140114864474,21.5,38.7067842699715
0.658998055118747,3.77912461610498,323.139777807655,22,38.7070973931423
-1.72870861427407,3.77595105605066,323.13966326734,22.5,38.7062759966017
-36.5964130047706,3.72897828849768,323.146937520815,23,38.6888871973593
5.56848169877163,3.78554162234323,323.146256774437,23.5,38.6915330635084
14.4256174120928,3.79755889359327,323.14418810176,24,38.6983874009838
1.51887929179998,3.78034838710611,323.143468026754,24.5,38.6991090970439
3.45466540898578,3.78300400455062,323.142623901684,25,38.7007505825971
-36.5842255375774,3.72910752670535,323.149801802134,25.5,38.6833675742343
-14.7097732308775,3.75823842118549,323.152311193066,26,38.676378220016
-43.177157871829,3.71988706231069,323.161635340694,26.5,38.655862577404
8.99401017372798,3.78983170454617,323.160604356858,27,38.6601360846812
-27.7768795439631,3.74033200364806,323.165477179989,27.5,38.646937890041
-17.1840785558753,3.75441915838141,323.168372954709,28,38.6387728687278
-38.7990143118105,3.72523048257027,323.176479468617,28.5,38.6203375026558
11.2746000777733,3.79249108308959,323.175108335873,29,38.6256946330735
-29.8821681348583,3.7370910569924,323.180488932986,29.5,38.6114961097769
8.32218490939481,3.78848129680231,323.179312474396,30,38.61545039903
32.317955324088,3.82071620534759,323.176097188959,30.5,38.630806287515
-15.2606504702519,3.75710542210551,323.17792959489,31,38.6235551837716
10.0787113614661,3.7912102074014,323.176402071398,31.5,38.6283440872213
-30.9368377081862,3.73600616871974,323.181991548162,32,38.6136444372849
17.1074756276148,3.80054388323416,323.179988751457,32.5,38.6217730606883
-8.66700596877675,3.76600020999157,323.180721451042,33,38.6176549295806
-30.3366818376496,3.73672532876869,323.186351409916,33.5,38.6032404439292
1.72120931900977,3.77976028075013,323.1859805793,34,38.6040582771769
-2.05974516112742,3.77471904227105,323.185789277001,34.5,38.603079588498
-2.56262828850773,3.77406471398558,323.185711738631,35,38.6018619547141
7.64113318703351,3.78784835240289,323.184289863297,35.5,38.6054926419882
-21.4736551374784,3.74864808161676,323.187626793269,36,38.5952894267678
34.0534717700393,3.82309100940501,323.184695538256,36.5,38.6114699465371
-10.9658277606164,3.76302280505564,323.185658486194,37,38.6062595294006
-12.2654810717006,3.76118855014573,323.187299269202,37.5,38.6004315815103
-8.47161042101685,3.76623056598526,323.1882753558,38,38.5964062926698
-42.5050626561138,3.72040198063499,323.197234767922,38.5,38.5762099963494
-11.5477845467207,3.76168409008319,323.199125886469,39,38.5707230622296
-23.9756112031742,3.74485178976799,323.203240215142,39.5,38.5593310416545
-26.7399623627397,3.74095940930747,323.208163626585,40,38.5466255385985
-7.78505871462991,3.76638432612496,323.209177880939,40.5,38.5429264650565
-0.715657946084947,3.77594001910671,323.208839556873,41,38.5425864199174
-32.1173577357962,3.73359509143671,323.214852032454,41.5,38.5273258454511
-22.1161232309594,3.74682784859976,323.218791803676,42,38.5168173612772
4.08258431027562,3.78211982388425,323.217931876534,42.5,38.5187572027297
-8.3836044233747,3.7653713444377,323.2186841618,43,38.5147737299717
-29.8303881011463,3.73639056182754,323.224188479963,43.5,38.5005998099774
-16.0296310724236,3.75480168936089,323.226776474172,44,38.492983324815
-33.7887446164723,3.73076935003112,323.233431280866,44.5,38.476928590251
4.1429827688447,3.78178440437754,323.232669480499,45,38.4788971300536
-21.5274135982867,3.74717584958232,323.236048375408,45.5,38.4686683714805
1.64039827683103,3.77839147065029,323.235467940834,46,38.4694478073315
1.50275008545755,3.77828849024242,323.234648882188,46.5,38.4701618395932
-22.2797727336151,3.74620054746016,323.238203603012,47,38.4595755972973
-9.35884813771204,3.76352809609737,323.239384412177,47.5,38.4551287371259
-9.38033413676238,3.76347888598831,323.240418072297,48,38.4506716678741
-13.5454604068506,3.75782059977442,323.242234606697,48.5,38.4442355373269
15.8623238665525,3.79747487934148,323.239929896943,49,38.4517725264082
16.4560173374528,3.79846148483183,323.237287330368,49.5,38.4595916091629
-15.9170152426305,3.75495874476828,323.239281870987,50,38.4520286334539
-3.79526656014609,3.77124325611539,323.239422829731,50.5,38.4502253111371
10.2141001718481,3.79016116889213,323.237574402291,51,38.4550785446304
5.98296881022671,3.78458839419249,323.236071882023,51.5,38.4579213544845
-26.3901742930518,3.74095547801342,323.240483694617,52,38.4453820533598
-27.9007124457453,3.73870572594992,323.245644497568,52.5,38.4321250194703
-23.2858974308752,3.74471468955965,323.249731987903,53,38.4210607166506
16.2745196453726,3.79798387655873,323.247483677449,53.5,38.4287935607094
-12.0882277730894,3.75990528630379,323.248713818814,54,38.4230498347898
-20.0271937824114,3.74910952858506,323.251864050148,54.5,38.4135339062198
-12.0218616949201,3.75980078089363,323.253468216968,55,38.4078217141669
-3.64126344484233,3.77108729071429,323.25351412785,55.5,38.4060915664876
3.86379530674277,3.78125283358578,323.252378121212,56,38.4079274502638
-28.4033337910869,3.73773865582325,323.257316267443,56.5,38.3944315956553
18.0996459682349,3.80029670433408,323.254956919978,57,38.4030316491648
-16.5108624662904,3.75380225901421,323.2570255698,57.5,38.3951865067268
19.4848633559493,3.80225601858368,323.254430416799,58,38.404444746793
-4.42735407684613,3.77025781044068,323.254261867916,58.5,38.4023410878577
-11.0702677105515,3.76127004267585,323.255481690282,59,38.3970810460402
-9.58388113527641,3.76321623314032,323.256503451315,59.5,38.3925272613564
5.27639075018023,3.78325047746165,323.25524088652,60,38.3950343403826
-3.71938095928262,3.77118869558146,323.255095159833,60.5,38.3932670751373
4.620465897248,3.78245380223788,323.253855351727,61,38.3954624912258
-14.3447730504992,3.75690446112793,323.255600591712,61.5,38.3886465669788
17.6840703501526,3.80000550299216,323.253133633286,62,38.3970491595789
29.5351732034631,3.81599727431704,323.249696487629,62.5,38.411082808105
-4.16901417938076,3.77104254256096,323.249391950281,63,38.409101899468
-18.2681359197829,3.7519725945139,323.25200590704,63.5,38.4004217878953
-45.7756233414017,3.71489798473195,323.261982463627,64,38.3786714834496
-14.106933065156,3.75705357172245,323.264264706552,64.5,38.3719685689601
4.84778428360907,3.78259600353374,323.263085995175,65,38.3742719954644
-2.55379858548496,3.77269242875579,323.262742950097,65.5,38.3730585571172
4.12231648729519,3.78172565823199,323.261533845286,66,38.3750172773285
-22.9627139544483,3.74521090327283,323.26510005287,66.5,38.3641065352576
-43.3534649164114,3.71765160154547,323.274435545124,67,38.3435071202879
6.79405919189234,3.78490601694836,323.273344104627,67.5,38.3467353200383
8.7232065239291,3.7876246313512,323.2714543681,68,38.3508801548606
-38.1851210986444,3.72447014491223,323.27890164762,68.5,38.332736480377
7.2912125548834,3.78552884166106,323.277671688105,69,38.3362009027326
8.27527317705798,3.78697352640513,323.275815942603,69.5,38.3401329018586
9.15504751247728,3.78827433951947,323.273858271086,70,38.3444829260872
10.9342173922791,3.79078361581527,323.271710155385,70.5,38.3496783235454
-3.38918321807756,3.77159142381872,323.271405978469,71,38.3480679518796
-8.45604769399538,3.76473913057962,323.272087179281,71.5,38.3440500576746
-4.04243597000487,3.77065679702478,323.272087265373,72,38.3421292927209
-33.3675816043724,3.73108422490444,323.278294573952,72.5,38.3262746739187
9.10083537075924,3.78813050566941,323.276798718636,73,38.3305989392279
-21.8562926854098,3.74644246582428,323.280035909694,73.5,38.3202139136343
8.31261802587315,3.78704101857865,323.278485685609,74,38.3241636571792
15.6104610412934,3.79696773993953,323.275887950315,74.5,38.3315809735454
10.4027913808068,3.7901371875254,323.27373096637,75,38.3365238637368
-17.2819847695247,3.75288456151496,323.275940739332,75.5,38.3283123222497
-25.3869707909122,3.74181146834962,323.280260872071,76,38.316249693642
-35.4108262797851,3.72812412804777,323.287274232802,76.5,38.2994242263727
10.0559814774429,3.78920858180007,323.285673408648,77,38.3042023297096
-7.76692750481949,3.76528569603389,323.286075739367,77.5,38.3005118712187
-11.2950027975439,3.7604889732815,323.287298835119,78,38.295145046441
-3.79647374120493,3.7705733119364,323.287262629292,78.5,38.2933411505317
-19.0102651430436,3.75001444204813,323.289994623552,79,38.2843084159828
-26.3330104013973,3.73999989993962,323.294586487898,79.5,38.2717962763024
-0.800404694080135,3.77433018644886,323.294253398593,80,38.2714159637145
-9.21723380884413,3.76299658649972,323.295014912102,80.5,38.2670363916442
-35.8469452101207,3.72703073911448,323.301984864538,81,38.2500037023031
-41.4863556162025,3.7191847180894,323.310945612783,81.5,38.2302914450113
4.32242179486709,3.7807162658406,323.310051018816,82,38.2323452453338
-23.5546659430952,3.74311380833449,323.313737073684,82.5,38.2211532370556
3.04189105390466,3.77896080464226,323.312782181867,83,38.2225985927205
-5.87422706429947,3.7669956938638,323.31289267711,83.5,38.2198074515474
7.51114062343995,3.78509987974852,323.31116397378,84,38.2233763728066
4.77820463973646,3.78153283877605,323.309638835877,84.5,38.2256467385172
-5.1187119686753,3.76824533096602,323.309597079739,85,38.2232145806227
-21.7773144873754,3.7457111512492,323.312929443889,85.5,38.2128670815492
-16.9853031851581,3.75203540179853,323.315410679603,86,38.2047965084273
7.14323553160961,3.78457240193274,323.31384233835,86.5,38.2081906194453
-5.13941333631603,3.76809091934692,323.313772627107,87,38.2057486252882
-34.4107266780694,3.72855886290895,323.32027468619,87.5,38.1893983557165
-3.24132686249751,3.77040395194404,323.320360838341,88,38.1878582380529
-12.9933072490981,3.75723572209527,323.321814456386,88.5,38.1816844632838
-12.3347260342646,3.75806823898695,323.323246630674,89,38.1758236136238
-33.3569147097332,3.72962095845561,323.329566581625,89.5,38.1599740632005
-17.3288312600789,3.75101203036358,323.332264842931,90,38.1517402625861
-15.9959522163974,3.75273268787377,323.334487070055,90.5,38.1441397799447
-2.72817343012021,3.77063546928581,323.334248410291,91,38.1428434873253
1.32880012416943,3.776173323755,323.333244530941,91.5,38.1434748671982
-25.5063723886519,3.73993037785205,323.337387459749,92,38.1313555048769
-30.8003434145725,3.73261020059017,323.343192159776,92.5,38.1167207102548
-33.5244651907947,3.72872103277571,323.349817607594,93,38.1007915481581
-22.5279112584078,3.74333456546164,323.353689617053,93.5,38.09008740275
-47.7051570439289,3.70934998642957,323.36452165036,94,38.0674202796483
14.0230157113974,3.79237272580514,323.362435860705,94.5,38.074083320776
4.67418712613268,3.77996700396455,323.360733333454,95,38.0763042625264
-13.1923502700336,3.75588131291538,323.362096701959,95.5,38.0700359123919
-31.2347004028682,3.73142558690121,323.367866860886,96,38.0551947328854
-5.83604965635458,3.76560050009018,323.368266318868,96.5,38.0524217317219
10.3699908521592,3.78756150243322,323.366049451657,97,38.0573490367298
-15.9980801584066,3.75202696902211,323.367909930844,97.5,38.049747542996
-9.87971259946035,3.76023979814107,323.368839062053,98,38.045053193882
-11.218020939608,3.75840548250046,323.369950682694,98.5,38.0397229470628
3.69408077630935,3.77857542091768,323.368618903234,99,38.0414781909167
10.4270141829589,3.78776547457767,323.366294538749,99.5,38.0464325905816
-25.045139305408,3.73991498629189,323.37017368213,100,38.0345323833312
-19.8523716442123,3.7467575561443,323.373245670459,100.5,38.0250995215652
36.1656230797885,3.8220370613622,323.369508463963,101,38.0422836308145
3.18204211028101,3.77822452641672,323.367776105341,101.5,38.043795579306
-13.8780128787078,3.75520077376748,323.369226454011,102,38.0372014363281
-15.2169443094537,3.75330140981537,323.37113843282,102.5,38.0299710995833
-17.8333575100189,3.7496674140425,323.373621560508,103,38.0214975731337
5.05276224524348,3.78054561664298,323.372168484763,103.5,38.0238983949926
-6.12125294164595,3.76552597966571,323.372155934755,104,38.0209898793821
-5.55425744930933,3.76628862167256,323.372164389626,104.5,38.0183507718905
-32.0304388950078,3.73048273058317,323.377966614553,105,38.0031314969437
1.96049793562662,3.77622768047024,323.377097021116,105.5,38.0040630282665
-20.5436013131452,3.7458300466346,323.379984824612,106,37.9943017284664
21.9912419738674,3.80315510537905,323.376856183976,106.5,38.0047508752645
-33.4668765920014,3.7285259706123,323.382746541248,107,37.988849076412
6.64285284980552,3.78251161695111,323.381253660457,107.5,37.9920054304128
-11.4965315672337,3.75807721220249,323.382182920956,108,37.9865428491653
17.9111680454003,3.79774805757809,323.379260733801,108.5,37.9950533473197
13.9412495828556,3.79261412581273,323.376410474732,109,38.0016775372411
-0.113731640976944,3.77381112023552,323.375324903677,109.5,38.0016234976096
33.3497707303788,3.81870512319879,323.371505591123,110,38.0174696535684
15.3458955736926,3.7949931516383,323.368432880874,110.5,38.0247612615544
-9.87922615886341,3.76110729273658,323.368947720103,111,38.0200671435729
20.1612367150805,3.80151472277894,323.365917051745,111.5,38.0296467626921
-18.2363456865234,3.74992939000972,323.368036470959,112,38.0209817562606
-0.852360501523338,3.77327885802785,323.367413745423,112.5,38.0205767568514
24.4671034582344,3.80732249969669,323.364019471406,113,38.0322023101542
-13.6863400865441,3.75618157506985,323.365167033777,113.5,38.0256992405748
17.6368748928821,3.79831102596123,323.36238767736,114,38.0340794082359
-1.98547026203708,3.77206107733136,323.361567900663,114.5,38.0331360113028
-37.4203877041709,3.72425948838045,323.368664581875,115,38.0153557001758
4.16282318686086,3.78004342077643,323.367571013569,115.5,38.0173336671604
-33.1576849320892,3.72971447062782,323.37345587978,116,38.00157878084
14.3052083746918,3.79351617378393,323.371155255383,116.5,38.0083759059166
-43.8516794477253,3.71528536539883,323.38002810129,117,37.9875397641271
-16.0829601927003,3.75228143679196,323.38243281371,117.5,37.9798979396134
16.2920605221179,3.79592112266069,323.379715771833,118,37.9876391182264
-7.6015141539984,3.76387281056408,323.379800278865,118.5,37.9840272559506
-3.66898182214053,3.76916564853618,323.379470282053,119,37.982283937874
2.9699817068521,3.7781480529199,323.378113934592,119.5,37.983695125786
15.2481753443228,3.79474956791568,323.375307970649,120,37.9909403019686
-25.9023425313505,3.73935439306082,323.379208561785,120.5,37.9786327942868
-14.7435727790464,3.75421945062472,323.381093572341,121,37.9716273802006
9.84255181474986,3.78735968867607,323.379008428234,121.5,37.9763040723539
-8.63416231865198,3.76252706274078,323.379334051547,122,37.9722015469188
-36.2720769570714,3.72517755970097,323.386217018869,122.5,37.9549668560702
-14.169443647334,3.75470303656707,323.388121457559,123,37.9482342396543
19.0353180635503,3.7994564838981,323.385139030382,123.5,37.9572788781077
-30.6371777579887,3.73261555252492,323.390208559922,124,37.942721611708
7.10886408632843,3.78340535233123,323.388602116039,124.5,37.946099391121
35.1196621484106,3.82096103192681,323.384638811268,125,37.962786511645
-30.281813078973,3.7333491204687,323.389426865372,125.5,37.9483980969046
19.9830633583458,3.80092121427868,323.386574611924,126,37.9578930568871
-16.5012935939669,3.75191672266185,323.388289954446,126.5,37.9500524611023
2.38567147526867,3.77733806186785,323.387130279566,127,37.9511860137906
-39.966668222532,3.72023927951299,323.394916483195,127.5,37.9321958365288
-16.3450047446004,3.75172900667009,323.397284527712,128,37.9244295014489
14.8198371497245,3.793745038051,323.394662616139,128.5,37.9314711525792
-11.1672220190226,3.75883158866057,323.395370766438,129,37.9261650428859
-35.5722237436737,3.72582072271261,323.402070441114,129.5,37.9092628875517
-7.55133636553474,3.76339252855571,323.402683956105,130,37.9056748672708
-12.7285705319143,3.75637256435721,323.403927457619,130.5,37.8996268822513
8.41576229641401,3.78491808401914,323.40191671812,131,37.9036256348346
21.3169784019779,3.80237518305726,323.398493943513,131.5,37.9137544050459
1.53954481388433,3.7759895219332,323.397034671742,132,37.9144859203365
-3.41136657558819,3.76934061215375,323.396514857961,132.5,37.9128650082401
-8.33412633061062,3.76268048715947,323.396877737262,133,37.9089050450163
15.0927373058003,3.79425537188076,323.394153277508,133.5,37.9160763647572
-15.751869108874,3.75277292722818,323.395741247759,134,37.908591858295
-3.60116941833737,3.76909695948819,323.395443359931,134.5,37.9068807613073
-42.2576338492561,3.71695938312802,323.403968380358,135,37.8868020308765
5.35804538220566,3.78087245986102,323.402690112051,135.5,37.8893479081314
-14.172917129323,3.75454999304852,323.404062591764,136,37.8826136412893
-25.3832976790942,3.73930541555725,323.408132166979,136.5,37.870552757962
-29.7277198282701,3.73325593053382,323.413439453346,137,37.8564276208356
-3.15859551807637,3.76899881393056,323.41321853878,137.5,37.8549268130011
-32.0467918646898,3.7299531368136,323.418889056501,138,37.8396997679346
-58.9071116903983,3.69384152463624,323.433470182597,138.5,37.8117100319189
11.804723573374,3.78860010565816,323.431579580315,139,37.8173190507126
-27.6786127910973,3.73534071214199,323.435971139892,139.5,37.8041675475566
-38.9334952308597,3.71998998626317,323.443916290386,140,37.7856682828259
-37.3250121002359,3.72186480717247,323.451565652528,140.5,37.7679332894526
6.4799598988978,3.78094230868105,323.449970254276,141,37.7710122448072
22.696685389951,3.8029211442837,323.446278144669,141.5,37.7817965833067
-35.1486629387058,3.7250256590113,323.452529790031,142,37.7650956830464
-1.31804526760734,3.77056794264997,323.452006173653,142.5,37.7644694133476
11.9228573984662,3.78853400774116,323.449338493555,143,37.7701345634723
-37.64278992401,3.72166677191206,323.456388974617,143.5,37.7522485778479
-53.0706429153281,3.70073459016297,323.468987986037,144,37.72703204214
19.2317717859005,3.7978905380873,323.466201073381,144.5,37.7361700256526
-9.35799044861241,3.75949498869029,323.466422675111,145,37.7317235730125
10.9194048335526,3.78693953847736,323.463910924918,145.5,37.736911932278
23.1084661929895,3.8034731654721,323.460122408461,146,37.7478919285792
-31.9816854173007,3.72931139231155,323.465422461683,146.5,37.7326958188654
-31.5749042838352,3.72960053813153,323.47124778534,147,37.7176929913583
16.3379454142062,3.79420447414755,323.468434331811,147.5,37.7254559721948
-19.181192244012,3.74635735609059,323.470661666822,148,37.7163420215703
-28.9914121219467,3.7329638662657,323.475646247961,148.5,37.7025667413243
13.1961219173539,3.78988394227723,323.473093560137,149,37.7088368835584
-10.2179353526547,3.75838538034558,323.473499032297,149.5,37.7039818277775
-6.50662768385159,3.76338469006223,323.473473690783,150,37.700890201215
39.2856159413682,3.82481206911446,323.469251085428,150.5,37.7195567762322
-34.8096087360017,3.72552385588732,323.475131883005,151,37.7030169777024
-0.83771245240574,3.77119645907461,323.474452563108,151.5,37.7026189383192
-32.6952106559878,3.72812056404454,323.480164269826,152,37.687083796823
19.6290334291413,3.79860981234951,323.477064929311,152.5,37.6964105393531
21.8820288530967,3.80184741701659,323.473253353279,153,37.7068077934963
-5.42309399350822,3.76526508690595,323.472685180085,153.5,37.7042310083695
-18.1441713441011,3.74801727501399,323.474853418064,154,37.6956097986111
21.0080620461267,3.80076925416516,323.471510212648,154.5,37.7055917871011
-12.0290490072931,3.75640807137877,323.47214759951,155,37.699876179994
8.5312175668989,3.78414567864684,323.469929235037,155.5,37.7039297911921
-24.2796212739138,3.73986687070493,323.473339067936,156,37.6923933201189
-23.2123601510195,3.74111595028692,323.476875855179,156.5,37.681363958565
-41.8758387127832,3.71580320659282,323.485477521508,157,37.6614666382351
-6.54837066360657,3.76320087428179,323.485815864938,157.5,37.6583551774802
-9.12669182472385,3.75971663025481,323.486189655781,158,37.6540186264673
9.78750878671698,3.78530173112399,323.48375004026,158.5,37.6586691649053
1.52467928005536,3.77428002802522,323.482188784527,159,37.659393616832
2.77447112015646,3.77603338646262,323.480536850381,159.5,37.660711907816
-16.4307633715675,3.75008934841155,323.482242064425,160,37.6529048244926
-5.40434565901357,3.76492790040217,323.482057571572,160.5,37.6503369476439
-6.74508340635115,3.7631124420139,323.48198097636,161,37.6471320187562
-14.8036870077512,3.75217802350472,323.483454603616,161.5,37.6400980413719
6.25647751049801,3.78061759209747,323.481513868996,162,37.6430708089865
1.6846197942917,3.77454195743682,323.479968439377,162.5,37.643871256708
-3.44289536936616,3.76765995538711,323.479257275521,163,37.6422353636935
-40.1012518686616,3.71813068809892,323.487060547642,163.5,37.6231812389622
-30.8446759572212,3.73024535979594,323.492732856596,164,37.608525379716
-18.4702479398643,3.74676353808059,323.495286849132,164.5,37.5997492345419
16.2787700805201,3.79370065454703,323.492254027474,165,37.6074840981966
9.01624736536476,3.78412108264628,323.489624437539,165.5,37.6117681714836
1.29781633845751,3.77381919557032,323.488087091597,166,37.6123848293992
-13.9025746457114,3.7532803656545,323.4892711539,166.5,37.6057790158887
27.9886720282071,3.80967088516116,323.485414087007,167,37.6190778438064
14.2308664232077,3.79153319456536,323.482150751866,167.5,37.6258396452771
-14.5314658906856,3.75280947838916,323.483312559702,168,37.6189350138577
1.72405970425437,3.7747132691653,323.481976630781,168.5,37.619754201467
-10.2071586385423,3.75860847778857,323.482428760094,169,37.6149042662459
-30.7876956846049,3.73070850837839,323.487653434639,169.5,37.6002754811974
-23.6908326078753,3.74004276648755,323.491363554275,170,37.5890187732777
-25.2763607891233,3.73773057554566,323.495382062216,170.5,37.5770087010534
-3.94765931845144,3.76646656886581,323.495035525961,171,37.5751329692609
-18.3608497195737,3.74695285389955,323.497220806235,171.5,37.5664088046918
-50.3145854636106,3.70382646233334,323.508496227812,172,37.5425018107066
-2.77227929184664,3.76760329672262,323.508265573161,172.5,37.5411845611706
-5.90992676979335,3.76340545107347,323.507978327866,173,37.5383764572692
-2.63038780309741,3.76787480844413,323.507169548862,173.5,37.5371266275268
-9.13838608819587,3.75909195149329,323.507456841298,174,37.5327845199802
50.5642542578673,3.83884122393288,323.503279145717,174.5,37.5568101441858
-19.158126205013,3.74601402375363,323.505075777119,175,37.5477071533983
-21.5969065958176,3.74256529218522,323.508114587227,175.5,37.5374453752017
-26.2530185668048,3.73610797850377,323.512315042947,176,37.5249712436712
15.0128077457915,3.79178330176204,323.50944901296,176.5,37.532104584852
-32.9788522079001,3.72704305230002,323.514996746938,177,37.516434670967
11.1877737464756,3.78658160838233,323.512600767338,177.5,37.5217505458212
14.9151134567276,3.79175437148607,323.509337017284,178,37.5288374675242
-8.57102298394884,3.76018178817148,323.509303063982,178.5,37.5247649427675
16.201424630017,3.79361985053885,323.50614195009,179,37.5324630557026
3.58620853213466,3.77679147569178,323.504164483039,179.5,37.5341670440196
-1.2657564466972,3.77029050069281,323.503020520454,180,37.5335656193735
-1.1598576326654,3.77045270361856,323.501913739018,180.5,37.5330145125882
22.2299509021602,3.80197165814514,323.498236689285,181,37.5435770820224
37.7019795550786,3.82271957133951,323.493778101981,181.5,37.561491191622
1.06492166657272,3.77405293526817,323.491989832113,182,37.5619971895477
-31.116971513627,3.73055917684889,323.497065386819,182.5,37.5472119489666
-48.1064355112006,3.70749020150979,323.507555426961,183,37.5243541582521
-25.5731362348437,3.7373282904897,323.51188291171,183.5,37.5122030730644
-17.6715174317414,3.74784139892226,323.514105610101,184,37.5038064449881
-5.25119787801712,3.76457957668185,323.513829810839,184.5,37.5013113363645
-14.024199460305,3.75269758180613,323.515049107519,185,37.494647732778
-44.3201733359858,3.71173975182574,323.524230547855,185.5,37.4735889859434
-8.38969272945777,3.75992794937928,323.524838924824,186,37.4696026203245
-11.4477403755333,3.7557788444358,323.52558198945,186.5,37.4641632222299
-19.2858431892912,3.74511287087097,323.528000711936,187,37.4549995466698
14.9236532140102,3.79133389691015,323.525014025898,187.5,37.4620905260417
-6.27268798613524,3.76286735420176,323.524543385969,188,37.4591100560135
-16.5183371412431,3.74896883444577,323.526280817193,188.5,37.4512613619809
-38.0242736545999,3.71980048735364,323.533591501041,189,37.43319411422
-13.5431445456201,3.75262494191891,323.535103466348,189.5,37.4267590840551
-10.366615173596,3.75689086576058,323.535685114761,190,37.4218333830021
-24.9730442445138,3.7370561277932,323.53942849671,190.5,37.4099674317467
-40.4529868115674,3.71599810358178,323.547621581662,191,37.3907461800266
4.38105059285751,3.77644681650913,323.546085630374,191.5,37.3928278378442
-25.6334727506607,3.73584176288993,323.549837538054,192,37.3806480837387
-19.9677104704879,3.74336670242386,323.5525823473,192.5,37.3711604186865
-4.28029241576086,3.76457951400649,323.552117192136,193,37.3691266361541
6.96244707624876,3.7798677171208,323.549787727112,193.5,37.3724348454704
11.4896028314283,3.78611745412833,323.546804160464,194,37.3778941345265
-9.18945501193866,3.7582680945605,323.546857791025,194.5,37.3735277615618
-10.0634592934042,3.75705480035137,323.547297264254,195,37.3687461051379
-8.40200539597886,3.75927839714698,323.547435536773,195.5,37.3647538891509
6.71615626966914,3.77975747453902,323.545192256533,196,37.3679450732989
-20.1948731353402,3.74338010020716,323.547574457654,196.5,37.3583494718221
10.9020442971098,3.78540299471684,323.544962623288,197,37.3635295822222
3.10302418415015,3.77501064604228,323.543005739597,197.5,37.3650039853167
-63.9131136723792,3.68492622430383,323.558858807739,198,37.3346356455984
-30.16260248437,3.72943558971343,323.564613394038,198.5,37.3203038738164
0.442001176837266,3.77077643321521,323.563475463003,199,37.3205138908398
14.7776448723936,3.79024803619267,323.5601727802,199.5,37.3275354942939
-14.279070062533,3.75108246935235,323.561169496943,200,37.3207507888461
2.42738636029685,3.77368676752674,323.559541853888,200.5,37.3219041623774
36.5201409729086,3.81947524666521,323.554969883048,201,37.3392567209355
21.7775658416241,3.80020658803345,323.550788978451,201.5,37.3496043394399
-7.59332929159828,3.76078546224493,323.550405467392,202,37.3459963662045
-1.03431570954374,3.76963063934956,323.549231384215,202.5,37.3455049107107
-15.0328035692755,3.75067315210357,323.550517101185,203,37.338362068507
-37.3500625648495,3.72039330234484,323.557518663841,203.5,37.3206151723961
-24.3147530550724,3.73768202288672,323.561350141718,204,37.3090620084441
-38.2601950622304,3.71867708950042,323.56879283382,204.5,37.2908826625387
40.31668418512,3.82425331595499,323.56458779513,205,37.3100391500152
-10.5009003805469,3.75642009268133,323.564563716767,205.5,37.3050496432961
7.27429497868116,3.78046033087791,323.562226110012,206,37.3085060272592
5.98712362244335,3.77883047643539,323.559868586493,206.5,37.3113508112738
-10.0572662822516,3.75718577297673,323.560078756014,207,37.3065720974615
-11.2461472505293,3.7555206009949,323.56069236375,207.5,37.3012284864151
10.0834384518413,3.78435003726699,323.558038105682,208,37.3060196359436
-2.97270676282007,3.76681983842174,323.556966162727,208.5,37.3046071532202
-12.4195637258281,3.75401938508053,323.557730753222,209,37.2987059928995
-19.0290857372351,3.74498132652003,323.559993496299,209.5,37.2896643157382
-19.1826089799847,3.7446431532846,323.562375987572,210,37.2805496919511
4.12029395174395,3.77612644637667,323.560557555419,210.5,37.2825074511538
2.13501863086623,3.77352910391435,323.558762756321,211,37.2835219060499
-5.52883129559985,3.76320832095278,323.558201627614,211.5,37.2808948798047
16.9094214413242,3.79352460542322,323.554800159485,212,37.2889293976879
-41.2674793216743,3.71507087004022,323.562586102325,212.5,37.2693211395488
18.2717014703382,3.79522190562388,323.559475060916,213,37.2780029452941
-1.51227417453847,3.76872404512387,323.558085649777,213.5,37.277284387658
-42.0074746386572,3.71397762651271,323.566294824893,214,37.257324520469
36.8083169147197,3.81982765329158,323.562237991872,214.5,37.2748140059329
18.7200176878637,3.79609475814871,323.558275627991,215,37.2837088292956
-19.5909146293399,3.74449263861193,323.560293308995,215.5,37.2744001989274
-6.08108418516002,3.76265426935588,323.560052355846,216,37.2715107695165
-16.8809682665438,3.74798943533283,323.561748266328,216.5,37.2634897711699
-15.8913223102485,3.74921530506271,323.563363618341,217,37.2559390034673
-7.71764664880806,3.76020563346571,323.563373445544,217.5,37.2522719607934
9.91922779828628,3.78406352857419,323.560691820481,218,37.2569850855688
-9.69829726376289,3.75763599627084,323.560783127178,218.5,37.252376936019
42.3722553536235,3.82738759858936,323.556364835175,219,37.2725101289003
-15.4348120899235,3.75023491031735,323.55727078384,219.5,37.2651762721986
13.7352809863475,3.78957242540183,323.554297678539,220,37.2717025960647
-47.9263542466366,3.70648581960624,323.56412816985,220.5,37.2489303710299
8.04042311398814,3.78165228367609,323.562158260326,221,37.2527507810612
-17.8029741924605,3.74675979007259,323.563890130113,221.5,37.2442916912562
-22.3381950043122,3.74048940438932,323.566936892268,222,37.2336776895967
-0.125194744055838,3.77045636337502,323.565751398844,222.5,37.2336182032675
31.1476660793798,3.81251893466784,323.56139128601,223,37.2484180283829
-3.82764325439883,3.76580975520961,323.560237016668,223.5,37.2465993222678
15.631654378192,3.79207952513951,323.556946595482,224,37.254026708656
-7.24067498915731,3.76134461019894,323.556520177134,224.5,37.2505862992435
-13.2328877385966,3.75317839955452,323.557456374036,225,37.2442986877157
-6.25670257817577,3.76254369749907,323.557168054581,225.5,37.24132581316
-20.6091205863082,3.743064760051,323.559670698563,226,37.2315333818529
1.70579456604728,3.77316108238749,323.558206422274,226.5,37.2323438907751
-13.5246422328227,3.75257500685743,323.559115064585,227,37.225917651991
-32.3349258371265,3.72702610999844,323.564632244088,227.5,37.2105536999604
-3.95189595328814,3.76523115964691,323.564183517502,228,37.2086759551292
-33.4627535537758,3.72526577533656,323.569923189634,228.5,37.1927761153399
25.5803892265919,3.80481915812851,323.56617373951,229,37.2049306467893
-18.3729394968326,3.74573488162018,323.567859839683,229.5,37.196200737758
4.25210833702152,3.7762914120753,323.565994764898,230,37.1982211286149
12.2560599489704,3.78718338843429,323.562924226307,230.5,37.2040446000553
-41.622800720227,3.71446899950389,323.570814258421,231,37.1842675108216
-23.9139313281569,3.73799948298064,323.574538584154,231.5,37.1729047974621
-2.564877398434,3.76680813882202,323.573741301034,232,37.1716860950129
12.1743097514841,3.78678572772431,323.57072357461,232.5,37.1774707228166
2.19210611475939,3.77345495884639,323.568806917531,233,37.1785123028518
-44.579378591462,3.71026237944743,323.57773804514,233.5,37.1573303945437
1.94602857328585,3.77283629081756,323.576501945713,234,37.1582550507436
19.0773896291402,3.79602430195154,323.572781881905,234.5,37.1673196795171
-42.4916146194966,3.71300763953145,323.580881033476,235,37.1471297730363
-36.4856547418173,3.72071389207709,323.587946957247,235.5,37.1297936006238
-14.0268189521462,3.75085684405943,323.589400185537,236,37.1231287523848
18.6240682730554,3.79501009229269,323.585839853879,236.5,37.1319779853474
1.12929192942612,3.77161714390197,323.583979684441,237,37.1325145688274
11.7542231497887,3.78604465005882,323.580940179106,237.5,37.1380995923262
15.8047200879884,3.79164419259974,323.577400539008,238,37.1456092109507
-1.22301841785365,3.76881939024968,323.57593609295,238.5,37.1450280932949
-4.4753348329728,3.76443062977751,323.575171488822,239,37.1429016362855
-10.7125158041829,3.75596257412999,323.575559296875,239.5,37.1378115804192
-11.5652362137395,3.75474395239549,323.576183800921,240,37.1323163541334
-38.0500933402782,3.71883709052524,323.583270304837,240.5,37.1142368381393
-49.4058919998478,3.70328365031848,323.594297521063,241,37.0907616101911
10.3517819326165,3.78371715426364,323.591990343208,241.5,37.0956802632242
1.36368358566035,3.77171823387057,323.590163976429,242,37.0963282179869
-21.1266585137891,3.74126337240415,323.592691659077,242.5,37.0862898783411
-27.2021025736985,3.73288879094725,323.596961926511,243,37.0733647891921
-14.2602009345003,3.75026613227598,323.59832738148,243.5,37.0665890494175
-1.10880044977071,3.76807590667997,323.597134366157,244,37.0660622024716
-24.6994262549812,3.73609863691414,323.60055357825,244.5,37.0543262609056
-46.3679439498547,3.70669638743061,323.610466756042,245,37.0322945151027
-37.5712724605648,3.71814974354878,323.617977918474,245.5,37.0144425110276
-18.3476572338115,3.74394883505929,323.620377606272,246,37.005724614873
-2.5537415932631,3.7653687497104,323.619438847049,246.5,37.0045112036057
-12.3531636273099,3.75211091115848,323.62011837871,247,36.9986415933165
19.1412485283147,3.79476637630664,323.616386716533,247.5,37.0077365646696
-7.0873522108226,3.75950214869539,323.615816268155,248,37.0043690066322
12.2662077656111,3.78573944904186,323.612711327258,248.5,37.0101972998115
-7.47925238892536,3.7591434354614,323.61227581278,249,37.0066435302588
-14.1217712757571,3.7501017591229,323.613341370993,249.5,36.999933565388
-26.158810474057,3.73368348569988,323.617250157677,250,36.9875041968679
4.28164530296567,3.77485366868089,323.615353194144,250.5,36.9895386222251
-15.8829840748689,3.74756740113045,323.616663991056,251,36.9819918164381
-5.46535208845304,3.76164651567349,323.616174048781,251.5,36.9793949523618
-0.704454068967304,3.76812828089356,323.614774520831,252,36.9790602307491
6.42676675316259,3.77784999597378,323.612300896092,252.5,36.9821139113607
-11.0910919929918,3.75418583549786,323.612602338775,253,36.9768439748776
-52.545877167116,3.69815790485961,323.624385476915,253.5,36.9518767818101
-26.9160595744564,3.73220626771311,323.629003371433,254,36.9390876060984
-22.3841403613762,3.73819015668381,323.632167544951,254.5,36.9284517734854
-7.54386502374632,3.75826008625612,323.632119918663,255,36.9248673032153
-23.1220638969524,3.73708646076177,323.635227193028,255.5,36.9138808459601
-0.834971434009206,3.76727543353346,323.634024601321,256,36.9134841089728
2.50884670097714,3.77189125083655,323.632051623157,256.5,36.9146761884153
6.90418583961696,3.77794499651356,323.629437224396,257,36.9179567148834
-22.285910713299,3.7384098546793,323.632152625605,257.5,36.9073675561241
-27.0102440606053,3.73184917749667,323.636380489001,258,36.8945336286189
13.1123559094172,3.78616284943998,323.633353290543,258.5,36.9007639694032
-25.6793983657806,3.73367761240959,323.636837320106,259,36.8885623937245
4.21371847080711,3.77414064407202,323.634896144726,259.5,36.8905645436222
-3.07330960587892,3.76435180031813,323.633736459061,260,36.8891042594206
-30.8474584680422,3.72664762615311,323.638735044919,260.5,36.8744470780633
-4.44588349562945,3.76230608216583,323.638211947068,261,36.8723346148678
-13.8197066707014,3.74958529290584,323.639159719548,261.5,36.8657681761064
-17.3919607059968,3.74466812201379,323.640982200018,262,36.8575043795122
-5.74488777562493,3.76043035044489,323.640520355262,262.5,36.8547746939502
14.5608645519936,3.7879826678459,323.637081946483,263,36.8616932941545
-10.9448898720508,3.75357690491276,323.637237477626,263.5,36.8564928256635
-16.5016281263378,3.74597481816505,323.638817496305,264,36.8486520709255
-13.1087891595924,3.75049973492913,323.639749609914,264.5,36.8424234248837
-18.4508793867227,3.74317742125523,323.641793590132,265,36.8336564826848
20.3336881621899,3.79567104174236,323.637967551565,265.5,36.8433180421733
27.1390642463106,3.80501422880738,323.633300215592,266,36.8562131786376
3.24262118522983,3.77310847051676,323.630934836355,266.5,36.8577539112991
-37.095756530754,3.71845134455086,323.63755303823,267,36.8401278487948
10.5047596256996,3.78271636391704,323.63494452145,267.5,36.8451191892356
-21.6358214878549,3.73922754578215,323.637426646809,268,36.8348389206135
2.10932365098673,3.77134737008873,323.635729955244,268.5,36.8358411665303
21.0482558591459,3.79698606767947,323.631659312476,269,36.8458422531256
-36.9642780212368,3.71864700911611,323.6380485103,269.5,36.828278662684
-19.9708883859311,3.74135212875747,323.640698149486,270,36.8187894876441
7.572657465675,3.77864731721361,323.638225070182,270.5,36.8223876386537
-7.39972948308682,3.75845078844632,323.637763466673,271,36.8188716544393
-1.98128751280869,3.76579943764598,323.636530951853,271.5,36.8179302449411
-33.9538102423389,3.72242088784715,323.642325737669,272,36.8017970793837
-5.13159721702657,3.76130014020636,323.641940005596,272.5,36.7993587990585
28.6114770624781,3.80684989837042,323.637440069796,273,36.8129535530198
4.66791946257938,3.77493038625042,323.634850667458,273.5,36.8151715166876
22.4776910253533,3.79901424006394,323.630668067181,274,36.8258517999333
-43.358124677255,3.71018677937052,323.638931631177,274.5,36.8052501708765
4.53151760752037,3.77470306052948,323.637156428851,275,36.8074033231521
-38.5259349938574,3.71638870537848,323.644168203543,275.5,36.7890977108195
4.42844986396637,3.77435976479868,323.642333218588,276,36.7912018904184
-44.9010263446632,3.70759481465344,323.651342161011,276.5,36.7698671510608
-3.75622214189163,3.76300301783475,323.650844185724,277,36.7680823807138
-19.7076152867307,3.74134209452911,323.653026420758,277.5,36.7587182999849
-13.0987356589043,3.75022043059634,323.653959233973,278,36.7524944308678
29.1212451943176,3.80724305308207,323.649474690628,278.5,36.7663314013463
-26.7669950294681,3.73193681351956,323.653003068608,279,36.7536130537087
-8.75570952100974,3.75622170957085,323.65315364665,279.5,36.7494527750752
-37.528168883041,3.71714708216549,323.660054810888,280,36.731621251681
13.1696379342093,3.78568296099928,323.657088609964,280.5,36.7378788100407
-0.411915417903343,3.76746469839678,323.655344654024,281,36.7376830882768
-61.0033471363488,3.68571231462521,323.670068427708,281.5,36.7086973252096
28.9978527409678,3.80670529199883,323.666136378284,282,36.7224756657182
-24.8554654199812,3.73412955342608,323.669180758553,282.5,36.7106655820849
-24.4392011743247,3.73452306246641,323.672713300606,283,36.6990532865628
8.14615866152479,3.77867891723063,323.670136122902,283.5,36.7029239368788
44.0092023869833,3.82670865646683,323.6650549992,284,36.7238349257514
-5.88176651283214,3.76022433976823,323.663908072809,284.5,36.7210402022066
-35.8574164227449,3.71951968369252,323.670205532383,285,36.7040025374649
-42.8023932766576,3.70984982458268,323.679005714129,285.5,36.6836649643896
-24.6772000610696,3.7340231617814,323.682820710289,286,36.6719395836079
-19.1914388017708,3.74133460768509,323.68509517825,286.5,36.6628207643277
10.7514143681689,3.78195693305019,323.682103218997,287,36.6679293028611
14.5612689942733,3.78727125176984,323.678374574005,287.5,36.6748480952362
-31.4011091442647,3.72505087593058,323.683232665092,288,36.6599278465544
-25.659274746555,3.73259924374299,323.687127522805,288.5,36.6477358326209
-50.2510721318564,3.69922279304642,323.698318765026,289,36.6238590170188
-17.5408307259129,3.74308794061152,323.700557838768,289.5,36.6155244847794
1.47289667849078,3.76892846110506,323.698769226058,290,36.6162243321836
28.3418488455264,3.80528155239015,323.693997521318,290.5,36.6296909721974
-44.0322287913299,3.70758620789422,323.702478917309,291,36.6087690423202
3.65465360518134,3.77199158439308,323.700686097019,291.5,36.6105055523391
-24.3063125107146,3.73404258582769,323.703816636444,292,36.5989563989149
-29.9560667153668,3.7262103466674,323.708749789565,292.5,36.5847227626803
5.75010984247635,3.7746161038933,323.706465981373,293,36.5874549295093
32.6082533280186,3.81087022648535,323.701437058333,293.5,36.6029487531987
-15.59912888817,3.74606413828023,323.702230607956,294,36.5955368213092
0.216846860050794,3.76749944061674,323.700588824418,294.5,36.5956398561754
1.78955461311746,3.76969469843241,323.698531288626,295,36.596490163715
-33.1564263486701,3.72225621412289,323.703975363631,295.5,36.580735875411
31.5235967811662,3.80956683447297,323.699462324566,296,36.5957143241391
-23.5480109463527,3.7354022182363,323.702072875514,296.5,36.584525477985
-6.65017421739887,3.75822434638079,323.701680697763,297,36.5813656452337
12.3489505335146,3.78400428527541,323.698320171033,297.5,36.5872332536699
1.83387418557744,3.76991848132925,323.696131116474,298,36.5881046196708
-7.49910713311241,3.75729323354086,323.695604283556,298.5,36.584541416129
-13.3681342330954,3.74928282781814,323.69632481009,299,36.5781895421792
-31.3252611197,3.72480549141028,323.70141887537,299.5,36.5633053327144
-23.3421390735143,3.73540031774366,323.704689460551,300,36.5522143066572
2.85173831368236,3.77090283971807,323.702737222579,300.5,36.5535693111769
-12.8921775805746,3.7495744808531,323.703255112854,301,36.5474435882074
-30.6514249024046,3.72536688934025,323.708188684678,301.5,36.5328795522718
10.8456857061329,3.78157857747686,323.705261853015,302,36.5380328838664
-36.6635678411435,3.71718446827986,323.71162974295,302.5,36.5206121759787
16.2922647999985,3.78884481190792,323.708183681397,303,36.5283534516543
-7.59014132162724,3.75665509624549,323.707516648246,303.5,36.524746993184
-29.6294003686058,3.72665773603825,323.712101539542,304,36.5106685725855
5.88911786708811,3.77477395897461,323.709779253185,304.5,36.513466789129
-12.2345781662752,3.75023889954076,323.710119715254,305,36.5076535247657
-30.1630211191074,3.72579736298511,323.714909354558,305.5,36.4933215540692
-38.1329412393118,3.71477896730207,323.722220395468,306,36.4752026728651
15.3438142904998,3.78719425843326,323.718853232191,306.5,36.4824932919286
8.07762933527329,3.77757323702368,323.715720666719,307,36.4863313805098
-21.8912628666659,3.73693037361122,323.718164868126,307.5,36.4759297388216
-20.7486563967031,3.73834362294578,323.720686699869,308,36.4660710070223
-2.55293758274995,3.76301648007821,323.719520451431,308.5,36.4648579777809
-44.6105496913057,3.70593452098339,323.728507965764,309,36.4436612585131
12.7052564703279,3.78346205750191,323.725491353692,309.5,36.4496981658476
31.9092587764325,3.80942648069736,323.720360991264,310,36.4648598620161
6.17789384756656,3.77514614400689,323.717318112184,310.5,36.4677952905741
22.6150729707881,3.79742240836037,323.712842971552,311,36.4785408509023
-35.3291785518208,3.71909072773811,323.718611405769,311.5,36.4617541785814
20.4838186149872,3.79452544693864,323.714770140588,312,36.4714870726102
11.3508143876397,3.78243546041927,323.711211833668,312.5,36.4768804162857
-0.460695319256782,3.76656015515563,323.709345085681,313,36.4766615167335
57.4584827619618,3.84359269757581,323.704699545609,313.5,36.5039629361755
-25.5291249433925,3.7330722409417,323.707471972863,314,36.4918327629693
42.5434169732409,3.8244861814387,323.702756981063,314.5,36.5120472833578
-51.8120777857871,3.69786505742621,323.713395254604,315,36.487428755339
-14.1822043230891,3.74819102674635,323.714758628496,315.5,36.4806900756833
-4.99543430732209,3.76059371661915,323.713899880467,316,36.4783164932153
-4.94818269610962,3.76065392988175,323.712930829678,316.5,36.475965362368
-10.0892246316362,3.75365796900963,323.712902029576,317,36.4711714635341
-11.5023016594895,3.75168491035209,323.71320973384,317.5,36.4657061406251
-26.5271645302578,3.73119465135597,323.716933693814,318,36.4531017485383
-26.9457493039857,3.73042469584064,323.720963039104,318.5,36.4402984657406
14.2142872186408,3.78615735249307,323.717588292469,319,36.4470523895961
2.37406997058793,3.77030919297953,323.715245413648,319.5,36.448180429825
-15.1074752715477,3.74660379091193,323.716155736563,320,36.4410021073342
-27.4137083763624,3.72977833534454,323.720160538132,320.5,36.4279764736094
-22.6495356577193,3.73604848930294,323.723142906854,321,36.4172145383226
-19.9727720189588,3.73954471047204,323.725442039654,321.5,36.4077244682738
18.8024928345347,3.79208309807543,323.721526730578,322,36.4166584797332
42.7404430258003,3.82414224726006,323.716206487561,322.5,36.4369666171237
-38.2745723622592,3.71532353217409,323.722583180283,323,36.4187804398389
-16.943921442923,3.74392278713661,323.72436090934,323.5,36.4107295292672
-37.6559744499178,3.71570390094592,323.731224819829,324,36.3928372790104
-1.20936233307908,3.76495858598072,323.730004393014,324.5,36.3922626500483
-22.9054011967061,3.73547606969948,323.732729122972,325,36.3813791401556
-12.4739537750697,3.74953630589637,323.733381840458,325.5,36.3754521363828
-7.93458546126733,3.75567918145273,323.733022077999,326,36.3716820151515
-21.145400995068,3.73767881349427,323.735408154631,326.5,36.3616347700088
-6.3490526200081,3.75771450297833,323.734858989112,327,36.3586180152965
9.98456400137468,3.77992619064662,323.731673427951,327.5,36.363362184593
-33.6205692001483,3.72078403749953,323.737087721831,328,36.3473873586406
6.20320984892969,3.77471555512436,323.734704545855,328.5,36.3503348161061
-9.52027658400417,3.75344789327374,323.734432919814,329,36.3458112531485
57.670226744024,3.84311607701504,323.729714608155,329.5,36.3732132828223
-10.2215796576192,3.75304951556297,323.72909053369,330,36.3683564954485
-6.19502413443727,3.75846254612146,323.728363361214,330.5,36.3654129274283
-37.6857432348865,3.71566412832231,323.735059489262,331,36.3475065325223
32.2503707116613,3.81000702907312,323.730514994673,331.5,36.3628303081536
-1.68208856170546,3.76462540881503,323.728588207534,332,36.3620310631482
-11.1624779582847,3.75174840334125,323.728693809865,332.5,36.3567272075972
20.598981918346,3.79471389857897,323.724545683216,333,36.3665148215125
20.1247570309547,3.79428513292202,323.720132586244,333.5,36.3760771072962
-33.1759478448483,3.72222950538148,323.725202548734,334,36.360313543346
-22.5492743106072,3.7363493346584,323.728160632607,334.5,36.3495992472757
-2.75602308094117,3.76311589124361,323.72699059269,335,36.3482897218843
-27.5824501495248,3.72936710763167,323.730850792641,335.5,36.3351839104432
-21.9768519366858,3.73677480108015,323.733629043336,336,36.3247416010766
-28.7606596471745,3.72740735250335,323.738053224609,336.5,36.3110759629548
-7.96778455363771,3.75551443120477,323.737878923776,337,36.3072900671624
-1.44146044559528,3.76440073863004,323.736314555585,337.5,36.3066051566959
-13.1015222419265,3.74857388612973,323.736822962522,338,36.3003799635328
-36.9430185618226,3.7161076468684,323.743437517941,338.5,36.2828264745312
-16.7815246239721,3.74322735997909,323.745169617603,339,36.2748527268683
-6.84750237879324,3.75669754051518,323.744638733486,339.5,36.2715991335678
44.1227890705619,3.82519170796648,323.739456450951,340,36.2925640931953
-35.4935337071061,3.71822931467937,323.745019765596,340.5,36.2756993274613
-1.21472024819151,3.76457201659504,323.743731655928,341,36.2751221526838
-2.71899781119906,3.76257392747946,323.742284026272,341.5,36.2738302198632
7.89444109214802,3.77702294755899,323.739297073179,342,36.2775812664825
-10.1237338762004,3.75264639760911,323.739089400183,342.5,36.2727709705682
-31.2293124360352,3.72388452774842,323.744009991701,343,36.2579323511561
-25.3493500146995,3.73162934558147,323.747667319818,343.5,36.2458875980741
16.1008804613734,3.78782521865193,323.744001393878,344,36.2535379374101
25.6546274494982,3.80086020472018,323.739144231037,344.5,36.2657277431787
-35.3148320996929,3.71846530678566,323.744804285065,345,36.2489478875798
-8.25706327073935,3.75497142844984,323.744739279983,345.5,36.2450245408975
-19.4830490016664,3.73965793536423,323.746690054495,346,36.2357671629224
7.9942089630114,3.77693809781571,323.74386949129,346.5,36.2395656142827
4.68058542890369,3.7725706875555,323.741191412206,347,36.2417895961891
-21.8236670232707,3.73658569308716,323.743537403387,347.5,36.231420072691
7.45734388932693,3.77628535834009,323.740821938062,348,36.2349634324119
13.2214619217752,3.78420319417785,323.737110925317,348.5,36.2412456149585
-13.7608353313732,3.74770859134643,323.737570732857,349,36.2347071489359
25.2949460718635,3.80051501081667,323.733089113318,349.5,36.2467260519642
-55.0855087778916,3.69204774419461,323.74509658225,350,36.2205521519928
-2.15250804025165,3.76323853582005,323.74421980138,350.5,36.2195293869973
-30.0677239043025,3.72527537993709,323.748729205053,351,36.2052426968079
-14.9748380658219,3.74559385024237,323.74994504328,351.5,36.1981273969347
-12.5361983254027,3.74884953512155,323.750468614192,352,36.1921708176406
1.76588134423209,3.76828732449017,323.748422922253,352.5,36.1930098768177
-14.6881285559451,3.74595348050803,323.749201859196,353,36.1860308070747
-22.7607292241528,3.73487859833315,323.75200597717,353.5,36.1752160381235
7.48594051496498,3.77592940933458,323.749275980338,354,36.1787729855418
-28.0688195776125,3.72765142280917,323.753168311108,354.5,36.1654360754861
55.891059523616,3.84017740085273,323.748498673779,355,36.1919927331938
-18.4787784210677,3.74109665865883,323.749568807892,355.5,36.1832125347584
-33.7938767854329,3.72014205796714,323.755261216003,356,36.1671553616424
8.07815381899808,3.77684430427082,323.752583215063,356.5,36.1709936994322
30.0467890005094,3.8065188570503,323.747554690116,357,36.1852704423943
-14.3412196995932,3.74679122579876,323.747940211476,357.5,36.1784562065234
1.42981635315846,3.76816047803809,323.7459611859,358,36.179135584295
-19.9774856369668,3.73907064385334,323.747874405965,358.5,36.1696432745689
-24.4770031214113,3.73280116536434,323.751118952069,359,36.1580130174375
13.1576830904416,3.78381029593057,323.747741871442,359.5,36.1642648954487
-14.4849816888208,3.74641050812329,323.748332199402,360,36.1573823510151
-1.68141935969185,3.76376453246892,323.746843145912,360.5,36.1565834239814
10.9793491916509,3.78098192794299,323.743460670555,361,36.1618002658309
28.740356627421,3.80498649589896,323.738517518144,361.5,36.1754562569653
-8.66465982219392,3.75473080747257,323.737800919911,362,36.1713392406301
13.4350755966353,3.78466457084374,323.734262931246,362.5,36.1777229217938
-6.0250557639924,3.75841641872425,323.733221310893,363,36.1748601143079
-2.83879428244519,3.7627192074067,323.731846369303,363.5,36.1735112601495
-11.4989260270329,3.75093701986814,323.732002443593,364,36.1680475411735
1.81176972840712,3.76896901464558,323.729969570826,364.5,36.1689084042334
1.26266106312711,3.76827275732055,323.727875928386,365,36.1695083581069
21.8265604533139,3.79609120304591,323.723521867201,365.5,36.1798792564193
-2.2137063169987,3.76381185486173,323.721777906786,366,36.17882741304
-24.2273175664505,3.73386803690037,323.724729629979,366.5,36.1673157940928
-31.4871518616672,3.72380811344612,323.729826764753,367,36.1523546621818
-28.8162891563807,3.72717042448318,323.734330006809,367.5,36.138662591678
6.37589163543771,3.77484325411617,323.731863753809,368,36.1416920989585
-39.5219994538094,3.71257052980507,323.73895261401,368.5,36.1229132062275
-39.7491461160873,3.71193093171325,323.746702488906,369,36.1040263846755
-22.6937345251693,3.7347765001064,323.749816111195,369.5,36.0932434482805
-30.4854876248703,3.72404196444702,323.754722973702,370,36.0787582575039
-27.3981483868783,3.72803768254363,323.758918695434,370.5,36.0657400171138
-0.260704240373903,3.76489011891441,323.757357250616,371,36.0656161433971
8.89483892669294,3.77742211031768,323.754174455572,371.5,36.0698425294194
-60.3407335089789,3.68374477525918,323.7684441999,372,36.0411716074636
37.8005407500272,3.81590805287221,323.763876875618,372.5,36.0591325484517
-60.7215060274915,3.68319884814333,323.777981870547,373,36.0302807022922
10.6958546533598,3.77950543201285,323.775285302853,373.5,36.0353628416064
-35.124843223769,3.7172740474588,323.781086141202,374,36.0186732592926
21.9789884655102,3.79468889302283,323.776918322974,374.5,36.0291165838317
-49.3968376114588,3.69805147297074,323.787086159682,375,36.0056456580795
-2.53479091334847,3.76135711480792,323.786120813178,375.5,36.0044412512348
4.2891407321916,3.77071498117151,323.783505116469,376,36.006479238048
-39.1282904757486,3.71168735852628,323.790546747576,376.5,35.9878874162843
4.47039247069207,3.77080059520658,323.78833866273,377,35.9900115249284
21.4808223503109,3.79394178575386,323.783730686083,377.5,36.0002181456527
2.78678236158856,3.76888615406937,323.781086908587,378,36.0015422863276
17.7947741085904,3.78929594865619,323.776850333117,378.5,36.0099974798597
-2.81458005922031,3.76154624861,323.77513273513,379,36.0086601310984
34.7139406767202,3.81213638462098,323.769982226834,379.5,36.0251544729143
10.4585794230899,3.77992932771467,323.766249916385,380,36.0301238708147
31.5860526668532,3.80840285268727,323.761144881973,380.5,36.0451319954801
-11.6547899265984,3.75029194209258,323.760910786313,381,36.0395942177143
2.92369445488375,3.77002640216935,323.758643530548,381.5,36.0409834122213
-2.42939535027141,3.76279703024599,323.757038846252,382,36.0398290841176
-14.2940940886055,3.74664372424655,323.757691187731,382.5,36.0330372399982
-32.509007290461,3.72176659382397,323.762891273765,383,36.0175905731004
-0.131422056794465,3.76556458122111,323.761330993619,383.5,36.0175281278612
-5.27784407239028,3.75860527416043,323.760243322382,384,36.0150203582884
-20.0359906690138,3.73849170799286,323.762204762548,384.5,36.0055002498746
-44.2200248166769,3.7055472852411,323.771019525201,385,35.9844890886461
3.41086011281295,3.76995154835438,323.769068724524,385.5,35.9861097600965
-33.1233672186718,3.7202890491364,323.774305955908,386,35.9703711798505
19.1593811879114,3.79113872753296,323.770382627731,386.5,35.9794747669435
-42.918534049802,3.70703871059301,323.778366317069,387,35.9590820095367
-22.0890673233021,3.73495507497513,323.781305310641,387.5,35.9485863809874
-39.1560152090891,3.71162147963314,323.788645406153,388,35.9299813858063
23.8032451996652,3.79692334067782,323.784375209346,388.5,35.9412915066107
-61.2631331618026,3.68198316833885,323.798792245639,389,35.9121823061171
-33.107610624926,3.71933063205965,323.804911846282,389.5,35.8964512126224
59.4236892492226,3.84344418148018,323.800206700955,390,35.9246864006572
-18.3779148243667,3.73985306072626,323.801146832156,390.5,35.9159541275972
-52.2757160527346,3.69379824246557,323.812686699801,391,35.8911153016836
-27.999305679331,3.72619013294222,323.817233771444,391.5,35.8778114211826
-24.8385055633658,3.73032560195656,323.820647408911,392,35.8660093960316
28.4468542868128,3.8025988387697,323.815790464544,392.5,35.8795259294198
-32.6159986421547,3.71996721728487,323.820617682116,393,35.8640284255414
-16.7859569740608,3.74131306736269,323.822143975495,393.5,35.8560525718458
22.0834612952361,3.79410479240976,323.817619202385,394,35.8665455366887
-14.1551943194015,3.74512169441042,323.817937247017,394.5,35.8598196908463
16.7793195563811,3.78715130847503,323.813868132268,395,35.8677923907705
-2.94570755660615,3.76057251735857,323.812097867347,395.5,35.86639273673
-7.13761817036687,3.75488086234202,323.81127877258,396,35.8630012948033
-37.1311658178801,3.71400572371349,323.817743233158,396.5,35.8453584075631
28.5753633108396,3.80295568746982,323.813070263048,397,35.8589360020618
-6.38143655829248,3.75594856221569,323.811787838797,397.5,35.8559038601091
10.6568259902606,3.77911963497314,323.808311908925,398,35.8609674549396
-6.14129203163549,3.75641262106852,323.807164139837,398.5,35.858049417748
2.90120441070699,3.7687173641178,323.804722692279,399,35.8594279261022
39.3008879412547,3.81766397102058,323.79932706931,399.5,35.8781017576158
-37.4358622465194,3.71428691955552,323.805315892993,400,35.8603140937543
27.0469089689271,3.80145362710237,323.800817431987,400.5,35.8731654426043
-44.3206381504059,3.70495563682491,323.8090384174,401,35.852106474913
27.1019893312834,3.80144909476463,323.804608039674,401.5,35.8649839952177
-27.1866781136059,3.72807881348501,323.807881976115,402,35.8520662350066
-26.52241422346,3.72875957068186,323.811599224908,402.5,35.8394641000298
-17.4657233262991,3.74090499258842,323.813152736927,403,35.8311652550992
-51.5522528280029,3.6945885792109,323.824378455778,403.5,35.8066701830057
-15.9342636860994,3.74248227970782,323.825944942531,404,35.7990990116924
-9.05578162938216,3.75181778143278,323.82562627502,404.5,35.7947961536851
-28.5297174059749,3.72523337074884,323.829707674513,405,35.781240247855
12.3048231868455,3.78073041141026,323.826247362296,405.5,35.787086889166
-50.8788235395374,3.69499645811951,323.836952001608,406,35.7629117972493
0.93415313479502,3.76507786488719,323.835315616253,406.5,35.7633556604585
4.68857400999233,3.77028623602084,323.832474056622,407,35.7655834381421
-42.5416881870052,3.70604521942734,323.840486682403,407.5,35.7453697391871
-2.54361816958987,3.76023612742787,323.839298143579,408,35.7441611380683
-59.7865155018354,3.68260491951663,323.853469999055,408.5,35.7157535530047
-0.0256001415982823,3.76328168637208,323.852087693428,409,35.7157413890879
-11.6191122636917,3.74753618480467,323.852072219917,409.5,35.7102205635769
-2.35600984599802,3.76018452904687,323.850442613719,410,35.7091011046228
-30.5925084346967,3.72167027336755,323.855012292348,410.5,35.6945650628687
-31.2543020743007,3.72056007727918,323.86012652979,411,35.6797145696207
34.3227805049164,3.80945063838344,323.854936396096,411.5,35.6960230515355
4.82338444362577,3.77005411229233,323.851697200541,412,35.6983148844468
-52.6195854291212,3.69201483648425,323.86309269016,412.5,35.6733126688712
-18.4204706168126,3.73799778244112,323.865201001295,413,35.6645601754106
-15.6233498903845,3.74174438269162,323.86622876385,413.5,35.6571367349029
-26.4153616893307,3.72693613806058,323.869830296912,414,35.6445854659775
-8.88188717450247,3.75076472684951,323.869550271328,414.5,35.6403652339851
-30.7834042980531,3.72083268792013,323.874257115039,415,35.6257384879905
13.495649847205,3.78111427621874,323.870561637823,415.5,35.6321509510318
-6.80896445537413,3.75364227499671,323.869415734228,416,35.6289156690399
-3.10503155347832,3.75872355606606,323.867818043485,416.5,35.6274403121431
-18.9442352761232,3.73710816888944,323.869402046148,417,35.61843895171
-17.2027019067523,3.73939014965461,323.870776039613,417.5,35.6102650815046
-10.6540153057782,3.74827404039869,323.870724027329,418,35.605202822172
-41.0075028210997,3.70683786939731,323.878474177859,418.5,35.5857180919638
-20.1075546331437,3.73502172638579,323.880828868685,419,35.5761639799058
2.25957614840029,3.76554445298515,323.87849255328,419.5,35.5772376183526
-31.2255099122286,3.71986280028061,323.883193897717,420,35.5624008057111
35.4184698957372,3.81023442362019,323.877874042343,420.5,35.5792299048473
42.084189049732,3.81941363277868,323.871779886819,421,35.5992262229172
-31.2047282425151,3.72060457432632,323.875974093615,421.5,35.5843992846938
-12.6912383662487,3.74563360664131,323.876471626639,422,35.5783690380667
2.38658524395482,3.76618037377071,323.874018710125,422.5,35.5795030249324
-2.81760843103172,3.75916111309842,323.872243098682,423,35.5781642372391
20.0249326144532,3.79022151926387,323.867588701322,423.5,35.5876790914143
-29.5806544806835,3.72287946611038,323.871539602334,424,35.5736238324425
-17.0147008236737,3.73980049627338,323.872956129645,424.5,35.5655392910216
-9.7906380263539,3.74958457892747,323.872694598658,425,35.5608872657242
-16.8445700052629,3.73991308312264,323.873840574381,425.5,35.552883562025
-4.22213251053465,3.75708712654494,323.872534621128,426,35.5508774141932
-5.11489331938276,3.75589715266535,323.871243010255,426.5,35.5484470707312
29.8253088966817,3.80324639113823,323.865941883417,427,35.5626185773397
-9.2841957604793,3.75054767447677,323.865079636341,427.5,35.5582071882732
-9.80212533116417,3.7497989111051,323.864726718324,428,35.5535497047786
-5.22287084683407,3.75601609055691,323.863521517758,428.5,35.5510680557543
2.88434415540696,3.76708219362491,323.860934304125,429,35.5524385529519
19.3211622741514,3.78944646450641,323.856324116594,429.5,35.5616190103882
-20.9022778334365,3.7349011205276,323.858070819483,430,35.5516872853062
3.10741426921087,3.76752795689399,323.855644732208,430.5,35.5531637743512
-1.66465765402768,3.76109671383158,323.853695826061,431,35.5523728116482
-20.6164167831049,3.73524046552011,323.855606009159,431.5,35.5425769135504
20.4008560588391,3.79093099266085,323.851184702424,432,35.5522703878899
8.648596039007,3.77525246832764,323.847570090579,432.5,35.5563797715126
24.6062640702771,3.79690497131154,323.842556213384,433,35.5680714470318
18.3236229339403,3.78868975315569,323.83790452278,433.5,35.5767779232799
-17.600032631125,3.74002199046563,323.838888714239,434,35.5684152612332
-1.86789881722029,3.76134087629277,323.837233854879,434.5,35.5675277284159
-10.3023262843831,3.7498462306214,323.836917840689,435,35.5626325742524
-33.7202874254513,3.71785688702106,323.842313271649,435.5,35.5466103671482
24.5487624869566,3.79680831466724,323.837794754497,436,35.5582747207688
-6.87268015297108,3.75446551954549,323.83656184605,436.5,35.5550091642395
20.878951878608,3.79209955970305,323.832024721189,437,35.5649298059854
-23.8325942771848,3.73151898157876,323.834454990321,437.5,35.5536057399559
-18.3713861504277,3.7387711974116,323.83610581771,438,35.5448765689978
-0.548862044644043,3.76296971767595,323.834257207392,438.5,35.5446157769933
-14.4741870091643,3.74400380977427,323.83479226221,439,35.5377383616557
-43.468079184208,3.70446093651263,323.843211121455,439.5,35.517084487674
8.94528414281905,3.77551273439469,323.840312069261,440,35.5213348427595
0.960930819329255,3.76478901261839,323.837915487474,440.5,35.5217914293955
-1.97751947796676,3.76084312372316,323.836077604711,441,35.5208518102805
-38.6386233354495,3.71088473020675,323.842855671878,441.5,35.5024926540405
-21.9029356171996,3.7333507354757,323.845560476666,442,35.4920854660405
-2.8616311708141,3.75924201716547,323.844130336885,442.5,35.490725760926
28.0657284376318,3.80116346244173,323.839003703764,443,35.5040612022253
-24.0739283867466,3.73062391955615,323.841457881417,443.5,35.492622466204
-28.4274846908183,3.72450348835786,323.845614621768,444,35.4791151362865
-13.9834658444988,3.74402357116775,323.846390584042,444.5,35.4724708872927
-12.5006375264932,3.7459905005745,323.846681301067,445,35.4665312047255
-2.86400851641524,3.75911711442277,323.845137020397,445.5,35.4651703700143
-37.2486218228862,3.71221585155141,323.851560008636,446,35.4474716735097
27.675412721733,3.80027656343275,323.846823710998,446.5,35.4606216561515
-27.6289377091306,3.72536836612987,323.850208919895,447,35.4474937561292
33.2124171117757,3.80778295295295,323.845106388779,447.5,35.4632746484651
-16.1473851350476,3.74122396611502,323.845656138232,448,35.4556022124161
34.8619028502173,3.81020534686778,323.840404337846,448.5,35.4721668585137
-31.7334054453763,3.72023380427708,323.844772265883,449,35.4570887191209
-22.8363036128695,3.73208984544887,323.84757843514,449.5,35.4462380409709
-27.9601752579585,3.72493314455504,323.851590663743,450,35.4329527533041
-13.2703295559714,3.74480379803669,323.852199414271,450.5,35.4266473512829
-9.05520075258882,3.75051624244078,323.851778899704,451,35.4223447692794
9.3012899682934,3.77554266445137,323.848383054649,451.5,35.4267642806652
-4.32726323568598,3.75711140588436,323.846839084003,452,35.4247081799303
-9.74858927965629,3.74971736141841,323.846449795773,452.5,35.4200761341105
-6.36127626885334,3.75431347146627,323.845483440455,453,35.4170535713268
-46.2835975148317,3.69991404645193,323.854770692485,453.5,35.3950619027638
-10.5193424103743,3.74826329205103,323.855066531827,454,35.3900636333074
4.02402110386065,3.76811664226316,323.852393711668,454.5,35.3919756484307
-3.09245031083784,3.75850900809379,323.850690162713,455,35.390506269516
32.6201108960342,3.80684137910917,323.845326047062,455.5,35.4060057273333
0.650390973298947,3.76399660262525,323.842735424567,456,35.406314760846
-30.7139653035101,3.72121229605607,323.847190135576,456.5,35.3917210088155
-32.8441343708317,3.71805793382517,323.852641198923,457,35.3761151061609
20.6240154542618,3.79068844864707,323.848350862231,457.5,35.38591461477
21.9598298500254,3.79271835390905,323.843384757662,458,35.3963488360858
-31.9429769183178,3.71956368116024,323.847947000234,458.5,35.3811711187297
-44.1788185881455,3.70268626835175,323.856838227596,459,35.360179536656
-22.5360543587706,3.73176960724013,323.859771161645,459.5,35.3494715220507
25.445926751333,3.79696590385489,323.854962114045,460,35.361562163605
-14.0384165613467,3.74357360762988,323.855125027262,460.5,35.3548918047577
-14.817754666871,3.74243392074074,323.855878820391,461,35.3478511431199
7.07592168073451,3.77226458165683,323.852825739892,461.5,35.3512132699367
-30.0180477546016,3.72171770568076,323.857043954459,462,35.3369501833882
13.8564714887813,3.7813872296333,323.853353067549,462.5,35.3435340909666
-17.6565503688486,3.7385764861688,323.854423883281,463,35.3351445744958
-1.05221103474751,3.76117576068559,323.852614683687,463.5,35.3346446160316
-48.7584369505359,3.69620713623774,323.862675798852,464,35.3114770265907
-1.24701866923264,3.76058210445281,323.86129204311,464.5,35.3108845052065
8.15915527553073,3.77347401684979,323.857927591289,465,35.3147613308685
-11.691534139437,3.74650265605601,323.857778680631,465.5,35.3092060940763
-35.1359136246527,3.71442349384395,323.863669893893,466,35.2925112516574
-38.352961927392,3.7097715577524,323.87084999821,466.5,35.2742878275416
-1.54211361568137,3.75982175417047,323.869366913108,467,35.2735550916839
-18.911670501243,3.73610958510119,323.870914082002,467.5,35.2645692044156
13.9560144348771,3.78092329137676,323.867029163448,468,35.2712004098619
-38.7599697845535,3.70913528650053,323.873741513833,468.5,35.2527835958115
6.83284595658743,3.77116112512723,323.870977904195,469,35.2560302251076
2.52396736571659,3.76542035324498,323.868297998387,469.5,35.2572294891396
3.16340259395353,3.76638180017848,323.865572307888,470,35.2587325810579
-29.7708508335514,3.7214274233038,323.869780177717,470.5,35.2445869502184
-18.0907852534731,3.73717989871309,323.871463553749,471,35.2359911068808
6.3148983668879,3.77047542354746,323.868514478188,471.5,35.2389916331871
-34.34045711386,3.71501300925984,323.873989186091,472,35.2226747522249
15.6991315138805,3.78312103557169,323.870102316426,472.5,35.2301342003991
-5.56889533857302,3.75433978841161,323.868680827083,473,35.227488137709
16.1079844861964,3.78388731536281,323.864427380341,473.5,35.2351418525251
34.0382516438924,3.80815327814114,323.858771843623,474,35.2513151404459
-1.89474707744272,3.75992459663034,323.856544634057,474.5,35.2504148506677
-21.344637744682,3.73334308613767,323.858609897753,475,35.2402729381094
-57.1220986809996,3.6846663674352,323.871858277868,475.5,35.2131313516886
28.3571765441199,3.80033442686557,323.867287458458,476,35.226605274664
2.61318252001745,3.76579715435258,323.864382621827,476.5,35.2278469293097
-30.7366116242291,3.72028166841129,323.868816965111,477,35.2132424168715
-0.988117828111098,3.76072779983515,323.867126191129,477.5,35.2127729123182
-26.3136538943918,3.72612978763517,323.870439044932,478,35.2002699698894
24.5272958701526,3.79523094396457,323.86571067182,478.5,35.211924123639
-24.6067119804088,3.72857367056901,323.86830830013,479,35.2002322352951
-30.7635568727561,3.71998113013531,323.873091502818,479.5,35.185614919812
39.4164339804063,3.8149924734876,323.867770434408,480,35.2043436530691
30.0191879208696,3.80287200650132,323.862077456411,480.5,35.218607281368
14.9994313483069,3.78295178534985,323.857625168164,481,35.2257342667485
-12.124121237313,3.74615661914817,323.857445664225,481.5,35.219973486036
-9.5506063906559,3.74958642480291,323.857056585717,482,35.2154355118595
10.9624428851539,3.77749883477384,323.853458068054,482.5,35.2206443206711
-12.785445880961,3.74524258590036,323.853466727995,483,35.2145693113084
-62.5577533995754,3.67771417433693,323.868585142948,483.5,35.1848449715275
-38.1832948498615,3.70993108389413,323.876028403021,484,35.1667021647867
-10.9732775438194,3.74682611516297,323.87625995912,484.5,35.1614882078829
30.1628588922498,3.80266409825192,323.870992511495,485,35.1758201014973
-20.1711692712098,3.73456665487931,323.872439759805,485.5,35.1662357629203
-17.7756285828899,3.73770977996126,323.873881809703,486,35.1577896663918
4.22752668578384,3.76770415195181,323.87121109983,486.5,35.159798377268
-31.4531151601359,3.71901472663576,323.875825261851,487,35.1448534179084
6.60379939127119,3.77082167068147,323.872986620822,487.5,35.1479912156438
11.8096494205568,3.77802328850417,323.869058233569,488,35.1536025749557
1.28732887838307,3.76385165322078,323.866507681167,488.5,35.1542142497508
-25.7614030483359,3.72691620540203,323.869619188915,489,35.1419737095167
50.8740151458626,3.830131824238,323.864348610948,489.5,35.1661465167234
16.1505872664509,3.78441957567998,323.859600584011,490,35.1738204742663
10.3043981968431,3.77665926486575,323.855807354155,490.5,35.1787166128997
-8.56087670957361,3.75105755358805,323.854971314976,491,35.174648909149
-6.87261893903348,3.75330590055379,323.854031267472,491.5,35.1713833817056
-24.7166813344635,3.72888012265573,323.85693638307,492,35.1596392413822
-7.19141012338047,3.75264386831708,323.856253950291,492.5,35.156222240189
-24.7275229483207,3.72864106632059,323.859188138675,493,35.1444729484687
-18.3945136616899,3.73711403180663,323.860828827047,493.5,35.135732788465
-25.4468380608552,3.72735322576,323.86410282658,494,35.1236417139017
-9.61653719357555,3.7488425122893,323.863902464913,494.5,35.1190724126797
-8.51640216437008,3.75032722508475,323.863298824387,495,35.1150258410257
12.5280729108451,3.77902527208523,323.859480093578,495.5,35.120978559526
-17.00302123892,3.73887035439682,323.860389059823,496,35.1128995676642
-45.4327023918374,3.70001395333778,323.869492980805,496.5,35.0913122022352
10.1233466539099,3.77548943569207,323.866399186797,497,35.0961223141607
1.75506630081186,3.76424265469016,323.863802985038,497.5,35.0969562345659
11.7081526821986,3.77787079019662,323.859963920059,498,35.1025193676648
-32.5543076934432,3.71756272593108,323.864794277186,498.5,35.0870511762636
-42.955807078455,3.70315181873627,323.873308486863,499,35.0666407085634
13.0546930284065,3.77930963047454,323.869825161828,499.5,35.0728436508084
8.96676285687355,3.77393603771619,323.86618137011,500,35.0771042115128
