curr_dens,Volts_tot,Temp_tot,t_tot,SOC_tot
33.9265450040552,3.79705320284775,281,0,26
33.9265450040552,3.79745044834323,280.998239482003,0.5,26.0161202104694
-46.43828344088,3.6436049909052,281.010381648978,1,25.9940550428311
-8.87508232329725,3.71540534071962,281.012390207937,1.5,25.9898380441662
-0.615994202130041,3.73138941935057,281.012536043288,2,25.9895453542921
-13.6332748262377,3.70604501182979,281.014991351014,2.5,25.9830674986909
-42.6268908070069,3.64993666981327,281.026248763811,3,25.9628133156793
-1.22660954828232,3.72957727618253,281.026860758707,3.5,25.9622304916965
-25.5444829898513,3.68224914889706,281.032364444823,4,25.9500930211088
-1.26259133234214,3.72925849681192,281.032754730125,4.5,25.9494931003679
-14.2191935920819,3.70401904818821,281.035351495565,5,25.9427368452473
9.48982983046638,3.74999827421731,281.034245859509,5.5,25.9472459414187
16.9014429460472,3.76437097129392,281.032355199816,6,25.9552766683169
8.2917808500193,3.74804166156869,281.031096363036,6.5,25.9592165110698
3.07701555500304,3.73805535201104,281.030515378954,7,25.9606785561545
-12.7628325629552,3.70726359155107,281.032713517648,7.5,25.9546142915182
-0.446478655064698,3.73111954717003,281.032823473328,8,25.9544021470193
-39.0937794691245,3.6561869066019,281.042646293137,8.5,25.9358267231732
-14.9998057423592,3.70231460354837,281.045838670907,9,25.9286995598992
-11.8245645575716,3.7083632248239,281.048032434799,9.5,25.9230811136544
-13.5252482077039,3.70493958616869,281.050563306208,10,25.9166545869411
-21.4483059183439,3.68937156237392,281.055065570893,10.5,25.9064634164116
-24.3274551732569,3.6835496246878,281.060468221166,11,25.8949042170434
5.35697587300979,3.74116265729659,281.059852231257,11.5,25.8974495861206
16.9405546149769,3.7635917356244,281.057880811874,12,25.9054988969428
7.74220426062012,3.74612572251556,281.056590572255,12.5,25.9091776081751
-47.4214272864468,3.63948585237975,281.069567124487,13,25.8866452993731
-5.47317291265337,3.72001629768364,281.070870693695,13.5,25.8840447192293
-3.60551187326369,3.72364469956067,281.071334916343,14,25.8823315589225
-23.2911631588632,3.68523612201355,281.076217000629,14.5,25.8712647540901
-14.0043491580216,3.70310025682703,281.078963119473,15,25.8646105823822
10.3187403062113,3.75035127185128,281.07762975798,15.5,25.8695135356742
-19.6673123638206,3.69210783984903,281.081391717304,16,25.8601686048941
-8.99213863304622,3.71275641341148,281.08299895138,16.5,25.8558959868802
8.38040202280196,3.74652786259937,281.081797515804,17,25.8598779380164
-11.1510987412382,3.70862491045563,281.08355157835,17.5,25.8545794893046
12.5041910253075,3.7545351944423,281.081978897172,18,25.8605208603181
1.49386887223102,3.73339446461252,281.081436902582,18.5,25.861230672668
-37.9090442911294,3.65684431805035,281.090877625259,19,25.8432181761821
36.3528193173471,3.7993629760843,281.089063107456,19.5,25.8604912317933
-4.80829871585836,3.72121699438204,281.089323837652,20,25.8582065668712
-26.0612885444339,3.67974204798149,281.094936316464,20.5,25.8458235359321
-36.7222811064065,3.65884476594708,281.104274587872,21,25.8283749304146
-41.6353389887729,3.64899045039442,281.115617709052,21.5,25.808591883618
-50.5715454301129,3.63151387450228,281.1307297807,22,25.7845627950091
-17.7064461781665,3.69427876499008,281.13472812637,22.5,25.776149570526
-5.33672152483898,3.71836993354754,281.135537718104,23,25.7736138253098
13.6324826267829,3.75527163510628,281.133627736285,23.5,25.7800913044972
-1.43176074117209,3.72625715964065,281.133409711206,24,25.7794110028488
-2.95301202516859,3.72332747810798,281.133584199139,24.5,25.7780078780874
-25.8386737784769,3.67862396354924,281.13916127904,25,25.7657306226372
-22.7648714986746,3.68434273744885,281.144126686983,25.5,25.7549138854828
0.0269453079833255,3.72871505529875,281.144025542708,26,25.7549266885559
-18.0173130513846,3.69347214675023,281.147413929835,26.5,25.7463657555624
-7.17146102759281,3.71455283229072,281.148529313271,27,25.7429582331894
-33.3613471683759,3.6634241872675,281.15658647168,27.5,25.7271065766818
-11.0024371260067,3.70668835247041,281.158690255208,28,25.7218787645917
44.320997236349,3.81211097919017,281.156614570172,28.5,25.7429379029029
-13.9571021886917,3.70146590500843,281.158584692259,29,25.73630618061
-41.7430472034938,3.6474145883564,281.16966758554,29.5,25.7164719562152
-20.2220426484966,3.6886122997738,281.174101451999,30,25.7068634451341
-5.58511110178729,3.71710729016704,281.174881245365,30.5,25.7042096775181
5.50546439132022,3.73877294324709,281.173718027352,31,25.70682560097
-18.6506849706902,3.69164925971171,281.177159287694,31.5,25.6979637210736
-8.7628996316948,3.71085183042767,281.178536829146,32,25.6938000260564
-1.3222195695591,3.72538160391507,281.178406311265,32.5,25.6931717729365
6.38620187497725,3.74045761953671,281.177076564208,33,25.6962061791311
2.54331310965112,3.733105501092,281.176190233219,33.5,25.6974146353006
-32.1212801511818,3.66547455062254,281.183633272123,34,25.6821521970971
20.193705921377,3.76694552373314,281.181429563034,34.5,25.6917472439717
-15.1063299544837,3.6986126019508,281.183804044649,35,25.6845694656787
-6.82079718269964,3.71470816848276,281.184711665686,35.5,25.6813285613621
40.864065358468,3.80567377116029,281.182334671805,36,25.7007451372065
29.0252118224673,3.78425712539617,281.179327432253,36.5,25.7145364773928
11.1919800840017,3.75064220017223,281.177245306076,37,25.7198543508898
-12.584540019756,3.70446310257676,281.179042744603,37.5,25.7138748020217
11.219035801695,3.75069896651026,281.177320789352,38,25.719205531053
-11.4511414790738,3.7066921563791,281.178871068149,38.5,25.7137645169228
-15.0276312429168,3.6995719193922,281.181461170445,39,25.7066241323519
3.37512487844241,3.73536985260137,281.180653804886,39.5,25.7082278241924
-23.7946864365075,3.68236253052267,281.185387498158,40,25.6969217700875
-28.5967375714111,3.6727472667684,281.191880664195,40.5,25.6833340196009
-23.8484392307901,3.68165976791912,281.197034377036,41,25.6720024248358
-20.8162703517768,3.68732771950816,281.201293251644,41.5,25.6621115662406
-46.1652745969779,3.63812189481141,281.214204461013,42,25.640176118856
-5.63190801961325,3.71636893369178,281.215229134963,42.5,25.637500115667
25.6880819948512,3.77689929112676,281.212417696955,43,25.6497058173753
8.86507061669051,3.74502519337371,281.21046786452,43.5,25.653918058974
-23.6195491479032,3.68169783251914,281.215112471666,44,25.6426952214169
2.67235161816617,3.73289909453809,281.214417824421,44.5,25.6439649902816
-55.2600142812062,3.62079925678562,281.230929733633,45,25.6177081739554
7.46092693704785,3.74170167359856,281.229978278152,45.5,25.6212532361628
-17.8395156720046,3.69235371907981,281.233075164008,46,25.6127767836602
-18.4131692774243,3.69106916213248,281.236591947658,46.5,25.6040277594338
7.24079865214048,3.74112818961017,281.235173960557,47,25.6074682276048
-14.8060287540209,3.69813658558756,281.237500142854,47.5,25.6004331375388
-25.2460507695495,3.67757618287287,281.24289664345,48,25.5884374671316
-4.97911707037519,3.71704897868777,281.243451019903,48.5,25.5860716378048
-25.099206484167,3.6776141633596,281.248707038873,49,25.5741457405144
-29.7235261386845,3.66834322536066,281.255667225807,49.5,25.5600225960212
-13.9340522392964,3.69894661375911,281.258211988484,50,25.5534018259203
-52.712545384565,3.6237584876919,281.274013069315,50.5,25.5283554403873
-12.6191080857039,3.70086820402161,281.276571370303,51,25.5223594664898
-67.2900292667114,3.59573614068994,281.299583067318,51.5,25.4903865840716
-45.1623355796761,3.63658201073785,281.313119346606,52,25.4689276835339
-27.5036226650781,3.6703571138085,281.319814752537,52.5,25.4558593270013
-26.5452753311355,3.67201727534527,281.32595838481,53,25.4432463295607
-2.92577847223525,3.7183374617045,281.326064154736,53.5,25.4418561448321
-24.3010739434423,3.67631987172159,281.331172460041,54,25.430309480515
-4.80172508070723,3.71455789296573,281.331586578128,54.5,25.4280279390581
-5.668400664165,3.71291070124325,281.331936845456,55,25.4253345963756
-17.4762229250363,3.68967245550346,281.335066926995,55.5,25.4170307625567
41.8641402416684,3.80382037451066,281.332021239884,56,25.4369225243537
-31.0184394590348,3.66366788787335,281.338738147605,56.5,25.422184101315
14.1260231283963,3.75185153217432,281.336425845051,57,25.4288960864552
8.81609274996702,3.74179155614376,281.334206421576,57.5,25.4330850562023
-7.11019835697006,3.71076110448977,281.334627173769,58,25.4297066428101
-53.4200199288456,3.62071038400708,281.350631352177,58.5,25.4043241004844
-22.1266915151982,3.68057952487194,281.355585019231,59,25.3938105947863
56.2023166252005,3.82943681026608,281.353773509239,59.5,25.4205151464215
3.58378660323687,3.73175306535839,281.351906903045,60,25.4222179839581
-25.285434921218,3.6751531558139,281.356954343061,60.5,25.4102036001566
-0.57661579752308,3.72345247544511,281.3564421621,61,25.4099296209461
-33.7496106304134,3.65842817623533,281.364343165167,61.5,25.3938934809101
-5.34358784653564,3.71379974945408,281.364812700039,62,25.3913544731586
8.87489763913564,3.74165922992749,281.362686454569,62.5,25.3955713840707
-13.1049730249304,3.69871203078062,281.364364919992,63,25.3893445512667
-38.3209648561593,3.64928285922244,281.374081944977,63.5,25.3711363305712
-3.66488922218494,3.71679801380312,281.374270926234,64,25.369394957095
-0.712430207745432,3.72263746798474,281.373507096706,64.5,25.369056445617
-33.3152528929986,3.65867020308294,281.381280810164,65,25.3532266908214
15.4745453627875,3.75393234769236,281.378746611295,65.5,25.3605794268025
-9.0925684275943,3.70615131169069,281.379423951649,66,25.3562590895344
-21.3035010947361,3.68206409061676,281.383431703753,66.5,25.3461367230706
-19.0732007863304,3.68625050771602,281.386966979444,67,25.3370740846273
0.888453930493004,3.72540125732845,281.386071752899,67.5,25.3374962338427
-8.42429998799198,3.70716549734449,281.386732892977,68,25.333493424572
-11.4707237171662,3.70112946664941,281.388173467217,68.5,25.3280431059341
-18.2172915968718,3.6877636643378,281.391350278445,69,25.3193871530604
-4.8360689826135,3.71398783214453,281.391471561933,69.5,25.3170892930857
-55.2796335841549,3.6157960742248,281.408333845924,70,25.2908231546404
-5.55436406895476,3.71198790297832,281.409084718172,70.5,25.2881839964885
24.4874075649049,3.77042452429116,281.405563261977,71,25.299819197295
-9.41902847330278,3.70478520123992,281.406187427008,71.5,25.2953437424148
-18.0437227231416,3.68773044876325,281.409259212064,72,25.286770260856
10.028444334122,3.74276472805224,281.407002295433,72.5,25.291535279909
-31.4812957340835,3.66140985722522,281.41398637674,73,25.2765769305392
-39.047418497278,3.64633384590578,281.424247448445,73.5,25.258023535126
-11.4011764060803,3.70014762613357,281.426017295034,74,25.2526062619188
-10.303420250186,3.70226811012656,281.427181940665,74.5,25.2477105879571
5.27603546027643,3.73290881506153,281.425409152283,75,25.2502174981672
2.86225982602874,3.72832016069346,281.423838931579,75.5,25.2515775019874
-6.63202805115185,3.70974130683052,281.424019303022,76,25.2484262913938
-26.1640234421066,3.67122757605275,281.429424157311,76.5,25.2359944459299
-30.2284074120361,3.66298756415557,281.436421977115,77,25.2216314069121
-13.7884898525853,3.69505125289549,281.438633318327,77.5,25.2150798008334
-11.8307916407455,3.69883882362434,281.440161465659,78,25.2094583957877
34.0203356140302,3.78760097783739,281.436438699502,78.5,25.2256231709002
23.0009520813803,3.76726714184129,281.432582266594,79,25.2365520818313
-19.2823519101196,3.68495314540127,281.435583313953,79.5,25.2273900651538
15.2088863857738,3.75244665470417,281.432738167871,80,25.2346165731732
-5.14908768825964,3.7128788039543,281.432448388376,80.5,25.2321699822442
-6.02839622894692,3.71113064328473,281.432529683346,81,25.2293055875353
13.3012565603427,3.74894355837451,281.429729462847,81.5,25.2356256845341
8.87509654169623,3.74054377630619,281.427237212607,82,25.2398426899548
-6.45332451055496,3.71062927157794,281.427260647819,82.5,25.2367763904148
-71.3366707247772,3.58553684541945,281.452007603962,83,25.2028807448037
-15.6045834385275,3.69168330817788,281.455186313908,83.5,25.1954662211826
-11.9107496839521,3.69886108492142,281.456673301243,84,25.189806824043
-1.06206315794527,3.72019448828258,281.455847151521,84.5,25.1893021843387
-31.1669182105512,3.66094554221975,281.462776820733,85,25.1744932115661
-4.86668944616237,3.71244696965528,281.462895935203,85.5,25.1721808022667
-13.7394165520047,3.69494030409358,281.464700459329,86,25.165652513385
-43.225717418866,3.63706528350153,281.476356501399,86.5,25.1451137976862
-32.2099518977742,3.65797897806501,281.484257474851,87,25.1298092270694
-14.4473524380794,3.69266455644909,281.486594541833,87.5,25.1229445621883
-10.7370831036839,3.69993002742208,281.487788893297,88,25.1178428331605
-17.8384200506425,3.68583915779754,281.490754140029,88.5,25.1093669012428
14.6983668057125,3.74975850413399,281.487747431617,89,25.116350835694
-2.54345592613136,3.71624535995605,281.486870617957,89.5,25.1151423116653
-26.8721882691009,3.66822812939451,281.492402451206,90,25.1023739814207
-31.4759848709588,3.65890801963458,281.499801894133,90.5,25.0874181555095
7.37810047918462,3.7352702279226,281.497785647735,91,25.0909238626946
0.0708503543336416,3.72108493482438,281.496477630137,91.5,25.0909575272668
-17.2237814426396,3.68696642428773,281.499102592327,92,25.0827736411122
-42.7161738579988,3.63681452345373,281.51064295927,92.5,25.0624770352257
-12.7800302576304,3.6951658694727,281.512654661854,93,25.0564045990984
-10.5566284469717,3.69951210466976,281.513740398232,93.5,25.0513886131679
-6.50064622762074,3.70751258327025,281.513877967047,94,25.0482998286965
12.0907636835182,3.74409648433575,281.510942889369,94.5,25.0540447595549
55.2408653616517,3.82469635434478,281.507989316103,95,25.0802924772648
-14.9058037898347,3.69190814968112,281.509467681841,95.5,25.0732099790535
-27.4272731067922,3.66705897477097,281.515191568732,96,25.060177900042
44.1074687835283,3.80502968723371,281.511744602285,96.5,25.0811355802294
1.69090597354095,3.72485211152825,281.509810139457,97,25.0819390148313
24.3282609389904,3.7687839228265,281.505951770556,97.5,25.0934985970594
-0.877362008644003,3.7201828705752,281.504595880344,98,25.0930817181749
-0.164177586715807,3.72160076020151,281.503342551192,98.5,25.0930037091335
-14.8941005793275,3.69257284066516,281.505205621353,99,25.085926771707
-49.840969351922,3.62423113291737,281.519425556942,99.5,25.0622448165933
-3.33300849165558,3.71467315738612,281.519331236216,100,25.0606611363696
4.92158792888487,3.73093406979251,281.517265383139,100.5,25.0629996307034
0.0943689258056182,3.72156299636821,281.515889303968,101,25.0630444701336
-41.7342054385863,3.63939368476646,281.526580600182,101.5,25.0432144469066
-30.585112842352,3.66060561757359,281.533700661261,102,25.0286819191709
6.55864092560141,3.73356480679772,281.531679459346,102.5,25.0317982598446
-8.65572178573619,3.70373075521236,281.532001867752,103,25.0276854904207
-14.7944634019744,3.69154109066308,281.533953343511,103.5,25.0206558956361
-20.5153934015321,3.68010574709248,281.53754495741,104,25.0109079988357
-27.7252316901891,3.66568845566091,281.543454048488,104.5,24.9977343446924
26.6289437116974,3.77190153411572,281.539636018843,105,25.0103870971952
-14.0228541064,3.69290685238041,281.541040130108,105.5,25.0037241328542
-31.8982339932272,3.65752839350975,281.548255699034,106,24.9885676751155
-6.18064104446889,3.70798675334079,281.548456807723,106.5,24.9856309412259
-48.9805172118895,3.62396864091325,281.562431985302,107,24.9623578302663
-5.79415515085741,3.70822091702461,281.562782759991,107.5,24.9596047352927
-14.1052418428836,3.69176474528666,281.564533068471,108,24.952902624388
6.92572266053452,3.7332495307369,281.562183393874,108.5,24.9561933840845
-29.7105437572539,3.66099996849005,281.568458876007,109,24.9420764081747
-10.1624059428151,3.69937363627452,281.569506735671,109.5,24.9372477372135
-3.30074250593112,3.7129333141699,281.568829701814,110,24.9356793881849
-38.0876127394438,3.64426059484034,281.578291684809,110.5,24.9175820448344
-8.58476988146866,3.70211097918134,281.579081936032,111,24.9135029882342
8.06032217215417,3.73497698128757,281.576475254702,111.5,24.9173328533104
-32.4260986073072,3.65511116007152,281.583702678961,112,24.9019255805042
2.93429773189942,3.72476656034288,281.582135481239,112.5,24.9033198131622
12.2879104978608,3.743230241445,281.578877615888,113,24.9091584184027
-7.71607169545522,3.70404568812712,281.578861645908,113.5,24.9054921240685
-64.4727587264715,3.59339603122409,281.600380362712,114,24.8748578687948
-16.3798166792771,3.68606625420084,281.60349177395,114.5,24.8670749928112
33.2873387827579,3.78283726790846,281.599154603997,115,24.8828914842069
-31.367581068154,3.65685847018257,281.605734733783,115.5,24.8679871664028
7.90604118572812,3.73424171028729,281.60334050174,116,24.871743724811
-16.132620828904,3.68684836825682,281.605392894394,116.5,24.8640783040275
-20.9451776823199,3.6771690447364,281.609072779976,117,24.8541261950663
-6.06949079165824,3.70651872812447,281.609004112658,117.5,24.8512422742606
-13.509230610989,3.69175084458473,281.610516174077,118,24.8448233583143
22.0302106045244,3.76147682517815,281.606498478704,118.5,24.8552910210718
-16.3689402789337,3.68635066149054,281.608462618247,119,24.8475133130139
-34.694038103558,3.64999417065411,281.616715959591,119.5,24.831028427913
-22.6859790688273,3.67329379187518,281.621161668202,120,24.8202491765259
-30.3449544606061,3.65793183892494,281.627995542337,120.5,24.8058307601346
10.8237133219304,3.73917314427767,281.625146454481,121,24.8109736515428
-1.26663711667918,3.71557105512718,281.623736062448,121.5,24.8103718084459
0.462085744521014,3.71905696739594,281.622122446913,122,24.8105913686592
0.74287225928861,3.71969241386101,281.620440966776,122.5,24.8109443446894
-5.85826679168112,3.70669351325932,281.620042880188,123,24.8081607870457
-20.6658977048297,3.67727655583878,281.623483246512,123.5,24.7983413780697
-36.5064096092135,3.64580269525345,281.632498783605,124,24.7809953439742
12.3297500346688,3.74201091564172,281.629532728584,124.5,24.7868538292862
-18.85642654083,3.68052852444948,281.632271502753,125,24.7778941912063
-3.01350125490125,3.71185465562464,281.63148993009,125.5,24.7764623249649
-10.1260684864268,3.69776641090112,281.632085637134,126,24.7716509197597
0.393471553484995,3.7185973194245,281.630555711357,126.5,24.7718378779146
-22.2896045969128,3.67362169675983,281.634418537455,127,24.7612469640052
-20.7563145749249,3.67644694273697,281.63809169686,127.5,24.7513845934197
2.36901359622856,3.72221002274708,281.636329554998,128,24.7525102311105
33.4472218061601,3.78234880451769,281.631697002148,128.5,24.7684026909842
-20.8823804705582,3.67665294864933,281.634790902216,129,24.7584804201415
14.3801957601818,3.74615422465319,281.631405750877,129.5,24.7653131755022
19.4767311730814,3.75624592596354,281.627241019434,130,24.7745675515586
12.8985941334994,3.74376256350188,281.623648067456,130.5,24.7806963233557
6.32682746822308,3.7310917189286,281.620940038139,131,24.7837025177789
-22.4142950267069,3.67430349636691,281.624665137639,131.5,24.7730523571654
26.5889089247968,3.77018572449511,281.620537698804,132,24.7856860871243
13.7415657894648,3.74581586449267,281.616834487638,132.5,24.792215397217
13.3097987089183,3.74516055823307,281.613297245512,133,24.7985395530209
8.0790099811951,3.73512743326192,281.610381964243,133.5,24.8023782976164
-9.85472579048781,3.69985975363671,281.610730108779,134,24.797695820994
14.1146210592994,3.74691428525746,281.60735834974,134.5,24.8044023884368
23.3858179948365,3.7649568886985,281.60312093899,135,24.8155141685497
-51.1412355792321,3.61937424669639,281.617360125077,135.5,24.7912143914548
4.77632901726366,3.72854766432886,281.615627873485,136,24.7934838659627
-10.2593402737602,3.69893015276364,281.616098133388,136.5,24.7886091366182
-3.43741567123303,3.71234734299054,281.615268815833,137,24.7869758472843
38.2615713070839,3.79262144063964,281.611005061841,137.5,24.8051558471129
13.7301247859316,3.74651789268787,281.60727737682,138,24.8116797210085
34.6440311897908,3.78651454358877,281.602912045242,138.5,24.8281408453057
-17.0722340040072,3.68648934379241,281.60477938192,139,24.8200289669728
-21.2164773963896,3.67807446026064,281.608293211746,139.5,24.8099479498517
-18.7719996837528,3.68264361869877,281.611186752874,140,24.8010284272243
-17.5661548856147,3.68481177019779,281.613735917897,140.5,24.792681862201
-5.81329423837135,3.70790232504919,281.613462806955,141,24.7899196732827
-20.71324663428,3.67834873252651,281.616766451642,141.5,24.7800777664453
21.3944190945318,3.76085173905821,281.612915417674,142,24.7902433326304
1.13411281215412,3.72167630172344,281.61095810647,142.5,24.7907822067547
8.69052024239964,3.73655485429057,281.608078638642,143,24.7949115106782
-27.9980993924784,3.66424663065142,281.613457867115,143.5,24.7816082033448
-31.7295871170304,3.65655727982048,281.620551583788,144,24.7665318782321
-42.8819765951928,3.63437006789493,281.632003586095,144.5,24.7461564911134
-1.90923633965084,3.71471100087884,281.631269836141,145,24.745249316757
-3.50717687531686,3.71158922928638,281.630350176756,145.5,24.743582880361
-15.3252207802032,3.68815755819022,281.632169455778,146,24.7363010960108
-51.7771578341373,3.61653526779902,281.647368135945,146.5,24.7116991602201
-30.0236162007843,3.65827722106036,281.654354581274,147,24.6974334278224
-8.06209773476484,3.70156064517261,281.654724679029,147.5,24.693602719087
8.81550018677785,3.73492273535515,281.651787893689,148,24.6977914072775
7.00201968032507,3.73154002388058,281.648938473919,148.5,24.7011184195313
24.2311895750464,3.76510540641686,281.644498386937,149,24.7126318782647
9.41901471134665,3.73676549391483,281.64121933237,149.5,24.7171073266059
-10.9169300581155,3.69675041962586,281.641762408113,150,24.7119201432309
-17.0990675879744,3.68437807768362,281.644100883662,150.5,24.7037955149107
-32.5224417235597,3.65369261305226,281.651405612549,151,24.688342464637
-5.09383369983862,3.70769673936316,281.651129316966,151.5,24.6859221276611
-26.0661384627302,3.66605266057333,281.656127630482,152,24.6735367922816
-34.081834345536,3.64994549786052,281.664187521727,152.5,24.6573427960239
7.3975677553586,3.73179536613637,281.661726164186,153,24.6608577530926
-10.7534703392673,3.69600553305301,281.662269636617,153.5,24.6557482376637
4.56491945246601,3.72631848588682,281.659951592094,154,24.6579172608384
-35.3616460234495,3.6472984862732,281.668119912975,154.5,24.6411151615862
-11.7448279082121,3.6937098595702,281.669398125999,155,24.63553460224
-5.30484635288828,3.70645414391516,281.668901601408,155.5,24.6330140025236
14.5311214825795,3.74556120944204,281.665218257204,156,24.6399184702974
20.8529386058653,3.75802895014552,281.660838831485,156.5,24.6498267518271
-16.6930463545722,3.6843908337504,281.662747369958,157,24.6418950446468
-15.4780177666735,3.68663981703778,281.664715961821,157.5,24.6345406587517
-35.8981672164965,3.64606280321547,281.673294391809,158,24.6174836312553
0.357037448704295,3.71758573682917,281.671965152335,158.5,24.6176532777317
-25.232616639053,3.6667843219725,281.676652117251,159,24.6056639905566
15.5916635988906,3.74735775578046,281.673060856535,159.5,24.6130723753111
-14.2842327686439,3.68857562035767,281.674387579183,160,24.6062852168015
-10.9374904475568,3.69511946203619,281.675177051915,160.5,24.6010882641499
-28.1005088936942,3.66091944911344,281.680933603947,161,24.5877362969039
-40.7953649182149,3.63559671190955,281.691685961884,161.5,24.5683523640992
8.62103944373192,3.73312817403915,281.689068631242,162,24.5724486541953
9.93381431819623,3.73589058238711,281.685716056986,162.5,24.5771687097611
-10.4173541970981,3.69575660129895,281.686115954205,163,24.5722189000422
14.2322746769647,3.74442360870705,281.682462988076,163.5,24.5789813706451
-1.49497623501715,3.71368473682297,281.680892986841,164,24.5782710321314
-28.2042779818998,3.66060716901761,281.686544586428,164.5,24.5648697589646
-49.1213311287983,3.61925847183018,281.700841549528,165,24.5415297402201
-32.8355666895398,3.65051338271214,281.708842005288,165.5,24.5259279085024
-18.8207530876131,3.67801600656512,281.712004483327,166,24.516985220677
4.93664292176789,3.72520131342082,281.709606351169,166.5,24.5193308683963
7.77753667439359,3.73095652742654,281.706524317856,167,24.5230263678381
-30.9988531848226,3.65401323199135,281.713118147832,167.5,24.5082972512249
9.46628998929736,3.73415407904509,281.710194232803,168,24.5127951624319
-29.4864102598627,3.65689096347201,281.716237091926,168.5,24.4987846836367
4.00139889315733,3.72328237427906,281.714102217669,169,24.5006859498081
-39.0571468051138,3.63781447237198,281.723804370972,169.5,24.4821279319859
-14.2582854305642,3.68662297271842,281.725743962128,170,24.4753531023637
11.0438301628641,3.73682274369963,281.722376791944,170.5,24.4806005823707
-6.80158587527573,3.70166182315833,281.721881773388,171,24.4773688063138
26.6327452966359,3.7672159831019,281.717152790515,171.5,24.4900233651411
-18.7553664506266,3.67821407179552,281.719562777475,172,24.4811117458006
-4.16074512654918,3.70715145742762,281.718794747624,172.5,24.4791347662071
-27.4153839439565,3.66079899942314,281.724226092221,173,24.4661083363357
-14.3486337147724,3.68655248078583,281.725997634069,173.5,24.4592905776927
57.0270987574554,3.82290191691803,281.722423206269,174,24.4863870248645
-17.1408530099215,3.68170936443716,281.724112283294,174.5,24.4782425421855
20.4042862030981,3.75569191834529,281.719883466877,175,24.4879376463593
2.77712143841316,3.72147817230402,281.717398842762,175.5,24.4892571966431
-49.216977869089,3.61870850927965,281.731209080746,176,24.4658717313143
-9.44592650287813,3.69667894896985,281.731979652104,176.5,24.4613834958254
1.5077849210548,3.71842627266125,281.729975125847,177,24.4620999203911
-13.7748698372579,3.68806919340212,281.731200597857,177.5,24.4555547858677
-30.489114797516,3.65467332624632,281.737752437076,178,24.4410678716387
-5.09745071632361,3.70494572287334,281.73728917621,178.5,24.4386458160361
27.0354364903818,3.76787490970667,281.732490104243,179,24.4514917137337
29.2913188495499,3.7725176399749,281.727396060018,179.5,24.4654094947728
41.8780971027078,3.79635652780008,281.72248133579,180,24.4853078881775
12.7456951676699,3.74153550575053,281.718481248216,180.5,24.491364009974
0.150437977795796,3.7169128895028,281.716508034216,181,24.4914354906351
15.8689817229764,3.74779330588814,281.712545748123,181.5,24.4989756431994
15.3263272180801,3.74693615612228,281.708513634784,182,24.5062579532739
6.99411796519235,3.73083312172684,281.705464389402,182.5,24.5095812110248
-29.4931719961094,3.65859533366187,281.711226803739,183,24.4955675193881
-38.9223169535049,3.63964649308066,281.720914746868,183.5,24.47707356602
-7.94694879877567,3.70054413877121,281.721157847532,184,24.4732975703444
-37.0529823561924,3.64273266446324,281.729941099977,184.5,24.455691832005
-11.8152314783824,3.69235797366314,281.731088668908,185,24.4500778203763
-19.0426041877073,3.67785712409083,281.733875898206,185.5,24.4410297199182
-15.0907233994724,3.68554896991207,281.73565246987,186,24.4338593570857
48.2602443904518,3.80758719681476,281.731367802042,186.5,24.4567902301464
15.9015382022675,3.74738483069167,281.72696373812,187,24.4643458519339
26.7440266946191,3.76845162017064,281.722137470469,187.5,24.4770532861587
-22.7385311841595,3.67152132858502,281.725543615744,188,24.4662490646146
-44.3566623742184,3.62865985127718,281.737365405312,188.5,24.4451729799998
12.3831187062609,3.74033788245421,281.734192243034,189,24.451056823456
2.22600337162561,3.72054694579751,281.731820891613,189.5,24.4521145097854
-3.16798142769809,3.70991832413183,281.730537419016,190,24.4506092422325
-25.5327247144059,3.66541576458149,281.735142737592,190.5,24.4384773585938
-6.5188061420514,3.70297458804891,281.734870130373,191,24.4353799454323
-42.8798767205568,3.63088094763852,281.745985949074,191.5,24.4150055560699
-12.1898150431057,3.69114492308444,281.747289203928,192,24.4092135609211
-27.3748325974426,3.66079795779623,281.752688737524,192.5,24.3962063990371
-18.0856723939321,3.67900166849262,281.755391976143,193,24.3876129850766
24.8070003441776,3.76343143163884,281.750779401728,193.5,24.399400040511
13.7630933417281,3.74241588320466,281.746662712819,194,24.4059395794281
-22.5581801498671,3.67057421287468,281.750185903179,194.5,24.3952210517449
-15.2014859054404,3.68499219176422,281.75198925939,195,24.3879980600665
5.06686928678035,3.72519306842769,281.749395674702,195.5,24.3904055848915
8.44922057825652,3.7319797164505,281.746102078198,196,24.3944202351899
-57.5451996888042,3.60192309358536,281.76377350381,196.5,24.3670776121679
-25.021010799735,3.66485186088109,281.769012633721,197,24.3551888695859
-40.856343616456,3.63324533298678,281.779684337458,197.5,24.33577596273
3.27570744364347,3.7206213738861,281.777654391687,198,24.3373324163395
16.5705362730202,3.7468937464598,281.773335927718,198.5,24.345205912809
-21.20878988651,3.67218463374233,281.776452629624,199,24.335128548411
2.47653099205119,3.71924560787893,281.774301314071,199.5,24.3363052730324
-31.9117304072797,3.65078243104295,281.781137642662,200,24.3211424024676
-15.3404661320113,3.68346021182318,281.783112508091,200.5,24.3138533742828
12.733790999375,3.73916039528388,281.779382234547,201,24.3199038398094
2.65829192615768,3.71950392898407,281.776835466502,201.5,24.3211669282062
2.60580395038136,3.71949514114386,281.774395989682,202,24.3224050769219
14.3206103430544,3.7426631183626,281.770334445805,202.5,24.3292095202494
-20.1197713227442,3.67449319145796,281.773107194811,203,24.3196496034268
-0.0319226612620973,3.71437917172885,281.77139156812,203.5,24.3196344353624
-19.8669561016062,3.67484258370951,281.774242789647,204,24.3101946437861
26.1036295188778,3.76534507223168,281.769531986659,204.5,24.3225977930548
8.34388523446713,3.73120000442254,281.766017228366,205,24.3265623932254
11.8030496684263,3.73813536571816,281.762222570053,205.5,24.3321706166627
5.24330648003848,3.72539957334904,281.75929980547,206,24.3346619756856
9.3043594918509,3.73349778929376,281.755869096188,206.5,24.3390829455567
-13.6253785479812,3.68811083987007,281.756855721837,207,24.332608841875
-32.750372625602,3.64991244088073,281.764054042545,207.5,24.3170474901484
-29.9963942994349,3.6549553853029,281.770555354418,208,24.3027946922472
11.110115229621,3.73639796963128,281.767237266708,208.5,24.3080736676283
-48.9686863914389,3.61752332560957,281.78087664604,209,24.2848061780874
-6.03772240442021,3.70204309188754,281.780759091005,209.5,24.2819373520427
11.6756609828285,3.73716266045732,281.777062173809,210,24.2874850466986
26.8440337503934,3.76672930319811,281.772001046272,210.5,24.3002399993132
-10.5890892600108,3.69355940394715,281.772068816803,211,24.2952085896153
-40.4572271815073,3.63410265921161,281.782242853868,211.5,24.2759853230818
-7.21355133557358,3.69974343703952,281.782254198503,212,24.2725578014834
-26.9707475255097,3.66024486350261,281.787435719236,212.5,24.2597426407715
-19.861740992508,3.67413557461317,281.790612523741,213,24.2503053271562
34.2648654727741,3.78020141034834,281.785622036495,213.5,24.266586290722
-29.4889562167176,3.65529800436444,281.791245816782,214,24.2525746022144
8.09306630419035,3.72988111959497,281.788263870882,214.5,24.2564200256771
-17.2769371836572,3.67948990838663,281.790257911019,215,24.2482108825523
-9.83582836334021,3.69420979841264,281.790575337548,215.5,24.2435373850495
-36.1425185111082,3.64168667188799,281.799113046009,216,24.2263642539446
-42.0532202182066,3.62958261607906,281.810436441789,216.5,24.2063826507265
15.124135152997,3.74285414888589,281.806682780827,217,24.2135688891661
-40.2365844936271,3.63296426926357,281.816656989158,217.5,24.1944504610878
17.3104046929814,3.74697861859226,281.812637256603,218,24.2026755063121
-14.2597478901868,3.68458094084532,281.813722082714,218.5,24.1958999818016
-11.6949089469477,3.68961080314502,281.814457408048,219,24.1903431414684
-16.727973349141,3.67944660437302,281.816524854658,219.5,24.1823948387137
-48.4188741922953,3.61639439201071,281.830430356144,220,24.1593885926437
4.54692026534191,3.72133727015681,281.828167456169,220.5,24.1615490634978
-16.5671551975934,3.67923245955436,281.830028356434,221,24.1536771735476
-0.60861249092316,3.71109445028037,281.828281292011,221.5,24.1533879910963
7.67779564510845,3.72765013353828,281.824933453197,222,24.157036098551
1.51834582148917,3.71558579144339,281.822527484239,222.5,24.1577575411324
-9.19636218797643,3.69425131830168,281.822451395471,223,24.1533878862205
10.7447254123852,3.73391203673119,281.818780537679,223.5,24.1584932464941
-39.4398651720749,3.63404462012969,281.828431540482,224,24.1397533798975
-49.6867101944993,3.613409555563,281.843229445705,224.5,24.1161447210798
-12.0545010582835,3.68766613844886,281.844529659731,225,24.1104170204212
-31.4801014541534,3.64865868336146,281.851470697441,225.5,24.095459238514
10.4182036635446,3.73219639867316,281.848027924924,226,24.1004094518572
-71.6219490107757,3.5703445886603,281.873751890329,226.5,24.0663782561625
-36.6443386398396,3.63735369355817,281.883621769354,227,24.0489666850368
-12.707332209551,3.68500876028248,281.884924116559,227.5,24.0429287914141
-24.0612671110957,3.66210429369315,281.889338217646,228,24.0314960714025
28.5709610803145,3.76644056344731,281.884048773351,228.5,24.0450715741798
-15.5281117093714,3.6796015063895,281.885355037739,229,24.0376933861292
-8.90064475905091,3.69283960146666,281.885339820418,229.5,24.0334642414636
-21.8587759645082,3.66673680001953,281.888914740006,230,24.023078035939
-4.26499106868237,3.70196389901012,281.887891437454,230.5,24.0210515238474
-7.3414746315888,3.69582548285161,281.887367527002,231,24.0175632194473
35.5328293903626,3.77981461863855,281.881773426004,231.5,24.0344466565399
0.54281163722681,3.71218326545824,281.879186406366,232,24.0347045736911
13.6601302986469,3.73827484531875,281.874888581106,232.5,24.0411951896801
-37.838631919926,3.63562540332994,281.883853847923,233,24.0232161496585
-12.6409105545873,3.68561895474674,281.88503126031,233.5,24.0172098163098
-45.9787937067247,3.61895641084482,281.897830014819,234,23.9953629753895
-2.825831590022,3.70475698987386,281.896782208647,234.5,23.9940202804591
4.9308567611297,3.7203300313392,281.893716607389,235,23.996363178882
1.8541284694491,3.71433646662388,281.891117578892,235.5,23.9972441687134
-41.8999212955789,3.62678470170605,281.901961769478,236,23.9773354055354
1.48352124070921,3.71325327780097,281.899976471915,236.5,23.9780403012043
-19.3432504620107,3.67148351764274,281.902599300964,237,23.9688493485573
-16.8705586748838,3.67629428885524,281.904726731316,237.5,23.9608332963321
4.6075980785015,3.71932527071064,281.901852209681,238,23.9630225982718
-35.3185873730447,3.63930195584171,281.910016059626,238.5,23.9462409583533
-22.8606684727785,3.66386409532909,281.914215264996,239,23.9353787032311
-11.7563842660959,3.68604924690438,281.914977312723,239.5,23.9297926528771
-3.66083032762002,3.70231034874638,281.913643958484,240,23.9280532079862
-19.3474719548253,3.67073624487052,281.916340741003,240.5,23.9188602494953
-11.9465819450622,3.68550851823967,281.917103437461,241,23.9131838266435
-19.1427716613406,3.6709263296701,281.919838980196,241.5,23.9040881315731
21.4097712929484,3.75173043894039,281.914830399027,242,23.9142609923611
0.405754626874831,3.71053696349838,281.912312684077,242.5,23.9144537868229
-28.5013437505671,3.65243004441542,281.917955619808,243,23.9009113627457
-0.373944507736086,3.70877784988863,281.916116404116,243.5,23.9007336828739
-47.5707897513627,3.61425428047775,281.929581142277,244,23.8781304044412
8.47735946633868,3.72603782851216,281.926420801875,244.5,23.8821584249427
-71.4350078491592,3.56757516892279,281.952275112075,245,23.8482160544104
-14.7861776038223,3.67863346603915,281.954570528724,245.5,23.8411903966258
1.2409410994574,3.71091085658767,281.952195488577,246,23.8417800302505
-46.4558029732856,3.61516098906248,281.965270033005,246.5,23.8197065381999
-11.985609282329,3.68385763197081,281.966388504489,247,23.8140115714942
-28.7129630597444,3.6499985495414,281.972368895729,247.5,23.8003685964236
-3.8811991166869,3.69996221233632,281.971219930718,248,23.7985244432207
-27.3511634650589,3.65254867690682,281.976610062758,248.5,23.7855285277337
-14.8358187960003,3.67761968213757,281.978253469158,249,23.7784792829182
17.2427690385564,3.74190736880658,281.973389636443,249.5,23.7866721910361
-71.2961605183061,3.56597759685903,281.999290107842,250,23.7527957938647
1.70704695472452,3.71051833010293,281.997539574606,250.5,23.7536068978597
-20.8851683622769,3.66493710826496,282.000661732315,251,23.7436833023493
11.5018721320817,3.730113577711,281.996521321946,251.5,23.7491484211682
-20.1498410009921,3.66656086829799,281.999270628274,252,23.7395742167267
-14.4704436081132,3.67791426914762,282.000656791054,252.5,23.7326985800676
27.405062362551,3.76126468225026,281.994897489312,253,23.7457201056358
12.6793222982633,3.73290862996348,281.990131830042,253.5,23.7517446903388
18.1460226862765,3.74390710260902,281.984878062955,254,23.7603667797631
23.9401873563246,3.75547034628625,281.979125624356,254.5,23.7717419686842
-32.878425810675,3.64221469712187,281.986027436458,255,23.7561197724391
-16.8709874722777,3.67407729665063,281.988172570963,255.5,23.7481035164706
3.77857334075019,3.71558283282594,281.985227447319,256,23.749898906998
-1.5234605202666,3.70506094305056,281.983087482951,256.5,23.7491750341655
12.5369816517902,3.73318936808184,281.978636678945,257,23.7551319856574
-25.1086555217017,3.65773173337892,281.982853816254,257.5,23.7432015986533
-18.5951519317209,3.67060362675438,281.985414817324,258,23.734366105301
-25.1903905762799,3.65710281779938,281.990042838104,258.5,23.7223968818553
-49.7864040378898,3.60768505003271,282.004857657976,259,23.6987408534708
1.70743169861104,3.71064380502301,282.002714907957,259.5,23.6995521402771
-20.6531744394184,3.6655462612811,282.005655709066,260,23.6897387767653
-48.8947681332754,3.60871922976697,282.020080346905,260.5,23.6665064095123
-20.7613890273763,3.66456935197307,282.023744011016,261,23.6566416277988
-34.6166611559812,3.63639557315971,282.032040078101,261.5,23.6401935083834
-40.1170074459929,3.62497016730348,282.042846882722,262,23.6211318973837
-4.00295187609736,3.69768418953732,282.041753837742,262.5,23.6192298933118
-58.0389970022221,3.58906906268967,282.060768915903,263,23.5916526423128
13.4112558890048,3.7321477112255,282.056712797269,263.5,23.5980250055335
-41.0256279482136,3.62242172778629,282.067360462639,264,23.5785316631645
-9.29276905363017,3.68628913124773,282.067550946993,264.5,23.5741162004945
-29.7441638302543,3.64470452878502,282.07387329231,265,23.5599832499945
-12.6916647217865,3.67911854468212,282.074830259509,265.5,23.5539528007844
15.2559627779326,3.73546366545937,282.069879271358,266,23.561201677169
0.287375672902737,3.70578490814304,282.06712465572,266.5,23.5613382238268
30.1045990333694,3.7647964907792,282.060838547546,267,23.5756424352476
-14.1517873519223,3.67710871530394,282.061475255229,267.5,23.568918208227
-13.2479496450433,3.67884566813061,282.062294314232,268,23.5626234400288
8.23245479412057,3.72218257409296,282.058373941241,268.5,23.5665350939843
19.5670721166315,3.7448195087528,282.052795424001,269,23.5758323955737
1.05211996178825,3.70827930878913,282.049841578242,269.5,23.5763323107646
-28.9672930752221,3.64755260728502,282.055520135021,270,23.5625684906926
-18.5671736679625,3.66829755415691,282.058072858547,270.5,23.5537462912228
-21.6164645314976,3.66193874732463,282.061479453133,271,23.5434752200657
-24.366832627996,3.65614938386952,282.065863217034,271.5,23.5318973104852
3.07760018434355,3.71160300344884,282.062967815676,272,23.5333596333568
-19.1959123527604,3.66656545478134,282.065364120333,272.5,23.5242386884671
33.5858351076037,3.77146767352969,282.05920027432,273,23.5401970105025
15.1944589181965,3.73626863580885,282.053887900617,273.5,23.5474166633054
-1.82972162418612,3.70246688382577,282.051548875941,274,23.5465472703955
16.9456025324587,3.74000192477194,282.046375015329,274.5,23.5545989797376
-19.3408446500563,3.66731359833298,282.048590580538,275,23.545409170213
-1.46368011784922,3.70333425247655,282.046541771961,275.5,23.544713702061
-1.01715841188083,3.70428048789312,282.04420352422,276,23.5442303988635
-19.7069537229744,3.66646695304568,282.046724933904,276.5,23.5348666324768
-3.89548687613956,3.69832748498089,282.045218002217,277,23.5330156904397
-35.2501537024693,3.63486810511545,282.053330792772,277.5,23.5162665668053
9.66628547661546,3.72523307635944,282.049473647717,278,23.5208595059425
16.4864363191471,3.73894445701699,282.044235647901,278.5,23.5286930422876
-0.224549215895173,3.7058606133088,282.041565474067,279,23.5285863476442
-43.0126550682354,3.61951877856336,282.052848730102,279.5,23.5081488686005
24.9674822542003,3.75537420159708,282.047451647851,280,23.5200121770742
-42.4616961558647,3.62051212452791,282.058255126218,280.5,23.4998364863625
-23.0887564031627,3.65897365595572,282.062410103912,281,23.4888658551753
-15.320548366259,3.67451917035777,282.063892195806,281.5,23.4815862909243
-13.1590098591922,3.67879625216798,282.064666031402,282,23.4753337824985
-29.5004407556688,3.64552665435707,282.070737338335,282.5,23.4613166371079
25.5897734300373,3.75587802169179,282.06503306234,283,23.4734756274651
-33.0141617233494,3.6385845433352,282.072004576106,283.5,23.4577889362507
6.5403748226414,3.71834985304738,282.068567853398,284,23.4608965977787
-0.661007412137392,3.70401725335262,282.066039888078,284.5,23.4605825198612
-19.3715790201837,3.66610856650884,282.068466242548,285,23.4513781068892
-34.3340894029564,3.63560216589424,282.076449902421,285.5,23.4350642515472
28.3961468607039,3.76109892432182,282.070625835228,286,23.4485566912831
11.7300831626519,3.72887124523826,282.065757651568,286.5,23.454130244658
-30.6625210113551,3.64338858646377,282.071906794909,287,23.439560936402
-14.3132022413756,3.67620524501248,282.073164192517,287.5,23.4327600130367
-10.453113374672,3.68394443635731,282.07316392594,288,23.4277932123313
5.35167947902295,3.71586693305808,282.06965020903,288.5,23.430336064825
16.5408964318399,3.73828994800202,282.064380153477,289,23.4381954779129
33.5761919026819,3.77153134094353,282.05793908493,289.5,23.4541492179759
4.43741278326477,3.71492060425128,282.05421323475,290,23.4562576563093
-1.65092678138356,3.70276411809745,282.051910633275,290.5,23.4554732178354
13.2844860195301,3.73268079325223,282.047173398372,291,23.4617853463055
-15.1538383764466,3.67566160584569,282.048127645898,291.5,23.4545849943682
19.1503113086004,3.74429362166953,282.042901370066,292,23.4636842719048
8.93416399430373,3.72436754840739,282.038599187033,292.5,23.4679293432475
20.4342533919632,3.7472058238935,282.033065644536,293,23.4776386863422
-12.7219859894743,3.68119861667925,282.033275047099,293.5,23.4715938299705
-40.2821432802175,3.62547047347312,282.043359805888,294,23.4524537546178
20.2667700111843,3.7465846176802,282.038354750921,294.5,23.4620835179219
-2.22847399882052,3.70210947724208,282.036054496489,295,23.4610246576731
6.19419736313569,3.7190409055075,282.032392814618,295.5,23.4639678328526
-4.03685653990801,3.69858929878687,282.030618565662,296,23.4620497189671
46.6377949337807,3.79689620934055,282.024818121683,296.5,23.4842096845654
-29.4409851086716,3.6478868666626,282.030051659213,297,23.4702207895476
3.47521584502419,3.71396529656922,282.027177942566,297.5,23.4718720396482
-29.3684927514249,3.64771672558685,282.032786022242,298,23.4579175894009
-38.9432947821286,3.62810206215026,282.042541126399,298.5,23.4394136684097
-1.01175381046915,3.70424455553007,282.040638517365,299,23.4389329332106
-5.6284028075154,3.69496786374959,282.03929309749,299.5,23.4362585955245
7.72683108822099,3.72181494948526,282.035407759741,300,23.4399300021882
-43.0489958035512,3.61959026147692,282.04651932632,300.5,23.4194752558306
-44.7606157823765,3.61558328329792,282.05910220135,301,23.3982072326038
-3.92011004046341,3.69755052839747,282.057903600182,301.5,23.396344590861
6.98154010435837,3.71954140236934,282.054072822482,302,23.3996618722366
-27.81468932661,3.64927233993537,282.059213031553,302.5,23.3864457122642
-6.47548739229516,3.69228188726825,282.058375247882,303,23.3833688820228
-4.40773124005059,3.69646676839351,282.056801498068,303.5,23.3812745468857
-2.66818386357369,3.70000545941656,282.054818431519,304,23.3800067583312
-46.129902208041,3.61220134495264,282.067562282189,304.5,23.3580881181503
-21.6872877394431,3.66086171561777,282.071314710844,305,23.3477833953196
-28.3316283443435,3.64715821825095,282.077055129246,305.5,23.3343216115808
-6.92383556384166,3.69041864006789,282.076342976609,306,23.331031748539
5.16989152981622,3.71489580097989,282.072814373471,306.5,23.3334882244211
21.6450561452695,3.74774087692602,282.067019445839,307,23.3437728808941
-48.9548090121476,3.60603114094472,282.080858207678,307.5,23.3205119851952
11.7359528760988,3.7279932628663,282.076805128452,308,23.3260883275666
13.7655895897517,3.73224989758018,282.071779326172,308.5,23.3326290525769
-10.0788304757631,3.68446895705163,282.071357830997,309,23.32784009253
-15.5950532507125,3.6731807639044,282.07270842431,309.5,23.3204300971811
-39.494469993465,3.62461552435488,282.08271772572,310,23.3016642850834
-29.0883393769511,3.64512636646082,282.088964847158,310.5,23.2878429498162
1.210826264144,3.70645310306581,282.08642073501,311,23.2884182743657
-3.49671605500897,3.69702401750206,282.084528390909,311.5,23.2867568084324
0.961227414090713,3.70609555351255,282.081733296416,312,23.2872135359955
-11.1356389858162,3.68162561062273,282.081729421119,312.5,23.2819224329922
9.17351384184659,3.72264479033137,282.077565573476,313,23.286281231504
-10.8330092944516,3.6823772295219,282.077394435611,313.5,23.281133923111
18.6427651435902,3.74155670115672,282.07203363407,314,23.2899920398986
-39.9699305107999,3.62354772286091,282.081849016512,314.5,23.2710003125594
-0.933556673428197,3.70227454028027,282.079889653103,315,23.270556732759
10.4645919402407,3.72527152455392,282.075427345952,315.5,23.2755289875091
-18.4875660386329,3.66685409735316,282.077432827131,316,23.266744613634
-6.46964577116743,3.69114109573091,282.07645198386,316.5,23.263670559041
15.5564076364838,3.73541462175376,282.071385205907,317,23.2710621919119
-6.57072159131534,3.69119686861744,282.070070972887,317.5,23.2679401111054
9.29977342694455,3.72319491990971,282.065869533007,318,23.272358901906
-3.71343941904422,3.69715098545624,282.063954720732,318.5,23.2705944597857
17.1691669234223,3.73899572427709,282.058728976754,319,23.2787523958312
-11.5234615209951,3.68157681211959,282.058657074802,319.5,23.2732770188062
-37.0369099621721,3.62972260605535,282.067518299702,320,23.2556789172709
23.4357216826716,3.75104756679237,282.06209220787,320.5,23.2668144091396
-12.8791382624246,3.67865649547727,282.062336686157,321,23.2606948818069
-6.97961820787879,3.6905336559921,282.061418930021,321.5,23.2573785136211
2.36206772159945,3.70941352827002,282.05842384086,322,23.258500850977
-43.0929628990807,3.61743256786222,282.069724646806,322.5,23.2380252136376
-17.3341117548819,3.66899475552546,282.072038458651,323,23.2297889039941
9.23736314251703,3.72268627978935,282.067958899982,323.5,23.2341780405248
-62.1430944973098,3.57915207614882,282.088649124314,324,23.2046507260755
-43.1823185019164,3.61582718622805,282.101047090696,324.5,23.1841326313882
-21.4296138836101,3.65939085987867,282.104725743993,325,23.1739503423859
-16.3353176152072,3.66961461963599,282.106499948953,325.5,23.1661886101492
8.36350137637891,3.71971049617139,282.102462561913,326,23.1701625309369
-27.5259629162365,3.64688608052972,282.107599793546,326.5,23.1570835594257
-13.5515741973384,3.67513745880322,282.108616837731,327,23.1506445239086
2.54746882358037,3.70785515458729,282.105580922673,327.5,23.1518549546671
12.1808819883254,3.72735256936307,282.10075991446,328,23.1576427052715
-5.91846296755504,3.69103077400417,282.09929906882,328.5,23.1548305453926
20.9085517789055,3.74485803748454,282.093581437593,329,23.1647652515421
21.6444245070801,3.74661178412145,282.087585529285,329.5,23.175049607892
-1.89966771187669,3.69989506974624,282.085122512397,330,23.1741469800726
20.6566741022729,3.74501032258843,282.079464863426,330.5,23.1839620064505
18.5712820062707,3.74120326643418,282.073832461823,331,23.1927861579988
-17.0465243959479,3.66972896883235,282.075270400542,331.5,23.1846864955958
49.7081942285024,3.80033000296173,282.069487083278,332,23.2083053625603
18.1515911740227,3.74109556732767,282.063770365108,332.5,23.2169300978537
-15.9688675079687,3.67272997192633,282.06485508188,333,23.2093424845215
8.49871380474665,3.7220089267545,282.060903847077,333.5,23.2133806515449
-18.0528341455839,3.66844004127854,282.062707806334,334,23.2048028406903
-30.2518232384246,3.64346380496881,282.068913495392,334.5,23.1904286756338
5.46252210986371,3.71552476566866,282.065608880673,335,23.1930241950447
-1.14628676404493,3.70231690357341,282.063160865535,335.5,23.1924795364627
-2.95076943054185,3.69869284326809,282.061166876032,336,23.191077477271
-23.6800105941757,3.656564410086,282.064918989804,336.5,23.1798259114351
-20.8959174616403,3.66194239042058,282.068024847136,337,23.1698972084861
9.69155574479737,3.72369198781617,282.063928781126,337.5,23.1745021548007
-3.67388212606145,3.69694102475732,282.061995268771,338,23.1727565083429
-19.6724553031622,3.66440047751922,282.064485217461,338.5,23.1634091338932
-20.0242405120138,3.66346705487144,282.067286432845,339,23.1538946085708
-24.7674448938626,3.65359542736874,282.071676091142,339.5,23.1421263479233
-8.13433462330997,3.68721916247781,282.071190863274,340,23.1382613158035
-4.88486077601724,3.69379567012953,282.069725192919,340.5,23.13594027239
-40.5555493536139,3.62131345103963,282.080081899995,341,23.1166702880399
-29.6123644958945,3.64292046974141,282.086550488301,341.5,23.1025999620426
-7.8587910955533,3.68698172972427,282.086070879958,342,23.0988658545324
-6.17155222495297,3.69040885047115,282.084908176659,342.5,23.0959334391987
-7.885000416297,3.68692084158973,282.084148713708,343,23.09218687832
-33.6586008975704,3.63433428115783,282.091772708393,343.5,23.0761939815925
-30.3383958906578,3.64067446048438,282.09847519605,344,23.0617786815081
-13.4028804552193,3.67494732540288,282.099510979424,344.5,23.0554102978779
2.52887812812081,3.70735427493734,282.096496881263,345,23.0566118952604
8.34261646331077,3.7192116860462,282.092275550308,345.5,23.060575892574
-0.88006105768951,3.70075493691845,282.089729376263,346,23.0601577312353
-3.95918087316085,3.69455846498527,282.087958222152,346.5,23.0582765249717
33.8985569870354,3.76958634864597,282.081519756361,347,23.0743834369244
-6.81992516048755,3.68927442411075,282.080106911304,347.5,23.0711429469494
-20.5120321259435,3.66129152591622,282.082935091546,348,23.0613966472603
-26.9432406934238,3.64794750290707,282.088133452557,348.5,23.0485945564299
-25.4858225295687,3.65060591202473,282.092928206545,349,23.0364849583818
-11.825982680399,3.67825849282168,282.093435510132,349.5,23.0308658383154
-4.77961034722542,3.69257829917096,282.091977427027,350,23.0285948046823
21.3558128273264,3.74505335729312,282.08621442058,350.5,23.0387420270853
-18.7908481357357,3.66433828502253,282.088244228028,351,23.0298135486089
-20.980791997839,3.65966856188213,282.091403881999,351.5,23.0198445174925
-1.87940087165014,3.69848171157753,282.089393874646,352,23.0189515194697
-25.1129692188786,3.65106528961566,282.093770455429,352.5,23.0070190828108
-28.9127374502384,3.6430312360885,282.099818659381,353,22.9932811848642
-54.6268995106204,3.59083185950169,282.117338678185,353.5,22.9673251932567
-7.54308270406643,3.68580113903078,282.117139383628,354,22.963741094706
-69.431677131548,3.56084318380695,282.142659707783,354.5,22.9307506075088
-5.3807974234987,3.6894178227714,282.142145641592,355,22.928193919613
-5.39549375123554,3.68944720915147,282.140738608778,355.5,22.9256302487516
-39.7866586059843,3.61905396958431,282.151087800306,356,22.906725603126
-14.0872384422448,3.67122681478185,282.152466192806,356.5,22.9000320465439
7.72184664415735,3.71574766021102,282.148398819111,357,22.9037010848471
-4.47179857273835,3.69113556835927,282.146604635357,357.5,22.9015763080931
-13.7420852353785,3.67215847643381,282.147397309475,358,22.8950467511855
-7.16341373714368,3.68559072568935,282.146496174245,358.5,22.8916430524856
-14.3359663902187,3.67086830804575,282.147492338862,359,22.8848313127265
-40.8641258976209,3.61646150022223,282.158397096523,359.5,22.8654147081169
8.17806789021212,3.71636495155146,282.154577080551,360,22.8693005201147
7.16140533693262,3.71451875981919,282.150356560814,360.5,22.8727032645225
-4.6926200624571,3.69056274368592,282.148600318454,361,22.8704735643556
-2.13095429451749,3.69583554231048,282.14637003442,361.5,22.8694610406304
-3.56679428803964,3.69296273650965,282.144442552204,362,22.8677662769987
-2.0082443753007,3.69619033634083,282.142175309362,362.5,22.8668120589373
-23.7346284983542,3.65166301553869,282.146095845179,363,22.855534541384
9.10859746058248,3.71860560014541,282.141915394751,363.5,22.8598624948531
3.27524048326838,3.70699734378812,282.138419781723,364,22.8614187265862
5.35553925380315,3.71133627907992,282.134597235988,364.5,22.8639634130533
-31.9700369344467,3.63509028861821,282.141442836833,365,22.8487728381204
-63.485501883929,3.57130124487246,282.16381935148,365.5,22.8186076783024
5.39818150283001,3.71050935186843,282.160810958691,366,22.82117262625
10.6371284616865,3.72127020749953,282.156026940704,366.5,22.8262268617924
-4.90218900448165,3.68990284497442,282.154265804234,367,22.8238975848648
-42.8940405695597,3.61211231760872,282.165884842168,367.5,22.8035164655442
-18.3669448411277,3.66174750202199,282.168556704312,368,22.7947894048759
24.111434721238,3.74772986747011,282.162415783784,368.5,22.806245962046
14.2637612331672,3.72859985851971,282.156943283113,369,22.8130233934979
2.10655177049279,3.70431264496708,282.153588958214,369.5,22.8140243223546
-29.3222071988074,3.63997310195557,282.159429135732,370,22.8000918647049
1.67441458686368,3.70322811469006,282.15663923547,370.5,22.8008874634182
-38.9084642572086,3.62017550442851,282.166388623633,371,22.7824000921639
-5.10646159979802,3.68904194061665,282.165242234889,371.5,22.7799737550367
-10.6559930257979,3.67766978500528,282.165112826807,372,22.7749105559896
0.799288081243354,3.70110121613607,282.162271664166,372.5,22.7752903380185
-12.0210803703635,3.6749129748897,282.162454884599,373,22.7695785172122
-48.9221698107719,3.59939490069072,282.177000409656,373.5,22.746333130042
-11.5655482573739,3.6751924245732,282.177706057732,374,22.7408377554885
-10.2186771558575,3.67791779364485,282.177540575324,374.5,22.7359823472396
-58.4816083391346,3.57943364039737,282.197074453735,375,22.7081947892993
-3.30600779626727,3.69142020056193,282.195778335273,375.5,22.706623938466
-19.6800209397017,3.65773434871957,282.198390074677,376,22.6972729692014
11.8800994592725,3.7222837879966,282.193589147437,376.5,22.7029178028753
21.402571530581,3.74153173651024,282.187289860832,377,22.7130872426936
-21.8690511647223,3.65377849086391,282.190313919586,377.5,22.7026961549038
-20.0301716613306,3.65734829352811,282.193199518128,378,22.6931788113936
-37.1268457671486,3.62201946824997,282.202552633448,378.5,22.6755379768271
4.56418585666591,3.70734791676471,282.199222059957,379,22.6777066514334
4.02427248842912,3.70641027039077,282.195502812768,379.5,22.6796187860021
-1.76745285151476,3.69471707867326,282.193007966029,380,22.6787789801228
-15.2636532812899,3.66700092755316,282.19414372952,380.5,22.6715264495926
-1.20741738808616,3.69582165457899,282.191736325732,381,22.6709527447718
-7.49132337625401,3.68298826281202,282.190686239954,381.5,22.667393239685
-0.0764684542094756,3.69820204770649,282.187944891202,382,22.6673569056706
16.0821990718882,3.73099567493212,282.182378264402,382.5,22.6749983685374
-17.8916372136474,3.66193949619721,282.184126962184,383,22.6664971504649
-5.29624447050892,3.68771409449079,282.182711020985,383.5,22.6639806379361
-49.5933248552117,3.59693751545754,282.197510559218,384,22.6404163511971
-25.0822644025816,3.64631299796382,282.202544013232,384.5,22.628498503943
8.6977366839226,3.71551654478108,282.198303355231,385,22.6326312367614
-20.3517311634747,3.65606192947438,282.200956570845,385.5,22.6229611041342
-42.607744274276,3.61015569491197,282.212745913748,386,22.6027160186047
2.85378191254061,3.70321126085886,282.209809581164,386.5,22.6040719941412
-0.766375339973495,3.69594085934909,282.207086359758,387,22.6037078506136
-0.222244568758047,3.69714585840748,282.204279793481,387.5,22.6036022510241
17.2892293801391,3.73270270539397,282.198511506244,388,22.6118172347906
-29.5977042032962,3.63701511159271,282.204352539774,388.5,22.5977538746368
0.894509391141902,3.69953024305584,282.201642615827,389,22.5981789011065
-14.860693599415,3.66719073583322,282.202617281348,389.5,22.5911178370189
2.50263530039174,3.70281016347576,282.199394881831,390,22.5923069651121
-19.522428629372,3.65757001808731,282.201816565462,390.5,22.5830308758923
-0.110014841059812,3.69740988924517,282.199201087103,391,22.5829786022997
-16.2161565889643,3.66430693055846,282.200604142847,391.5,22.5752734894688
20.9805692348879,3.73994435035669,282.194616740298,392,22.5852424147394
-14.5453888147528,3.66800844991601,282.195292353005,392.5,22.5783311678374
1.57514323563377,3.70105680284369,282.192265077963,393,22.5790795977313
6.35312690994635,3.71089201065268,282.188147154839,393.5,22.5820982883441
-26.6953086559665,3.64308665571998,282.192984909621,394,22.5694140025134
1.59296624031983,3.70106636655703,282.190107727416,394.5,22.5701709010146
9.10234785070348,3.71644232767396,282.185523864761,395,22.5744958849792
4.58891596361261,3.70746386243373,282.18167085715,395.5,22.5766763101051
-28.6444169800647,3.63923132764064,282.187235826389,396,22.5630659047297
-35.7795552072387,3.62422565640003,282.196063034544,396.5,22.5460652357735
11.1837452530719,3.72028351439032,282.191572040088,397,22.5513791964876
36.0696531259599,3.76940895029113,282.184471295621,397.5,22.5685177055777
6.28607499436099,3.71111102988957,282.180088905286,398,22.5715045364478
20.5591733237526,3.73986934649696,282.174015171368,398.5,22.5812732352946
-2.46689053821963,3.69370416212429,282.171527255135,399,22.5801010913384
-10.6472900820667,3.67691361383054,282.171291792946,399.5,22.5750420274982
-44.9233852900365,3.60652741242436,282.183775322706,400,22.5536966642794
-2.96398078826395,3.69206845572951,282.182146972068,400.5,22.5522883277061
8.3904381435741,3.71525762255622,282.177745743918,401,22.5562750475088
11.2252486825491,3.72114981401222,282.172798560803,401.5,22.5616087285928
-24.9210159483869,3.64728080782819,282.176899295916,402,22.5497674986017
5.02663464540638,3.70853970663579,282.17335182503,402.5,22.5521559059219
1.54721093777935,3.70157574184387,282.17015359406,403,22.5528910637741
32.9709014548783,3.76411804846253,282.163361350261,403.5,22.5685571998558
-13.2662633897889,3.67174754822942,282.163535489629,404,22.562253729875
-43.7811553131396,3.60905488067924,282.175488050593,404.5,22.5414510976543
-18.8411885773845,3.659557087953,282.178223421979,405,22.5324986998984
-18.8723856421568,3.65929919933522,282.180651824419,405.5,22.5235314788455
-8.82376806872058,3.67984495794919,282.180143580966,406,22.5193388621678
-42.9039480376417,3.60972330469385,282.191808726284,406.5,22.4989530353101
-36.8022574123297,3.62159640591009,282.201315377208,407,22.481466429021
-23.7833688817678,3.64795082365637,282.205712425699,407.5,22.4701657524565
8.46479995255893,3.71413534552897,282.201481216423,408,22.4741878053003
15.8341165200324,3.7291946106365,282.195808573143,408.5,22.4817113916505
-1.58995122548245,3.6940942066146,282.193146870555,409,22.4809559257347
-17.8019170939666,3.66070865618035,282.195044293458,409.5,22.4724973382104
-21.6137179545557,3.6526558274565,282.198391910727,410,22.4622275720904
-48.5320896034468,3.59721192238884,282.212966213146,410.5,22.4391675316757
15.8852404137163,3.7287786384515,282.207932994126,411,22.4467154095629
-23.1911664157376,3.64890671453581,282.211480383212,411.5,22.4356961182202
38.7885827210468,3.77356549419233,282.204576804489,412,22.454126527718
-33.061476507702,3.6289998365985,282.21156968976,412.5,22.4384173548662
-6.63948077105259,3.68317374275019,282.210637844537,413,22.4352626031099
-15.1222539981065,3.66563370464856,282.211753950768,413.5,22.4280772585017
8.56325832814157,3.71420215584365,282.207379949848,414,22.4321460938793
21.1483977607576,3.73963469412518,282.201099775095,414.5,22.4421947629363
-16.1242206155898,3.66402532319947,282.202218189607,415,22.4345333335174
20.7334603417357,3.73899612856774,282.19626150021,415.5,22.4443848449055
-33.9601387662776,3.62745827024109,282.203716663123,416,22.4282486723475
-47.700888554532,3.59894932798143,282.217953711525,416.5,22.4055835774201
19.8774247170293,3.7367500303136,282.2124263346,417,22.415028343163
23.6366489350243,3.74450295133608,282.20580797857,417.5,22.4262593056903
-3.50412498029483,3.69005547182845,282.203477607951,418,22.4245943194034
-42.7472084128253,3.60926944433361,282.21494659186,418.5,22.4042829674367
17.2405462991713,3.73172053723414,282.209666133748,419,22.4124748194192
13.9612050393824,3.72543229772513,282.204152882909,419.5,22.4191084911831
-4.6810536172895,3.68770468702881,282.202183244986,420,22.4168842868169
-10.5718017818683,3.67555875197149,282.201918359501,420.5,22.4118610912706
-40.7677695491514,3.6132755512322,282.212584863509,421,22.3924902704157
-14.8599863376886,3.6661155627747,282.214030298908,421.5,22.3854295423839
5.52382965134415,3.70795371401744,282.210181840794,422,22.3880541920959
-7.21746492847257,3.68195161264844,282.208933301586,422.5,22.3846248109524
-8.60547108665755,3.67906349850845,282.208182989307,423,22.3805359181669
12.2422937665035,3.7216643789533,282.203163103727,423.5,22.3863528486005
-54.4389249049511,3.58523171981439,282.220170922819,424,22.3604861731967
-22.0864885076017,3.65067237488771,282.224169318407,424.5,22.3499917699727
-31.631504893168,3.6307111037482,282.231276274072,425,22.3349620486651
-48.2351143674754,3.59629691256356,282.245925487855,425.5,22.3120431161441
-20.4522851995073,3.65288793647238,282.2493473176,426,22.3023252052293
18.5718755420794,3.732854950362,282.24349091016,426.5,22.3111496387964
-29.6824195317234,3.63398262637126,282.249411393909,427,22.2970460261228
41.131535351877,3.77675428574066,282.242397717619,427.5,22.3165896904341
-32.6800738029967,3.62821515292864,282.249237794476,428,22.3010617412192
-10.2059875624918,3.67438630999505,282.249199954828,428.5,22.2962123624353
-15.6041888480159,3.66314101313659,282.250471914026,429,22.288798026304
0.355178105455938,3.69604575902394,282.247602334269,429.5,22.2889667893128
16.3217384032197,3.72861406941143,282.241807685718,430,22.296722069382
-20.1017360822312,3.65411788595218,282.244222310264,430.5,22.2871707220106
-21.5108516140026,3.65098673783625,282.247520063714,431,22.2769498328705
-38.7163611270211,3.61519785184864,282.257577227412,431.5,22.2585537394899
-27.7268975593811,3.63739402474426,282.263425973338,432,22.2453792938083
6.86045697213682,3.70872303294336,282.259383411715,432.5,22.2486390424887
20.5416480481627,3.7365167736538,282.252988020061,433,22.2583994141942
-0.401910590043702,3.69437307217087,282.249904491463,433.5,22.258208446228
-7.4824945469109,3.67982551071808,282.248731706467,434,22.2546531361627
3.02158601469225,3.70146218703952,282.245204537374,434.5,22.2560888438807
-45.1133946669934,3.60216725166435,282.257824189732,435,22.2346531976358
18.1500234537765,3.73175749438872,282.252324781044,435.5,22.2432771880263
1.25009729344435,3.69775648002342,282.248903164705,436,22.24387117222
-29.5275772634906,3.63411129779954,282.254851634712,436.5,22.2298411329077
-8.29046825686325,3.67783376972545,282.254239775462,437,22.2259019138338
-6.70121683598681,3.68110258018852,282.252953546566,437.5,22.2227178281633
-1.5888967646873,3.69166607159685,282.250405813395,438,22.221962863275
30.6719929732953,3.75657635342648,282.243358970205,438.5,22.2365366721372
-4.65712009547351,3.68588615665979,282.241184469908,439,22.2343238397927
-4.18804296287921,3.68685510616283,282.239224590694,439.5,22.2323338896222
24.7771765997351,3.74548594207242,282.232654366099,440,22.2441067742934
-41.8055145780476,3.60957100713252,282.243412799206,440.5,22.2242428685023
0.439793664231987,3.69629164606196,282.240856275122,441,22.2244518366253
-36.2460927914215,3.62047384102655,282.249495802589,441.5,22.2072294921626
-2.45821798354633,3.68999125959184,282.247512028089,442,22.206061468974
10.1278075046685,3.71581616663282,282.242641632771,442.5,22.2108737004744
-48.4295050414169,3.59535596971319,282.256734921748,443,22.1878624031525
-7.23890728010625,3.67978738787897,282.256104874044,443.5,22.1844228336676
-19.9281385521075,3.65342481874597,282.258719797764,444,22.1749539712272
0.537344903766746,3.69567111848856,282.255842145926,444.5,22.1752092908579
-3.07317425467203,3.68831866814163,282.253556415433,445,22.1737490709685
-41.8075338103104,3.60812952453973,282.2647548082,445.5,22.1538842057384
18.255551754442,3.73138717832312,282.259169661374,446,22.1625583379403
27.8954230003885,3.750771197309,282.252062480525,446.5,22.1758128585478
-28.1725749306052,3.63663250721021,282.257207319806,447,22.1624266490976
-39.8156542365747,3.61224202885577,282.267778938514,447.5,22.1435082261874
40.4501947961094,3.77465697219733,282.260848636755,448,22.1627281512803
-12.3630922755818,3.66931361215262,282.260619396192,448.5,22.1568538233901
6.78902896834139,3.70871253373008,282.256391297165,449,22.160079633028
22.4539652457187,3.74039262651287,282.249854775251,449.5,22.1707486429607
16.171157042494,3.72819442145504,282.243900081747,450,22.1784323742404
30.3426845650698,3.75641504476292,282.236819332167,450.5,22.19284971209
-19.983639758502,3.65472831100085,282.238959654883,451,22.1833544782307
3.55203060849854,3.70306776979849,282.23547251963,451.5,22.1850422268947
19.4480837954536,3.73526819694073,282.229367542854,452,22.194282991139
16.3881779862876,3.72943384393476,282.223497583234,452.5,22.2020698400008
12.1059489242516,3.72106085737788,282.218242024936,453,22.207821986132
-47.5939916301515,3.59869951242398,282.231601850488,453.5,22.185207683318
20.0865888237966,3.73665979607186,282.226050764205,454,22.1947518334639
-1.36436198157089,3.69352360234992,282.223196498867,454.5,22.1941035563612
-4.46845715067136,3.68715862047096,282.221259249753,455,22.1919803672851
5.37618937315671,3.70732096590299,282.217292927844,455.5,22.1945348656642
-7.98347786213335,3.68000448881874,282.216169745339,456,22.1907415131905
15.4311580259572,3.72770054732526,282.210707385745,456.5,22.1980736336623
-31.7923882090915,3.63100956523824,282.217215993683,457,22.1829674685874
0.330103738601185,3.69691196632735,282.214575169298,457.5,22.1831243175015
-3.33705944834235,3.68942987783472,282.212379259119,458,22.1815387124642
-7.70419302308088,3.68042971269431,282.211293087953,458.5,22.1778780622856
-23.3990817497899,3.64790131107631,282.214995765751,459,22.1667599798946
33.4567552892507,3.76279124846843,282.208279284815,459.5,22.1826569696064
21.4442670117128,3.73977986697717,282.201823937984,460,22.1928462210479
0.0290442287768968,3.69685102027219,282.198707121633,460.5,22.192860021424
-34.9228993786129,3.62481589107494,282.206606870828,461,22.1762663928032
-7.63578978439758,3.68068520030428,282.205889689361,461.5,22.1726382444489
-9.45812304822668,3.67686891702565,282.205321911475,462,22.1681442137669
-40.6741915281021,3.61238082904636,282.215861862068,462.5,22.1488178565435
-14.5413993231277,3.66576694614123,282.217163969932,463,22.14190850525
10.1945713275309,3.7164905842768,282.212491600857,463.5,22.1467524596057
8.7770412543885,3.71380668186828,282.2078063897,464,22.1509228740202
-33.8673143690711,3.62607734647242,282.215290378527,464.5,22.134830807009
-13.2453453417942,3.66830455394962,282.216120767989,465,22.1285372762465
9.64000069647489,3.715249669092,282.211523921503,465.5,22.1331177261607
-22.8456958631979,3.64849902000477,282.214899514285,466,22.1222625852794
-3.64417253526662,3.68800542862778,282.213060543443,466.5,22.1205310553447
-47.1764684775969,3.59819135107234,282.226638724591,467,22.0981151388118
1.79351273919129,3.69866477179012,282.223909482534,467.5,22.0989673270565
11.9548610595211,3.71948994145073,282.218767676153,468,22.1046476837327
2.9165957700973,3.70130086282791,282.215117064585,468.5,22.1060335052969
-16.6672737754134,3.66094496396499,282.216545856286,469,22.0981140439672
-9.01857239616343,3.67663850632622,282.215988880103,469.5,22.0938288659409
-20.7820664095218,3.65218003552824,282.218894084853,470,22.0839542593616
-21.9601298152972,3.64950954410481,282.22235536013,470.5,22.0735198955172
7.20479865938891,3.70956328693869,282.218257164334,471,22.0769432582783
-3.81639445887011,3.68709589015142,282.216134482297,471.5,22.0751298970326
-6.33422375512824,3.68191051719686,282.214745441063,472,22.0721201882609
42.4907441448958,3.77910544285902,282.207690277336,472.5,22.0923096811353
7.50432701437716,3.71094967702516,282.202983460202,473,22.0958753649056
-3.72094566405587,3.6880804458221,282.200836457505,473.5,22.0941073561903
9.09124163230576,3.71430741995648,282.196270476649,474,22.0984270630311
-5.76819758544228,3.68401861509067,282.194611623459,474.5,22.0956863018043
-39.3759283430374,3.61454170542258,282.20456585937,475,22.0769768148159
-9.82420932107974,3.6751128714793,282.204531615806,475.5,22.0723088381053
13.9808455649623,3.72381368867751,282.199280964186,476,22.0789518420722
-13.7415132525787,3.66718224908557,282.199733212617,476.5,22.0724225569424
-23.9429348672457,3.64589001744668,282.203767582689,477,22.0610460625405
-6.17431909390811,3.6824555347369,282.20258806602,477.5,22.0581123325281
-15.6760079923242,3.66274433717606,282.203846748559,478,22.0506638715036
6.75702658091218,3.70888661749393,282.199796818704,478.5,22.0538744751952
7.49571712266843,3.71054302852625,282.195390388971,479,22.0574360679722
-16.9869084206702,3.66020997616333,282.196904885142,479.5,22.049364732122
31.5000515546784,3.75832910217523,282.1902017238,480,22.064331993327
-16.4323612217226,3.66169361316208,282.191318343648,480.5,22.0565241507845
-27.1801284921728,3.63923179463495,282.196547910532,481,22.0436095026284
-37.3131373071663,3.61796680544771,282.20598309614,481.5,22.0258801515674
-18.9653665342259,3.65546310256606,282.208695795366,482,22.0168687506091
29.0578542972459,3.75305681318426,282.202052515241,482.5,22.0306756008794
-0.758795826633438,3.69348786711614,282.199066659716,483,22.0303150587604
-26.0264861434673,3.64118217600603,282.203719200722,483.5,22.0179485641951
-17.7662465533114,3.6580156663535,282.20587948181,484,22.0095069255415
-17.1804384751414,3.65905500332765,282.207763558292,484.5,22.001343633814
18.687641305287,3.73249177816539,282.201981385988,485,22.0102230735265
-8.20388766525136,3.67787019335834,282.200881558212,485.5,22.0063249932529
-5.03947989658161,3.68437494388254,282.199247120161,486,22.0039304825068
8.97788978311839,3.71315686409021,282.194708740509,486.5,22.0081963301744
-16.7165122676128,3.66034351915466,282.196142149063,487,22.0002534731568
-25.132311833638,3.64268981085994,282.200687867797,487.5,21.9883118458473
11.6201884314706,3.71828881880188,282.195956704086,488,21.9938331826998
-39.4330196412932,3.613087963983,282.205901871882,488.5,21.9750965687598
-38.5305330449523,3.6144003778021,282.216131424709,489,21.9567887716614
-19.1808269180447,3.65403770448214,282.218980583289,489.5,21.9476749946217
14.5227330647956,3.72338690405207,282.213697479612,490,21.9545754766356
-9.82525314526308,3.67363657428276,282.213084066982,490.5,21.9499070039516
-18.2982188660274,3.65594957124216,282.215257400397,491,21.9412125984558
-10.60134207513,3.67179838407657,282.215216134423,491.5,21.9361753668282
1.34342634146606,3.69648874307836,282.212147160523,492,21.9368136963538
-4.38755048449734,3.68474383234095,282.210257897114,492.5,21.9347289501102
13.3503151350039,3.7211369842538,282.205002330684,493,21.9410723573089
-39.4664107417261,3.61222223850482,282.214996191447,493.5,21.9223198775751
-22.3662884407646,3.64714316287778,282.218929562448,494,21.9116925273088
2.15461257945305,3.69786553050515,282.215826104827,494.5,21.9127162922768
-12.1099669843993,3.66840585512133,282.215988973448,495,21.9069622369629
-18.328972704958,3.65536038833918,282.21822065944,495.5,21.8982532187691
-44.8878092886978,3.600110368521,282.231156511824,496,21.8769247595006
-19.1417464671602,3.65293385729396,282.234127978268,496.5,21.8678295515516
-12.4339028402932,3.66677645730693,282.234653359826,497,21.8619215779953
-2.06813633469007,3.68828849710898,282.232352605275,497.5,21.8609389022471
-23.5099093493332,3.64365428707927,282.236275672667,498,21.849768160081
13.5212415444215,3.72015874380175,282.231132459062,498.5,21.8561927830268
17.3105981494755,3.72806992388374,282.225102237232,499,21.8644179201719
23.2382302456004,3.74019986306839,282.218439963162,499.5,21.8754595739109
-5.01693902336014,3.68301011719263,282.21648373602,500,21.8730757734691
