curr_dens,Volts_tot,Temp_tot,t_tot,SOC_tot
-5.6141390051614,3.8842125123679,282,0,65
-5.6141390051614,3.88413590639836,282.000549777373,0.5,64.9973324397649
-28.4152920196253,3.84308638900047,282.004966569313,1,64.9838309031997
-38.0583803025888,3.82559803040169,282.011990213549,1.5,64.9657474496524
-27.6925174643216,3.84353815317144,282.016587048278,2,64.9525893396857
-15.6842042673371,3.86475913646676,282.01876343895,2.5,64.9451369841982
23.6934585248337,3.93562337306272,282.018073496085,3,64.9563949398233
2.71339767278642,3.89816887572851,282.017694867652,3.5,64.9576842117361
-29.3997060226133,3.84044024796193,282.022332425526,4,64.9437149304914
7.81493313906876,3.90709463485887,282.021937503105,4.5,64.9474281988773
-13.1771813604815,3.86931995665962,282.02343340929,5,64.9411670562558
3.46199408235299,3.89922844033215,282.023182483155,5.5,64.9428120240309
-17.8249202335374,3.86089128582772,282.025465078368,6,64.9343425065563
-5.65151434485438,3.88263762214673,282.026106017741,6.5,64.9316571874147
49.8755011652446,3.98188501254528,282.027674783242,7,64.9553555503323
0.925101453640158,3.89514887628802,282.027335332274,7.5,64.9557951126319
18.0006300089152,3.92595712063619,282.026508707203,8,64.9643481186716
-16.2901466371338,3.86433910947706,282.028383121508,8.5,64.9566078494418
-12.0265491203395,3.87180221047589,282.029806400825,9,64.950893430157
5.0362309265758,3.90246338691243,282.029427414732,9.5,64.9532863971537
46.6467194747887,3.9768526742508,282.030596966716,10,64.975450603251
-9.69761241876314,3.87653795875454,282.031373091356,10.5,64.9708427791056
-17.8594520830516,3.86170343408439,282.033641520499,11,64.9623568538098
-2.6453768900708,3.88889125329693,282.033910863649,11.5,64.9610999019972
7.79028410836534,3.90770840648464,282.033317110162,12,64.964801458387
-14.7220915116384,3.86718610869656,282.03497292825,12.5,64.957806251133
-26.3513897716263,3.8461394459371,282.038953313963,13,64.945285378488
-14.6639824769409,3.86677587499321,282.040851943538,13.5,64.9383177817634
-41.2003731457413,3.81929846331215,282.048639780258,14,64.9187414091488
-12.119881372622,3.87069448127581,282.050296537335,14.5,64.9129826430096
2.28781627292381,3.89660372373462,282.050057326664,15,64.9140696997621
-8.07351728270433,3.87796287561794,282.050808299507,15.5,64.9102335650242
3.98951008405585,3.89968721815361,282.050410929208,16,64.9121291822236
-19.7057604252653,3.85704149213794,282.052983400709,16.5,64.9027659828328
3.29796651003494,3.89830861294277,282.052710473967,17,64.9043330128459
21.3032573337201,3.93082659310714,282.051756965492,17.5,64.9144552634866
3.28474734561867,3.89866687622675,282.051253251758,18,64.9160160124088
-32.4958831674997,3.83442749912971,282.056555494629,18.5,64.9005755814428
0.822992928093807,3.89388461169858,282.056570992773,19,64.9009666268385
-15.2950344401592,3.86484894050145,282.058371762238,19.5,64.893699185539
-8.2971214976946,3.87729632704076,282.059245329395,20,64.8897568051753
-13.9694438006758,3.86700030197941,282.060896886834,20.5,64.8831192187609
29.5768324218697,3.94525914877955,282.060279612791,21,64.89717266168
-34.3391135583358,3.83084848508038,282.065922024621,21.5,64.8808564191088
-5.09463655590644,3.88286450529727,282.066533481882,22,64.8784357006555
-10.2100102469883,3.87360780649623,282.067584231186,22.5,64.8735844104915
-30.0516804390769,3.8379184987653,282.072446038415,23,64.8593053433606
-7.06144385095178,3.87885170369813,282.073265293691,23.5,64.85595009569
-18.569754459379,3.85808009622868,282.075705896015,24,64.8471266699562
8.38445608541141,3.90652330964596,282.075035780708,24.5,64.8511105473817
-41.5629480689707,3.81712442824745,282.082871130077,25,64.8313618971576
-1.68346898816885,3.88801501733935,282.083159593066,25.5,64.8305619962421
-0.840235934007138,3.88958104252563,282.083052202443,26,64.8301627578257
-38.6854595953196,3.82179137010542,282.090151024658,26.5,64.8117813473194
13.6667112832686,3.91536846429473,282.089378252001,27,64.8182750902656
15.1452995257,3.91826677830213,282.088226484662,27.5,64.8254713849649
6.77106625183566,3.90341335545202,282.087410497836,28,64.8286886596113
24.8206091646465,3.93598857338368,282.086376663816,28.5,64.8404821812818
-0.227558396788037,3.89124873432342,282.08605298465,29,64.840374056825
49.0215800559019,3.97916244099859,282.08724083345,29.5,64.8636666788101
5.24535330933202,3.90178085410747,282.086434908543,30,64.8661590103848
-42.5520551677166,3.81630173944421,282.094316582897,30.5,64.8459403855551
-59.336338979699,3.78658785284572,282.108309491983,31,64.8177467020332
12.3035299299461,3.91328885229906,282.107737999458,31.5,64.8235927288527
-17.6540689533053,3.85948335687054,282.1097953752,32,64.8152043914274
-21.7627195261465,3.85192236605763,282.112832348014,32.5,64.8048638271553
-35.1773012951481,3.8277711037013,282.119054905159,33,64.7881493193693
-28.1078954888562,3.83993421952298,282.123674938027,33.5,64.7747938423799
-14.8264560365503,3.86345281984734,282.125567052866,34,64.7677490462831
12.8413229206976,3.91325673605474,282.124524046045,34.5,64.773850605642
6.97854435351949,3.90291983412121,282.12360090328,35,64.7771664635856
39.9187917144884,3.96194553824132,282.123365477795,35.5,64.7961338923067
3.61290568822483,3.89754025037584,282.122575305093,36,64.7978505657874
-17.0729804250655,3.86032434929872,282.124518487354,36.5,64.7897383327923
-6.38679952508299,3.8793698038088,282.12500368197,37,64.786703642624
5.77727121191682,3.90127022288532,282.124265582185,37.5,64.7894487151877
23.4191397924873,3.93309056567729,282.123095876875,38,64.8005763281652
-32.9773169338649,3.83211149105436,282.128308055371,38.5,64.7849071437662
-25.0734021053203,3.8457691641448,282.13209501612,39,64.7729935074359
-18.0715013608571,3.85802521584767,282.134443680877,39.5,64.7644068268471
-17.4685973125489,3.85892177555613,282.136637630402,40,64.7561066163408
15.6796055248205,3.91849351512673,282.135517156049,40.5,64.7635567867341
1.4361913996613,3.89307636171559,282.134957567445,41,64.7642391936115
-54.3318601798646,3.79393065348323,282.14686003875,41.5,64.7384233900516
-7.48304054860243,3.87637935451971,282.147806760143,42,64.7348678205535
-7.76234247971257,3.87584714619523,282.148388573097,42.5,64.7311795406389
-14.1361084469551,3.86432559918721,282.149928316126,43,64.7244627634559
22.0895932320681,3.92945632300713,282.148704818775,43.5,64.7349586418909
43.4757260046078,3.96773410225436,282.148701027764,44,64.7556161492622
-5.45237682682211,3.88079494617285,282.148704351694,44.5,64.7530254503862
-4.56744287856553,3.8823362012276,282.148823849946,45,64.7508552282047
-24.2721567544084,3.84688717371943,282.152164307163,45.5,64.7393223039008
9.65079924333832,3.90765554468443,282.151257363476,46,64.7439078847485
-23.8698039248,3.84748161755079,282.154435991771,46.5,64.7325661385411
-4.42901779878684,3.88215095261747,282.154672154907,47,64.7304616890877
-1.84912349280499,3.88678942853357,282.154485351951,47.5,64.7295830773728
-10.9460575176628,3.87040551194276,282.155426396842,48,64.7243820540745
6.47317831269194,3.90171342483981,282.154586782607,48.5,64.7274577871559
-4.83902006552014,3.88143275373878,282.154662980422,49,64.7251585249731
8.13050282311286,3.90479234618053,282.153690541858,49.5,64.7290217364117
5.11163275011337,3.89948654757606,282.152833416013,50,64.7314505306129
30.9068436314743,3.94582196449032,282.151876352586,50.5,64.7461359288526
7.0694593228351,3.90351602681757,282.150816631777,51,64.7494949850776
-4.78453199212539,3.88224123565189,282.150869417317,51.5,64.7472216129231
-2.96245979771669,3.88546968857491,282.150791858632,52,64.7458139990491
-3.43266212532542,3.88459402949879,282.150754495542,52.5,64.7441829683643
29.8881450742924,3.9443944396643,282.149834946591,53,64.7583843316059
-11.6089648770526,3.87022861451097,282.150666334601,53.5,64.7528683276295
2.45660034970528,3.89542109297567,282.150133705166,54,64.7540355821988
-24.0089594624993,3.84787432250482,282.153302756976,54.5,64.7426277161859
7.60802698202274,3.90444549006578,282.152505900966,55,64.7462426730344
-29.9568247349454,3.83708618536778,282.156987004954,55.5,64.7320086766264
-39.0426887516284,3.82062172239895,282.164152247119,56,64.7134575285537
-19.1231986629235,3.85558810627198,282.166749089786,56.5,64.7043711336008
-18.2977378489904,3.85687311919797,282.16903217217,57,64.6956769566605
-28.5018825742975,3.83843790182526,282.173471017919,57.5,64.682134276561
-23.3032616226326,3.84740777695602,282.176856990673,58,64.6710617231391
43.5548802203144,3.96690964885268,282.176915885067,58.5,64.6917568406654
-2.30951952827418,3.88556448152111,282.176504834646,59,64.690659471603
-9.35212810645675,3.8728776724234,282.17716440521,59.5,64.686215804457
-23.4235103514792,3.84752860994365,282.180346566413,60,64.6750861148069
33.6008224174233,3.94962575900134,282.179565796753,60.5,64.6910515580681
3.89359614555078,3.89688953108581,282.178616299983,61,64.692901601724
2.82205634263342,3.89503196816697,282.177883390884,61.5,64.6942425028441
-28.6744029942089,3.83852832100031,282.182090583099,62,64.680617849603
-10.0378705700716,3.8715731492426,282.183026529319,62.5,64.6758483516705
10.1856425843456,3.90792687631801,282.181901763587,63,64.6806880635305
-35.0140707796033,3.82700849729607,282.187671590637,63.5,64.6640511147847
9.40617143300375,3.90627872833228,282.186757958729,64,64.6685204606374
15.7526795541873,3.91785357658621,282.185333532925,64.5,64.6760053521829
-36.5019052440617,3.82437469474141,282.191450417551,65,64.6586614583382
-41.0622578816903,3.81587976065425,282.199312975677,65.5,64.6391507112427
-42.0349253679886,3.81367136594658,282.207599435347,66,64.6191778008295
-10.8749344882179,3.86874276233749,282.208807034612,66.5,64.6140105716651
16.9428846280796,3.91879633866392,282.207372221978,67,64.6220609895939
-16.8963866892927,3.85815365247756,282.209121023517,67.5,64.614032665178
-11.879666899288,3.86701468781787,282.210236729468,68,64.6083880370351
-32.6905252271116,3.82969082080626,282.215658169797,68.5,64.5928551218222
0.11047311627261,3.88818521223727,282.21536028366,69,64.5929076131644
-6.39230825067825,3.87653682595992,282.215566703566,69.5,64.5898703055231
4.77800900834729,3.8966644029294,282.214649818258,70,64.5921405782794
-32.596478464909,3.82970359627205,282.219916322617,70.5,64.5766523494205
18.6113541745487,3.9213086631521,282.21858432667,71,64.5854955412745
-10.7157246440533,3.86881371395956,282.219276255283,71.5,64.5804039607268
-36.0945017327616,3.82337856296037,282.225571481156,72,64.5632536448119
-13.8557670610057,3.86267272746892,282.227167806232,72.5,64.5566700719426
15.7778895315564,3.91594384832133,282.225711650002,73,64.5641669420183
28.8417072476924,3.9395587598062,282.224224509391,73.5,64.5778710899376
-52.2816029753838,3.79526529618395,282.235236291276,74,64.5530294668505
26.1582989540167,3.93456824760602,282.23410270849,74.5,64.5654585923217
22.266445378583,3.92800802990016,282.232402600796,75,64.5760385021199
-2.3288800041408,3.88412693709207,282.2319282068,75.5,64.5749319339203
-8.96311139176956,3.87218001306949,282.232411223194,76,64.5706731082108
-11.4371748201965,3.86764729341953,282.233307403828,76.5,64.5652387303438
-14.0923229209163,3.86276537178251,282.234653366697,77,64.5585427578697
-30.6888183656887,3.83295121311547,282.239483536084,77.5,64.543960954416
15.9707539762502,3.91639320966915,282.238127661071,78,64.5515494641043
-9.20712864071367,3.87133345748561,282.238547548874,78.5,64.5471746935083
14.9461372602654,3.91473890387141,282.237069450728,79,64.554276356183
4.71933737727273,3.89658180250755,282.235973436288,79.5,64.5565187510921
-6.11543394154249,3.87716047132048,282.236021898478,80,64.5536130003816
-1.20248184985721,3.88596362413456,282.235572015637,80.5,64.5530416406837
-21.7558512982816,3.8490459944539,282.238248133921,81,64.5427043398525
-3.4029586511701,3.8817764321842,282.238151813462,81.5,64.5410874227845
15.5789911989592,3.9159321208206,282.236627671848,82,64.5484897862435
22.8153905008663,3.92911878524773,282.235000876233,82.5,64.5593305275206
27.4133434134505,3.93762627063583,282.233507154201,83,64.5723559878332
-40.9176791119176,3.815772722005,282.240668003773,83.5,64.5529139373938
26.3895054373337,3.93564806068416,282.239502930587,84,64.5654529207115
-8.61230591782827,3.87317045655243,282.239741606967,84.5,64.5613607803534
-40.6979857542187,3.81589898467219,282.24708488978,85,64.5420231172946
-30.5301322634557,3.83334227451649,282.252033858706,85.5,64.5275167136014
-20.0266580535821,3.85172556213398,282.254590836718,86,64.5180010395833
-29.1919415772368,3.83515908562737,282.259093677498,86.5,64.5041304776921
5.17778066465738,3.89654990869559,282.258197236684,87,64.5065907020995
16.9726118194792,3.91787538931691,282.256521523272,87.5,64.5146552449143
14.1387002688314,3.91305764252633,282.254872271549,88,64.5213732536025
1.21470541884048,3.890033356558,282.254021432993,88.5,64.5219504213337
9.67303652963133,3.90529963852373,282.252646070257,89,64.5265465682363
-36.1125534639613,3.82344358443155,282.258603324016,89.5,64.5093876750347
-7.1989320844883,3.87465032380023,282.259048694537,90,64.5059670997788
-42.3266420165498,3.81200637708837,282.26698409565,90.5,64.4858555800916
10.8668807692758,3.90663248280827,282.265827623938,91,64.4910189825284
-17.0234752731185,3.85665546094998,282.267497255661,91.5,64.4829302719247
12.1334311220994,3.90894261541339,282.266075212976,92,64.4886954762324
4.50780386134658,3.8954360860584,282.264928969913,92.5,64.4908373609127
-17.5184304071234,3.85591923349011,282.266701192673,93,64.4825134721931
-25.7766754937995,3.84096358467219,282.270335560467,93.5,64.4702656752509
-17.3677496101134,3.85571854736903,282.272330248886,94,64.4620133825679
-10.6423577684719,3.86763560016416,282.273121189152,94.5,64.4569566623184
-6.86839865849935,3.87435394414556,282.273316541154,95,64.4536931401428
-13.8463441856649,3.86177740087325,282.274547142521,95.5,64.4471140445563
6.30236241605343,3.89793016163785,282.27340469768,96,64.4501086144008
-50.1615877018443,3.79747661330644,282.283848916412,96.5,64.426274317359
-15.3472929627758,3.85851284930777,282.285734096367,97,64.418982045403
-27.6998319090584,3.83629004168471,282.28990095523,97.5,64.4058204599753
-15.4997928409167,3.85784443697134,282.291618815599,98,64.3984557276456
-17.901872946776,3.8534206855247,282.293688267111,98.5,64.3899496460607
-53.5750243710346,3.79025921766028,282.305737010596,99,64.3644934533167
2.01245861474208,3.88852485297026,282.305259586728,99.5,64.3654496737755
1.23320064462059,3.88725456202142,282.304388106876,100,64.3660356295202
12.4865235640398,3.90761450622194,282.302700415588,100.5,64.3719686058329
-11.8960544467015,3.86396446693345,282.303474626421,101,64.3663161911408
-0.915916817245873,3.88365412664314,282.30290476629,101.5,64.3658809929246
0.802117044225197,3.88681046416595,282.302078480083,102,64.3662621191363
-16.4343688420548,3.85587659222302,282.303695384304,102.5,64.3584533226723
-18.6427759219752,3.85176810760007,282.305864307024,103,64.3495952007633
2.29021008668478,3.88925703962648,282.305012457733,103.5,64.3506833949373
-50.3811707310927,3.79558787536796,282.315683848803,104,64.3267447629375
25.2120193372289,3.92989812837096,282.314176492821,104.5,64.338724263297
-1.44383648903807,3.88246878334893,282.313422751622,105,64.3380382238525
-32.2977788647953,3.82723647497568,282.318583447406,105.5,64.3226919222197
24.9587255692837,3.92954606503889,282.316913081289,106,64.3345510699512
-10.1755824178405,3.86684965415176,282.317300876864,106.5,64.3297161381831
24.0427045492953,3.92822146352451,282.315482585742,107,64.3411400381864
33.3658426950968,3.94512333658911,282.313870922396,107.5,64.3569938307453
-20.7670885646267,3.84862815572314,282.316038616376,108,64.3471263408946
-6.32046933893553,3.87430679324846,282.316117145498,108.5,64.3441231675388
-56.8995130461812,3.78482942891814,282.328983325877,109,64.317087342765
-30.2118518303339,3.83079078105881,282.33407492091,109.5,64.3027321701379
-16.6745780579547,3.85465036634129,282.335941182413,110,64.2948092381757
7.78805330990419,3.89852592474797,282.33454853339,110.5,64.2985097346007
-18.5418459488332,3.85135696352307,282.336469176482,111,64.2896995696061
-5.51906969663968,3.87458685435822,282.33642732935,111.5,64.2870771815882
-15.0354790326996,3.85748130357209,282.33777721788,112,64.2799330681371
6.18543840856923,3.89553755509996,282.33648082932,112.5,64.2828720814961
38.5865950302936,3.95342117882627,282.335173951729,113,64.3012065164676
-11.3076031907219,3.86477427437323,282.335612255387,113.5,64.2958337046084
-39.6486043036205,3.81419954047914,282.342761768151,114,64.2769946555359
-36.1177375148811,3.81993592739198,282.349224037424,114.5,64.2598332991306
-17.58177437587,3.85253915627672,282.351292937245,115,64.2514793125006
-20.2694324520649,3.84757962914041,282.353746818359,115.5,64.2418482841368
21.5516048112026,3.9225127743397,282.351832841887,116,64.2520885371737
-8.17121045218084,3.86948803192254,282.351869433769,116.5,64.24820598349
-4.10216628427722,3.87676908830109,282.351523499259,117,64.2462568376553
-43.6873870900615,3.80625062240097,282.359952388724,117.5,64.2254987594406
-21.9076371369655,3.8443118098122,282.362981233712,118,64.2150893375118
8.49725885865601,3.89876685548686,282.361506511578,118.5,64.2191268132169
-6.36304974527459,3.87222253498909,282.361349437868,119,64.2161034077653
25.1832481310107,3.92880595252635,282.359346309827,119.5,64.2280692374755
-6.38583388315615,3.87257065843093,282.359085107668,120,64.2250350061323
-13.1912569864055,3.86031256313277,282.360045312118,120.5,64.2187671754719
30.5398450077685,3.93855178639303,282.358273566632,121,64.2332781941792
-2.99442522148349,3.87897853477285,282.357545866289,121.5,64.2318553919222
25.4583338382869,3.92996274218421,282.355604050664,122,64.2439519287084
6.93001921648897,3.8971785350694,282.353978828046,122.5,64.2472447299151
-34.8806779848281,3.82249504179737,282.35954242539,123,64.2306711628052
-20.717910748963,3.8472336315657,282.362101903802,123.5,64.2208270398119
-25.6920662748069,3.8381334748333,282.365648742867,124,64.2086194449716
-13.0902805298173,3.86039964701805,282.366730054174,124.5,64.2023995933121
-8.33894110156751,3.86883152594126,282.366959262626,125,64.1984373423481
13.2048413417202,3.90750744956869,282.365121106149,125.5,64.2047116276199
8.25736873771853,3.89885651368556,282.363427560326,126,64.2086351194449
-3.85663324599336,3.87723536618894,282.362895123932,126.5,64.2068026387245
-7.3992148181065,3.87086140903971,282.362903779445,127,64.2032868990534
-19.8387376434499,3.84850100798347,282.365068277481,127.5,64.1938605154879
2.31343235367243,3.88806941985337,282.364056537275,128,64.1949597437307
-1.36570376936164,3.88153734171278,282.363269858459,128.5,64.1943108290771
8.02501846457161,3.89844497250986,282.361678628767,129,64.1981239195835
15.7492264074868,3.91243577416901,282.359690493518,129.5,64.205607170365
-50.3342858343656,3.79502551423559,282.369979547302,130,64.1816908157413
-2.07127767566058,3.88007380196471,282.369689858062,130.5,64.1807066473838
-26.7808138751108,3.83583082099433,282.373346485728,131,64.1679817337165
15.4249117681656,3.91123622640325,282.371545550015,131.5,64.1753108862767
23.2292792512308,3.92542171719124,282.369407811744,132,64.1863482869473
13.7528314763043,3.90882995197382,282.367393365569,132.5,64.1928829499353
-46.6307525194703,3.80142115754781,282.37641688392,133,64.1707263305427
-6.95148408818519,3.87129058067529,282.37669172749,133.5,64.1674233302943
-15.9684619970254,3.85507391621988,282.378091009674,134,64.1598359096409
-40.3558523509846,3.81159875300115,282.385491743807,134.5,64.1406608113958
-23.1493758518554,3.84160886904713,282.388672047913,135,64.1296613768551
-42.2572653259607,3.80754954991651,282.396832623995,135.5,64.1095828215282
-24.3280443789495,3.83880814722389,282.400360623803,136,64.0980233421987
24.4212828699211,3.92602233768734,282.398314094097,136.5,64.1096271238318
10.3137217477605,3.90119801351817,282.396342630529,137,64.1145276925539
-46.8222244825115,3.79953908119122,282.40565159331,137.5,64.092280095187
31.7078598130981,3.93900727914115,282.403991455885,138,64.1073460965632
23.5242749558766,3.92495785442297,282.40165904551,138.5,64.1185236645526
-44.9213376377334,3.80321215376487,282.410156077649,139,64.0971792742765
-17.9812129648446,3.85036349021831,282.412242928077,139.5,64.0886354942525
3.96417235145523,3.88961873605835,282.410953527982,140,64.0905190722189
-48.6888773505137,3.79605304726768,282.420920310705,140.5,64.0673845340478
-23.5217847983634,3.83985258003429,282.424263494179,141,64.0562081492577
-19.3764981865217,3.84704808627327,282.426488109814,141.5,64.047001398942
12.5699808412077,3.90427558247857,282.424573325512,142,64.052974030011
-7.24457472712216,3.8689233735496,282.424381363588,142.5,64.0495317676366
-34.3600392554196,3.82047601042423,282.430052787037,143,64.0332055822126
-31.883516573096,3.82448162659152,282.4353331574,143.5,64.0180561174616
-13.6598083008675,3.85669948491689,282.436537538401,144,64.01156565447
-30.0180385312044,3.82739150094694,282.441184906091,144.5,63.997302572304
26.0602523244267,3.92756857693345,282.439044948179,145,64.0096851108827
-32.829314104622,3.82258022625895,282.444121873063,145.5,63.9940862500831
-24.5824185568688,3.83689002502762,282.447570886399,146,63.9824059047684
-50.2288546258494,3.79146096611554,282.458545123687,146.5,63.9585396458226
18.2121433917008,3.91293030423443,282.456584022813,147,63.9671931525247
4.24516735476544,3.88822680562578,282.454945519876,147.5,63.9692102453713
-26.3372891301233,3.83351191973383,282.458491612795,148,63.9566960726514
-17.3236897989365,3.84936597883084,282.460305071773,148.5,63.9484647150041
-3.15300282379824,3.87470038683369,282.459711895065,149,63.9469665645404
-2.24279533232713,3.87639641729611,282.458893060854,149.5,63.9459008995046
-41.0787179936039,3.80718084666409,282.466570871551,150,63.9263823313807
-28.5291490567029,3.82890471028133,282.471091416393,150.5,63.912826695602
-28.7914736211365,3.82816939217561,282.475589252572,151,63.899146416209
14.6161528328336,3.90579409363179,282.473503087146,151.5,63.9060912866604
-4.08475178004723,3.87249749697105,282.472798015729,152,63.9041504153338
-26.5072201233064,3.83235079873057,282.476459025986,152.5,63.8915554998393
1.41879698127817,3.88219695579296,282.47536492984,153,63.8922296417524
-36.2373549439622,3.81496708790936,282.481595774635,153.5,63.8750114490811
-65.6372356745527,3.76361422903161,282.498813634658,154,63.8438238921526
-5.06813686774681,3.86953602760178,282.49895040971,154.5,63.8414157650361
-16.3938264999273,3.8492503002152,282.500446710829,155,63.8336262322809
-12.1386532837607,3.8568081381405,282.501215774249,155.5,63.8278585466612
-21.4296622245575,3.84011234122079,282.503815534677,156,63.8176762346896
-8.11453216069974,3.86385759430092,282.503939344002,156.5,63.8138206117173
-22.1593189242169,3.83867278340436,282.506665455571,157,63.8032916030937
-63.0375336128188,3.76689637170093,282.522800020473,157.5,63.7733392955661
22.7333128739045,3.9183841058654,282.520664080746,158,63.7841410376283
-8.7284566035481,3.86234955990023,282.520559918882,158.5,63.7799937082287
-25.0678964647008,3.83306285671268,282.523949421002,159,63.7680826879056
17.5604614383893,3.90936852589939,282.521563731359,159.5,63.7764265476854
-33.8286763996807,3.81764875482328,282.527029266332,160,63.7603528395198
-6.6917862538299,3.86582797158166,282.526981702317,160.5,63.7571732347939
-29.0567781572158,3.82580394755946,282.531336673426,161,63.7433668958519
30.9581527147291,3.93295386821648,282.528928610736,161.5,63.7580766736217
26.1907544980775,3.92499389449369,282.526109113373,162,63.7705212203567
-8.88201612534128,3.86260859332765,282.52591072525,162.5,63.7663009270932
-29.3203829070003,3.82602763541197,282.530199172326,163,63.7523693362564
3.6057942664186,3.88470395411812,282.528760709804,163.5,63.7540826307424
6.63575318242342,3.8902757829294,282.526798607852,164,63.7572356113335
-9.52229746929167,3.86142072923063,282.526800957184,164.5,63.7527110881515
12.7890224942905,3.90141375847119,282.524509134769,165,63.7587877969434
12.839234726444,3.9017332092926,282.522089107388,165.5,63.7648883640961
-4.59368400299867,3.87068891401036,282.521302018133,166,63.7627056734346
8.51255329184647,3.89420268275328,282.519262755535,166.5,63.7667504162954
-9.74640952883568,3.86160464982953,282.519259493354,167,63.762119406185
8.11588127925131,3.89358041033446,282.51728926001,167.5,63.7659756701915
18.8252215851529,3.91287468721749,282.514717027905,168,63.7749204812251
28.5989417873209,3.93050088243907,282.512164028154,168.5,63.7885092790457
-32.6801411741571,3.82152457783889,282.516890162616,169,63.7729812978195
-1.45118004800884,3.87686672458165,282.516018643142,169.5,63.7722917690802
6.14308090667403,3.89051153165115,282.514152403268,170,63.7752106562565
-27.3636420827353,3.83068318078132,282.517679853163,170.5,63.7622088115496
-11.4916516239672,3.85869531862944,282.518211396261,171,63.756748549009
-20.2827343810252,3.84287543121632,282.520293701897,171.5,63.7471112002287
-11.9162140742358,3.85763736981236,282.520855215059,172,63.741449206682
1.69149141827115,3.88196399570018,282.519468305418,172.5,63.7422529194581
-22.8270610477259,3.83813123843803,282.522024628653,173,63.7314066329163
16.1738514585607,3.90775065401125,282.51970365474,173.5,63.7390916444488
-6.46247326892522,3.86746107699464,282.51915016205,174,63.7360209978729
20.9151218770459,3.91643352490318,282.51662401911,174.5,63.7459588258071
-10.2814004006682,3.86090823305492,282.516615642768,175,63.741073614585
-15.43382928993,3.85159091325297,282.517700878789,175.5,63.7337402248611
2.51873818113509,3.8836255608146,282.51625607769,176,63.7349370042441
6.64583556297549,3.89110709655505,282.514322835898,176.5,63.7380947754821
20.3886981489553,3.91578084319475,282.511757288777,177,63.7477824729862
-41.6742161156546,3.80548137513015,282.519130641752,177.5,63.7279809537083
8.54002765538864,3.89443031663779,282.517392605078,178,63.7320387510231
-29.2676158988046,3.82698167209376,282.521389425197,178.5,63.7181322324499
12.4703366292208,3.90130013448544,282.519291366736,179,63.7240575175345
-32.868227427124,3.8204991306449,282.52421478941,179.5,63.7084401670553
-8.86114576271526,3.86291302163603,282.524369273466,180,63.7042297903524
13.0415084580783,3.90212252185994,282.522072931215,180.5,63.7104264679438
-4.13839373034304,3.87156513929786,282.521202146913,181,63.7084601086246
-21.3286028637311,3.84079479339833,282.523430938926,181.5,63.6983258150459
-16.0538488582718,3.84999087493559,282.524736128231,182,63.6906978227936
-6.56388916912065,3.86684927821825,282.524405499734,182.5,63.687578988415
24.9043029895136,3.92308944926123,282.521845536614,183,63.6994122772376
-20.8341213020506,3.84167965228231,282.523786569441,183.5,63.6895129367568
-0.68112944870671,3.87754238793663,282.52271444634,184,63.689189297846
-46.9077978561653,3.795512043751,282.532017515002,184.5,63.6669010402588
6.66529821154256,3.89021964140981,282.530443377326,185,63.6700680591815
-27.6417151324209,3.8289897875877,282.534103064425,185.5,63.6569340879618
-7.90708203672019,3.86395412156062,282.534067963881,186,63.6531770349929
-3.3904612529693,3.87203354958992,282.533230614199,186.5,63.6515660560683
-23.7843360288626,3.83556278116698,282.53605114568,187,63.6402649199634
-9.19943279254202,3.86140798491116,282.53619082373,187.5,63.6358938060526
22.0764257738456,3.91734510755144,282.533585890769,188,63.646383427965
-16.0428614572898,3.84947472869298,282.534593403081,188.5,63.6387606563803
-41.4573166909257,3.80427196118733,282.542310891382,189,63.6190621969447
-2.57959269570645,3.87299272854317,282.541648204491,189.5,63.6178365025165
-28.7363779893033,3.82627526341516,282.545694147126,190,63.6041824018334
-1.17346654917867,3.87528016146885,282.544735159913,190.5,63.6036248287664
-16.3736660452611,3.84809578746775,282.545983251386,191,63.5958448752588
2.36994866182675,3.88158325099163,282.544513921868,191.5,63.5969709572464
-43.0199140391362,3.80087014254648,282.552666077207,192,63.5765300291
-18.139498644424,3.84443838666501,282.554654211745,192.5,63.5679110395765
-2.22409589274928,3.87284315365585,282.553734932412,193,63.5668542595863
37.37183921864,3.9433757746262,282.551404752333,193.5,63.5846115028824
-10.8950836667772,3.85792341617194,282.551405495941,194,63.5794346998284
-22.8045534558475,3.836551876914,282.554035475964,194.5,63.5685991077772
-47.0455256409308,3.7935762358264,282.563717490951,195,63.5462454087819
-4.89952342403782,3.86784174949815,282.563407164492,195.5,63.5439173984058
-44.9693406653174,3.79666869747463,282.57232967624,196,63.5225501994733
24.8299342795846,3.92056105016009,282.569853713121,196.5,63.5343481519757
-10.9355728096191,3.85698881602743,282.569921923751,197,63.5291521104904
15.9186052014031,3.90505508590695,282.56736129451,197.5,63.5367158416689
23.0470295886706,3.91801430894884,282.564501242811,198,63.5476666463446
1.78694648602075,3.8803993452746,282.56278911526,198.5,63.5485157146317
-16.3489784840454,3.84797962681194,282.563916862135,199,63.540747491428
9.91652789527651,3.89487846906574,282.56174494043,199.5,63.5454593333434
-4.26621366308654,3.86965046779548,282.560832274566,200,63.5434322403356
1.71070225579252,3.88036268419334,282.559289325657,200.5,63.5442450811484
-3.92469537435251,3.87033339716639,282.558382395573,201,63.5423802606824
20.4691027106594,3.91394393859246,282.555719963052,201.5,63.5521061624439
19.11184750914,3.91182833656661,282.552974345523,202,63.5611871638918
-10.8037033033399,3.85859959271227,282.552972641725,202.5,63.5560537802514
-28.0665438926148,3.82771257219244,282.556733270319,203,63.5427179514884
-18.0814715109502,3.84514880878106,282.558423410091,203.5,63.5341265335789
-51.3152637454131,3.78644548001026,282.569420227113,204,63.5097440669361
-61.4352217064932,3.76842563929283,282.584789411651,204.5,63.4805530985065
10.06360156911,3.89408376853574,282.582983384342,205,63.4853348225327
-23.5421410547432,3.83413229572697,282.585661061702,205.5,63.4741487654598
9.2207034455521,3.89259817157152,282.583537591953,206,63.4785299861294
9.71182491675658,3.89368231111306,282.581152929828,206.5,63.4831445633485
-26.2623960684894,3.82951498365885,282.584422821189,207,63.4706659760947
-8.87958482479128,3.86029602692635,282.584447503173,207.5,63.4664468380646
14.010476234188,3.90126931161658,282.581918270591,208,63.4731039210551
-1.49325821490063,3.87376688244011,282.580591442352,208.5,63.4723943988592
-25.5295832720133,3.83083232894727,282.583738725659,209,63.460264007878
33.2014157983366,3.93532045256568,282.58128679119,209.5,63.4760396729357
-6.42531551522819,3.86520712687829,282.58052005128,210,63.4729866818803
12.6257904161651,3.89928270041419,282.578070571258,210.5,63.4789858308896
11.0213750579252,3.89662428648403,282.575608834633,211,63.4842226413451
-5.44513484079096,3.86732774632093,282.574802719478,211.5,63.4816353835015
-12.3287775718837,3.85497156948706,282.575183568453,212,63.4757773602556
-20.2633338584586,3.84068220473316,282.577161627035,212.5,63.4661492296408
9.99502921770666,3.8946190837204,282.574979712555,213,63.4708983714888
40.9731320554161,3.94956009356731,282.572902797261,213.5,63.4903667704148
-7.97453943394355,3.86319222352735,282.572316135886,214,63.4865776650386
-27.3699699431539,3.82852569359801,282.575827389836,214.5,63.4735728136465
-6.19219581751178,3.86598351349138,282.575400554762,215,63.4706305895022
-23.1194857774091,3.83571070969119,282.577945347171,215.5,63.4596453572414
-14.3889393508075,3.8510304390225,282.578847546107,216,63.4528084473604
-26.1432778350415,3.82994910539584,282.582204537926,216.5,63.4403864591795
8.71146392597442,3.89199837265566,282.580145692049,217,63.444525714502
-9.8864176279477,3.85886624309823,282.58003988825,217.5,63.4398281794913
-9.89656811111252,3.85877995294959,282.580062516541,218,63.4351258214747
4.07115577303072,3.88373871455282,282.578274060527,218.5,63.4370602326535
-33.0181370527649,3.8176647454666,282.583271151335,219,63.4213716525599
27.3457760966757,3.92494162152496,282.580727947185,219.5,63.4343650082368
5.15433911264441,3.88583841936396,282.578622359962,220,63.436814094382
-1.89421257708382,3.87332812923223,282.577380652446,220.5,63.4359140585719
-5.07207527834027,3.86765558585933,282.576601666686,221,63.4335040601181
-24.5835536788424,3.83278674140815,282.579482003161,221.5,63.4218231754498
17.5622107978156,3.90783983829088,282.576964906506,222,63.4301678664383
-7.66807266120845,3.86300053017684,282.576447421098,222.5,63.4265243788631
-12.8753357923684,3.85362715672908,282.576943355463,223,63.4204066582755
7.94493083793256,3.89078472316445,282.574851624924,223.5,63.4241816951163
2.74905251395813,3.88163701541145,282.573084404842,224,63.4254879084401
42.1523475826105,3.95146934905569,282.571181915107,224.5,63.4455166120623
-3.34170338403296,3.87137978824496,282.569950012712,225,63.4439288004573
-30.2855170991626,3.82333000610204,282.574131786794,225.5,63.4295386257503
-32.7321859269509,3.81862857131392,282.579237408991,226,63.4139859154404
-29.0541498414367,3.82473743689738,282.583452393516,226.5,63.4001808253436
-41.0327382253136,3.80331194590958,282.591094385105,227,63.3806841045238
-15.3113810506889,3.84841186744509,282.592376327921,227.5,63.3734088961262
4.59844659099256,3.88396461473432,282.590555790607,228,63.3755938497332
-14.5266913148137,3.84984752389722,282.591297338291,228.5,63.3686914869553
-47.3712115050691,3.79169305089306,282.600957867872,229,63.3461830382006
-63.2625747346753,3.76380702068193,282.617141129678,229.5,63.3161238023003
0.272734997935844,3.8750019038229,282.616239239737,230,63.316253392436
6.35275982677573,3.8860239999758,282.614100028483,230.5,63.319271908629
-40.7662740003717,3.80223666108551,282.621532282373,231,63.2999017983847
-17.4013794867132,3.84320751984844,282.623274084661,231.5,63.2916335264534
-8.57114190409929,3.85891104868958,282.623158815168,232,63.2875609451917
-19.0516371247196,3.84014729666714,282.624957298992,232.5,63.2785085527303
1.21406296240769,3.87632397643863,282.623473703525,233,63.2790854151982
10.4463149579815,3.89297619945419,282.620976675985,233.5,63.2840489856334
1.50776285471025,3.8771949821381,282.619243223043,234,63.2847653997143
23.6337770258328,3.91677118218156,282.616274945771,234.5,63.2959949976529
-0.732596485910529,3.87365403159593,282.614727954437,235,63.2956469041603
-4.45101782969775,3.8670410233296,282.61380394496,235.5,63.2935320013841
42.4929928384305,3.95028595016735,282.61171355217,236,63.3137225627261
-43.1136396760965,3.79905566723945,282.619426577049,236.5,63.2932371008084
-38.1256061196848,3.80722985825651,282.626287277544,237,63.2751217048892
29.7852513415727,3.92770758349746,282.62367133449,237.5,63.2892741781355
-13.610073584425,3.85076750427585,282.624021708556,238,63.2828073466129
2.01545771356497,3.87862141221006,282.622363500237,238.5,63.2837649920947
-13.5760673024235,3.85079468208059,282.622862104946,239,63.2773143186696
47.3110100218466,3.95857286329947,282.621279982875,239.5,63.2997941626673
12.9107652443052,3.89870805796235,282.618465119499,240,63.3059287175721
-23.3046428218325,3.83421181243955,282.620814262486,240.5,63.2948555078728
-12.9953499771657,3.85231046785167,282.621357930211,241,63.2886807625007
-15.6146422790492,3.8475066911475,282.622315634967,241.5,63.2812614594178
9.1627028290863,3.89167583288656,282.620033716934,242,63.2856151210729
-48.4915069630914,3.7895643798334,282.629712295852,242.5,63.2625743635148
9.51801318659169,3.89191231036826,282.627676818747,243,63.2670968510183
-47.9199525541587,3.79014596913087,282.637227371926,243.5,63.2443276677501
-53.597286015529,3.77973131727247,282.649450026608,244,63.2188608973774
-11.2893154926212,3.85369728156575,282.650069016568,244.5,63.2134967749248
12.8776020426503,3.89692665109325,282.647428780912,245,63.2196155723221
9.48146925259127,3.89111595276687,282.64486601587,245.5,63.2241206959617
24.6686947108254,3.9183235622829,282.641788853973,246,63.2358420354231
-26.5471294337042,3.827329009893,282.644893839228,246.5,63.2232281570049
15.2185399552076,3.90163764819165,282.642279807553,247,63.2304592519215
-22.6374423871126,3.83425103406642,282.644511252554,247.5,63.2197030627568
-42.1442140919325,3.79958472380443,282.652405766846,248,63.1996782237658
31.8707548069063,3.93067976432414,282.649794255607,248.5,63.2148216247588
-41.1197189366083,3.80140763653787,282.656965645927,249,63.1952835750216
-24.4563509071301,3.83031574809024,282.660115253449,249.5,63.1836631307976
-48.2034220740711,3.78831538318892,282.670175991917,250,63.1607592568816
-33.0370626230759,3.81431036835983,282.675748243402,250.5,63.1450616842962
1.6968370448976,3.87599946981176,282.674214608617,251,63.1458679370488
-49.6989058106618,3.78496726723083,282.684702558796,251.5,63.1222534834795
14.1836292445485,3.89793838123578,282.682234346494,252,63.1289928401872
-20.9039174872445,3.83544328742898,282.684177881354,252.5,63.119060336023
-12.6899083235149,3.84995448152276,282.684688072103,253,63.1130307213662
0.105425306987092,3.8728292042067,282.683143602301,253.5,63.11308081424
22.2199338658091,3.91239885646534,282.679976487916,254,63.1236386240756
-20.2605075342538,3.83687329860037,282.681668189559,254.5,63.1140118363897
31.3077556337174,3.92862463282379,282.678732071353,255,63.1288877281164
8.24337045833538,3.88816154693208,282.676095922874,255.5,63.1328045686538
-37.9522184591482,3.80605441924737,282.682406552942,256,63.1147715579459
-28.3363558255524,3.82256287730408,282.686469338177,256.5,63.1013075279426
-27.4094359739596,3.82391025971142,282.690242317155,257,63.0882839242513
-36.2731888084757,3.80796742849842,282.696502094395,257.5,63.071048705106
20.5804068529968,3.9089952214261,282.693605345094,258,63.0808274930721
-44.3710613473352,3.79379783686509,282.702035161708,258.5,63.0597445667799
20.5968385233942,3.90890994049443,282.699200975017,259,63.0695311622603
-33.64513434235,3.81250561131515,282.704288874669,259.5,63.0535446641714
-16.5570480632335,3.84251205854774,282.705622824279,260,63.0456775766298
-24.2975961811853,3.8285942420302,282.708550450228,260.5,63.0341325647728
-5.12179351125322,3.8626617153255,282.707773824738,261,63.0316989426821
-4.42911387882902,3.86394497010638,282.706734840822,261.5,63.0295944475763
-19.6094108949499,3.83682672607375,282.708470673088,262,63.0202770287006
7.81118139422189,3.88575473524457,282.706110290022,262.5,63.0239885144435
-56.0773025367415,3.77288895575573,282.718896823482,263,62.9973433632989
-21.8816613772956,3.83216907622503,282.721679787898,263.5,62.986946283762
23.8555493893498,3.91373674869466,282.718504670429,264,62.9982812569216
12.9472734797012,3.89474780010467,282.715455514923,264.5,63.004433158728
-51.6709456940485,3.78038070181182,282.726480907704,265,62.9798816896752
30.9634696103672,3.92635293109678,282.723624889883,265.5,62.9945939937698
-14.0309207669706,3.84665254517353,282.72393499576,266,62.987927196552
-7.60307956616464,3.85805344017051,282.723391590516,266.5,62.9843145904701
4.94456079155896,3.88050689361091,282.721160756429,267,62.9866640003681
-5.53262612505337,3.86189644288703,282.720153848925,267.5,62.9840351710083
37.5872711821018,3.93844794216943,282.717258352764,268,63.0018947768818
-6.56324031913416,3.86061434125877,282.716214707403,268.5,62.9987762508046
-0.594092432257779,3.87126004625583,282.714592352362,269,62.9984939675646
-17.558051155861,3.84098447535684,282.715726670946,269.5,62.9901512530315
37.1256867636778,3.93800823797224,282.71295137854,270,63.0077915368971
17.6699608724747,3.90424137855184,282.709690533266,270.5,63.0161874253736
-35.3635218585446,3.8100990866905,282.715024931749,271,62.9993844348177
-1.79869590174397,3.86935817602211,282.713785516031,271.5,62.9985297837914
16.0688572694671,3.90127137592036,282.710762393939,272,63.0061649072959
-3.56914295812455,3.8664759422597,282.70937671223,272.5,63.0044690276927
7.25157532562518,3.88580559044732,282.706931157326,273,63.0079146164041
6.02080567372925,3.88373954606297,282.704529698726,273.5,63.0107754044579
-33.2003865700506,3.81401706223455,282.709323954946,274,62.9950002284384
-0.858343840689087,3.87117624968677,282.707954999388,274.5,62.9945923860435
19.7580134968363,3.90796218148363,282.704828616552,275,63.0039804135006
-17.7285180632501,3.84139090926692,282.705824430105,275.5,62.9955567015531
-8.92409545031617,3.85690995375593,282.705472965543,276,62.9913164142827
-24.7545702809848,3.82863522439493,282.70823746681,276.5,62.9795542710123
7.14041524116865,3.88529303999746,282.705963712293,277,62.9829470419683
-13.6458024536985,3.84829505838933,282.706268240644,277.5,62.9764632338602
29.4942088868776,3.92496817449243,282.703224844716,278,62.990477418176
-2.24793401135357,3.86897228422903,282.701611242076,278.5,62.9894093114949
-16.5616968576467,3.84341780666329,282.702512047522,279,62.981540015077
-26.002117388614,3.82645863065938,282.705631563076,279.5,62.9691850993346
-39.3314555025253,3.80267017514462,282.712569681671,280,62.9504967436329
-3.7657729620328,3.86537304686221,282.71166185165,280.5,62.9487074352102
-22.1062940442237,3.83265815183086,282.713832649977,281,62.9382036213781
-3.85313658952662,3.86503711702118,282.712781408495,281.5,62.9363728020953
-47.1299605256836,3.78844728435986,282.72218078813,282,62.9139789838331
18.8875402569257,3.90512731421447,282.719376126309,282.5,62.9229534056068
-28.6381561076072,3.82068554040961,282.723012169164,283,62.9093459750873
4.24772449605315,3.87907565866432,282.721018541814,283.5,62.9113642829605
-34.0171040467836,3.81103019254226,282.726224825053,284,62.8952010433283
-9.68970293058263,3.85392029011422,282.726195493333,284.5,62.8905969773791
5.67742115769923,3.88138345826774,282.723899799299,285,62.8932946061526
-6.60694930412908,3.85956529716284,282.723038629963,285.5,62.8901553117348
-0.952625584306218,3.86967627328492,282.721462169337,286,62.8897026713344
28.8312712999433,3.92269885559922,282.718219861488,286.5,62.9034018606093
-23.5084555235914,3.82991977639789,282.720475045363,287,62.892231809229
-1.31248619530359,3.86928437939861,282.719070147535,287.5,62.8916081809255
5.90980760710286,3.8822411548386,282.716703358172,288,62.8944162282067
14.2421937024067,3.89722776710475,282.71370291581,288.5,62.9011834118383
1.14451723539234,3.87409235749697,282.71174062873,289,62.9017272296281
31.9004001230955,3.928717452948,282.708667909885,289.5,62.9168847166041
-68.236053881678,3.75314906653463,282.725791499509,290,62.8844623302385
-38.8507706015104,3.80267002292984,282.733055450091,290.5,62.8660023721462
-4.7380365623394,3.86280915848061,282.732251756362,291,62.8637510923124
-17.5118210966195,3.84001023098324,282.733414633953,291.5,62.8554303440091
-2.55222486135524,3.86659864860653,282.732108684414,292,62.8542176534176
-33.3911471755639,3.81174358117968,282.737163391332,292.5,62.8383518374254
-3.96975737874553,3.86376164588562,282.736200087853,293,62.8364656057314
15.7502158479944,3.89901024635771,282.733115260136,293.5,62.843949326646
-32.7414365377156,3.81286946542584,282.73784357442,294,62.8283922209049
-15.9752936469221,3.84227194262707,282.738940145336,294.5,62.8208015541905
-37.5795417526204,3.80385897656146,282.745386332907,295,62.8029456209582
-28.0200299388759,3.82031011111092,282.749378771097,295.5,62.7896318933175
-2.23055828917897,3.86607971920988,282.748128520076,296,62.7885720427173
22.9787705635519,3.91109315642091,282.744758028644,296.5,62.7994904140919
5.37755786061049,3.88015065465697,282.742243303911,297,62.8020455627083
-63.8278146160874,3.75854868383234,282.758006507934,297.5,62.7717177528683
-10.9603539798418,3.85031693128769,282.758498510259,298,62.7665099366008
-5.54933907015381,3.85996741282545,282.757561834868,298.5,62.7638731660788
-16.1517563612254,3.84103747855803,282.758478275226,299,62.7561986530401
-50.8310087661147,3.77983467980691,282.76946441465,299.5,62.7320462803307
1.21992535419722,3.87145405550638,282.767966063475,300,62.7326259283162
1.535377486262,3.87215198711592,282.765962198095,300.5,62.7333554634995
-15.1291859183939,3.84245670299629,282.766620793508,301,62.7261668251868
-12.0030428973965,3.84794796746902,282.76680489916,301.5,62.7204635748925
-6.63972533360821,3.85749213730609,282.766037462236,302,62.7173087069322
-43.6376138583971,3.79189089383298,282.774425859438,302.5,62.6965742784871
-24.3230157143653,3.82544988067929,282.777588418232,303,62.6850171885294
-12.4642946011053,3.84641520448627,282.777973176519,303.5,62.6790947743166
-31.5467028018827,3.81239275574528,282.78276752414,304,62.6641053467542
40.5148908478768,3.94014720146508,282.779878130131,304.5,62.6833560122002
13.829613589873,3.89374422434919,282.776537155349,305,62.689927158238
23.2088924473345,3.91063760756764,282.772997101399,305.5,62.7009548721112
16.2076510344546,3.8985817758648,282.769642216018,306,62.7086559435247
-14.2167490285109,3.8445342752801,282.769925428736,306.5,62.7019008499394
-15.2123555471248,3.84262639799163,282.770623286756,307,62.6946726935466
-50.5869536694877,3.78021641150219,282.781337756601,307.5,62.6706362837071
7.90450275437487,3.8832338037278,282.779076436925,308,62.674392111129
-16.642620996302,3.83954856073499,282.779937364586,308.5,62.6664843635765
-26.7985227729321,3.82134426694648,282.783342071455,309,62.6537510355197
2.2658652150778,3.87296735285471,282.781424523317,309.5,62.6548276622189
-25.7333799646499,3.82309916575922,282.784420612218,310,62.6426004371635
-34.8098934831478,3.80679187026071,282.790157904931,310.5,62.626060503336
25.6825560625528,3.91416186090492,282.786873759498,311,62.6382635793954
14.4912054286375,3.89474174041148,282.783537638176,311.5,62.6451490810413
15.2282051843698,3.8963071940531,282.78023646382,312,62.6523847683951
-33.2397832112614,3.81023481776725,282.785058582388,312.5,62.6365908730468
-24.4599126631739,3.82538348681784,282.787993433808,313,62.6249687364531
13.4916997467407,3.89289268130142,282.78504263789,313.5,62.6313793226027
10.3223354378202,3.88749729665502,282.78205000089,314,62.6362839841228
-21.2739868702685,3.83128884725507,282.78384906676,314.5,62.6261756413537
-19.0875243886575,3.83496577727064,282.785418592643,315,62.6171061970455
-15.0081127549557,3.84206630670549,282.786134597263,315.5,62.6099750866914
-12.8844489037896,3.8457456884528,282.78641170757,316,62.6038530360056
-41.0474261831409,3.79578727958154,282.793912254158,316.5,62.5843493361971
26.5910958138923,3.91556435760365,282.790681551459,317,62.5969841052571
9.04637722246353,3.88485968543265,282.787707409379,317.5,62.6012824947569
0.0368427377736573,3.86895822186202,282.785760413993,318,62.6013000005975
34.1011303916271,3.92939853618655,282.782440619569,318.5,62.6175031653786
-32.7368325034097,3.81121175317482,282.786954304497,319,62.6019482472462
-7.57010980373764,3.85555443651058,282.786408971248,319.5,62.5983513067591
-6.70106542382546,3.85707576238405,282.785518075464,320,62.5951672930321
-32.6225592853642,3.81096251302365,282.790317795386,320.5,62.5796666718617
-0.430397225167362,3.86791541816285,282.788752748754,321,62.5794621684602
-13.5053931141964,3.84462286726151,282.78900994083,321.5,62.573045075902
2.40988453990045,3.87296874089006,282.786937402263,322,62.5741901334369
2.62862087771258,3.87346509623214,282.784727094955,322.5,62.575439123624
-19.6720030981636,3.83374829183099,282.786217853706,323,62.5660919640397
12.4038510568415,3.89081788170916,282.783305388121,323.5,62.5719856584799
7.59697158688614,3.88247782694158,282.780546158218,324,62.5755953623533
39.6743422864072,3.93919308662158,282.777529897971,324.5,62.5944466408378
-2.26034660630313,3.8655877900333,282.775725953682,325,62.5933726363077
-15.8639000537628,3.84131565999552,282.776386964223,325.5,62.5858348983004
-30.7970021228851,3.81465679953732,282.780674514697,326,62.5712016912944
34.259270079677,3.92980030347066,282.77763735374,326.5,62.5874799962071
3.31400423551654,3.87552371496739,282.775195073096,327,62.5890546465514
7.32188503075708,3.8827466752774,282.772537878887,327.5,62.5925336429454
-28.463384590408,3.81915440525171,282.775989318277,328,62.5790092551772
-23.6830462820317,3.82727464113369,282.778583681651,328.5,62.5677562469332
19.8750770313282,3.9046114792559,282.775396957189,329,62.5771998971723
5.08559357703834,3.87862328508803,282.772845715178,329.5,62.5796163188508
16.4378273459,3.89892391409974,282.769608052878,330,62.5874267586242
-21.8439441930697,3.83097043343647,282.771400328267,330.5,62.5770476004214
14.1762329344859,3.8949106017744,282.768462200764,331,62.5837834427695
12.083583229812,3.891408259731,282.765413513251,331.5,62.5895249618327
16.9566832979017,3.90023954772636,282.762155307921,332,62.5975819362046
-43.2713472818354,3.7937078651696,282.769789485522,332.5,62.5770215394595
-22.9603422718417,3.82885652548361,282.772336783819,333,62.5661119242945
14.3591090654351,3.895112623869,282.76938828467,333.5,62.5729346603043
27.8088192923306,3.91910992678998,282.765956768895,334,62.5861480311277
-32.6510491244363,3.81213832382051,282.770365711516,334.5,62.5706338729997
-19.7267588011789,3.83459715300415,282.772076451979,335,62.5612606962228
-43.6414052296981,3.79227203608605,282.780245375193,335.5,62.5405244663061
-5.90391277757921,3.85852520562502,282.779555632513,336,62.5377192199554
-11.8791822881127,3.84785658237486,282.779529377949,336.5,62.5320748220756
-26.8992949748058,3.82105957163827,282.782821707257,337,62.5192936120697
-26.2923558499133,3.82185195709452,282.786122939205,337.5,62.5068007894146
-37.4333080182103,3.8019355547342,282.792560634684,338,62.4890143391956
-64.9390950090551,3.75408911130057,282.809344772778,338.5,62.4581585040639
-27.663995418092,3.81798003954745,282.813577514715,339,62.4450139463581
-0.00956505722111345,3.8671180796338,282.8119212744,339.5,62.4450094015176
-3.18462248617964,3.8615652658493,282.810465325795,340,62.4434962269595
25.6485020883694,3.91295082256781,282.806869960653,340.5,62.4556831222605
-0.658262188912094,3.8665874706827,282.804888385506,341,62.4553703487368
-11.1949637875694,3.84782960214496,282.804695385018,341.5,62.4500510575319
-15.2232814497618,3.84057543744137,282.805355679374,342,62.4428177096924
-59.8276752905717,3.76236296995727,282.819719249656,342.5,62.4143905675399
-25.3888159605112,3.82165750696488,282.823252190042,343,62.4023270621991
-11.5225838890366,3.84616613232343,282.823376553627,343.5,62.3968521021812
-17.3956404785092,3.83564735794023,282.824554564064,344,62.3885865571418
-31.8018846879155,3.80994331683342,282.829385209436,344.5,62.3734758798114
-37.66648536693,3.79929811016097,282.836145034659,345,62.3555786352885
-66.346449452433,3.74943557104275,282.853911470121,345.5,62.3240540951698
9.60916038478265,3.88247019069215,282.851555077526,346,62.3286198912984
-20.1778977144758,3.82945432212038,282.853253495754,346.5,62.3190323556991
3.63519933427543,3.87194555074172,282.851012933132,347,62.3207596220141
-11.5058696678181,3.84502090770192,282.850888898302,347.5,62.3152926037646
-20.0256609960126,3.82977667957925,282.852661828981,348,62.3057774034987
-22.21892124705,3.82572950546095,282.855034364626,348.5,62.2952200748093
-21.3537821969685,3.82710641338347,282.857232335122,349,62.2850738172611
-39.7914478505768,3.7943258816638,282.864632270598,349.5,62.2661668960242
9.19224606667906,3.88122262206827,282.861979528212,350,62.2705345951595
-19.7550002216788,3.82969079247147,282.863549424395,350.5,62.2611479994612
-43.9657313548706,3.78677276072803,282.872325071548,351,62.2402576658656
-17.5897254122602,3.8329715505698,282.87391401465,351.5,62.2318999012978
15.1873748211319,3.89152497725977,282.870569793487,352,62.2391161880893
-30.693453794635,3.80993507696193,282.874889059839,352.5,62.2245321821098
-19.1912868719033,3.8301014993123,282.876662263851,353,62.2154134350192
-6.75283241487939,3.85223981749704,282.875857806617,353.5,62.2122048241872
-6.29243976346633,3.85311129635256,282.874864919714,354,62.2092149690946
9.36706951252775,3.88117342274122,282.871866366543,354.5,62.2136657356553
-41.9473874135426,3.79010030659943,282.879637333704,355,62.1937344189337
13.3374910231439,3.88806152996103,282.876625841423,355.5,62.2000717327509
23.6852407935454,3.906695620606,282.872723180304,356,62.2113257837179
6.808265117949,3.87709975376297,282.869771853954,356.5,62.2145607334194
-34.0436651065734,3.80449093605251,282.874944334444,357,62.1983848732898
-33.2303921111138,3.80554488387881,282.880288342443,357.5,62.1825954401262
-19.7813394424621,3.82906441687167,282.882151820637,358,62.1731963293373
-15.2309847619037,3.83704305427268,282.882899536989,358.5,62.1659593212663
0.276045054645449,3.86470996776028,282.880957508075,359,62.1660904841766
13.7004797821345,3.88878817943204,282.877555825403,359.5,62.1726002722376
8.17731608036324,3.87921796435724,282.874516837249,360,62.1764857270128
2.84938474635115,3.86989692064511,282.872071133469,360.5,62.1778396132341
-9.58437108175468,3.84778940422519,282.871486650355,361,62.1732855957521
-14.3531077264654,3.83922805894501,282.871898405535,361.5,62.1664657112807
-5.75383174660713,3.85449177405275,282.870810498923,362,62.1637317759876
-3.22350782541139,3.85902931921427,282.86926916465,362.5,62.1622001250461
-42.1552593079717,3.79001224284564,282.877049316555,363,62.1421700379166
21.8713556191921,3.90331361029757,282.873636580187,363.5,62.1525622206688
-9.37511108139225,3.84800159788432,282.872900311036,364,62.1481076331536
-39.8097249945107,3.79400062226579,282.87995976996,364.5,62.129192027525
-17.1928322122061,3.83356800440813,282.881275515353,365,62.1210228469087
-6.21647232244264,3.85306431185606,282.880297400919,365.5,62.118069087774
-2.65979697066076,3.8594513702109,282.878678324783,366,62.1168052842547
8.0520385959534,3.87865185803587,282.875754447673,366.5,62.1206312133866
0.586672465167858,3.86551541491545,282.873585052897,367,62.1209099710265
0.246399231170781,3.86499719600234,282.871509507609,367.5,62.1210270477128
-4.17985090824104,3.85716929034068,282.870055641246,368,62.1190409900001
-20.570728625463,3.82794217614928,282.87174942368,368.5,62.1092668006474
8.09087522888394,3.87891877608954,282.86897653484,369,62.1131111830199
-7.25460324474478,3.85169894330128,282.86795751793,369.5,62.1096641555915
-10.0261218047515,3.84672945220911,282.867524396146,370,62.1049002400892
-33.4790308253482,3.80501214827775,282.872633000369,370.5,62.0889926661483
13.2629519352996,3.88789764460309,282.869563195377,371,62.0952945626902
-30.3744589235579,3.81040063939189,282.873626205148,371.5,62.0808621272423
7.32569823124903,3.87727587340992,282.871011124891,372,62.0843429354799
-44.4590316750359,3.78556472612187,282.879480412229,372.5,62.0632182100539
7.11083043303812,3.87659447625621,282.877016987935,373,62.0665969237773
-16.741049275717,3.83417809128126,282.877813878368,373.5,62.0586424079912
-10.6102156444229,3.84499631799735,282.877583087774,374,62.0536009600838
-44.347214400389,3.78526634271494,282.886218681991,374.5,62.0325293646774
-20.2004867235464,3.8273512318484,282.888290118692,375,62.0229310959021
5.85569096688367,3.87377144481468,282.885714599699,375.5,62.0257134296416
22.8899572564282,3.90421584541512,282.88185780424,376,62.0365896013403
6.35226491437119,3.87522295305183,282.87893504562,376.5,62.0396078823755
-31.3147925467281,3.80828166167589,282.883288436318,377,62.0247286470571
-16.9473167615819,3.83344321339136,282.884436820573,377.5,62.0166761231984
18.5582111532801,3.8966446736143,282.880897664864,378,62.0254940641261
-31.6441665292972,3.80758028824661,282.885274370062,378.5,62.0104583266373
14.1167494752414,3.88876408892919,282.882100362684,379,62.0171659053978
-9.64927786685294,3.84662668947055,282.88143913843,379.5,62.0125810474327
22.8855682498718,3.90450504318327,282.877729945713,380,62.0234551336933
-6.17863458596099,3.85315410631876,282.876420731286,380.5,62.0205193531731
-6.90357519519833,3.85184279583841,282.875415477935,381,62.017239116853
13.2829416277803,3.88781487037765,282.872124315657,381.5,62.0235505115048
-28.2739931548242,3.81404073402598,282.875534158472,382,62.0101161131477
-21.2937027779128,3.82609834124642,282.877574018889,382.5,61.9999984023578
-30.2878351579093,3.8099506354954,282.881867301408,383,61.9856071262244
8.58815686267618,3.87890596872142,282.879117094821,383.5,61.9896877921499
-2.18054849889734,3.85988594262798,282.877306440967,384,61.9886517037202
-1.18552606411291,3.8617138658089,282.875430773685,384.5,61.9880884005701
4.92143803053927,3.87267341441983,282.872812630462,385,61.9904268236797
-34.0434206362511,3.80349208507406,282.877919721532,385.5,61.9742510797102
33.6240685770681,3.92318158806566,282.874477330775,386,61.9902275683929
-33.3876206232277,3.80480777199072,282.879189164211,386.5,61.9743634280434
19.5247528343526,3.89853138961252,282.875790641881,387,61.9836406216101
-38.961472662522,3.79498369142898,282.882255375915,387.5,61.9651280633923
16.3786252596406,3.89285002688056,282.879037004269,388,61.9729103732724
-2.67260688891802,3.85920562800144,282.877231405944,388.5,61.9716404831157
13.7799176848045,3.88854647105856,282.873877006595,389,61.9781880161258
3.87843202426832,3.87116061497168,282.871271264598,389.5,61.9800308545437
29.4380594637924,3.91649790736666,282.867542440275,390,61.9940183594402
-27.1463325256202,3.81647022353399,282.8704792287,390.5,61.9811197694502
-39.5695153075531,3.79429592435269,282.877423195584,391,61.9623182995436
-38.2552303094731,3.79610690720103,282.884170970918,391.5,61.9441413126424
29.7360759452172,3.91630177672366,282.880672056183,392,61.9582704201809
30.8600553661082,3.91870484282286,282.876779261475,392.5,61.9729335869589
23.8893147701401,3.90689749155749,282.872907071269,393,61.9842846037518
2.11474631142862,3.86861766444739,282.870436695252,393.5,61.9852894262477
-31.9822457179355,3.80810032936709,282.874785447373,394,61.9700930503068
-0.219881177490599,3.86414291598985,282.872997764493,394.5,61.9699885736836
-13.4950693192947,3.84052242530767,282.873067563605,395,61.9635763864803
3.1408239612719,3.87006210675333,282.870724331713,395.5,61.965068750153
-24.8032885265062,3.82040367704649,282.873247285905,396,61.9532834583901
48.2727414481612,3.9490720213145,282.870797986281,396.5,61.9762202694325
-36.0016847814607,3.80110966702624,282.876041803071,397,61.9591140555265
11.2301629489126,3.88452943857007,282.873144528622,397.5,61.964450071626
2.04968262982702,3.86838495947551,282.870747086022,398,61.9654239790895
-14.1849549888316,3.83951981602826,282.870913618538,398.5,61.9586839924539
18.2831770047407,3.89715131514447,282.867458664994,399,61.9673712508037
-14.9138955428235,3.8383673876625,282.867662259418,399.5,61.9602849077929
-11.3694992709599,3.84452238515357,282.867439368028,400,61.9548826859882
16.1990523966462,3.89349160218944,282.864060418228,400.5,61.9625796717557
17.5578610487124,3.89614046246998,282.860467942603,401,61.9709222959594
-26.053084742867,3.81887575389004,282.863135697604,401.5,61.9585431630597
9.46957691539116,3.88175774276945,282.860316753605,402,61.963042636051
2.39196109947133,3.86932500197618,282.857917457855,402.5,61.9641791772565
-1.80680191754018,3.86190965072717,282.856079652652,403,61.9633206746538
-13.649963472753,3.84082089101159,282.856179049845,403.5,61.9568348894359
-31.234510708396,3.80952438165563,282.860465734063,404,61.9419938000628
-44.7927741818304,3.78543298094108,282.869135193078,404.5,61.9207104967606
-23.3259073339035,3.82259797166088,282.871793059076,405,61.9096271832205
-28.831238024444,3.81262653882138,282.875659968212,405.5,61.8959280097565
-22.3470204168037,3.82381906733718,282.877965724206,406,61.8853098146989
28.6583165579376,3.91427087625035,282.874333501603,406.5,61.8989268244639
-2.44380582193581,3.85956303142945,282.872431432453,407,61.8977656492192
-2.46442176001998,3.85956400775739,282.870717266528,407.5,61.8965946783039
-22.9910143544057,3.82304020969855,282.872883857579,408,61.8856704892875
8.65420370478941,3.87919442938016,282.870079007155,408.5,61.8897825373947
-57.7991314590244,3.76230102763835,282.883287073178,409,61.8623192585977
-33.4927330794728,3.80372613283502,282.888865703883,409.5,61.8464051740255
-0.461513144453697,3.86213617501873,282.887150478883,410,61.8461858858834
19.4971439535237,3.8977320394833,282.883456189064,410.5,61.8554499610801
-14.7436089483207,3.83709033592835,282.883687831687,411,61.8484445298081
7.37356277339869,3.87643106383404,282.880904672269,411.5,61.8519480809006
17.9070399915759,3.89530074484744,282.877260000684,412,61.8604566176088
-39.4445879547549,3.79381452760742,282.883821106877,412.5,61.8417145069803
-16.6181127044342,3.83366670649628,282.884907623253,413,61.8338184045517
30.5142832127485,3.9172229198421,282.88124470234,413.5,61.8483172775626
-5.12122317649734,3.85450995726964,282.879702197055,414,61.8458839264667
13.9648836018054,3.88848797681625,282.876354300533,414.5,61.8525193461009
14.1721463733106,3.88908334739316,282.872889190675,415,61.8592532467181
4.43732825296455,3.87200450716776,282.870218041149,415.5,61.8613616448869
26.3492447420006,3.91088761977914,282.86650711153,416,61.8738814983202
2.71635777249585,3.86940191350743,282.863970437444,416.5,61.8751721767255
-40.8331360540896,3.79235229155388,282.870908439539,417,61.8557702969515
-20.4052437013659,3.82779836116062,282.87276052159,417.5,61.846074737822
-26.8669674747803,3.8161363656431,282.875996320855,418,61.8333088882398
-30.1911926718958,3.80997103642308,282.880206650857,418.5,61.8189635318195
-20.0241722551695,3.82765134668393,282.881946380777,419,61.8094490389294
-22.5250179191703,3.82303206778596,282.88418747008,419.5,61.7987462682924
-25.4137353820548,3.81770053002275,282.887179390571,420,61.7866709224792
-7.01641242080644,3.85022039224481,282.886362619671,420.5,61.7833370715094
-18.5001669148601,3.82974995389984,282.887598412949,421,61.7745467103232
-20.7466809891052,3.82560658514755,282.889447208976,421.5,61.7646889171396
-39.3653634787456,3.79255572823022,282.896477129773,422,61.7459844500503
17.5646308019107,3.89331694296966,282.893159247428,422.5,61.7543302909047
-32.0507436034605,3.80534821138445,282.897661383567,423,61.7391013681681
0.869712811988094,3.86362095262663,282.895745973236,423.5,61.739514612534
-73.7718236537374,3.73348273572946,282.916259935537,424,61.7044619031035
18.1237785124081,3.89361000074994,282.913247624209,424.5,61.7130734232004
-8.52036790176089,3.84647210632728,282.912347661138,425,61.7090249672248
24.7576323054164,3.90566367907358,282.908491697369,425.5,61.7207885654173
-54.3453966983964,3.76627834967708,282.920397310187,426,61.6949663299756
2.75264600936208,3.86641681362219,282.918436412549,426.5,61.6962742507501
8.16355207497894,3.87620830767449,282.915374896729,427,61.700153165553
0.05709893286644,3.86195063416875,282.913188449865,427.5,61.7001802961321
-5.62275883410887,3.85189791302196,282.911878677837,428,61.6975086401821
-7.48528435350996,3.84858499499606,282.910915457634,428.5,61.6939520045392
-13.6362558167244,3.83759744199427,282.911090868829,429,61.6874727325192
-6.22196123405364,3.85073764605548,282.909990987263,429.5,61.6845163653261
-21.4570498042088,3.82358979832576,282.911855769607,430,61.674321040136
-30.3856356977891,3.80757280095389,282.916166148949,430.5,61.6598832940397
17.2737880587042,3.89211933405667,282.912725990466,431,61.6680909408565
-27.5960858518859,3.81253993022296,282.915964091557,431.5,61.6549786504064
-11.9281805547317,3.84012597475878,282.916006465732,432,61.649310970982
-16.0128223101831,3.8327843566933,282.916733790091,432.5,61.6417024725093
17.1164908907144,3.89172971993664,282.913176238828,433,61.6498353795183
9.88530512822141,3.87919403184524,282.909888700612,433.5,61.6545323859244
-62.8695037449532,3.75146676065193,282.92528533702,434,61.624659917851
-3.52915003889433,3.85474797629,282.924269931284,434.5,61.6229830408982
-13.5347323096813,3.83694434207928,282.924417713553,435,61.6165520078104
-48.8471862517441,3.77463503921435,282.934643127218,435.5,61.5933422491061
-12.1163775864095,3.8388649830086,282.934973250812,436,61.5875851477922
-13.1766374489144,3.8369393433163,282.935148802465,436.5,61.5813242636105
17.6048944854166,3.89177923684174,282.931487244446,437,61.5896892357691
-24.6562559811859,3.81680214134996,282.933992308903,437.5,61.5779738065748
33.8789188381205,3.92049780495456,282.930258316132,438,61.5940713874537
-7.8951623766142,3.8469873128487,282.929095884815,438.5,61.5903199981157
11.5112201949619,3.88156356365539,282.925804443722,439,61.5957895586701
-26.3688333074593,3.81432427526959,282.928697431445,439.5,61.5832603977227
-27.2800979088245,3.81243072167829,282.932168091005,440,61.5702982490611
18.1004170270464,3.89295433752305,282.928622690766,440.5,61.5788986689395
5.00034043642088,3.86999349409591,282.925757527784,441,61.5812745825566
6.32554885472064,3.87248969896886,282.922839787549,441.5,61.5842801694461
-13.6955643105929,3.83693594310716,282.922875999154,442,61.5777727169733
4.30207648852345,3.86892513281018,282.920313368944,442.5,61.5798168502159
-12.9753910662495,3.83823624170267,282.920227917889,443,61.5736515883277
39.4979615178957,3.93091870450627,282.916775993987,443.5,61.5924190594246
-6.3071572820343,3.85060241544595,282.915306041048,444,61.5894222112976
-12.5949352283448,3.83935954628359,282.915193749956,444.5,61.5834377231422
-40.2195689072569,3.79043774160057,282.922200176543,445,61.5643273800261
13.6108156243065,3.88547072407194,282.919066023258,445.5,61.5707945641292
0.349811178745874,3.86212199093631,282.916782833007,446,61.5709607770408
-15.7680522136328,3.83345889256161,282.917265242998,446.5,61.5634685811704
2.9041770578272,3.86660357818326,282.914885521237,447,61.564848501979
-21.4619124788289,3.82330303203172,282.916603568576,447.5,61.5546508662871
-31.339833718106,3.80560773781375,282.921081894039,448,61.5397597326468
-19.4867625517615,3.82625512474493,282.922692497074,448.5,61.530500590177
-34.7613766892396,3.79906480205106,282.928220656592,449,61.5139837091221
37.5681908665817,3.92681052793162,282.924753190295,449.5,61.5318342489767
10.6394498833652,3.88000477876354,282.921283271657,450,61.5368895875435
-10.1806326615909,3.843108057555,282.920622943465,450.5,61.5320522561502
-15.0191067995539,3.83441890007534,282.921041340184,451,61.5249159219717
2.45507165370124,3.86545077912635,282.918703940182,451.5,61.5260824501805
-35.5924635362731,3.79799080399467,282.924205568175,452,61.5091706779013
-49.6665747860828,3.77306276714164,282.934820981759,452.5,61.4855715864304
-26.715842389479,3.81264720787939,282.938451137934,453,61.4728775439886
-22.1233100477562,3.82055299634733,282.940701493358,453.5,61.4623656449961
40.0102467364922,3.93042071803936,282.937169512434,454,61.4813765286049
-26.1398547739476,3.8139142514823,282.939862090417,454.5,61.4689561668928
-43.3167524742756,3.78345766796984,282.948185277052,455,61.4483741958536
-37.9758199025432,3.79228744714523,282.955030536041,455.5,61.430329970911
-16.3002387365923,3.83027220477956,282.956078460028,456,61.4225849064164
12.6220544483429,3.88180068022096,282.952705485108,456.5,61.4285822802793
-49.4560422749636,3.77212321296492,282.962970887659,457,61.4050832234092
-32.5272180881487,3.80112367752122,282.968290631482,457.5,61.3896279036441
-27.7259553360532,3.80930825277671,282.972104965696,458,61.3764539056603
27.2841711610782,3.90698178861001,282.968172219305,458.5,61.3894179897291
50.781068929685,3.94810517952947,282.96507555885,459,61.4135466335067
27.2892987742099,3.90813825394635,282.960792876777,459.5,61.4265131539628
29.3201079404629,3.91208480360516,282.956657056543,460,61.4404446141492
-24.6559570261643,3.81674906966189,282.958871722262,460.5,61.4287293270035
-22.3245965221217,3.82059560002047,282.960942444227,461,61.4181217866678
-14.833994440968,3.83367814042212,282.961367055499,461.5,61.4110734086953
16.5375852813461,3.8894070274952,282.957730689217,462,61.4189312484888
29.2435793095096,3.91203978003415,282.953649946338,462.5,61.4328263460677
-1.20750776081126,3.85856763641001,282.951398194259,463,61.4322525983064
-21.1352240267504,3.82313010804032,282.95295869237,463.5,61.422210188754
-37.0560974682863,3.79481957282411,282.958998445976,464,61.404602970268
-26.4726161391067,3.81301247730898,282.962265577389,464.5,61.3920244968694
5.7365228481523,3.87008549409957,282.959572938663,465,61.394750207833
1.79731049649527,3.8632249755354,282.957074575729,465.5,61.3956042005835
-6.83123789846576,3.84793838244877,282.955837773363,466,61.3923583353569
12.8714772166406,3.88299757512602,282.952379151774,466.5,61.3984742225407
-10.2605604560663,3.84204560884446,282.951650859569,467,61.3935989134261
-18.4105341602562,3.82746855624472,282.952718220292,467.5,61.3848511412766
-3.65662543350653,3.85357817170169,282.951153556846,468,61.3831136943427
-0.696435251298878,3.85888150348886,282.94905554737,468.5,61.3827827828742
-54.0761749433708,3.76495201514826,282.960867660252,469,61.3570884682494
-47.1753417412636,3.77614550746178,282.970800821493,469.5,61.3346730870857
-42.9993923044295,3.78284251807488,282.979305921813,470,61.3142419098492
-41.3803616002251,3.78519183392506,282.987294485962,470.5,61.2945800156535
-40.1566697752431,3.78689475859329,282.99492321454,471,61.2754995590834
30.7294904403067,3.91231337384776,282.99104471186,471.5,61.2901006878884
-38.3926649971523,3.79019032392852,282.997396188549,472,61.2718583988442
-10.8621417236164,3.83861076702557,282.997279570567,472.5,61.2666972481667
28.546287345512,3.90861696560489,282.993145513196,473,61.2802610272097
-7.96098790159528,3.84428066656644,282.991927550933,473.5,61.2764783608492
-25.863257431101,3.81240506051628,282.994831290196,474,61.2641894244673
55.5890376843738,3.95543884363064,282.992559014593,474.5,61.2906025763858
32.2548152720847,3.91607558398735,282.988254776601,475,61.3059284638516
1.28179460621664,3.86182017385798,282.985598689985,475.5,61.3065375090352
-39.3630190348464,3.78987488597105,282.992113262415,476,61.2878341559093
-25.7595135310982,3.81331723180969,282.995166306217,476.5,61.2755945134801
-44.958435857084,3.77936143989491,283.003932982746,477,61.2542324959713
-8.11975395612591,3.84393168267804,283.003302575108,477.5,61.2503743918609
27.2097652887406,3.90663404949184,282.999173537699,478,61.2633031219518
-4.19417295759854,3.85138685354764,282.997291084628,478.5,61.261310259112
-11.7280759285725,3.83797723113867,282.996895813073,479,61.2557376594752
-2.83300471820529,3.85376458410314,282.995072467113,479.5,61.2543915562303
-25.547063138391,3.81339163866297,282.997750986751,480,61.2422528596841
1.24692578385778,3.8608369872091,282.995495163259,480.5,61.2428453369338
-18.3210513437059,3.82606593717573,282.996433302054,481,61.2341400825778
-1.00797574603799,3.85676950503279,282.994416965289,481.5,61.2336611425274
-16.4455168154855,3.82932439786499,282.99497060751,482,61.2258470490996
-30.6271836793086,3.80405259517867,282.999168241694,482.5,61.2112945313901
-38.205769483029,3.79040565250507,283.005823701338,483,61.193141045819
5.4169456211118,3.8674901612355,283.003202793473,483.5,61.1957149095444
12.8685376489449,3.88091629716558,282.999531584529,484,61.2018293999916
-15.7583084897484,3.83017129119055,282.999853147583,484.5,61.1943418338552
-33.117362845089,3.79929351199511,283.004780472569,485,61.1786061065895
-39.8493531718495,3.78712322578261,283.012025718673,485.5,61.1596716716176
18.3781910111958,3.89010814676316,283.008375008657,486,61.1684040759079
-24.0829460768675,3.81486428050367,283.010613947833,486.5,61.1569610551277
7.36536174140974,3.87069884562868,283.007636799256,487,61.1604607094969
-9.13180529254877,3.84147275198973,283.00671486857,487.5,61.1561217288178
9.51430847374941,3.87469118087501,283.003413584321,488,61.1606424560256
-19.2491110685619,3.82364700421884,283.004515386697,488.5,61.1514962337464
-7.96329368455964,3.84358913809846,283.003593397003,489,61.1477124717921
10.3458119349015,3.87620682846626,283.000219060349,489.5,61.1526282881786
6.19248947717164,3.86903536918729,282.997113252987,490,61.1555706518555
15.1271227301322,3.88504785516708,282.99331747917,490.5,61.1627583098435
-5.52909097863498,3.84856490634029,282.991714594445,491,61.1601311602098
9.45429849062841,3.87523148717033,282.988429201419,491.5,61.1646233736519
27.1470005984394,3.9066344933979,282.984303841944,492,61.1775222810769
5.88883878002908,3.86946320919947,282.981171132123,492.5,61.1803203650122
-41.7304144946918,3.78529430003565,282.98837155808,493,61.1604921430536
-27.4056215358554,3.80989482033795,282.991853913401,493.5,61.147470351794
5.93026920553894,3.86889290186197,282.989084657082,494,61.1502881214113
-35.0700572654233,3.79626258233632,282.994316247204,494.5,61.1336245706659
34.6602601821505,3.9192810368455,282.990590679851,495,61.1500934061749
7.80233925771502,3.87250829135505,282.987219972414,495.5,61.1538006905733
46.3350656653134,3.94004651163341,282.983998617876,496,61.1758168142472
-18.7194370630792,3.82612617212515,282.98465334554,496.5,61.1669222667686
5.09718466290537,3.86826866586334,282.981898288063,497,61.1693441959558
11.0186735562669,3.87888083622198,282.978448299077,497.5,61.1745797227917
-13.0544438223949,3.83625481166082,282.978138892821,498,61.1683768989572
-11.3332394053097,3.8391801542817,282.977696027614,498.5,61.1629919060411
-4.27070539213074,3.85164732557107,282.976078421995,499,61.1609626787866
7.04667859485532,3.87177089327943,282.973037369106,499.5,61.1643109107402
-1.87706706296055,3.85603617865613,282.97095171343,500,61.1634190216275
