curr_dens,Volts_tot,Temp_tot,t_tot,SOC_tot
-31.2719669081515,3.71373322108716,322,0,32
-31.2719669081515,3.71340929697392,322.006429683726,0.5,31.9851411132996
4.13195843333913,3.76237494503879,322.00620513014,1,31.9871044148851
6.52361186753904,3.76574507558535,322.005268994552,1.5,31.9902041114888
13.8144698738333,3.77590132938206,322.00352800974,2,31.9967680619843
-29.8790435927605,3.7153114900762,322.009437720402,2.5,31.982571023315
-12.4169278286347,3.73932245207222,322.011884975071,3,31.9766711154418
9.91751025065872,3.77028623304279,322.010718710531,3.5,31.9813834241238
-26.1593673871733,3.72020436810788,322.015737718532,4,31.9689537909862
0.318414137908587,3.75684588653849,322.015954067231,4.5,31.9691050855822
-20.3988201190305,3.72801107432394,322.019719226269,5,31.9594125786203
2.04730738268626,3.75911362046534,322.019606874014,5.5,31.9603853574841
-19.2375827631464,3.72950468239547,322.023092275725,6,31.9512446128835
25.7259400067569,3.79171505899839,322.020684705277,6.5,31.9634683028402
-23.7950909109043,3.72326949701897,322.024962974269,7,31.9521620565491
2.84626280407814,3.76016862643111,322.024765831196,7.5,31.9535144593784
-31.8233560947372,3.71195453880938,322.031322624135,8,31.9383935799011
-11.4135579755403,3.74008672366233,322.033574069592,8.5,31.9329704235866
-0.319144230157848,3.75548046626778,322.033664975011,9,31.932818782087
-38.1177144579513,3.70291215763297,322.042052684408,9.5,31.9147071358937
-7.77763337654957,3.74480284888064,322.043695996653,10,31.9110115905039
-23.0865453951341,3.72342387607022,322.048174081503,10.5,31.900042009878
-15.3110320090793,3.73409665956276,322.051090263053,11,31.8927669673277
-3.52114098718053,3.75045928882982,322.051696441574,11.5,31.8910938958788
47.6011153165852,3.82057771400786,322.048676904512,12,31.9137115835151
-46.7483912489207,3.6909097550275,322.05923328568,12.5,31.8914990680365
-21.9789646158334,3.72478177240933,322.063904155703,13,31.8810557548296
-19.6452428245294,3.7278716861778,322.067718053969,13.5,31.8717213103993
-26.1776865884566,3.71863046637934,322.073072920733,14,31.8592829728864
-1.03346384175684,3.75352762355079,322.073359827161,14.5,31.8587919221578
3.90422910457034,3.76044934945932,322.072621348312,15,31.8606470180681
-6.5006327820115,3.74602316789702,322.073464089477,15.5,31.8575582399854
-39.650435429245,3.69985039577844,322.082386166007,16,31.8387183208529
-30.5559345877706,3.71212268491932,322.089144539438,16.5,31.8241996571757
1.91667403056018,3.75721662044042,322.08900169703,17,31.8251103655538
-17.7270334526093,3.72986445542525,322.092087311542,17.5,31.8166873590195
13.2748022229156,3.77297693265591,322.090354762423,18,31.8229948862301
26.7614361948033,3.79171954581714,322.087254903888,18.5,31.8357105925854
6.28606536288568,3.76370498203357,322.085881523527,19,31.8386974188791
-50.0746577745147,3.68547960493209,322.097957424968,19.5,31.8149044266245
5.77169855902424,3.76265113387764,322.097508811906,20,31.8176468513402
-17.5503201344326,3.73020878629609,322.100470083568,20.5,31.8093078102048
9.89381975310309,3.76835578222109,322.099085219436,21,31.8140088623381
-29.3511515898461,3.71377245702087,322.104855430351,21.5,31.8000626517502
-0.861330494251823,3.75328883307773,322.105069556444,22,31.7996533902457
-31.502719750509,3.71057667258607,322.111544937705,22.5,31.7846848612465
11.3946222687075,3.77014304149281,322.110127129954,23,31.7900990202529
-28.3703881452837,3.71484158570827,322.115624312575,23.5,31.7766188197803
-28.2962568853173,3.71471780540154,322.121577809948,24,31.7631738428033
-30.710526250939,3.71114215211522,322.128191879838,24.5,31.7485817248399
-11.9931650968219,3.73705017515701,322.130392249685,25,31.7428831679863
17.005391679697,3.77741414697898,322.128103494679,25.5,31.7509632861639
-8.45567148651004,3.74217116680661,322.12904858005,26,31.746945570714
-4.72106053774201,3.74735932696612,322.129591213532,26.5,31.7447023570447
-37.7820544545286,3.70125487758671,322.137905458785,27,31.7267501998268
-11.4807566423625,3.73761763254718,322.14006822001,27.5,31.7212951140407
3.20775286318551,3.75809750094276,322.139366889397,28,31.722819279006
36.8666024491036,3.80455399318307,322.135819812682,28.5,31.7403364588632
-16.2988103836227,3.7313134692752,322.138122717456,29,31.7325920730511
-34.3786103423484,3.70599098846416,322.145532840539,29.5,31.7162570635682
-22.3479316148773,3.7224563155224,322.15001909829,30,31.7056384355546
47.752968127756,3.81904809549309,322.146742368405,30.5,31.7283282761105
12.8761383375978,3.7719156177766,322.144244292052,31,31.7344463780277
6.17576637123504,3.76274378281464,322.142858937296,31.5,31.7373807957146
7.17838328393021,3.76420614882301,322.141419357012,32,31.7407916072002
34.2603674433846,3.801539051111,322.137968732713,32.5,31.7570704335257
17.3967870967138,3.77873323415946,322.13521527572,33,31.7653365233812
-0.617112949785176,3.75388936680809,322.134772606855,33.5,31.7650433019337
19.8877125759565,3.78229403288564,322.132175986777,34,31.7744929559565
10.631848335483,3.76967331669261,322.130242344502,34.5,31.779544682645
-2.60630958522786,3.75135872623349,322.130189514301,35,31.7783062936768
14.700208482199,3.7753499293232,322.12807788563,35.5,31.7852911032013
-30.2345250883991,3.71297038190141,322.133859185156,36,31.7709251573672
-18.3478709065409,3.72921872200332,322.137279733191,36.5,31.762207159686
-8.07835392471191,3.74338847166096,322.138478983523,37,31.7583687268159
-14.2919580679945,3.73466261555826,322.140767430343,37.5,31.7515778976275
-21.0011140210436,3.72519163423161,322.144606370994,38,31.7415992104941
17.9457822731927,3.77923353594589,322.142338262306,38.5,31.7501261556118
-19.4137684673014,3.72743477135839,322.145450997497,39,31.7409016963084
11.9754090115309,3.77101013038777,322.143736928794,39.5,31.7465918163515
-27.9891431975764,3.71546488941047,322.148989032942,40,31.7332927645574
14.1040652016263,3.77386174276657,322.147147849897,40.5,31.7399943163806
-20.0267921656451,3.72647714634492,322.150431894657,41,31.730478578639
-48.778679195601,3.68645476856518,322.162283097536,41.5,31.7073013710879
-15.5566735373297,3.73213355771519,322.16534915922,42,31.6999096118741
-14.7487503441758,3.73317278788356,322.167808970116,42.5,31.6929017376659
14.6204353700297,3.77402324732706,322.165684237623,43,31.6998486429665
22.3601140334612,3.78487116571226,322.162604025127,43.5,31.7104730594609
-22.5734511775507,3.72259460577198,322.166382258803,44,31.6997472757432
-4.15370136165047,3.74812779567178,322.166884122891,44.5,31.6977736429972
-18.1156971522008,3.72862245493755,322.169915258648,45,31.6891659627617
-9.80932200601257,3.74009348544738,322.171384126176,45.5,31.6845050597643
5.7040728419944,3.76168771015874,322.170229723296,46,31.6872153520954
1.14234351232143,3.75542017000181,322.169550913556,46.5,31.6877581370399
-41.3964227049529,3.69619955923572,322.178750216876,47,31.6680886114044
19.538387466992,3.78065862853527,322.176484248665,47.5,31.6773722834719
4.24675734603443,3.75966601037159,322.175200755815,48,31.6793901318034
-11.5169702866597,3.73773604221027,322.176725010298,48.5,31.6739178390907
-28.8843954248069,3.71342150915865,322.182454305447,49,31.6601934078682
-13.0251383420865,3.73532002843422,322.184675721886,49.5,31.6540045085434
-77.4477157227856,3.6467075113898,322.207754660307,50,31.61720519763
-5.89846045355011,3.74455586764145,322.209274183844,50.5,31.614402541953
-4.92520884212337,3.74594466690453,322.209639750467,51,31.6120623271409
-41.1942957268852,3.69536443267151,322.218917308671,51.5,31.5924888422142
-14.662866644477,3.73203078126744,322.221625266102,52,31.5855217756778
-8.16021188978878,3.74108030915455,322.222666117821,52.5,31.5816444479651
15.8079309633919,3.77450269538951,322.220165551292,53,31.5891555922383
6.06998955620974,3.76116753376793,322.218550584534,53.5,31.5920397500322
5.88050298980486,3.76100394471374,322.21706608379,54,31.5948338732136
13.8154964167418,3.77212310651666,322.21464331195,54.5,31.6013983114713
-23.921760781362,3.71962435325169,322.218768865237,55,31.5900318779442
-17.504459333486,3.72839740644056,322.221820477869,55.5,31.5817146275854
30.5512574202904,3.79503119915121,322.218423066866,56,31.5962310689047
-31.4767194589145,3.70911778268007,322.224347167339,56.5,31.5812748939537
-35.7412621487758,3.70291338904197,322.232208346867,57,31.5642924199585
20.4141821025879,3.78091260327036,322.229614864705,57.5,31.5739922261726
-34.3933504259461,3.704747834085,322.236472971888,58,31.5576502129335
5.7898421083501,3.76059386596741,322.23543179111,58.5,31.5604012585635
4.48843493972585,3.75888129649794,322.234094678711,59,31.5625339400934
-33.6260935979467,3.70573141637012,322.240889892863,59.5,31.5465564892214
38.4909245658439,3.80552462018112,322.237399313282,60,31.5648454663361
-26.026161708538,3.71646301033504,322.241767000565,60.5,31.5524791259262
-23.0479244842325,3.72040254982338,322.246094175518,61,31.5415278960405
-9.17642834785095,3.73963355050032,322.247343424735,61.5,31.5371677127001
-20.2357180959293,3.72412528442982,322.250795602815,62,31.5275527037251
3.96275449467076,3.75783241605092,322.249791380942,62.5,31.5294356079962
-4.38036523219746,3.74626451353885,322.249833709094,63,31.5273542758279
3.61447390832329,3.75743716963634,322.248693269776,63.5,31.529071694449
-36.0718614814179,3.70208669893805,322.256186098901,64,31.511932136058
-18.9262152431509,3.72570035759463,322.25966363615,64.5,31.5029393378502
23.2431886737486,3.78435036524303,322.256554083422,65,31.5139833475882
18.4616719744225,3.77799825525282,322.253392166399,65.5,31.5227554178891
-3.01787956591935,3.74831487626458,322.253031100745,66,31.5213214712916
-8.61157912382866,3.74049379163136,322.253899692262,66.5,31.51722967627
11.8605280925927,3.76899829064359,322.251744034048,67,31.5228652106018
11.0398566928957,3.76798949444779,322.249469130342,67.5,31.528110802613
-31.6989093066762,3.70847107732006,322.255565866026,68,31.5130490540733
-2.68364277640966,3.74872719668777,322.25571777318,68.5,31.5117739202105
9.07002793611023,3.76512613684189,322.253816704801,69,31.5160835473558
6.07495144427482,3.76106820002183,322.252178319043,69.5,31.5189700627926
-58.9340995902381,3.67086781876593,322.267268940948,70,31.4909675034662
-27.1637670460314,3.71418673216613,322.273062070481,70.5,31.4780606294573
-14.7704576675284,3.73131994478385,322.275457942948,71,31.4710424410064
-11.7659093463769,3.73545324378911,322.277064643914,71.5,31.465451864807
18.3873636717145,3.77745359784763,322.274207420622,72,31.4741886274903
23.5628433400019,3.78479521501477,322.270641448113,72.5,31.4853845212617
-2.81277284868325,3.74840627173527,322.270150377769,73,31.4840480311971
4.76904197622603,3.75898788703547,322.268773259378,73.5,31.4863140432648
18.6308911420867,3.77829210889778,322.265765664937,74,31.4951665181162
-16.0829330097089,3.7301138418857,322.267877186847,74.5,31.4875247065185
-26.3647073382135,3.71561700254003,322.272823477907,75,31.4749975060268
-6.78494476024261,3.74277269279685,322.273583873609,75.5,31.471773637002
23.0725874025716,3.7842529615862,322.270332850158,76,31.4827365854825
-25.8902573724256,3.71628847560476,322.274719199517,76.5,31.4704348200685
36.9701765002374,3.80326464934149,322.2710902509,77,31.4880012131746
-13.0016112058897,3.73445570457833,322.272358651513,77.5,31.4818234927773
-21.7829386011246,3.72207485346629,322.276104686,78,31.4714733214042
4.88446415723062,3.75916128324469,322.274918293454,78.5,31.4737941763641
-6.57650046610863,3.74323441484529,322.275258394924,79,31.4706693497231
-15.3208038002313,3.73097160753285,322.277463156326,79.5,31.4633896641026
-14.9057731156157,3.73144068154068,322.279684868039,80,31.4563071804661
-25.3539167881589,3.71673182304337,322.284357124215,80.5,31.44426025748
13.5603639372969,3.7708847263953,322.282127350226,81,31.4507034694453
-40.0986326582803,3.69619504875099,322.290639044407,81.5,31.4316505892328
-16.0436556677994,3.72939229194589,322.293426942326,82,31.4240274402788
-35.0282048868365,3.70278222638295,322.300788092801,82.5,31.4073837757066
21.078196112614,3.7808077596864,322.297919674587,83,31.4173990884244
-46.2000854881647,3.68729618911905,322.308352268711,83.5,31.3954471006319
-24.571602588947,3.71697336567954,322.313250294824,84,31.3837718945284
-16.698449829768,3.72783739869052,322.315972165784,84.5,31.3758376198848
18.2345442237912,3.77654531968768,322.313062717265,85,31.3845017703506
-9.30008585843936,3.73836183443565,322.313719430157,85.5,31.3800828310981
-25.930510638603,3.71504143145679,322.318461740576,86,31.3677619393297
-18.6659303506082,3.72501967245421,322.321629474921,86.5,31.3588928155854
19.2242613412857,3.7778275447192,322.318639017775,87,31.3680272305074
-61.6371126770693,3.6656316766533,322.33471566566,87.5,31.3387403335081
-28.7546378264192,3.71050091052028,322.340931411207,88,31.3250775566566
7.40353776489465,3.76096609175307,322.339320277518,88.5,31.3285953503775
-28.6130154129624,3.71066542050434,322.344586375098,89,31.3149998654684
-8.03133137956873,3.73931432406996,322.345492224222,89.5,31.3111837753781
-20.1691380033338,3.72228986070931,322.348771340129,90,31.3016004019589
16.288955393742,3.773180349525,322.34598453296,90.5,31.3093401051689
11.6745894583196,3.7669733676473,322.343303836857,91,31.3148872906895
57.3807095036217,3.82923858094103,322.339269095184,91.5,31.3421517561389
-15.3533670366015,3.72989838713431,322.340731189208,92,31.3348565980845
-7.9903714281131,3.7400821131793,322.341417182667,92.5,31.3310599701304
6.0690380739636,3.75969084580461,322.339726635481,93,31.3339436758271
-13.9186360108587,3.731820427337,322.341361151221,93.5,31.3273302307529
23.7860195146319,3.78423690063855,322.337927714526,94,31.3386321667667
-12.3752314424422,3.73413424829852,322.339051562924,94.5,31.3327520709469
-45.7818192161475,3.68748352143797,322.349589121661,95,31.310998822529
-30.1756959666319,3.7087384531506,322.355854525324,95.5,31.296660829374
-16.1110958241704,3.72818937258859,322.358405777414,96,31.2890056362045
-42.2960494069555,3.69154364848544,322.367943387608,96.5,31.2689086526072
13.3985377538403,3.76906790791417,322.365699542694,97,31.2752749728012
18.1191919105331,3.77579873825006,322.36232025215,97.5,31.2838843135725
-42.2886062321827,3.69166825779097,322.371413960155,98,31.2637908666024
-26.456384100778,3.71335941013875,322.376630196495,98.5,31.2512201058629
-37.8077928886246,3.69732751297522,322.384896028299,99,31.2332557190185
-4.44214341371254,3.74377563629821,322.385158881622,99.5,31.2311450329243
-11.8629675516404,3.73340196425962,322.386444141601,100,31.2255083394826
-37.6123721976684,3.69731542464085,322.394472451817,100.5,31.2076368068522
7.97519085862934,3.76090140707127,322.392755244829,101,31.2114262217531
5.094100445142,3.75702314321989,322.390889276784,101.5,31.2138466854731
-31.3134529669592,3.70610717356421,322.396828375092,102,31.1989680866565
-2.05359496252862,3.74690724810379,322.396549107538,102.5,31.1979923202467
9.65076700464423,3.76332803061845,322.394165722548,103,31.2025778857762
11.4044466113971,3.76591417519591,322.391448206455,103.5,31.2079967128227
-15.6921861706201,3.72813417182428,322.393336097676,104,31.2005405647309
10.5692605264914,3.76480583958478,322.391008640584,104.5,31.2055625527987
-41.9631691707344,3.69148638704334,322.400055413157,105,31.1856237373693
-37.3535008444826,3.69752289021719,322.408345564745,105.5,31.1678752075585
10.2246340540869,3.76388021195658,322.406293252578,106,31.1727334462298
-5.87444700213275,3.74151011253057,322.406173429358,106.5,31.1699422005532
18.7211252324944,3.77585050714931,322.402818940008,107,31.1788375501662
-27.6855220401447,3.7111614958637,322.407550354271,107.5,31.1656827640779
12.4367526274318,3.76714193756807,322.405109134831,108,31.1715920917117
-41.6145359880431,3.69170340730968,322.414012825151,108.5,31.1518189294686
-2.94371411934416,3.74548538595153,322.413975945716,109,31.1504202226106
-42.0730985831514,3.69074350565125,322.423233056496,109.5,31.13042917418
-24.1728205087905,3.71539227928238,322.427803381309,110,31.1189434495301
-25.1669470333986,3.71384818072575,322.432398944619,110.5,31.1069853652925
-22.4063337921588,3.71756649825025,322.436300813601,111,31.0963389874626
-2.9854140435612,3.74473714054736,322.435987961152,111.5,31.0949204668701
2.60679215199546,3.75263725983296,322.43450525819,112,31.0961590851301
22.2989121874903,3.78015385008217,322.430649373683,112.5,31.1067544215446
0.23828373317817,3.7496753814349,322.429276836125,113,31.106867642149
-1.03671045557771,3.7479389879366,322.428347993375,113.5,31.1063750487907
-13.8131885617299,3.73004612265593,322.429886807177,114,31.0998117071111
-16.3142551984757,3.72645389918871,322.432132406328,114.5,31.0920599826895
-10.9318853576106,3.73391592183627,322.433245613094,115,31.0868656932984
13.0028214222843,3.76738615128204,322.430457275192,115.5,31.0930439887304
-14.475344714811,3.72907435881345,322.431981145693,116,31.0861660233086
18.0837992828394,3.77452657215296,322.428712360556,116.5,31.0947585472597
10.6901042468879,3.76445045955203,322.425900150796,117,31.0998379542662
11.5718669003921,3.76580516294122,322.423069588487,117.5,31.1053363311252
15.4379945768671,3.77130642758837,322.419817757774,118,31.1126716999868
-17.4325212123304,3.72550379388072,322.421951025043,118.5,31.104388631053
-41.5052959220373,3.69173278052906,322.431073551352,119,31.0846673742679
-21.9013367976493,3.71873574860716,322.43497991884,119.5,31.0742609459477
-37.1142664009462,3.69730138882406,322.442850498008,120,31.0566260884717
1.17161847651901,3.75069198877491,322.441992891653,120.5,31.0571827834263
26.1497978307518,3.7854978808053,322.437869061052,121,31.0696078695856
0.281414859802931,3.74981119072516,322.436425173037,121.5,31.0697415839608
-13.0018189204572,3.73122047785788,322.437735316519,122,31.0635637648679
-23.6074648594852,3.7162576235275,322.441677954084,122.5,31.0523466691649
-16.7128270874056,3.72575667752296,322.444100262216,123,31.0444055631621
2.90600096842137,3.7531917033179,322.442699904671,123.5,31.0457863506024
-9.04193517297379,3.73651594197329,322.443166990434,124,31.041490071744
11.4161284027286,3.76512683600658,322.44051837095,124.5,31.046914449398
-17.954713567807,3.72412494480287,322.44280275903,125,31.0383832605724
-36.9199245453631,3.69744764143697,322.450529015461,125.5,31.0208407447014
12.3764912521271,3.76622365104969,322.448093337332,126,31.0267214391202
-12.4308769932347,3.73164492099351,322.449140743021,126.5,31.0208149032963
-22.5604595832929,3.71735570976108,322.452810999252,127,31.0100952925394
-2.61454711538905,3.74521612625837,322.452366544919,127.5,31.0088529895057
-4.21827566279561,3.74300106191084,322.451965693884,128,31.0068486742566
29.8358963483979,3.79037126273649,322.447667234651,128.5,31.0210252114967
-41.4853356138912,3.69115746272976,322.456247630314,129,31.0013134388594
4.15086169854683,3.75472854073635,322.454948236614,129.5,31.0032857223384
19.5618287839358,3.77627750435204,322.451270992786,130,31.0125805325563
-27.0235066706366,3.71131095844065,322.455693299219,130.5,30.9997403033169
19.0269007261241,3.77554828257943,322.452431858521,131,31.0087809422694
11.5182215628054,3.76532354406182,322.449448511915,131.5,31.0142538295263
0.851480910692398,3.75055866931718,322.44802449611,132,31.0146584109975
0.30302477913496,3.74982503360686,322.446805886777,132.5,31.014802393334
-6.49851417880122,3.74032209467931,322.446775024167,133,31.0117146219064
-31.0483753855887,3.70587105941283,322.45256532719,133.5,30.9969619748011
-2.07942290152788,3.74624144572673,322.452122072611,134,30.9959739362365
-15.3892529617379,3.72758582644014,322.453936408127,134.5,30.9886617269715
-11.7672388867726,3.73257409239617,322.455130765003,135,30.9830705190405
-2.99214638891828,3.74483407836106,322.454600600323,135.5,30.9816487995716
16.7868651464089,3.77247292903097,322.45126975687,136,30.9896250847856
-34.3125031031047,3.70114082113439,322.457744409747,136.5,30.9733214861821
38.9764339532953,3.80285244267095,322.453514620392,137,30.9918411532627
14.6908600899705,3.76986147065817,322.449996839877,137.5,30.9988215208951
-11.6095603708575,3.73324237559844,322.450793262695,138,30.9933052339696
12.3642687724342,3.76669469542997,322.448058432688,138.5,30.9991801208727
-20.2419629857685,3.72118508811916,322.450795693806,139,30.9895621446359
-7.83614926827872,3.73842446821943,322.451245735926,139.5,30.9858387953984
6.25553966362234,3.7581195317393,322.44923015182,140,30.9888111173948
-15.0238636123039,3.7283886153532,322.450846565598,140.5,30.9816725230149
-21.9405827746039,3.71857346191135,322.4543216207,141,30.9712474469542
-22.1829356870014,3.71806326650048,322.457952842367,141.5,30.960707216817
-3.91376130303382,3.74355312617063,322.457701849629,142,30.9588475916791
-11.526519377791,3.73288013033537,322.45869472028,142.5,30.9533707617122
-11.3425390841911,3.7330809409784,322.459738891675,143,30.9479813500503
35.4600967835432,3.79805197056685,322.455305865225,143.5,30.9648302282177
9.12949309694637,3.76206740848574,322.452456650433,144,30.9691681102562
-25.7760425084637,3.71326596170026,322.456600224745,144.5,30.9569206140772
26.8796504646889,3.78655579975519,322.452759647213,145,30.9696924899868
-42.3520161930162,3.69021731669973,322.461536149857,145.5,30.9495689137502
-51.2541598221199,3.67749142883098,322.474220960576,146,30.9252154806593
-26.000493728339,3.71219679111719,322.479229036964,146.5,30.9128613363998
-20.1387887823027,3.72024975145376,322.482413524647,147,30.9032923834241
-15.8414345795548,3.72617540224272,322.484516594912,147.5,30.8957653198953
14.0120896825608,3.76795852016879,322.481531961013,148,30.9024231695164
25.5497940616694,3.78411714548063,322.477209368925,148.5,30.9145631636617
-41.4122259361913,3.69080941112589,322.485733683568,149,30.894886129115
-13.3789375041475,3.72971206774803,322.487544636625,149.5,30.8885291219869
26.6513594654118,3.7855250478042,322.483432033507,150,30.9011925253434
-24.9371052978654,3.7137233310576,322.487161369724,150.5,30.8893436504918
-44.5573219567294,3.68612281715202,322.497316752674,151,30.8681722224019
-61.3783351799683,3.66252912182904,322.513970483255,151.5,30.8390082836265
-25.1478080535723,3.71234363743286,322.51891557509,152,30.8270592932822
1.29936292952673,3.74942398112454,322.517699216168,152.5,30.8276766860612
-32.6239955112177,3.70182306119505,322.523870980874,153,30.8121753824675
3.19372355927116,3.75197304717513,322.522436378191,153.5,30.8136928814038
-14.7652105236837,3.72682486596689,322.523962241844,154,30.8066771861352
-16.0642026353969,3.72493648533528,322.525990769708,154.5,30.7990442742818
30.1378419416962,3.78940860773282,322.521548771099,155,30.8133642810828
-37.7806613030241,3.69475558425787,322.528903241406,155.5,30.7954127858214
-22.6471123429876,3.71566399198526,322.532799430474,156,30.7846520019736
-13.2096782539694,3.72881239851756,322.534268731575,156.5,30.7783754184411
3.16746235295368,3.75180834081633,322.53255898522,157,30.7798804393555
6.03373980549781,3.75592627055707,322.530233645425,157.5,30.7827473730668
-46.9885556710192,3.68167300904902,322.540866106916,158,30.7604207433738
8.3845613214964,3.75897825608116,322.538824416658,158.5,30.7644046708023
-18.7379116252712,3.72099343496831,322.541165986878,159,30.7555013451286
-13.1094283372943,3.72881344386136,322.542539383059,159.5,30.7492723953813
-37.7352442100289,3.69415921995341,322.550380880864,160,30.7313424800685
-16.8072328186681,3.72327333546704,322.552844311289,160.5,30.7233565171474
-32.8719638538184,3.7005999258684,322.559283780079,161,30.7077373913035
-19.5128971351067,3.71916496079018,322.562332963876,161.5,30.6984658309768
26.4052186814805,3.78343188857215,322.558017138197,162,30.7110122804482
7.57342639904181,3.75753600316078,322.555166077576,162.5,30.7146107968168
11.4934717081949,3.76314702319587,322.552003482127,163,30.7200719241712
-34.4383554819648,3.69876834528078,322.558488896925,163.5,30.703708526763
-26.3936696408159,3.70977465189605,322.56327075479,164,30.6911675648225
-3.35911906359594,3.74204420436587,322.562753441173,164.5,30.6895714781508
-58.2434520038253,3.66526351724873,322.577669468943,165,30.6618970802818
-21.5768164363508,3.71593364759808,322.581561521071,165.5,30.6516448479318
0.552317358183622,3.74703528507907,322.580272355727,166,30.6519072817299
-26.590474726537,3.70886852774387,322.584685839419,166.5,30.6392728077797
2.04244362392601,3.74906965593338,322.583204400298,167,30.6402432756268
-35.2958437329402,3.69658243143727,322.590106468207,167.5,30.6234724423575
-11.3142693541559,3.73010530884173,322.591247496681,168,30.6180964630683
-33.1182086292092,3.69936079979639,322.597667177464,168.5,30.6023603339279
-7.35618394505497,3.73546097551909,322.597953100092,169,30.598865040392
-22.5722476608127,3.71400903067417,322.601390103712,169.5,30.5881398285258
-29.9630520863976,3.70347086117846,322.607037217432,170,30.5739028731895
-12.7051219286429,3.72763262065457,322.60839721472,170.5,30.5678660297825
-5.23333001514426,3.73816760835739,322.607985754138,171,30.5653794110806
-19.7403612993912,3.71772555679097,322.610669618024,171.5,30.5559997710716
5.20320592808193,3.7528256086804,322.608542794049,172,30.5584720763024
-17.347986103425,3.72115147944799,322.610509225462,172.5,30.550229174257
-45.2007922729174,3.68192061758277,322.620880116405,173,30.5287520010071
-13.4564401748367,3.72622734856659,322.622595021408,173.5,30.5223581684562
-18.4221468184089,3.71918439718741,322.625046368959,174,30.5136048785479
-16.2868786957078,3.72212708366534,322.627044391132,174.5,30.5058661620817
-43.1788468504982,3.68421074513746,322.636753818063,175,30.4853497169508
6.06965302572276,3.75333872490993,322.634751336238,175.5,30.4882337148421
-38.8838133820021,3.69007676944399,322.642765206364,176,30.4697580564604
-20.2483743235682,3.71605507220732,322.645996057594,176.5,30.4601370338741
-12.9902639314757,3.72624126322453,322.647241270399,177,30.4539647051385
2.90857068415377,3.74869346784209,322.645307612971,177.5,30.4553467135802
-24.4882500731016,3.71010020858246,322.649083187221,178,30.4437111124555
9.71050267732771,3.75825212140279,322.646268956329,178.5,30.4483250614121
6.91509620196482,3.75449858546053,322.643448722799,179,30.4516107719429
-17.3138462147045,3.72044264995893,322.645323291659,179.5,30.4433840914783
-24.3501411871569,3.71041199865874,322.649270460284,180,30.4318141128421
3.47260585552345,3.74956901194246,322.647371767296,180.5,30.4334641228052
-13.5534006415788,3.72564123491369,322.648407572849,181,30.4270242194525
26.1632943528514,3.78133177230734,322.643750515653,181.5,30.4394557184893
0.127414909269559,3.74522826319785,322.641831038529,182,30.4395162597307
-35.7569040888295,3.69467597303474,322.648792204904,182.5,30.4225263534619
8.34453957394427,3.75658256271641,322.64631036437,183,30.4264912645422
2.7648520309609,3.74888163276331,322.644131658463,183.5,30.4278049850124
-35.2380772471974,3.69536986716509,322.650896766065,184,30.4110615995102
-26.1625816190708,3.70785992297801,322.655532150832,184.5,30.3986304391291
24.0884697306758,3.77837246114661,322.65117158564,185,30.4100760844755
-26.287043740039,3.70783104233415,322.65510832641,185.5,30.3975857858713
-46.195470678958,3.6796932250186,322.665851782016,186,30.3756359908071
-6.12461528179518,3.73577539100795,322.665921358222,186.5,30.3727258775795
-65.1692678631253,3.65308193788047,322.683775652975,187,30.3417606757305
-4.28619329815364,3.73789348653654,322.683754940807,187.5,30.3397240893917
-11.3611293622706,3.7279514962181,322.684346412205,188,30.3343258445522
13.6847527054009,3.76326507126842,322.680757628042,188.5,30.3408281598869
-3.31346325068617,3.73954844785762,322.679501624815,189,30.3392537665917
-43.3623404763171,3.68310036087527,322.688982463678,189.5,30.3186501343963
2.15662461494167,3.74699956981681,322.687457878775,190,30.3196748553838
-32.9526341956716,3.69748481667144,322.693551787166,190.5,30.304017398997
25.5050135698404,3.77957377119761,322.689039726606,191,30.3161361156751
-46.5859202917381,3.67848639393707,322.699296364265,191.5,30.2940007983322
3.26309553737808,3.74842145461733,322.697608635296,192,30.2955512593897
7.2687036219092,3.75417788845376,322.694669111445,192.5,30.2990049866175
2.99373975294675,3.74829945679459,322.692345734386,193,30.3004274631739
-14.2076917969634,3.72409152116554,322.693415863284,193.5,30.2936766731355
18.5317580020579,3.77011846028371,322.689303643319,194,30.3024820448385
-10.072694473098,3.73011654386468,322.689289590007,194.5,30.2976960003156
-2.06711205418312,3.74138977737781,322.688032770822,195,30.2967138112547
-32.737518409179,3.69811193754647,322.694018096685,195.5,30.2811585672138
12.6789250407013,3.76193791858608,322.690801083138,196,30.2871829631597
-11.326456422699,3.72829167589633,322.691112459058,196.5,30.2818011931804
22.2271277788991,3.77538628301178,322.686633685103,197,30.2923624212065
7.59296123125587,3.75519009198365,322.683471951845,197.5,30.2959702195579
-25.5064588164782,3.70860531226012,322.687253164671,198,30.2838508161703
-31.6900110582817,3.69968558967089,322.693194237011,198.5,30.2687932956366
-34.6408177087882,3.69527852220409,322.700132170553,199,30.2523336982261
-24.8029826449267,3.70888408212328,322.704300359035,199.5,30.240548551803
-25.0065548770017,3.708441335464,322.708399521101,200,30.2286666779581
-25.0031507371414,3.70829330067964,322.712506833364,200.5,30.2167864215915
-11.3111321530572,3.7275329928721,322.713262005407,201,30.2114119329446
-19.181384235045,3.71637320837333,322.715678674835,201.5,30.2022978910955
11.2379914791707,3.75926938053833,322.712408735095,202,30.2076376269241
-3.6552395181233,3.73846190004542,322.711159534159,202.5,30.2059008385083
16.0764669474815,3.76626346172405,322.70713080162,203,30.2135395777541
5.19625187791097,3.75120475375482,322.704329952156,203.5,30.2160085787654
3.05304462864302,3.74828903934138,322.701985740657,204,30.2174592340555
14.4122361837735,3.76431496028544,322.698106579235,204.5,30.2243072134354
-32.4156140905418,3.69846775283058,322.703743275768,205,30.2089049223512
-32.9668019275874,3.69741513027465,322.710141890157,205.5,30.1932407341614
-10.7439195436632,3.72856887146806,322.710847530901,206,30.1881357567966
-20.4403172911083,3.71481789195012,322.713530198029,206.5,30.178423532438
1.14539827382235,3.74523674804186,322.711788587017,207,30.1789677688535
-24.3052977845801,3.70932081301271,322.715328863389,207.5,30.1674190975768
-25.9598732234078,3.70681784370996,322.719640561073,208,30.1550842541652
-2.3904540938183,3.74001544139826,322.718584068899,208.5,30.153948429014
-2.25227187678016,3.74027012430989,322.717208959408,209,30.1528782611946
47.3544167800577,3.80907553953068,322.711514709336,209.5,30.1753787299295
41.7449852221604,3.80192699364194,322.705451036712,210,30.1952138751747
4.3704481998209,3.75056239620961,322.702530450599,210.5,30.1972904952613
12.088274904285,3.76144789453707,322.69892998899,211,30.2030342435754
-15.8687565239552,3.72220543962158,322.700168240866,211.5,30.1954941980145
-31.2342746587384,3.70039729043903,322.705737063302,212,30.1806532208005
8.46873048142399,3.75614878171408,322.703022053922,212.5,30.1846771412366
-0.295844455667261,3.74394128185769,322.701184090086,213,30.1845365706335
43.2186198131804,3.80427362600966,322.695647669108,213.5,30.2050719139023
7.92546740747562,3.75595702042216,322.692226618895,214,30.2088377026869
32.425046436412,3.790039672539,322.686962945744,214.5,30.2242444755538
-31.2536177959799,3.70117048390074,322.691927135502,215,30.2093943074409
4.06257983211396,3.75065045413026,322.689884359259,215.5,30.2113246437582
-20.5688380127428,3.71598493274092,322.692316759342,216,30.2015513527309
-2.77335049490558,3.7409312583864,322.691264453265,216.5,30.2002335942124
-10.1605676534939,3.73051885177655,322.691423268541,217,30.1954057967151
-4.68681341641851,3.73818519974407,322.690595540915,217.5,30.1931788555781
21.3228573790137,3.77462208668426,322.686173118212,218,30.2033104191876
-12.987180986729,3.72669937625632,322.686670468424,218.5,30.1971395553143
-37.6164048140846,3.69190473016851,322.694086366116,219,30.1792661065847
7.38415575220299,3.7550039225297,322.691637819567,219.5,30.1827746909351
-15.4924975394387,3.72286959428598,322.692847551276,220,30.1754134249706
-9.05354672265419,3.73186470845183,322.692937812246,220.5,30.1711116288801
-20.2281366941416,3.71604059590134,322.695469302163,221,30.1615002222109
-2.2601186423655,3.74128392333996,322.6943241048,221.5,30.1604263259979
13.9280738842551,3.76405782199652,322.690595713492,222,30.1670442554812
-0.751194653232657,3.74361913305139,322.688797091268,222.5,30.1666873250624
-8.54493342159805,3.73265656763524,322.688610620949,223,30.162627196771
22.2265833032233,3.77577014909765,322.684160281096,223.5,30.1731881660892
-16.9356444087005,3.72101522344353,322.685540906735,224,30.1651411883534
-51.9966122734174,3.67167466918439,322.697903743662,224.5,30.1404349787042
-44.394652379004,3.68176966229755,322.708136689005,225,30.1193408431246
9.49322470757381,3.75738498884543,322.705455973141,225.5,30.1238515523731
32.5705381121263,3.78958752300627,322.700057537639,226,30.1393274556637
5.60761627089576,3.7524277226038,322.69704106208,226.5,30.1419919166192
-21.1247096684802,3.71479985814784,322.69959289177,227,30.1319545029681
3.80836680626474,3.74983669843383,322.697437301666,227.5,30.1337640498717
-36.4061880701764,3.69318918372543,322.704285782363,228,30.1164656360778
21.1334295447298,3.77387553774487,322.700220296297,228.5,30.1265071929814
8.62962384837474,3.75665115639386,322.696889321748,229,30.1306075619606
-30.6977824150855,3.7013073614232,322.701966731029,229.5,30.1160214992355
-12.7398500882531,3.72640726520494,322.70300687588,230,30.1099681547306
28.2345712473137,3.78376015046032,322.698120853914,230.5,30.1233838217537
-27.4745800680513,3.70585239028524,322.702085620877,231,30.1103292648219
-21.4722935029595,3.71409579791882,322.705127584628,231.5,30.1001266965826
-43.2672291083088,3.68326269412821,322.714516154306,232,30.0795682565892
-31.0118993049266,3.70011133314667,322.720401770336,232.5,30.0648329411072
-38.7688102227255,3.68896195329247,322.728512986657,233,30.0464119265192
3.6453653858293,3.74862032675962,322.72655909615,233.5,30.0481440232373
-40.3732538028438,3.68654544735245,322.73475749699,234,30.0289606566859
-7.11857845582911,3.73324053198068,322.734742843799,234.5,30.0255782614867
8.15246660600898,3.75482604903522,322.73169139063,235,30.0294519090248
-40.1375548820802,3.68676001434379,322.739747306611,235.5,30.0103805349032
0.578562734712337,3.74401348017725,322.738288031973,236,30.0106554392017
-11.9796689672592,3.72633138329127,322.738751430139,236.5,30.004963295039
-14.2404245843898,3.72309407000583,322.739867062532,237,29.9981969520045
-2.69911702052041,3.7393829567063,322.738641519913,237.5,29.9969144655489
49.5733691672001,3.8118027464636,322.732965461906,238,30.0204692703354
-33.0393888772124,3.69706554294121,322.73831046783,238.5,30.0047705924295
-26.8039034095478,3.70558138554753,322.742810889548,239,29.9920347077613
17.8656562370297,3.76841852197049,322.738802480964,239.5,30.000523580963
-42.0556587009937,3.68415118929002,322.74731311021,240,29.9805408190989
-38.3766427551049,3.68894906780774,322.755409223788,240.5,29.9623061430291
-3.73566572654446,3.73766471124198,322.754658649466,241,29.9605311400705
-46.8609126347154,3.67679316687178,322.765137155513,241.5,29.9382651600137
-35.7413985503741,3.69202420598432,322.772528749365,242,29.9212826212072
-13.9610196101776,3.72262784023347,322.773867049597,242.5,29.91464903755
-6.38030082133036,3.73335722405961,322.773287225744,243,29.9116174352432
-25.4481149496269,3.70634508954714,322.777118094231,243.5,29.8995257539657
-14.7209208242594,3.72141418033066,322.778479508905,244,29.8925311029642
21.1057153241672,3.77192040192395,322.773873316905,244.5,29.9025594914456
-16.065954516165,3.71975855662901,322.774977950267,245,29.8949257471854
-6.16248997092261,3.73372868825525,322.774358573021,245.5,29.8919976377851
-28.0126152138199,3.70276644562519,322.778864308255,246,29.8786874332538
-17.2695891998061,3.71780469750387,322.780841637972,246.5,29.8704817815263
14.1249150991848,3.76212791009423,322.777006446485,247,29.877193240186
30.6063533262815,3.78524766671175,322.77138745454,247.5,29.8917358603455
-6.43666870379325,3.73366389841222,322.770289304945,248,29.8886774748184
17.8488494368835,3.76785085405795,322.765954320172,248.5,29.8971583622628
6.15147971844364,3.7516477810455,322.76282883844,249,29.9000812401376
-31.8407655697377,3.69801585407417,322.768207594081,249.5,29.8849520885417
-64.815300261663,3.6517020590866,322.785882028792,250,29.8541550745302
9.1214732266042,3.75516591037663,322.783342075222,250.5,29.8584891459243
-7.67016257523597,3.73159803607023,322.782697270296,251,29.8548446653257
-24.3499033951456,3.70794533424709,322.786168611409,251.5,29.8432747996765
3.14858827799721,3.74675779996083,322.783949735861,252,29.8447708525671
-0.0448295715529827,3.74234610129099,322.781933233541,252.5,29.8447495517795
15.7659468556711,3.76466403754555,322.777708982471,253,29.8522407472883
-16.9007052732865,3.71873886799022,322.779009370215,253.5,29.8442103708956
-17.9139025085291,3.71719419623122,322.780936648858,254,29.83569857346
-20.1712241285304,3.71388282573931,322.783440410857,254.5,29.8261142088176
-56.4061383209584,3.6627728439265,322.797619939642,255,29.7993128112279
-21.066952394588,3.71201398213024,322.800914143014,255.5,29.7893028409669
14.7455933673366,3.76260022346567,322.796995898304,256,29.7963092151364
-30.7634620829692,3.69840497491486,322.80201185257,256.5,29.7816919446927
-5.5728321578552,3.73392943010645,322.801409066877,257,29.7790440114215
-41.9065381440951,3.68248728055007,322.810182603074,257.5,29.7591321042454
13.6578900773259,3.76083007994167,322.806647382825,258,29.7656216557924
30.1890618144724,3.78405360546468,322.800952464806,258.5,29.779965999735
-19.7130754122311,3.71416598168081,322.802763734617,259,29.7705993246254
-24.1954640866994,3.70767582295777,322.806305699511,259.5,29.759102840871
24.3626991494528,3.77604596564994,322.801467343521,260,29.7706787864276
13.2893624472852,3.76085576630632,322.797218528524,260.5,29.7769932319342
8.27082625436228,3.75396973678121,322.793752059425,261,29.7809231181032
-8.01723232770319,3.73107182406276,322.793132015255,261.5,29.7771137271827
-3.92390126536653,3.73683793388746,322.791904412023,262,29.7752492840379
-3.70069548398854,3.73716398889444,322.790589808719,262.5,29.7734908972031
-12.7708175195985,3.72432397352455,322.791120920596,263,29.7674228385117
12.4909759925964,3.75994213901393,322.787411034842,263.5,29.7733579303975
-30.3844378647947,3.69947101149678,322.792249550149,264,29.758920753452
-35.0555971938275,3.69261655638927,322.799031305911,264.5,29.742264073415
-7.1683322193918,3.73186067220521,322.798784254986,265,29.7388580376965
-5.55513924894941,3.73415271447049,322.797859824955,265.5,29.7362185112175
-29.6286364559619,3.70002341987227,322.802727404182,266,29.7221404535923
-30.9237268388308,3.69796596077413,322.808298096207,266.5,29.7074470332903
-42.0399588758226,3.68204165701434,322.817423014448,267,29.687471731204
-12.1089296430551,3.72413584558215,322.818324024858,267.5,29.6817181687831
-8.98014786524281,3.72856633217842,322.81814468739,268,29.677451248187
-63.8131305199803,3.65130289078812,322.835266712236,268.5,29.6471304155007
-22.260533660712,3.70916589725623,322.838971823441,269,29.6365533146575
-17.2060892811286,3.71626033114767,322.840791856975,269.5,29.62837783494
-56.3310235716288,3.66093106122555,322.855083345188,270,29.6016121281514
2.97362070901911,3.74448865984503,322.85320465038,270.5,29.6030250451366
13.9353635819733,3.76011487247525,322.848942903596,271,29.6096464383224
-12.7682403498002,3.72249381710082,322.849242270875,271.5,29.6035796041742
10.6533245366697,3.75568263745165,322.845602560857,272,29.6086415352877
41.8580749061369,3.7991363799572,322.839355119292,272.5,29.6285304151382
-12.072001838705,3.72411601154076,322.839184846764,273,29.6227943989773
30.025412432933,3.78326371290543,322.833709321159,273.5,29.6370609848554
-11.9589985234346,3.72455386914863,322.833617165514,274,29.6313786622618
-26.079249128573,3.7044353072158,322.837484637858,274.5,29.6189870973446
-26.4613814691986,3.70368911026373,322.841657661966,275,29.6064139621036
6.58034437369869,3.7503884963281,322.838787587209,275.5,29.6095406151787
26.0331683981539,3.77775589360719,322.833363857516,276,29.6219102848198
15.0028029255456,3.7626447936401,322.828810745304,276.5,29.6290388722065
-13.5389331516534,3.72248469354526,322.829216190222,277,29.622605843087
27.4706942807601,3.78010222461834,322.82398283574,277.5,29.6356585536855
-10.1001225043293,3.72757727515089,322.823510619642,278,29.6308594767233
3.37782948615688,3.74659826848232,322.820966338783,278.5,29.6324644536592
-8.9365752068033,3.72923309391837,322.820512581175,279,29.6282182366279
-15.8628510761541,3.71935868837952,322.821728577442,279.5,29.6206809970428
-2.16928080580372,3.73867348569436,322.820200254966,280,29.6196502624615
0.113372613078798,3.74193106683861,322.81810911732,280.5,29.6197041315008
-25.5890104232153,3.70552769062414,322.821680360292,281,29.6075455036866
-5.23236862958884,3.73421686683459,322.820851922592,281.5,29.6050593417874
28.5720188619728,3.78166530892186,322.815472229904,282,29.61863534717
17.4160036707775,3.76644332696084,322.810697138183,282.5,29.6269105677878
32.7144169454167,3.78782539821057,322.804932170292,283,29.6424548351596
-1.14229520303528,3.7408372515354,322.80271652039,283.5,29.6419120731692
-13.5830171801753,3.72322534643974,322.803312839123,284,29.6354580975072
-11.4893361331513,3.72608414010772,322.803607756875,284.5,29.6299989351729
-61.8434263687453,3.655189224397,322.819561535565,285,29.6006140081462
-17.6645161751642,3.71669459471902,322.821941701455,285.5,29.5922207067196
7.53195714258256,3.75229193850286,322.818866743051,286,29.5957995189556
-0.315595626853025,3.74133705678311,322.816740239818,286.5,29.5956495635762
-11.2580336888903,3.72587694243247,322.816826020241,287,29.5903003046842
25.2760289121171,3.77723676611949,322.811768022852,287.5,29.6023102192171
35.415093648975,3.79146198142328,322.80580545511,288,29.6191377141283
-8.85392652949078,3.72988051060184,322.805007494542,288.5,29.6149307676468
-11.6050244398202,3.72591765005393,322.80525855598,289,29.6094166359706
9.6084674829618,3.75581428652077,322.801873147946,289.5,29.6139821028666
-33.8114933279591,3.69451331215309,322.807629527068,290,29.5979165592439
12.0006600601899,3.75902232796942,322.80421056563,290.5,29.6036186773322
5.9192347982086,3.75061654167841,322.801072574154,291,29.6064312039468
-3.68070352765376,3.7371447998831,322.799588716311,291.5,29.6046823162975
-19.5958901562625,3.7145857421753,322.80162806788,292,29.5953713218059
-3.7770762412703,3.73686131143424,322.800467622136,292.5,29.5935766426259
-4.34260579702438,3.73606791658349,322.799222557806,293,29.5915132518672
-26.1527899274469,3.70514704593107,322.802980010781,293.5,29.5790867440121
-42.6227116380881,3.68167601547188,322.812035105329,294,29.5588345467342
-24.4568757988839,3.70698074297985,322.815874134012,294.5,29.5472138531076
41.160273734488,3.79883785687926,322.810246300195,295,29.566771172472
10.2878880110102,3.7564827882793,322.806200603312,295.5,29.5716594662845
-45.5981908626061,3.67760442875871,322.815778180149,296,29.5499934689471
-6.12469109532276,3.73305579826894,322.815393761946,296.5,29.5470833196965
-22.0443708815519,3.71046025631312,322.818094925467,297,29.5366089286781
-7.93492769309438,3.73034542118963,322.817753210802,297.5,29.5328386448353
-3.94221619713225,3.73599948718679,322.816458449427,298,29.5309654993439
-44.9976790107626,3.67787486754725,322.826068181707,298.5,29.5095848354361
16.5578202038014,3.76459714853836,322.822205907902,299,29.5174522898605
-9.300732806137,3.72829245157861,322.821685504335,299.5,29.5130330432106
-27.100018006557,3.70298667938488,322.825782284332,300,29.5001564595815
36.6409481028655,3.79243245457359,322.820263900573,300.5,29.5175664196922
19.6400131195392,3.76928707387773,322.815176854781,301,29.5268983792263
-1.37130402341303,3.73994354470535,322.813102020931,301.5,29.5262468036098
-15.6729947055112,3.71968472735018,322.814161165255,302,29.5187997743498
23.2543240384016,3.7744444700272,322.809340633591,302.5,29.5298490750604
19.129337072559,3.76893488000506,322.804481949579,303,29.5389383866809
-43.6117294108288,3.68055618058737,322.813223795922,303.5,29.5182162572406
-37.7073173020968,3.68844393748956,322.820866849268,304,29.5002996114085
-23.8153785717576,3.70778318366962,322.824423458531,304.5,29.4889837254278
-17.6910564123173,3.71631636696158,322.826254286549,305,29.4805778133977
14.4081658392774,3.76165251584038,322.822274396009,305.5,29.4874238587518
-55.3629527576563,3.66328406063014,322.835424506425,306,29.4611181311703
-22.4589530617146,3.7091726485301,322.838898893997,306.5,29.4504467512749
4.26811899617829,3.74699855054122,322.836330074735,307,29.4524747496024
-37.6540105735445,3.68762113382865,322.843417532996,307.5,29.4345834324822
15.1520913974698,3.76218414382314,322.839557433854,308,29.4417829543418
-29.3723355406673,3.69928834415052,322.84400390371,308.5,29.4278266781918
-11.0640941729466,3.72509920383594,322.844378332109,309,29.4225695697329
-20.8044663362645,3.71121531958223,322.846816554464,309.5,29.4126843198201
-5.8332090024241,3.73239107614608,322.84599640359,310,29.4099126683944
32.7505150150252,3.78656207436239,322.840289786437,310.5,29.4254740877773
-30.9779277500723,3.69706742197059,322.844992980906,311,29.4107549138922
15.7820926765607,3.76309299229162,322.840971127851,311.5,29.4182537810938
-9.05802882836609,3.72818025201083,322.840361506837,312,29.4139498553291
-3.45343828137083,3.73610651171156,322.838933238745,312.5,29.412308952846
-67.0414543323919,3.64651860500394,322.857057617617,313,29.3804541809003
-9.21353716064823,3.72737877976426,322.857563797925,313.5,29.3760763652937
4.93092491734608,3.74745510421317,322.854678933688,314,29.378419296101
-6.42061604742082,3.73147448021433,322.853638934664,314.5,29.3753685379995
39.4490836193846,3.79564855501193,322.847686933891,315,29.3941127847447
-8.34540951030725,3.72917759568739,322.846673812403,315.5,29.3901474603139
-44.0942244644844,3.67846001071208,322.855959635392,316,29.3691960731695
-34.9274042315294,3.69100210733987,322.862782314032,316.5,29.3526003040662
-9.97917426006836,3.7261992929244,322.862962708164,317,29.3478586957072
-29.5058706726177,3.69840180605524,322.86773056311,317.5,29.3338389702896
-10.8481965510722,3.72474921342837,322.868024760859,318,29.328684445666
-1.99448935643633,3.73732524560311,322.866305555554,318.5,29.327736763307
-34.4159631183264,3.69127062028677,322.872448897778,319,29.3113840056387
-38.4756828004195,3.68525106182578,322.880325244745,319.5,29.2931022706545
-53.3399218263525,3.66400744237434,322.893571488881,320,29.2677577869719
-37.8274087171771,3.68543089647825,322.901591112008,320.5,29.2497840796593
-13.1258873238607,3.72037280895902,322.902514033371,321,29.2435473094184
-11.5865877453115,3.72256597823524,322.9027495049,321.5,29.2380419379444
14.5913590636493,3.7597431856647,322.898436225439,322,29.2449750276272
-23.6820198752332,3.70555762896891,322.901306423796,322.5,29.2337225070807
13.3976903280776,3.75815555728312,322.897297989983,323,29.2400884246201
-15.336382432176,3.7175457604267,322.89805119017,323.5,29.2328013368069
-53.337980658913,3.66359265556175,322.910956209975,324,29.2074577754708
5.9076280328935,3.74731191430154,322.908388875696,324.5,29.2102647871265
-29.5655027129095,3.69692041050591,322.913005772313,325,29.1962167275228
-52.9094233930351,3.66368415112561,322.926001283371,325.5,29.1710767953309
-3.76294082938075,3.73313949705859,322.925100924488,326,29.1692888325971
9.71933694978744,3.75237366449097,322.921271643646,326.5,29.1739069791615
1.79192698888044,3.7413120756053,322.918533792229,327,29.1747584139363
-19.8989372752453,3.71048614983806,322.920516985083,327.5,29.1653034264934
-6.52341917750432,3.72947010031706,322.919691434864,328,29.1622038214465
-28.6855482068657,3.69787083889127,322.924177550444,328.5,29.1485738725534
-6.67733401948576,3.72909086656789,322.923497854469,329,29.145401134812
-25.7253135106938,3.70192574423317,322.927149944024,329.5,29.1331777425352
1.96129847632696,3.74127373765657,322.924799574834,330,29.1341096542353
-14.5799389628721,3.71779487158257,322.925472091823,330.5,29.1271819908176
-24.4524835807938,3.70364256437354,322.928865535754,331,29.1155633841551
-4.3283798940037,3.73223181328815,322.927650610644,331.5,29.1135067528395
-32.7341115406366,3.69173968115669,322.933329431217,332,29.0979531275736
-20.7354616221167,3.70862239467365,322.935980297745,332.5,29.0881006652763
-39.3789659045501,3.68194597581698,322.944029060296,333,29.0693897349894
-14.5131887784231,3.71713794255427,322.945229991608,333.5,29.0624937879467
16.0024327223937,3.76053454192364,322.940654609099,334,29.070097349803
-2.28542930127043,3.73483162241895,322.938541021686,334.5,29.0690114272209
-15.7997114881224,3.7155959030565,322.93953586489,335,29.0615041884345
-0.37128076549984,3.73755633456922,322.937437740101,335.5,29.0613277742408
-1.98337148813331,3.73533784522632,322.935450152046,336,29.060385374541
-17.4951510749981,3.71324933716085,322.936849046792,336.5,29.0520725470047
-29.4688007606842,3.69605926270068,322.941692662786,337,29.0380704353695
26.1616260826562,3.77486176441524,322.93632689926,337.5,29.0505011417271
-7.88907873194733,3.72701970697059,322.935213840037,338,29.0467526430352
27.9798251758213,3.77767885053528,322.929483996406,338.5,29.0600472673677
-10.0642070950905,3.72423899003431,322.92880880536,339,29.0552652556256
23.9920879497732,3.77238025545472,322.92345117094,339.5,29.0666651051329
9.15637751067763,3.75179060882232,322.919403614402,340,29.0710157613106
-8.74022721464188,3.72649142692377,322.918644095287,340.5,29.0668628391008
-56.1958896132227,3.65914717653662,322.932431463277,341,29.0401613412627
-23.7041463409703,3.70460317093511,322.936139591951,341.5,29.0288983073179
-11.8140288915366,3.72143166122664,322.936450050225,342,29.0232848670987
17.8898376612859,3.7635659119221,322.931664592579,342.5,29.0317852301132
21.0286533107407,3.7681875351714,322.926249805356,343,29.0417770025503
-1.60864973494528,3.73644526950178,322.923955250353,343.5,29.0410126520308
-10.1018532318077,3.72437720105838,322.923599757393,344,29.0362127527128
11.7302988884623,3.75533951207557,322.919577206088,344.5,29.0417864085898
-16.0364088025298,3.71602806645244,322.920418581109,345,29.0341667029865
0.899713130207964,3.74005263252748,322.918113769583,345.5,29.0345942020147
-16.8706499174135,3.71479133739059,322.919283902587,346,29.0265781064356
-33.4614204611112,3.69103525108577,322.925231097761,346.5,29.0106789000657
-10.2534342257114,3.72386504748062,322.925329277107,347,29.0058069769821
-46.3099770597628,3.67251742907686,322.935500827081,347.5,28.9838027741685
-5.88861181387241,3.72970426404473,322.93486496438,348,28.9810047980763
30.1936978363732,3.78062555380803,322.928965330522,348.5,28.9953513448264
-27.8688469877991,3.69872496552324,322.932724940201,349,28.9821094518211
-45.8291003685965,3.67300221752589,322.942951365908,349.5,28.9603337377461
-11.3883546167957,3.72167739241176,322.943465284523,350,28.9549225568168
-14.1528301149924,3.71770608062471,322.944148114113,350.5,28.948197834327
32.3394187813644,3.78335145805262,322.938185740607,351,28.9635639211817
1.05447985913244,3.73973628664823,322.935281470548,351.5,28.9640649576787
4.84738190496661,3.74519048374687,322.93208555435,352,28.9663681929926
-35.0204168288253,3.68846501469146,322.938237424661,352.5,28.9497282289191
-8.70274930903046,3.72572593009099,322.937997624098,353,28.9455931143501
22.7974265545192,3.77031756362581,322.932692263654,353.5,28.9564253200514
1.22116840233728,3.74012983814358,322.92986223946,354,28.9570055586717
-12.6140067982205,3.72047363698313,322.930012015478,354.5,28.9510120086528
-18.6249457779429,3.71182120012804,322.931759739194,355,28.9421623587434
43.50041756988,3.79901540791422,322.925584598809,355.5,28.9628315983211
6.47276119227784,3.74790881110122,322.921733261743,356,28.9659071332076
-18.2187577136015,3.71285717090963,322.923127829617,356.5,28.9572504837079
-15.1453088256531,3.71710237682593,322.924089591922,357,28.9500541845898
-4.69873219451221,3.73190388076178,322.922781478938,357.5,28.9478215802411
4.99061406409203,3.74568489309799,322.919657393017,358,28.9501928723687
-13.358070637081,3.71965859304132,322.91993620892,358.5,28.9438457801402
-2.17680802561812,3.7355181509958,322.918138772711,359,28.9428114689977
32.9408257478025,3.78488412228868,322.91216318356,359.5,28.958463314596
14.5859762597618,3.75961731928074,322.907372376809,360,28.9653938466375
-14.7648558008774,3.718128756336,322.907859940426,360.5,28.9583783199156
-21.4912833188971,3.70842216029253,322.910338098861,361,28.9481667286582
12.6102626152942,3.7567319718438,322.906385834508,361.5,28.9541584996271
-8.85042967934585,3.72644105126808,322.905608872731,362,28.9499532146752
-10.01847589425,3.72472975138991,322.905326728679,362.5,28.9451929321302
-31.3124825796182,3.69432266550349,322.910486439611,363,28.9303147943935
-36.1359398638838,3.68719860515054,322.91742875191,363.5,28.9131447891352
-19.5975361387502,3.71046773480268,322.919752985473,364,28.9038330125544
37.6979921535413,3.79113760196065,322.913755442652,364.5,28.9217452275387
-39.1858812867248,3.6829087415434,322.920856957732,365,28.9031260414797
-22.1884400935007,3.70675910030407,322.923874032552,365.5,28.8925831959217
-16.0253440665982,3.71541439501664,322.925122797809,366,28.8849687477318
-0.476279864598765,3.73752292255993,322.923047163443,366.5,28.884742443177
-36.6282704450925,3.68601676437834,322.929781054694,367,28.8673385068601
-50.9749964908338,3.66540405453787,322.942011001718,367.5,28.8431177183298
-19.0605266918134,3.71036550324158,322.944432527603,368,28.8340611019873
28.090248056778,3.77714902240177,322.938791681414,368.5,28.8474081937928
19.9787443709561,3.76613510578161,322.93335005589,369,28.8569011016069
4.73122138761941,3.74484520548536,322.929965856216,369.5,28.8591491432078
0.246524345621699,3.7385662142012,322.927496614868,370,28.8592662793423
-2.03167647492133,3.73537512900212,322.925490450969,370.5,28.85830092751
-25.616305509496,3.70174364103691,322.92892586353,371,28.8461293304255
3.40679726315572,3.74295837459942,322.926297240004,371.5,28.8477480714114
-27.6347593505194,3.69876119322513,322.930244772022,372,28.834617405234
18.5641701143874,3.76427528218733,322.925616409863,372.5,28.8434381775643
-42.4338704718548,3.67775792022441,322.934012020674,373,28.8232757082366
-18.3708618475677,3.71166806187233,322.936095069915,373.5,28.8145467864012
14.3332753647454,3.75812821664692,322.931802464048,374,28.8213572475185
-33.6962447618759,3.6899043054995,322.937429477095,374.5,28.8053464642949
6.17424252580531,3.74653521568475,322.934452815293,375,28.808280157926
-9.9138786797884,3.72373678767344,322.933946205066,375.5,28.8035695747863
-19.6233063592653,3.70982645687201,322.935908173054,376,28.7942455534756
-2.81515715407401,3.73372362777216,322.934281940778,376.5,28.7929079305074
-25.7073545506789,3.70105136127409,322.93778071193,377,28.7806930714371
2.66118834798846,3.74139694654671,322.935259581121,377.5,28.7819575360698
-20.0298787299744,3.70908633980313,322.937182679031,378,28.772440331746
-27.2915466923622,3.69857828060971,322.941354109537,378.5,28.7594727431908
-18.3628295221993,3.71115524688267,322.943244116085,379,28.7507476379177
24.0693027990411,3.77133947794482,322.937916595351,379.5,28.7621841760894
0.951110608287012,3.73896592503465,322.935105089571,380,28.7626360966484
6.26666310981941,3.74659006574436,322.931685047569,380.5,28.7656137039544
33.2091214863497,3.78447064893941,322.925537615842,381,28.7813930303727
-12.3628719678646,3.72051023812984,322.92527635673,381.5,28.7755188071618
-19.6177973647275,3.7100611930171,322.927243704162,382,28.7661974034519
14.4397976021184,3.75839193433864,322.922987175857,382.5,28.7730584786499
-14.0785114132572,3.71802167281631,322.923313060348,383,28.7663690687188
5.12329371848818,3.74530147902516,322.920275558789,383.5,28.7688034036335
-0.606810106888465,3.73724780006163,322.917969370926,384,28.7685150775857
15.4720282390717,3.76005876170229,322.913396247485,384.5,28.7758666175545
-14.4364851061983,3.71774232851886,322.91379811405,385,28.7690071162902
45.5321369106132,3.80172345999024,322.907698210985,385.5,28.7906417280678
-18.8693581604244,3.7117867955876,322.908847237988,386,28.781675945524
-46.2357809716266,3.67271534043037,322.918915067912,386.5,28.7597069970093
-17.0151223755881,3.71385836992313,322.920702100291,387,28.7516222552879
12.2368309514399,3.75539267890303,322.91670223659,387.5,28.757436590063
11.5436967087864,3.75457329959542,322.912467173651,388,28.762921581845
-18.0899294076856,3.7125479654132,322.913775237452,388.5,28.7543261451628
21.5077405529695,3.76860450983685,322.908807922292,389,28.7645455560811
-1.28905179745873,3.73663012051825,322.906465633047,389.5,28.7639330626404
-40.0850825910489,3.68136174284929,322.914227801641,390,28.7448866207474
1.61655759321814,3.74045442891168,322.912117891997,390.5,28.7456547286887
-16.2246329648483,3.71507308669456,322.91309953038,391,28.7379455883047
-30.5432107751863,3.69452144527439,322.918114977673,391.5,28.7234329703518
-44.1150773909317,3.67497843158236,322.927707783351,392,28.7024716749317
10.8929599069961,3.75303259405186,322.924221096485,392.5,28.7076474688804
17.8281766774519,3.76298251712166,322.919226254994,393,28.7161185336556
-57.2714440294658,3.65652167648774,322.933088378209,393.5,28.6889059857368
-23.0463703446481,3.70453855719217,322.936598597393,394,28.6779554943011
-43.3354757915259,3.67546485516462,322.945877026171,394.5,28.6573646268708
-16.6656383000981,3.7131942821256,322.947569243111,395,28.6494459426378
-15.3966455892037,3.71494891672087,322.948591394158,395.5,28.642130220763
2.93238537751181,3.74110396744288,322.945868940773,396,28.6435235447651
-11.6174075127799,3.72042576728219,322.945768653265,396.5,28.6380035292672
16.9045416454495,3.76098758440364,322.941056617219,397,28.6460357285135
-26.3842921587864,3.69949737766618,322.94450956232,397.5,28.6334992222871
-35.4409434612518,3.68636588787365,322.951208145083,398,28.6166594448279
-24.0498650046362,3.70237056224915,322.954691241999,398.5,28.6052321425315
-2.35567576706427,3.73330038380509,322.953008206296,399,28.6041128423151
-3.17979849289306,3.73218708079698,322.951210746269,399.5,28.6026019598793
-6.52687420798761,3.72745012451846,322.95008454446,400,28.5995007131733
0.0291567763212548,3.73683307385357,322.947746188717,400.5,28.5995145670264
6.76791795613596,3.74650057294499,322.944224936655,401,28.6027303457589
-19.4174353034934,3.70921107308839,322.945928881445,401.5,28.5935041441569
-20.1447866902658,3.70804321097319,322.948142929077,402,28.5839323412731
-7.42527346610548,3.72613983269699,322.947415237363,402.5,28.5804042198257
4.20528826947163,3.74275095801283,322.944383783633,403,28.58240236411
20.7805124391776,3.76629975397467,322.939090293004,403.5,28.5922762323198
-18.3240746128407,3.710908722039,322.940360000108,404,28.5835695414563
-24.779958972179,3.701539107641,322.943781365116,404.5,28.5717953347398
-34.2894145716614,3.68776072179966,322.950097147459,405,28.5555027066605
-18.3025692749258,3.71037131686848,322.952056874479,405.5,28.5468062340664
-46.1686105467708,3.67047468373185,322.962328575374,406,28.524869201604
-17.9662139026431,3.71039434156748,322.964388743959,406.5,28.51633254839
-35.134816532583,3.68571596712026,322.970960382111,407,28.4996382272548
-3.78082711475919,3.73043162187022,322.969685438672,407.5,28.4978417658458
17.6757228850693,3.76102804784686,322.964705987378,408,28.5062403921448
19.1358060026226,3.76331922778228,322.959355070969,408.5,28.5153327774798
-6.50528888040326,3.72710034113466,322.957954315995,409,28.5122417870503
6.52508111628606,3.7457016715742,322.954519862695,409.5,28.5153421817681
-12.981734019123,3.71794599173112,322.954660322499,410,28.5091739060235
-51.1853788949163,3.66335845705779,322.966655816921,410.5,28.4848531542157
-26.6351873555226,3.69786606776418,322.971086988819,411,28.4721974350433
-24.6672704231776,3.70051278432323,322.974629253081,411.5,28.4604767723328
-5.26208748882296,3.72821567707783,322.973490093986,412,28.4579764895065
-39.2679994904231,3.67951108849736,322.981235230646,412.5,28.4393182849525
-12.8094345308565,3.71714296280943,322.981932421624,413,28.4332318773738
-4.18974447668036,3.72949072131828,322.980417365331,413.5,28.4312411187284
13.1889102089856,3.75433115727847,322.97595163384,414,28.4375078343166
1.35397971233258,3.73768202361798,322.973099925063,414.5,28.4381511782802
10.6661818773989,3.75102734210259,322.968930422045,415,28.4432192185639
-39.4615494115421,3.67947767735099,322.976487224986,415.5,28.4244690486929
-4.55357948395176,3.72917317436123,322.975391837039,416,28.4223054137085
-35.4583764014073,3.68488839724643,322.981851786312,416.5,28.4054573529813
3.89830175677508,3.74104288817556,322.97915460477,417,28.4073096325101
-18.6986151594999,3.7087707120599,322.980706066644,417.5,28.3984249785667
2.21745610211304,3.73866387812325,322.978070975502,418,28.3994786036578
16.6365806950168,3.75925185089863,322.97311953617,418.5,28.407383481159
-67.4362804379075,3.63981662147455,322.991452398712,419,28.3753411074425
-12.2786402784291,3.7176384612631,322.992417078425,419.5,28.3695069069501
-17.4212272498649,3.71022414411863,322.993837550429,420,28.3612292043468
8.707205650048,3.74758584334944,322.990117161533,420.5,28.3653664363479
7.64427772737955,3.74623247352393,322.986254017329,421,28.3689986177515
0.407501340989771,3.73604567433129,322.983602157904,421.5,28.3691922421652
-14.4403418887155,3.71482903911109,322.984120125784,422,28.3623309083492
-23.8623673666734,3.7012246743173,322.987234612782,422.5,28.3509926956252
-33.5823015479019,3.68712114326076,322.993345091318,423,28.335036052562
-25.9295070490618,3.69783876159764,322.997322288725,423.5,28.3227156376494
-1.69020082490439,3.73250323719963,322.995456866632,424,28.3219125380992
-3.37205921064573,3.73016605586549,322.993609793631,424.5,28.3203103029119
31.2345768628582,3.7792052917451,322.987383070378,425,28.3351514237183
-7.62417362469095,3.72448617076645,322.986037503876,425.5,28.3315287947866
25.4295060899414,3.77142170554286,322.98032361278,426,28.3436116340575
-24.3558462884475,3.70076179528374,322.983079224403,426.5,28.3320389446404
-5.20996533836718,3.72804630071235,322.981876960962,427,28.3295634276733
-38.2734842866368,3.68065002511589,322.989205783671,427.5,28.311377767388
11.7606630838391,3.75198588269855,322.985342715162,428,28.3169658508238
-28.6242740379009,3.69433011163743,322.989478861006,428.5,28.3033650163749
-4.96793697334856,3.72808117199088,322.98828322923,429,28.3010044992754
10.8549471309576,3.75070180064526,322.984116419913,429.5,28.3061622314395
26.9730749387278,3.77357273462707,322.978081181476,430,28.3189784980227
-0.113036995502434,3.73552900998347,322.975325342033,430.5,28.3189247884523
-26.7541621824794,3.69737616691395,322.979021884566,431,28.3062125383466
-38.4876986068166,3.68036396416116,322.986683163599,431.5,28.2879250940475
-15.8076665542334,3.71255580531436,322.988026046559,432,28.2804140754085
38.1900839126616,3.7889212580181,322.981662132181,432.5,28.298560107975
-21.0327025261351,3.7054213042259,322.983394173645,433,28.2885664115518
-24.6018179183714,3.70014142122331,322.986759928135,433.5,28.2768768486232
-32.2166001131487,3.68903750424958,322.992412788413,434,28.2615691191044
19.5222771570016,3.76279046547302,322.987527402175,434.5,28.2708451363521
-12.1990508992912,3.71780075206052,322.987292031231,435,28.2650487527828
-5.10115446344384,3.7279322751872,322.985903726504,435.5,28.2626249373434
-55.7593935305511,3.65553043615373,322.999595441211,436,28.2361308407813
-9.65401838610175,3.72095069502886,322.999759495224,436.5,28.2315437303567
12.5737796927504,3.75273184353711,322.995381422115,437,28.2375181664514
-42.480851381431,3.67406263018383,323.003949014139,437.5,28.2173333741272
-18.5260992289583,3.70805249464947,323.006021254816,438,28.2085306911923
-14.712666170833,3.7134476901835,323.006824399392,438.5,28.2015399623924
4.62612236719868,3.74114985129089,323.00366714297,439,28.2037380661547
31.4410278554897,3.77912177204853,322.997307835028,439.5,28.2186772822271
32.358894445185,3.78071903448753,322.990676619539,440,28.2340526229507
-1.44656005019346,3.73329220034686,322.988076117703,440.5,28.2333652894051
14.1542920921848,3.75553007424907,322.983450019978,441,28.240090706554
-20.4863890919925,3.7061824829444,322.985249926837,441.5,28.230356591162
-15.1898301543198,3.71362364298141,322.986155576004,442,28.223139137718
-24.399706787445,3.70029914280251,322.989367579852,442.5,28.2115456079685
37.9117013657738,3.78850388543368,322.983148231152,443,28.2295593669644
-61.3178971781928,3.64807175174429,322.998497516343,443.5,28.200424145328
2.51598544513079,3.73861411039175,322.996348248309,444,28.2016196167475
-15.0861895341615,3.71346451909486,322.996944148429,444.5,28.1944514081827
3.79664365926887,3.74045562865768,322.993940198066,445,28.1962553848286
-33.0501803466269,3.68769692908597,322.99944941152,445.5,28.180551579352
-39.2048193147588,3.67861535175546,323.007440955606,446,28.161923394882
-4.70944807921333,3.72783724220249,323.006298641608,446.5,28.1596856988766
18.7363791290578,3.76129005885656,323.001104440049,447,28.1685882963842
-2.32970457283934,3.73153785078129,322.99878626597,447.5,28.1674813363904
10.2669197622492,3.74956064361245,322.994639306247,448,28.1723596671317
-47.9324354369658,3.66639964215137,323.005097505535,448.5,28.1495845526171
-1.90010122096364,3.73195264474779,323.003529225025,449,28.1486817188157
-16.1096271149687,3.71159782753898,323.004426044063,449.5,28.141027223504
-31.7701716312289,3.68900414678439,323.009814649632,450,28.1259316146443
-32.9798072590964,3.68702256424401,323.01580990909,450.5,28.1102612469663
-47.3719130951047,3.66619467320988,323.026752572513,451,28.0877524648508
-13.8093988014274,3.71399121502212,323.027721741674,451.5,28.0811909238773
33.3560500172556,3.78102710226326,323.021356149399,452,28.0970400634416
18.1333872033049,3.76005697891304,323.015775358041,452.5,28.1056561491115
-2.94714465938532,3.73024020557875,323.013549400008,453,28.1042558122311
-14.0682666648338,3.71429230092138,323.013943907098,453.5,28.0975712700961
-53.4618316692328,3.65782410915312,323.026845893886,454,28.0721688609064
7.7234408542886,3.74504488093681,323.023673701405,454.5,28.0758386566992
2.59302816436954,3.73786444182912,323.020540698276,455,28.0770707349953
-46.2911877908193,3.66780108871697,323.030553711873,455.5,28.0550754599098
5.11006575622445,3.74120533039958,323.027678905382,456,28.0575035095533
10.6815778598942,3.74928165794336,323.023304643337,456.5,28.0625788652439
-41.2437003618433,3.67493965663533,323.031432231332,457,28.0429819056864
-9.15643162574257,3.72071608758208,323.031204092927,457.5,28.038631223796
45.4009326376528,3.7976244046881,323.024427328402,458,28.0602034938145
-14.493265251493,3.71354636994454,323.024387665081,458.5,28.053317013443
3.02947351740686,3.73861426923838,323.02143381996,459,28.0547564689109
-25.5294215796721,3.69766971944284,323.024696538445,459.5,28.0426261547579
-8.4595528686637,3.72203542434481,323.02408962428,460,28.0386065950679
-42.9039750889762,3.6725463061462,323.033004096903,460.5,28.0182207553567
-47.516496062047,3.6655865752707,323.044096714082,461,27.9956432745907
-9.01002560088969,3.72052087882623,323.043919395324,461.5,27.9913621575774
-20.1037450078487,3.7045427179301,323.045899020334,462,27.9818098556642
-41.2368865384252,3.67404791514538,323.054479574922,462.5,27.9622161336975
2.93305613863529,3.737313964051,323.051849652657,463,27.963609776412
-18.819972744643,3.7061204938735,323.05334904964,463.5,27.9546674593669
8.50174712789305,3.74532603959694,323.049510368923,464,27.9587070676749
-28.1836841920762,3.69271466159724,323.053526792572,464.5,27.945315579655
-51.096028770415,3.65968671682219,323.065831363733,465,27.9210372825921
8.0268582462761,3.7442594834633,323.062482892045,465.5,27.9248512472714
-13.192792412939,3.71392196656925,323.062516185881,466,27.9185826870526
-9.48150461804143,3.71924245384959,323.061947043351,466.5,27.914077546609
-23.2478101454384,3.69937746765452,323.064773257945,467,27.9030313409771
-15.4524644672246,3.71049381115597,323.065738198834,467.5,27.8956890967417
13.1435284841995,3.75152582042261,323.06116115437,468,27.9019342491865
17.0519578258152,3.7572783017728,323.055776816483,468.5,27.9100364932857
-23.5735919865602,3.69919709101148,323.058350079078,469,27.8988354922909
2.72485083955399,3.73691523495366,323.055492563664,469.5,27.9001302061801
-21.7969768637432,3.70169994566868,323.057745212775,470,27.8897733645213
-11.6541978919341,3.71619069785656,323.057769344667,470.5,27.884235868061
-36.6406505993156,3.68014525349632,323.064662941799,471,27.8668260493092
-19.8373893563125,3.70406887931535,323.066924858792,471.5,27.8574003063829
30.5230200051439,3.77591876096931,323.06066083384,472,27.8719033306839
-12.9835932404295,3.71425339118109,323.060380964074,472.5,27.8657341715296
22.3066955164937,3.76467554225788,323.054744107902,473,27.8763332061958
-1.4442588827159,3.73109545359299,323.052103190817,473.5,27.8756469660508
3.06962234795258,3.73761322042377,323.048919379991,474,27.8771054982505
-5.46037546249697,3.72544832268658,323.047283524833,474.5,27.8745109988198
-14.9455644943608,3.71178885305322,323.047862968658,475,27.867409608295
-10.9437217628775,3.71746976334226,323.047629537756,475.5,27.8622096948315
20.2385221505842,3.76201569721605,323.042222648782,476,27.8718260361541
1.63157660867567,3.73575884839591,323.039068213839,476.5,27.8726012803862
-34.1596167951659,3.68432425767504,323.04491553078,477,27.8563703257687
-15.6174243389335,3.71073419240465,323.046040342364,477.5,27.8489497007889
13.7891478299065,3.75284215375198,323.041440748096,478,27.8555016195058
-21.3814136083111,3.70254238274795,323.043440422913,478.5,27.8453422328823
-11.8143831522428,3.71618462455431,323.043495798742,479,27.839728624336
-18.6732616844779,3.70624535502593,323.045100322307,479.5,27.8308560171057
-33.2716933047004,3.68509337748391,323.050975538753,480,27.8150469596647
-0.66953706070192,3.73183148557162,323.048874457275,480.5,27.8147288288814
2.6515637953785,3.73667246358627,323.045763567019,481,27.8159887204044
23.5292799165656,3.7664583719133,323.039875613988,481.5,27.8271686665027
8.25282525683393,3.74505745663804,323.035620141421,482,27.8310899994911
-18.5504672951211,3.70666779927871,323.036938859749,482.5,27.8222757380605
-2.56349754399776,3.72956170130753,323.0350148265,483,27.8210576912496
-31.7073277441332,3.68761466917239,323.040169899236,483.5,27.8059919426862
-63.1853722455379,3.64248519589663,323.05735125572,484,27.7759693895774
-12.7614913541969,3.71412464755403,323.058240216508,484.5,27.7699057622169
18.6251503795302,3.75909434306968,323.052975949149,485,27.7787555093428
-30.3213706699244,3.68903227016891,323.057496780786,485.5,27.7643482987984
-19.1293746206216,3.7049515971249,323.05947038622,486,27.7552589693369
29.692093941435,3.77462390283937,323.053287685807,486.5,27.7693671788099
31.6279449798454,3.77764348072182,323.046487492976,487,27.7843952086234
14.457510261911,3.75379708346924,323.041289012872,487.5,27.7912646999983
18.3194654322441,3.7594363702371,323.035836481814,488,27.7999692008078
-17.4254492999879,3.70845941389379,323.036728942878,488.5,27.7916894920958
16.4562637065455,3.75687109788734,323.031867335092,489,27.7995086919128
-21.7418761413913,3.70230655384141,323.033894576431,489.5,27.7891780313827
9.01866554048722,3.74632316269317,323.030062816945,490,27.7934632536665
-5.20714385705407,3.72607173452188,323.028324958615,490.5,27.7909890773273
-41.7003964533137,3.67358145288466,323.036706281397,491,27.7711751184523
-2.44824597326648,3.7296821426212,323.035065665439,491.5,27.7700118334681
6.78589550174698,3.74295541775828,323.031324135796,492,27.7732361542381
28.7995773366368,3.77420611041629,323.025050760041,492.5,27.7869202841145
-40.4958298318309,3.67544745848015,323.032619531115,493,27.7676786755174
-25.3382621536053,3.69684074556617,323.036364864811,493.5,27.7556391908368
6.00568034329004,3.74175470342315,323.033025810728,494,27.7584927920842
1.15305368553269,3.73491948732134,323.030121568637,494.5,27.7590406659715
-4.78034094087614,3.72646206601065,323.028391713857,495,27.7567692851966
-31.0357766822021,3.68864685445685,323.033338135864,495.5,27.7420226243699
32.1315317790162,3.77862418216623,323.027291556427,496,27.7572899336381
43.990589060403,3.79529603916408,323.020195366266,496.5,27.7781920783817
-19.5690873888285,3.70576769274792,323.021369114351,497,27.768893819235
-43.2664053970484,3.67157049454039,323.030425388979,497.5,27.7483357706282
29.8023133187535,3.77562923000543,323.024721240826,498,27.7624963508793
-12.3278918720165,3.71598778762273,323.024284942894,498.5,27.756638748474
-25.4651847057011,3.69698409592158,323.027659670401,499,27.7445389564955
-19.0496590894002,3.70602009876975,323.029500291882,499.5,27.7354875038983
24.2619640144372,3.76781420439136,323.023884591338,500,27.7470155851181
