curr_dens,Volts_tot,Temp_tot,t_tot,SOC_tot
6.58050862847925,3.62138495416385,301,0,12
6.58050862847925,3.62149197439703,300.998576969223,0.5,12.0031267311208
-29.5156613248727,3.54613029808967,301.007664621446,1,11.9891023536712
-19.3486390519105,3.56705079327107,301.013479747416,1.5,11.9799088406337
-15.9619336677227,3.57385985146276,301.018066894325,2,11.9723245219183
-12.4538123353673,3.58097983405928,301.021526170023,2.5,11.966407088358
20.8535377337247,3.64944542795735,301.017794714994,3,11.9763156545636
7.07114702465634,3.62177400563739,301.016028585628,3.5,11.9796755127007
0.591907581165433,3.60851644109476,301.015780521129,4,11.9799567578079
13.5782725952187,3.6352108557568,301.013025065599,4.5,11.9864084790787
-41.7095682029105,3.51985025665674,301.027141472492,5,11.9665901622434
-61.9626663056714,3.4763701695544,301.052095194018,5.5,11.9371485783164
-40.8185111925452,3.51983964246878,301.066802184591,6,11.9177536475508
-38.8860485870285,3.52322186570077,301.080377182545,6.5,11.8992769271105
18.4449950441968,3.64256360065676,301.077057270418,7,11.9080410733619
-19.819357121017,3.56337114952116,301.082463288558,7.5,11.8986238984588
-34.2010014506905,3.53257839142335,301.093735983289,8,11.8823732799069
-30.9391443276677,3.53892897777093,301.103857880898,8.5,11.8676725339793
6.83887318344691,3.6179611986258,301.102409668883,9,11.8709220271145
-13.517924939695,3.5755395436314,301.10582450663,9.5,11.8644989800547
-1.37258045861587,3.60088229395881,301.106034225927,10,11.8638467979396
-39.4250172507427,3.52040075297322,301.119357243242,10.5,11.8451139863384
3.43432471772149,3.61032122594364,301.118706841034,11,11.8467458070046
18.9572622503416,3.64228452261107,301.114706704328,11.5,11.8557533572094
-22.8082918565393,3.55555344351629,301.121094632703,12,11.8449159888558
19.3571356970047,3.64310286896077,301.117313411285,12.5,11.8541135390773
-29.846650870301,3.54062302587335,301.12634636777,13,11.8399318918222
19.1069188287813,3.64249605359487,301.122669534017,13.5,11.8490105514058
2.28762039189709,3.60829176008388,301.121637654326,14,11.8500975150853
31.8644686835517,3.66832131730654,301.116222693556,14.5,11.8652379292245
-13.4541739088183,3.57590073060083,301.1193267619,15,11.8588451734907
22.4518992253731,3.6499300863171,301.115067227502,15.5,11.8695132017532
-18.0946481038333,3.56628154272591,301.119731882827,16,11.8609155229808
-43.2351865020395,3.51262696010826,301.134839706606,16.5,11.8403723080436
-1.0720419680275,3.60109608088878,301.135250325404,17,11.839862926904
-26.9393785439666,3.54649425910502,301.143299473014,17.5,11.8270626711753
-50.5108731026363,3.49590658587411,301.162105577097,18,11.8030624110454
-4.02366941967584,3.59371771585842,301.163317479192,18.5,11.801150563025
-7.89055105169383,3.58556486544269,301.165023029215,19,11.7974013647599
-0.877160142146043,3.60021260532262,301.164894615724,19.5,11.7969845817923
11.0259276351455,3.62494864622947,301.162110276957,20,11.8022235554065
9.15629919450102,3.62130787766562,301.159581260595,20.5,11.8065741743722
-12.9357402333932,3.57526589664308,301.162643731075,21,11.800427752592
-21.1021061851118,3.55775368994614,301.168636995437,21.5,11.7904010789944
0.360634593872565,3.6027264637705,301.168338411362,22,11.7905724346557
-7.22831725598862,3.58683984173525,301.16978848526,22.5,11.7871378970248
-46.1127072198206,3.50407974810249,301.186187065249,23,11.7652274270489
1.52800506731562,3.60439951457021,301.185882124989,23.5,11.7659534592246
-21.5089785384322,3.5558006287045,301.191856351305,24,11.7557334600771
-15.8989861928736,3.56740001400898,301.196153993441,24.5,11.7481790508778
10.3615043269234,3.62229594713596,301.193555173699,25,11.7531023235102
27.2526118195078,3.65678135796235,301.188198841824,25.5,11.7660514121461
-14.6171130056812,3.57063369029808,301.191576934248,26,11.7591060854682
34.2802256752375,3.67090940283934,301.185873671888,26.5,11.77539434744
-36.2348701257188,3.52503274191255,301.197292576588,27,11.758177335431
22.374959059735,3.64726288563915,301.193025501654,27.5,11.7688088055452
-66.2434485970772,3.46096486979252,301.219761189032,28,11.7373332063212
11.2562995562583,3.62396372202549,301.217586609535,28.5,11.7426816412394
16.3381712374125,3.63459836086074,301.213611759716,29,11.7504447293758
8.18639536131255,3.61813569281522,301.211082456807,29.5,11.7543344981747
20.0375000820818,3.64254673773851,301.206618290461,30,11.7638553237868
-16.6254345782343,3.5665518749598,301.210636720304,30.5,11.7559557423671
15.875050099669,3.63417220426479,301.207056133144,31,11.7634987783228
-2.29165822751581,3.59682737942657,301.206930542082,31.5,11.7624098960642
63.4109927537785,3.72601512432654,301.200986509805,32,11.7925396528414
-21.2076901511134,3.55796527002147,301.206215721196,32.5,11.7824628109831
-20.1314125692448,3.55986676810212,301.211794380698,33,11.7728973628178
15.6375347068389,3.63428419587039,301.208307411521,33.5,11.7803275432463
-17.8318258953267,3.56468169767911,301.212729645393,34,11.771854744544
-25.9411422528755,3.54714515403875,301.220378267788,34.5,11.7595288011601
-10.4742344575994,3.57952651908203,301.22290571945,35,11.7545519647642
-3.43079747065804,3.59421077432358,301.22328900136,35.5,11.7529218200708
-58.3746999157239,3.47739156661674,301.245772601364,36,11.7251850597076
-36.1975668271907,3.5235715413079,301.258157372375,36.5,11.7079857723749
4.32149978941984,3.60891129720471,301.256885793146,37,11.7100391346061
-43.9542066008771,3.50650257431871,301.272031131282,37.5,11.6891542770017
-18.2012343593025,3.56077954559507,301.277215508915,38,11.6805059537304
-20.0293121973535,3.55661655798394,301.282709394564,38.5,11.6709890185948
22.1805143880424,3.64456411773172,301.277966788432,39,11.6815280982509
3.00094515445559,3.60549592753538,301.276326198555,39.5,11.6829539984565
-36.1008396279044,3.52250649808878,301.287886090716,40,11.6658006710884
-22.5562547793955,3.55087126430276,301.294476613002,40.5,11.6550830582457
-25.4494946406274,3.54432834346943,301.301984907599,41,11.6429907214075
-18.1808613433481,3.55947573525488,301.306885618854,41.5,11.6343520783823
-16.6432358076172,3.56249866786662,301.311171752767,42,11.6264440387019
13.5384415841449,3.62578497273216,301.307648385692,42.5,11.632876834253
-35.1440207449371,3.52293109642431,301.318710914923,43,11.6161781397328
-31.8955906016336,3.52930186773042,301.328946024762,43.5,11.6010229380027
-26.1938784529301,3.5410226909575,301.336848837025,44,11.5885769069193
-44.9082894168575,3.50035832259313,301.352889348949,44.5,11.5672387165103
-4.43754042706348,3.5864105930119,301.353706308666,45,11.5651302175269
13.9030104484604,3.62483132198068,301.349848288753,45.5,11.5717362381093
-18.6767634948839,3.55634065656608,301.354438373972,46,11.5628619669925
-53.7158808168153,3.48066725668717,301.374851259297,46.5,11.5373388462559
-12.7967513876086,3.56778267394769,301.378243497445,47,11.5312584650774
2.12356868774786,3.59934750416791,301.376896415946,47.5,11.5322674795287
-31.1482721265558,3.52828853462358,301.386370931661,48,11.5174673664498
-23.4296003785906,3.5444243933417,301.393156766196,48.5,11.506334783121
-26.5443005906179,3.53735750360615,301.401052081299,49,11.4937222488287
-21.9930414738696,3.54676799639811,301.407239034512,49.5,11.4832722469975
-1.10658913768035,3.59118465191148,301.406744500895,50,11.4827464507574
-19.7381985287353,3.5513752104338,301.41180132917,50.5,11.4733678383897
-14.9916480094322,3.56131216798346,301.415408353556,51,11.4662445512655
-2.93194431027219,3.58692161810171,301.415295765374,51.5,11.4648514368367
-24.6571425261219,3.54030995900187,301.422189321338,52,11.4531355864002
-5.5326126018434,3.58105090839724,301.422897834317,52.5,11.4505067634659
-18.3141843854803,3.55360044548094,301.427465130261,53,11.4418047719477
3.91770663216712,3.60084031559513,301.425621434461,53.5,11.4436662717102
-28.6841205963108,3.53108010733797,301.434022093549,54,11.4300370011468
19.5781789106179,3.63316285574914,301.429221373934,54.5,11.4393395801335
-42.0371289571783,3.5021360047637,301.443354986874,55,11.4193656226841
9.85256849063847,3.6127738458975,301.440452104497,55.5,11.4240470742647
-58.9914048144765,3.46492512524909,301.46350534832,56,11.3960172863396
-40.1152285629238,3.5047360155103,301.477710003481,56.5,11.3769565205769
-16.5521910599733,3.55518740060686,301.482013794593,57,11.3690917408422
-13.6356131300725,3.56127882007631,301.485023767612,57.5,11.362612774195
-11.8531072089368,3.56496666747486,301.487407962478,58,11.3569807658989
-27.6502814422927,3.53062345745667,301.495525847204,58.5,11.3438427243938
-43.2951263945512,3.49612421821118,301.510851098762,59,11.3232710289944
23.5134769033359,3.63835195194689,301.505385153754,59.5,11.3344434662851
-2.81370799218621,3.58368077978928,301.504656035949,60,11.3331065318867
27.3173905248502,3.64654622909039,301.498260655908,60.5,11.3460864001486
-6.12822987930071,3.57715463121117,301.498433107177,61,11.3431745694436
31.3749210831309,3.65513930640367,301.491678837051,61.5,11.3580823748585
-29.7928253981975,3.52659839756558,301.500138048672,62,11.3439263027964
-80.8873753345386,3.41510659453115,301.537149860171,62.5,11.3054926363399
15.1677348128423,3.62094791303476,301.533518236631,63,11.3126995911741
-18.5808571923444,3.54935097858964,301.537767670708,63.5,11.3038708899726
-27.025160302799,3.53073302855634,301.545583932966,64,11.2910298750093
61.2575883498205,3.71121616832135,301.537923359978,64.5,11.3201364408835
-25.8558932691919,3.53410348194499,301.544498754652,65,11.3078510035859
-21.5270511327476,3.54306929977473,301.550196641028,65.5,11.2976224172384
26.8491311151696,3.64501496326944,301.543943093858,66,11.3103797918678
-55.1288263023626,3.47019334819085,301.564542998172,66.5,11.2841853095585
17.7973821940515,3.62613299492642,301.559985802551,67,11.2926417423234
0.151027232998354,3.58941362662074,301.558352690329,67.5,11.2927135029693
28.1878444557159,3.64775053343517,301.55169967408,68,11.30610696774
-14.8855645526655,3.55773763745572,301.554443759086,68.5,11.2990340862098
-2.93572609964779,3.58319954006109,301.553959809692,69,11.2976391748623
-22.8298533585592,3.5402943247561,301.559831839581,69.5,11.286791561553
-2.9167446995102,3.58288415853726,301.559426200563,70,11.2854056692249
-26.4077891096186,3.53214203191989,301.566694178374,70.5,11.2728579984135
1.91794902019231,3.59278941377697,301.565054539983,71,11.2737693126034
-30.7062387490804,3.52243673710326,301.574038387716,71.5,11.2591792318481
-17.9337389730176,3.5496994421941,301.578437537474,72,11.250658009109
7.84369519496418,3.60471529393727,301.575281963457,72.5,11.2543849437964
-17.208807410023,3.55121656599965,301.578988597997,73,11.2462081725589
-41.5116960388687,3.49799055097834,301.593065790596,73.5,11.2264838747559
4.79048814057902,3.59757400950158,301.590859997674,74,11.2287600769766
-3.06408828769966,3.58096769894815,301.590135343309,74.5,11.2273041742877
-45.6391895496958,3.48839489357318,301.606083882843,75,11.2056186964089
9.23501863676685,3.60641916233826,301.602899630228,75.5,11.2100067189468
9.5958207227604,3.60739890749377,301.599016694702,76,11.2145661767301
22.040350520895,3.63349591588108,301.592928323792,76.5,11.2250386574726
-5.03857826849337,3.57690227222856,301.592582860658,77,11.2226445751354
-32.1535496213285,3.51801052500662,301.602205184844,77.5,11.2073668040812
-17.584558700761,3.54921031060375,301.606440765263,78,11.1990114944783
-4.36598601779575,3.57753966009735,301.606277637912,78.5,11.1969369945991
-25.4014878117122,3.53189675222718,301.613121893696,79,11.1848674682235
6.30374940325984,3.59992307776424,301.61030319915,79.5,11.1878626970956
1.86954594862074,3.59066211949117,301.608209466659,80,11.188751012548
-7.28336480194101,3.57111430180507,301.608678801994,80.5,11.1852903190551
-0.738044553902727,3.58510311288364,301.607396597389,81,11.1849396369109
26.6088135164297,3.64232610116303,301.600769009368,81.5,11.1975828245439
-50.5360032439568,3.47735485114239,301.618842408929,82,11.173570623818
-16.2496086518065,3.55132227375173,301.6228229961,82.5,11.1658496162271
-10.6249075890725,3.56329296645703,301.624490793808,83,11.1608011874368
-22.4530006308177,3.53743078024826,301.630230378156,83.5,11.1501326358411
-17.1339053566647,3.54867701499437,301.63415299065,84,11.1419914543422
19.2792325095142,3.62614457810816,301.628641485726,84.5,11.1511519888352
14.7427671420683,3.61707990317067,301.623581254931,85,11.1581570201228
-4.08589072461868,3.57742041572429,301.622956407456,85.5,11.1562156076262
-48.1752660298243,3.48125024921753,301.640116953899,86,11.1333251120651
-21.5205017535215,3.53874244758047,301.645952510937,86.5,11.1230996376577
6.44268406202709,3.59881119079303,301.642966079837,87,11.1261608813845
8.19910511616416,3.60270284032191,301.63929635476,87.5,11.1300566892281
1.93939351259249,3.58958471886164,301.637089978177,88,11.1309781927765
13.6853733772256,3.61452129134121,301.632363815714,88.5,11.1374808030236
-0.32821026490387,3.58509897046089,301.630701959609,89,11.1373248537943
6.29037658447105,3.59924075303844,301.627558950162,89.5,11.1403137285665
2.07303594772418,3.59041490548554,301.625362241043,90,11.1412987323677
-52.9715802682551,3.47063430214823,301.644929948733,90.5,11.1161292663134
-23.9280897001194,3.53327640182381,301.651724993001,91,11.1047598255982
-18.038217091388,3.54576012990729,301.655934683229,91.5,11.0961889600423
-16.709820128201,3.54838954559077,301.65960123552,92,11.0882492827972
-50.6934820647592,3.47355676084666,301.67829234979,92.5,11.0641622559511
-14.5643322794798,3.55196564842909,301.681627324567,93,11.0572420080549
-27.3832960220733,3.52368564114191,301.689332318641,93.5,11.0442308247715
-12.6634230978288,3.55550543694454,301.691702369729,94,11.0382137945795
-19.1853538255198,3.54109102162037,301.696183313196,94.5,11.029097866578
-0.947948014354816,3.58050981880794,301.694897826342,95,11.0286474487266
-28.9725323510168,3.51936678431779,301.703104802369,95.5,11.0148811392108
-35.5541835442504,3.50436697066958,301.714535455483,96,10.997987555684
-19.5777638807615,3.53896886359381,301.719431431041,96.5,10.9886851738989
-18.7900385347483,3.54042274864334,301.723831706117,97,10.9797570801048
-47.4431094204327,3.47686895156822,301.740985428419,97.5,10.9572144690288
-22.3051265548536,3.53161364827858,301.747079677468,98,10.9466161798553
-17.7672259702142,3.54129377974792,301.751124360817,98.5,10.9381740758314
31.4122932003073,3.64586135191664,301.743535998398,99,10.9530996386217
-12.2711115757962,3.55381821160889,301.74508908662,99.5,10.9472690153952
4.75066566870018,3.59060135502542,301.742138849045,100,10.9495262959535
-27.3128837062217,3.52073171478308,301.749547563692,100.5,10.9365485691082
-23.997303923552,3.52760341273753,301.755976718352,101,10.925146241229
-3.69826426717556,3.57176202947994,301.755389096313,101.5,10.9233890095877
-0.727413047967987,3.57821853335095,301.753735113716,102,10.9230433790076
-12.3615622558458,3.55292824468456,301.755584964356,102.5,10.9171697781069
-0.584152117221824,3.57844446015701,301.753982016546,103,10.9168922180113
17.9919727434549,3.61809197181573,301.748120765706,103.5,10.925441110548
0.199336911679353,3.58058285091226,301.74601439682,104,10.9255358255557
-15.0189268238472,3.54748135773172,301.748746866452,104.5,10.9183995768927
-19.5313065636825,3.53733712107683,301.753270857912,105,10.9091192693191
-19.9890170366265,3.53602446769701,301.758021969829,105.5,10.8996214804441
17.7146054610347,3.61719964982973,301.752407450252,106,10.9080385818136
-30.8318804952285,3.51216735022721,301.761139199867,106.5,10.8933888023359
19.9336853709962,3.62174015640086,301.755270828787,107,10.9028603003494
-7.57808649266564,3.56329165327222,301.755357819178,107.5,10.8992595697356
-17.5405524164172,3.54137002785111,301.759045522377,108,10.890925169735
-44.1502050541848,3.48218493821678,301.774377175785,108.5,10.8699471833926
13.0681281771071,3.60671441828148,301.769892274282,109,10.8761565093535
21.8936420660708,3.62551429832936,301.763215730806,109.5,10.8865592815191
25.3676165280151,3.63310838896945,301.755999848391,110,10.8986127139417
-19.6345185412832,3.5370708834156,301.760101913999,110.5,10.8892833651586
-16.0186701796505,3.54470436289597,301.763349118908,111,10.8816720880685
-19.2935124224855,3.53724710512231,301.767742383685,111.5,10.8725047684694
-14.1515301230286,3.54826119139289,301.770339014448,112,10.8657806636713
-30.4776451907839,3.5119908778737,301.779209888639,112.5,10.8512991992302
-29.6524506661114,3.51328715720237,301.787938727756,113,10.8372098262742
14.2820483708423,3.60862258738157,301.782984284404,113.5,10.8439959468663
7.54624668728666,3.59459794544207,301.779000276472,114,10.8475815487847
-8.89709687350246,3.55916093618806,301.779557134838,114.5,10.8433540898982
59.5258356393539,3.69941832000045,301.770679907581,115,10.8716378128283
-13.4897272722172,3.55016146765387,301.772313454354,115.5,10.8652281639007
5.16170608507633,3.59046809248595,301.769192282737,116,10.8676807504657
18.8898648944943,3.61967690207989,301.763111299991,116.5,10.8766562767918
-8.63821110899332,3.56108836923837,301.763474275519,117,10.8725518275724
-4.29231142806811,3.57043057604049,301.762804653101,117.5,10.8705123342019
5.25431373111232,3.59100146445931,301.75958592746,118,10.8730089233243
12.9366585597014,3.60748476692724,301.75461750707,118.5,10.8791557814476
-0.272259936889508,3.57949581685806,301.752639019928,119,10.8790264170374
-11.2272001366152,3.55570044941928,301.754018105375,119.5,10.8736918087192
-20.2265588183559,3.53576738375387,301.758652669841,120,10.8640811517784
-37.4841859102409,3.49725380223632,301.770641152127,120.5,10.8462705269101
4.15351124304329,3.58797034806511,301.768056488354,121,10.8482440693211
17.803460077792,3.6170825068678,301.762162958809,121.5,10.8567033899947
-0.554549647203149,3.57830078823646,301.760199682019,122,10.8564398955237
-7.04817543080256,3.56422696061407,301.760263731209,122.5,10.8530909523479
-27.5829879364141,3.5189800431966,301.767745389308,123,10.8399848853772
-22.6665198535336,3.52936269028232,301.773508804237,123.5,10.8292148800435
-5.72658031834473,3.56621126180921,301.773408109108,124,10.8264938932766
-18.1314850650097,3.53894636312107,301.777218062686,124.5,10.8178787114084
-29.7968333722309,3.51284225118963,301.785787949285,125,10.803720734956
20.8338845544333,3.62223681034272,301.779693017421,125.5,10.8136199629461
12.7885971773274,3.60572146942817,301.774541554872,126,10.8196964696485
1.27325099130914,3.58133346776575,301.772112561239,126.5,10.8203014553302
-10.5921482450213,3.55556755894098,301.773246772108,127,10.8152685921545
-43.307565256476,3.48302354565223,301.787939611837,127.5,10.7946909864252
-44.7229858060788,3.47902847118822,301.803801917245,128,10.7734408430957
-22.4000560801494,3.52783412809763,301.809693206835,128.5,10.762797448123
-30.6081471575703,3.50923606811559,301.818683887927,129,10.7482539756238
-0.329128748949516,3.5755448880645,301.817064161161,129.5,10.7480975899764
-27.3514101372871,3.51603999275996,301.824414729741,130,10.735101557283
8.22703030838626,3.59369454719375,301.820601754896,130.5,10.7390106337921
-24.7535336886591,3.52160793630832,301.826789110754,131,10.7272489830589
-10.6808994224353,3.55237553921146,301.82818542877,131.5,10.7221739497282
-22.3271853702376,3.52646621439214,301.833607548085,132,10.7115651793004
7.28193225518728,3.59108576451578,301.829925598954,132.5,10.7150251921182
12.6490034375957,3.60277076069164,301.824766594777,133,10.7210353708032
-19.6522441943684,3.5325937482513,301.828902654011,133.5,10.7116975996694
-13.6000176739364,3.54568650372244,301.831202388782,134,10.7052355462165
23.8698636916218,3.62622038771937,301.824294740443,134.5,10.7165773208221
-26.5427811453105,3.51730686032225,301.831031604807,135,10.7039655084948
7.46248006681613,3.59156780360084,301.827362941615,135.5,10.7075113086724
-1.2873697356768,3.5728121665706,301.825548603823,136,10.706899614464
-23.1710624970579,3.52459851341051,301.831159070911,136.5,10.6958898755057
-14.6021344127637,3.54322321775298,301.833834919838,137,10.6889516659118
-22.6130834192299,3.52523103645852,301.839381997835,137.5,10.6782070509197
18.9050835546063,3.61527954974575,301.833338591347,138,10.6871898083978
-14.0342607952691,3.544337573283,301.835371150123,138.5,10.6805214241643
16.0438881807202,3.60943653444342,301.829758203829,139,10.688144683597
-35.4664100278881,3.49680797069777,301.840439852709,139.5,10.6712928056892
0.562700758393593,3.57594965002164,301.838576442644,140,10.6715601731637
-9.27248307937185,3.55447644857382,301.839187800606,140.5,10.6671543493819
-35.3015923306984,3.4964706427798,301.850069399749,141,10.6503807846642
0.550032807904669,3.57531673673038,301.848188814519,141.5,10.6506421329573
-40.6001217482987,3.48403860954047,301.861499277802,142,10.6313509700173
4.09722383719842,3.58244960159271,301.858742871408,142.5,10.6332977674465
-5.75095521161721,3.56108063825963,301.858193758315,143,10.6305651989401
38.1229698578285,3.65380635724616,301.849515020605,143.5,10.6486793422385
-42.1519065375164,3.48081175055175,301.863187236753,144,10.6286508481791
-10.2247369152492,3.55123160874335,301.864566336305,144.5,10.6237925606333
-45.4953928730547,3.47233969070399,301.880432810613,145,10.6021754077987
31.2789484576432,3.63919154262355,301.872785965026,145.5,10.617037611785
-12.0200423300909,3.54701883079879,301.873953674413,146,10.6113262842039
-35.3960962976754,3.49469003653162,301.884875512876,146.5,10.5945078158911
-4.02309212642274,3.5639080337654,301.884201758319,147,10.5925962421719
-42.783586577178,3.47743727387657,301.898628271484,147.5,10.5722676051068
18.2046959388509,3.61123638756056,301.89277312704,148,10.580917573149
-21.3918347982476,3.52507844225119,301.897428348049,148.5,10.5707532348931
-9.89894744035262,3.55031301921988,301.898380940406,149,10.5660497463373
3.94998098087315,3.5806169837556,301.895189476113,149.5,10.5679265812686
-5.74184286742774,3.55953194134205,301.894552950224,150,10.5651983424959
-26.412887155059,3.513489840946,301.901456596989,150.5,10.5526482493464
-8.87312257095185,3.55215244812674,301.902130939498,151,10.5484321818586
0.749206689412512,3.57324056037229,301.899754353073,151.5,10.5487881676955
-34.2058440919654,3.49552531060751,301.910001266321,152,10.5325352481607
-25.1010892120664,3.51536097058452,301.916716032844,152.5,10.5206084562914
-11.7629976181701,3.54476539972975,301.918315826205,153,10.5150192636008
2.34557248259598,3.57575424564072,301.915512513739,153.5,10.5161337632377
-10.9605600844094,3.54653340465547,301.916529584697,154,10.5109258490395
23.9287674727832,3.62196927235688,301.909289048566,154.5,10.5222956117987
7.77426230753753,3.58804358551427,301.904818553344,155,10.5259895554238
-58.6214511789199,3.44010109099796,301.927708742291,155.5,10.4981355511063
22.9617310473158,3.61966041961186,301.921194312669,156,10.5090458261484
-35.8012759293002,3.49094208981824,301.931931842319,156.5,10.4920348365831
-13.4028184997253,3.54055428616265,301.93418234309,157,10.485666482391
-40.8006861191277,3.47878734608878,301.947725698009,157.5,10.4662800212157
4.61379685611995,3.57947682459986,301.944622486425,158,10.4684722685069
26.0922208107639,3.6254967855701,301.936815617712,158.5,10.4808699969237
1.16612691215831,3.5726437019209,301.933905531763,159,10.4814240825595
-10.4476217641954,3.54708916454421,301.934699380144,159.5,10.4764598911948
-30.4404695484894,3.50216405054168,301.943318191108,160,10.4619960907739
-39.2121661593674,3.48181128827129,301.956266587629,160.5,10.4433644154479
-10.7438539559177,3.54511508749114,301.957623255911,161,10.4382594692472
-13.919613198508,3.53790435522731,301.959718787494,161.5,10.431645559862
18.6111001940104,3.60889654731326,301.953240171193,162,10.440488631037
-6.21737345467526,3.55530364089716,301.952489743418,162.5,10.437534443729
-22.5520759816886,3.51875381021547,301.957757027165,163,10.4268188164435
-8.44501453937742,3.54995549876208,301.95813248152,163.5,10.4228061646461
-24.4601105887199,3.51399123180669,301.964201574609,164,10.4111839340079
-29.3512222142197,3.50253854120964,301.972535557104,164.5,10.3972376898628
-18.7052785795053,3.52603722100057,301.976592019745,165,10.3883498697929
-2.75067453654813,3.56138534557356,301.975148065256,165.5,10.3870428857644
-9.96181140486138,3.54538815505121,301.975778704693,166,10.3823095273725
7.9871721618563,3.5848801693407,301.971401017963,166.5,10.3861046351941
11.4791387600544,3.59266228579243,301.966066463746,167,10.3915589522428
-20.9726797921108,3.52112119960035,301.970518551449,167.5,10.3815937756439
0.351187348450548,3.56834117705764,301.968221907299,168,10.3817606424431
-33.6452624883251,3.49222478366106,301.978172663032,168.5,10.3657740834656
6.67054165241772,3.58172589391271,301.974383419471,169,10.3689435938113
-52.0189078350695,3.45011444857574,301.993625961798,169.5,10.3442267904177
-10.5026850743624,3.5430534342649,301.995021748997,170,10.3392364357007
-23.1326513750028,3.51451697597083,302.000564389845,170.5,10.3282449478014
4.32546136354296,3.57547694197312,301.997174014996,171,10.3303001923761
14.1260161334572,3.59694297695584,301.991242055501,171.5,10.3370121741926
-41.4970395505901,3.47303602949972,302.004837512916,172,10.3172948404255
0.956725238587495,3.56786971737137,302.002561870376,172.5,10.3177494287782
1.46604999628413,3.56908921998676,301.999647535688,173,10.3184460229789
-47.0764251326293,3.45975614328482,302.016267888403,173.5,10.2960776420785
-10.8026386095661,3.54108786823753,302.017655335566,174,10.2909447643278
-33.7227257676609,3.48910172663439,302.027789206535,174.5,10.2749213986444
-11.1679776665141,3.53958544532082,302.029111163601,175,10.2696149299049
19.6272440890409,3.6071090211789,302.022191065124,175.5,10.2789408222294
-54.4985754444786,3.44148002090051,302.042778395174,176,10.2530458038495
20.8084133316458,3.60917359518716,302.036164339331,176.5,10.2629329291787
-19.2472527632628,3.5212410785045,302.039794158364,177,10.2537875898739
14.095532664393,3.59495937171528,302.03399532559,177.5,10.2604850874588
-40.813497919663,3.47226404400641,302.047240119956,178,10.2410925387516
-23.4211074577222,3.511107428896,302.053209812118,178.5,10.2299639908373
-16.9970307540867,3.52529146075428,302.056437879336,179,10.2218878453567
-11.3763594689701,3.53773705371557,302.057565914578,179.5,10.2164823639263
-33.1921457318908,3.48806237003881,302.067443706802,180,10.2007111035441
-7.17182409825015,3.5465098503426,302.067359815424,180.5,10.197303408658
13.4771586034276,3.59208300303553,302.061470288853,181,10.203707085578
1.17845040895175,3.56543499996786,302.058375823649,181.5,10.2042670267278
23.2431357815473,3.61342414225172,302.050636056658,182,10.215311011334
-11.3343059594364,3.53809470320248,302.051321012525,182.5,10.2099255116444
-27.5594063197234,3.50117952216824,302.058617623406,183,10.1968306494876
-13.4146234086849,3.53278849175396,302.060557222006,183.5,10.1904566861886
-35.0139471721601,3.48346695443693,302.071271154444,184,10.1738197961749
-32.0977172992113,3.48948054889751,302.08091704519,184.5,10.1585685538693
-34.6173409135013,3.48312729802822,302.091716860287,185,10.1421201114668
9.49377713480088,3.58199913459694,302.086968479884,185.5,10.1466310832013
22.2781280562365,3.60987425582694,302.079198657245,186,10.1572165440281
-11.6992953605452,3.5355685701713,302.079980853077,186.5,10.1516576194889
-16.5704728036872,3.52439288882519,302.082848969282,187,10.1437841531769
6.27025468763412,3.57529777826205,302.078673330322,187.5,10.1467634670224
-9.43835250617034,3.5404759198952,302.078831301833,188,10.1422788303208
-4.78452240543674,3.55082371421642,302.07765853059,188.5,10.1400054627214
-27.6947640139928,3.49888685689076,302.084936053526,189,10.1268462853059
-13.576226198303,3.5305405545283,302.086900269203,189.5,10.1203955363814
-15.5419788353673,3.52589936336139,302.089408717386,190,10.1130107593607
-36.325244710395,3.47817299772687,302.100787718928,190.5,10.0957508058343
23.3703679032221,3.61106126613167,302.093302521785,191,10.1068552448304
6.36394165065973,3.5746937102152,302.088680166449,191.5,10.1098790740712
-37.4288312056244,3.47579037174417,302.100313344848,192,10.0920947510114
-17.0554359939755,3.52169867201931,302.103659699012,192.5,10.0839908542592
-22.0726469575423,3.51000195564876,302.108716792677,193,10.0735030278528
-9.53172765770451,3.53816424353029,302.109178877409,193.5,10.0689740239133
-8.7718116130787,3.5397843832932,302.10923966532,194,10.0648060943648
22.0968820553398,3.60773916957896,302.101609448738,194.5,10.0753054360869
-29.5437298300902,3.49289371548544,302.109420970945,195,10.0612677218766
13.0018017160806,3.58812031652743,302.103768095873,195.5,10.0674455327948
7.33078825072346,3.57599809756066,302.098968627795,196,10.0709287595571
-6.34761753049853,3.54572752911257,302.098060881831,196.5,10.067912686728
-31.4215668777171,3.48858358916668,302.106976736248,197,10.0529827175465
-2.87278335288849,3.55294734989358,302.10542293988,197.5,10.0516177134685
19.4064368163379,3.60195734242146,302.098217606254,198,10.0608386891353
-24.2666252404972,3.50491244253126,302.103755862487,198.5,10.0493083931322
-2.78056790770986,3.55322084655293,302.102085326874,199,10.0479872052573
2.46436661760522,3.56494631858822,302.098687337089,199.5,10.0491581499717
-48.4360582032656,3.44905892447824,302.11602503416,200,10.0261437389125
-18.36290775221,3.51720524981544,302.119989739621,200.5,10.0174185964684
-3.17595565436629,3.55134498800146,302.118342635736,201,10.0159095399587
-5.35237820394128,3.54646987353565,302.117197262773,201.5,10.0133663554656
-22.3830072465441,3.50772170869879,302.122212967387,202,10.0027310612525
-23.4323011628647,3.50493835889453,302.127860791696,202.5,9.9915971946451
-17.8810033166171,3.51725855905905,302.131310807456,203,9.98310102927275
17.3839054143688,3.59582127914636,302.124553864199,203.5,9.99136099839208
-10.5605108643306,3.53410438797292,302.124904914975,204,9.98634316772948
-44.4360016503456,3.45615888326371,302.140298779546,204.5,9.96522938502823
-1.44799124791701,3.55377404175975,302.138432772772,205,9.96454137144855
24.4749119169053,3.61066210462361,302.130241095534,205.5,9.97617063494332
-1.10113387752155,3.5551579016135,302.127521684474,206,9.97564743077212
3.79160521749602,3.56613309635652,302.123688556431,206.5,9.97744901340058
-47.5150004945335,3.44908728862181,302.140524421079,207,9.95487224325402
-10.7059878753101,3.53280926882194,302.141642373547,207.5,9.94978528913559
-20.4609698275182,3.51039702720312,302.145917421775,208,9.94006325171659
30.8648614797671,3.62367829357622,302.13701618141,208.5,9.95472870212134
-12.8930556718779,3.52808327593996,302.138027476367,209,9.94860256192643
-44.8493203505609,3.45434228893921,302.153623952989,209.5,9.92729239069113
-1.84309114888347,3.5521209399633,302.151839853684,210,9.92641664524665
-10.4340041602693,3.53272922304595,302.15228055054,210.5,9.92145892429152
-24.6795163142364,3.49997552285248,302.158265506069,211,9.9097324429413
28.180774147194,3.6173492301669,302.149720999112,211.5,9.92312254825229
-2.65906201170909,3.55044089241881,302.147381572159,212,9.92185909394904
11.8367697792241,3.58270523434423,302.141561788781,212.5,9.92748333950943
-30.8334485609048,3.48639849359066,302.149968759599,213,9.91283281496475
-3.25428524510884,3.54888550321517,302.148414822295,213.5,9.9112865401209
6.58717898070283,3.57090806131451,302.143829842287,214,9.91441644066207
-33.5168554396853,3.47984239642536,302.153532122481,214.5,9.89849089434151
40.4454981584408,3.64285527661553,302.143822381956,215,9.91770858782531
-40.612013633164,3.46376317201481,302.156650967955,215.5,9.8984117744518
-26.7269257411404,3.49503603928124,302.163831735049,216,9.88571246575136
-24.5201560150919,3.49963935805387,302.169902506429,216.5,9.87406170450652
-18.720370806149,3.5125605494048,302.173599363618,217,9.86516671335951
-7.93029312601372,3.53693617310858,302.173338894105,217.5,9.86139863163295
-14.7111501971546,3.52138827844463,302.175323204172,218,9.85440862314856
27.7661914099193,3.61537452506187,302.16666353175,218.5,9.86760173931782
-17.8262175311339,3.51468701557199,302.169463819108,219,9.85913160543181
0.774947795051251,3.55667630587043,302.16652589447,219.5,9.85949982216468
10.2665353222955,3.57788954796766,302.160967274328,220,9.86437797023919
-39.1852996989174,3.46544506807306,302.173356828183,220.5,9.84575906052187
-39.0020955350589,3.46507445406843,302.186263979482,221,9.8272272003311
-42.4972826395364,3.45616153088704,302.200996385418,221.5,9.80703460068845
-15.5551769040254,3.5177695768109,302.203701632889,222,9.79964355260056
-1.36235121825178,3.54992975177422,302.201294224641,222.5,9.79899623091281
12.5029949213941,3.58095113358179,302.195151508115,223,9.80493703359715
-14.8392826881245,3.51961387003259,302.196938986126,223.5,9.79788614291204
-7.8489649168227,3.53539303010662,302.196559091441,224,9.79415670431432
-21.3970294651523,3.50421191545693,302.201098413639,224.5,9.78398989781055
-14.2583628827551,3.52030529327733,302.203034055663,225,9.7772150313869
9.34730193054688,3.57351930255838,302.197747856082,225.5,9.78165640537365
-36.1386350461827,3.46971844535119,302.208697548058,226,9.76448511949853
-30.4228847090215,3.48231810172326,302.217490644884,226.5,9.75002967452068
-43.412958632724,3.45143685806042,302.232648549867,227,9.72940199108951
-11.607850697432,3.52451792845351,302.233895394324,227.5,9.72388651651593
38.7765520620373,3.63510692026091,302.223685429306,228,9.74231120964166
-36.3465137335143,3.46793865925722,302.234478193277,228.5,9.72504115013098
11.1708553211891,3.57612271947191,302.228949439006,229,9.73034898618911
-1.3376732525301,3.54837794773782,302.22618859575,229.5,9.72971339024595
-8.97689317786715,3.53103348910308,302.225979249072,230,9.72544801611573
-10.4446502438562,3.5275712309208,302.226355595304,230.5,9.72048523667003
-6.32941057431165,3.53685844451247,302.22536778175,231,9.71747781488296
-15.9453595434561,3.51474119432676,302.227710205201,231.5,9.70990137136891
1.87751602859197,3.55520541485972,302.224307081999,232,9.71079347380778
24.2344665837318,3.60461968951531,302.215832965531,232.5,9.72230848961313
-8.94198841554202,3.53128650253026,302.215376885259,233,9.7180597004937
-4.15764372872037,3.54208962086436,302.213690277473,233.5,9.71608419453058
-20.1641919593424,3.50532935148545,302.217638917755,234,9.70650317122596
-0.0914486856157826,3.55097451511251,302.214859446524,234.5,9.706459719349
18.6093998175182,3.59260071116297,302.207418065897,235,9.71530198258951
9.05515521140792,3.57197345154907,302.201859889625,235.5,9.71960454295406
-57.7319756314052,3.41818767042196,302.224485702332,236,9.69217317327351
-0.959763842343641,3.54868775905592,302.222443758732,236.5,9.69171714112706
-41.8366622811727,3.45419903964567,302.2363233568,237,9.67183843549325
-13.2649512637402,3.51986054988935,302.238087731312,237.5,9.66553558896963
24.233109708001,3.60363060819821,302.229719278486,238,9.67704996005497
-47.5171912808268,3.44047682999309,302.246389963453,238.5,9.65447214895549
8.23320773054753,3.56824129511035,302.241670557256,239,9.65838416066898
2.65386299685537,3.55595502898797,302.237755725051,239.5,9.6596451446584
-84.4075552479565,3.35305795151026,302.278569838585,240,9.61953886340759
-9.11061799502363,3.52769195508871,302.279462270311,240.5,9.61520994988079
-23.3547511744591,3.49459675240789,302.284739309203,241,9.60411293117915
-2.92539363272099,3.54141697846436,302.282709288422,241.5,9.60272292930718
-0.851910050414202,3.54618049113003,302.279820518489,242,9.60231814393007
2.22317752300358,3.5532318192618,302.276027144283,242.5,9.60337448755649
-15.9655454464389,3.5116524497637,302.278201684272,243,9.59578845270313
-0.307619941814561,3.54739133965236,302.275299333964,243.5,9.59564228697344
-3.81020410045616,3.53948577658115,302.273291302819,244,9.59383186707883
-61.2327789182423,3.40527553205783,302.298383317834,244.5,9.56473708941527
-35.6414308407239,3.46426638101962,302.309968509617,245,9.54780205030319
13.4800946418701,3.57680016703172,302.303688564404,245.5,9.5542071222829
-30.7987642609128,3.47538733277957,302.312017420699,246,9.53957307799626
-34.5638354617247,3.46594878649818,302.322646032308,246.5,9.52315005872906
-7.36455761600338,3.52884089012071,302.32212485871,247,9.51965078644037
-12.9941808321966,3.51576776064591,302.323254568543,247.5,9.51347659658794
2.18704272535743,3.55051790944776,302.319507049372,248,9.51451577075184
3.65476768553186,3.55398684485701,302.315194478585,248.5,9.51625233497611
30.3408842133195,3.61291479932159,302.305481551887,249,9.53066881738794
-13.5230973020045,3.51541770348658,302.306431174917,249.5,9.52424331267828
-6.80861713414092,3.53073285136283,302.305458504583,250,9.5210081957162
3.40391838953428,3.55400213752991,302.301331096176,250.5,9.52262556880424
17.8719686909253,3.58644228836886,302.293723466488,251,9.53111744137084
53.6166508088744,3.66163966680047,302.282288732369,251.5,9.55659341293227
-12.4228209427486,3.51948478478917,302.282657800612,252,9.55069070494369
-17.5369964908483,3.50743303643489,302.285500482489,252.5,9.54235799454247
-28.3200939241794,3.48196590649897,302.292907387978,253,9.52890169138766
-15.1673413421186,3.51210094445947,302.295050015185,253.5,9.52169492351117
3.83532780045874,3.55545017746463,302.290912656106,254,9.52351728094117
-1.74208489910022,3.54292462132558,302.288170141006,254.5,9.52268952865383
-19.7936106446682,3.50128902817737,302.291806169246,255,9.51328458719862
1.93817142861604,3.55101096188402,302.288250529767,255.5,9.51420551007335
-22.3741700505464,3.49503705882665,302.292906859515,256,9.50357441485724
-45.4190520046269,3.44043631225305,302.308898921795,256.5,9.48199353541474
-25.0936493273936,3.4873680405926,302.315303115141,257,9.47007027860938
-2.17712030682893,3.54014515399983,302.312976605223,257.5,9.46903581908635
-22.4412466908392,3.49318677904613,302.317721928641,258,9.45837285237966
-17.4787129210008,3.50440695008956,302.320690092446,258.5,9.45006783543831
-10.4868783935229,3.52040626732734,302.320999019849,259,9.4450849912716
-18.5644154085768,3.50146572534823,302.324257631693,259.5,9.43626410238972
-15.758198401079,3.50772333919193,302.326515413158,260,9.42877658856204
-13.0719068227835,3.51375010854372,302.327732950278,260.5,9.4225654671763
30.086446025486,3.61049992574176,302.318170998524,261,9.4368610531886
-3.30108614945738,3.53688357772155,302.315625973696,261.5,9.43529254087765
-11.2454993030581,3.51854698454407,302.316034102655,262,9.42994923770379
-21.470826522937,3.49452868290439,302.32046072903,262.5,9.4197473665006
6.61300005435788,3.55899398117337,302.31560070179,263,9.42288953593451
-13.8977429063223,3.51208132598389,302.316875270747,263.5,9.41628601822671
-16.0254023447159,3.5069084476446,302.319169105416,264,9.40867154234589
-13.0860966215444,3.51350906158313,302.320388118686,264.5,9.40245367867199
-6.14822663484604,3.52941573097336,302.319164261672,265,9.39953234650111
5.12440600904245,3.55518450458281,302.314522742403,265.5,9.40196720992108
35.6200623612162,3.622163098021,302.304179077033,266,9.41889209579218
5.53875990003704,3.55705710067146,302.299090541889,266.5,9.42152383961747
34.6913419820194,3.6210311959342,302.288944014169,267,9.43800744365519
-31.6419483680555,3.47183938566447,302.297342937412,267.5,9.42297276012662
-25.466406628672,3.48571647728078,302.303662021187,268,9.41087238755101
7.47725492672953,3.56133039531215,302.298666416879,268.5,9.41442520800878
24.9776719997769,3.600220911764,302.289782395324,269,9.42629335814381
12.3070901461219,3.57288951607254,302.283181604637,269.5,9.43214107660136
-24.0294115346529,3.4897733048921,302.288384564905,270,9.42072349277881
-5.68284711944362,3.53197189163727,302.287156088232,270.5,9.41802328585766
-1.77455536700057,3.54088509990694,302.284511279657,271,9.41718010521542
29.8783119064322,3.61110537415542,302.27507047316,271.5,9.43137679622368
28.485144394963,3.60870192954942,302.265597207378,272,9.44491152317103
-26.4483337893132,3.48499118755912,302.271675084325,272.5,9.43234458754005
-20.2484024576354,3.4989663935273,302.275734563191,273,9.42272355158586
-4.41532531964107,3.53528289132323,302.274075217276,273.5,9.42062560811904
-8.18051032971379,3.52658449404209,302.273461664606,274,9.41673863559513
-46.1649144419756,3.43742405600119,302.289599640607,274.5,9.39480335933827
-25.0627820888436,3.48622873935132,302.295954212321,275,9.38289476911279
-20.3813327134582,3.49674702003141,302.300083598507,275.5,9.37321057129814
-46.5858758679165,3.43449993379211,302.316702736921,276,9.35107527506328
-0.685299557358048,3.54123462323434,302.314186355005,276.5,9.35074965472387
-16.4711884611897,3.50471965489504,302.316495370528,277,9.34292336340411
-5.1907229448884,3.53069288662627,302.314987174766,277.5,9.34045698946742
-25.774484855817,3.48257445162299,302.321168512669,278,9.32821023340767
29.8656099715036,3.60858327626979,302.311807657149,278.5,9.34240088908683
-4.88641864692758,3.53162393576339,302.3097536497,279,9.34007910545044
-0.694639267089021,3.54123538150073,302.306730965968,279.5,9.33974904734448
-61.4500196239348,3.39819765817531,302.331895898305,280,9.31055104767887
-8.59982243613433,3.52187550939389,302.332091819435,280.5,9.30646483885174
-18.6445039423349,3.49831213447849,302.33531552803,281,9.29760589587328
1.17412328429134,3.54405297385317,302.331851565309,281.5,9.29816378098824
-33.4466781534806,3.46314709083095,302.341481921874,282,9.2822715794313
-56.3222377554301,3.40792327028122,302.364021291316,282.5,9.25551004722654
-6.69212719939628,3.52436780087213,302.36346283548,283,9.25233028050024
-12.2290676483911,3.51141207925011,302.364201731022,283.5,9.2465196344615
1.81207323743391,3.54383196050666,302.360422187328,284,9.24738064173382
36.3476238383707,3.62025162395879,302.349824611,284.5,9.26465122871123
-17.5225332900766,3.4998419146743,302.352152490158,285,9.25632539050522
-14.8650264442277,3.50578591559903,302.353968964942,285.5,9.24926226766484
5.94351366587131,3.553710669979,302.349100422745,286,9.25208633039241
4.1114728253603,3.54972684900716,302.344514590328,286.5,9.25403989823364
38.0475153125851,3.62440363476567,302.333830790519,287,9.27211818927688
-11.9007761730399,3.51373952118694,302.334027787957,287.5,9.26646353105468
-5.46462009353188,3.52851276485069,302.33249033359,288,9.263867014786
19.6050332918776,3.5852306631769,302.324530215144,288.5,9.27318235364194
-34.2538327518525,3.46132252726514,302.334276680853,289,9.25690663227756
-39.2756401134584,3.44866416953157,302.34713951102,289.5,9.23824479727869
13.3331180367862,3.57045423781424,302.34080119126,290,9.24458003326986
-18.3752968608206,3.49774731271168,302.343644835651,290.5,9.23584900413624
-10.2704298814979,3.51642232410683,302.343791681254,291,9.23096900556047
3.71998875104291,3.54861088551502,302.339484037764,291.5,9.23273655959827
-10.9972402038017,3.51473879546281,302.339654738704,292,9.2275112168277
-18.9895592286911,3.49583069179169,302.342997795373,292.5,9.21848832070167
-52.1432424332051,3.4166003957353,302.362789149391,293,9.1937124396776
-63.3568367437749,3.38847688735106,302.390025143573,293.5,9.16360841514873
-40.8760294741535,3.44100621961733,302.404295675371,294,9.14418615455024
-44.9473649704529,3.43037894413871,302.420471849137,294.5,9.12282939737735
-8.36352739967031,3.51661508563919,302.420229231313,295,9.11885546422462
-23.439664165315,3.48090102872941,302.425408534073,295.5,9.10771809908383
-16.0462324592676,3.49806648329402,302.427712305663,296,9.10009372576634
14.9935499312733,3.56972451143831,302.42047531233,296.5,9.10721791658936
22.6538963115676,3.58716043625919,302.411440912181,297,9.11798192384238
25.8104568371146,3.59458720407502,302.401857550711,297.5,9.13024577200242
-57.6208143057901,3.40007373766115,302.424544644418,298,9.10286722066706
23.4603166659802,3.58898869327562,302.416222318937,298.5,9.11401439885123
-21.2871245533907,3.48654617870479,302.420090817738,299,9.10389981370715
-36.9205593537099,3.44881769414141,302.431648263053,299.5,9.08635699620666
11.1184184980091,3.56098981642973,302.42554096615,300,9.09163991688876
-0.821816633759457,3.53390736070892,302.422138597125,300.5,9.09124943040976
-4.54293743248764,3.52532161402183,302.420021728502,301,9.08909085200008
-76.8578225042212,3.35204692307292,302.455961695251,301.5,9.05257182906872
-19.8705592670107,3.48761842960098,302.460488594687,302,9.043130325447
16.9576878277962,3.57282005878361,302.452779663418,302.5,9.05118777712164
-11.7295914346231,3.50707411117551,302.452924698619,303,9.04561445739153
-24.4743744182333,3.47663497694034,302.458485793416,303.5,9.03398544928944
4.93882989995858,3.54539625260114,302.45372877543,304,9.0363321361522
-29.5859253438123,3.46416054228325,302.461429263561,304.5,9.02227437272784
-4.85086878758223,3.5223426550786,302.459674526401,305,9.01996948062033
0.226334374532504,3.53417802624777,302.456040935058,305.5,9.02007702348252
-46.0880365600035,3.42391382494752,302.472276881132,306,8.99817827577986
-29.4428341387447,3.46307043067432,302.480548304857,306.5,8.98418850219478
-31.1053002826584,3.45850148577199,302.489399530489,307,8.96940880720346
3.76297858886513,3.54060480612744,302.484984819067,307.5,8.97119678787868
15.1504537999558,3.56682863523977,302.477330788002,308,8.97839553163324
-9.58790818554573,3.50996363636118,302.476684157267,308.5,8.97383983349499
-9.08071529471299,3.5110503096718,302.476103873315,309,8.96952512824736
-7.51785025750548,3.51463633944458,302.474974558696,309.5,8.96595301890308
-16.4785145353914,3.49333518330538,302.477142600927,310,8.95812324659643
-26.8952119187771,3.46812775580114,302.483843679694,310.5,8.94534397665613
-18.5336252675615,3.4876715986871,302.487069916561,311,8.9365377177212
8.63238464924165,3.55117027298523,302.481190981903,311.5,8.94063939849599
-41.8537434493439,3.43145664024707,302.495068659516,312,8.92075257673877
-2.90172620731733,3.5239058436427,302.492785028323,312.5,8.91937382045277
6.5094903882912,3.54584217591359,302.48727319697,313,8.92246680723038
7.59613905277097,3.54856458999946,302.481394210252,313.5,8.92607611552484
-23.8791653491952,3.47457687990939,302.486478746568,314,8.91472992123315
2.6075946502342,3.53687179675216,302.482295897968,314.5,8.91596892080046
-18.0928694358602,3.48815711941699,302.484994687208,315,8.9073720871628
23.0533482885501,3.58322146640863,302.4760038591,315.5,8.91832589417116
-8.03080203191442,3.5123635178603,302.474731304789,316,8.9145100556006
-23.3124285964976,3.47585720822555,302.479718764555,316.5,8.90343314648763
-35.924341591307,3.44498405877874,302.490825664169,317,8.88636368222724
8.04649928878721,3.54873554769507,302.485295274279,317.5,8.89018697935524
18.9635780031786,3.57379080933612,302.476799000821,318,8.89919753049231
-7.27305904823068,3.51372881285063,302.475295262502,318.5,8.89574173378211
-11.4998949100244,3.50364620576743,302.475544160613,319,8.89027755444103
2.82587098645791,3.53714655189853,302.471171434082,319.5,8.89162026809064
28.9853247236749,3.59631249554428,302.461066033152,320,8.90539265590709
-1.87799289197792,3.52698637877026,302.45773985864,320.5,8.90450032688641
-46.1451460508607,3.42101681636328,302.473964115382,321,8.88257444358793
8.23584603300723,3.54959568360589,302.468558809737,321.5,8.88648770889183
-3.09278251418242,3.52352731832156,302.465778472446,322,8.88501817213061
-10.1219268704176,3.50696517108071,302.465487158768,322.5,8.88020873481576
-23.9402494352303,3.47382702628256,302.470761357327,323,8.86883351639789
-9.62954614818248,3.50755546302913,302.470530693424,323.5,8.86425803396622
6.35664985563425,3.54486071636063,302.465171221193,324,8.86727839850793
-17.0219282080609,3.49005375558473,302.467398627078,324.5,8.85919042299273
19.962123335101,3.57574320480571,302.459020339506,325,8.86867543331543
0.117884086094294,3.53079125015009,302.455162781584,325.5,8.86873144598276
-7.0085210116065,3.51413639360014,302.453768143736,326,8.86540134461899
-3.9178916449127,3.52133375983917,302.45142942696,326.5,8.8635397569476
-3.26866598211547,3.52284485729334,302.448856057219,327,8.86198664909122
-0.631504885755303,3.52902037754542,302.445461952825,327.5,8.86168658931002
-32.8922122359864,3.45215447222091,302.454769733724,328,8.84605784243987
-20.94386631837,3.48026975934667,302.459056702091,328.5,8.83610635657376
14.0726992653977,3.56204258810134,302.451963452723,329,8.8427930048606
-27.5631078129405,3.464354523935,302.458633551713,329.5,8.82969638393794
-18.7525117236968,3.48500411809598,302.461950861172,330,8.82078612102201
8.01444279354872,3.54776109671108,302.456276366519,330.5,8.82459418649437
-6.7560170397242,3.51350827318129,302.45472886926,331,8.82138406248671
-16.2631132068313,3.49082751106627,302.456812004085,331.5,8.81365663820139
19.9294272552318,3.5747759762344,302.448452313669,332,8.82312611296959
-41.4127279800549,3.43034218131763,302.461939074571,332.5,8.80344883987653
7.70483290414381,3.54667810831548,302.456624932225,333,8.80710979409486
-23.2266579419702,3.47376617243724,302.461434856944,333.5,8.79607363894025
14.9890173301246,3.56319107214301,302.454152494889,334,8.80319567609616
-17.5715176863128,3.48733652781038,302.456536457761,334.5,8.79484656293608
21.8052761927017,3.57862671108938,302.447841405987,335,8.80520734802418
-15.5806253156131,3.49235180616528,302.449378524487,335.5,8.79780420811407
22.0424521497223,3.57939973997956,302.440647329943,336,8.8082776874463
-15.60855713343,3.49257115675728,302.442192894635,336.5,8.80086127572257
-25.9144442263561,3.46753775325127,302.448414322122,337,8.78854801791588
-2.84200834411777,3.52209030753339,302.445956807303,337.5,8.78719763659478
-24.7666595951367,3.46980053341321,302.451545894768,338,8.77542974908225
-18.981251638214,3.48324780044455,302.454931219131,338.5,8.76641080031092
-23.6645507548325,3.47162341372064,302.460234094024,339,8.75516658022352
-31.2605923857696,3.4527686661983,302.469086998918,339.5,8.74031309813169
-15.2906358906163,3.49072244448797,302.47108918926,340,8.73304774680465
-1.38005101917833,3.52356468357616,302.468018781706,340.5,8.73239201504992
7.74130447833178,3.54491505290959,302.462202036093,341,8.73607029875028
-9.47485484951212,3.50470245750466,302.461600864581,341.5,8.73156831794668
-43.5950248280522,3.42198960289825,302.476652674391,342,8.71085412569512
17.2282680594827,3.56598026783809,302.469087186281,342.5,8.71904014366742
-15.4340250220765,3.48992892629426,302.470616045339,343,8.71170666094128
-12.2739959453785,3.49724794749753,302.471266444998,343.5,8.70587466720552
-26.1472284444434,3.46360820294555,302.477612629255,344,8.69345080189108
3.53352818046156,3.53402119631196,302.473190252099,344.5,8.69512975911945
-6.52667220408264,3.51046158314713,302.471590832669,345,8.69202860839568
8.05872820362637,3.54465125491232,302.465731631388,345.5,8.69585771609711
-31.3818617467711,3.450762323856,302.47430635537,346,8.68094661282332
-21.9850436260498,3.47294311888845,302.479051893198,346.5,8.67050041117244
-7.49451834316697,3.50737741780273,302.478057290068,347,8.66693938799594
-14.345925166243,3.49089983707243,302.479412318388,347.5,8.66012291632073
-32.723471929951,3.44607771283969,302.488916610495,348,8.64457434646973
-35.0832532347772,3.43961802339684,302.499846010551,348.5,8.62790452565459
-34.0783213304642,3.44134065861729,302.510323907075,349,8.61171219860733
26.5380098140394,3.58396971138678,302.500767128173,349.5,8.62432174383478
-18.1133588039232,3.48030941601237,302.503287251606,350,8.61571517466627
-46.9433413641364,3.40942292560882,302.520450340297,350.5,8.593410028568
-14.0154749693421,3.48895182500937,302.522141391712,351,8.58675057042669
38.1660391350593,3.60875739844681,302.510755119005,351.5,8.60488517810823
-23.2780280437117,3.46726657192029,302.515349089123,352,8.59382461443069
-64.2307265686915,3.36592318844521,302.543323415341,352.5,8.56330536082667
1.09588343401091,3.52410726747564,302.53999799304,353,8.56382607024769
-21.8489449380211,3.46905724644196,302.544292253269,353.5,8.55344453593902
-4.83851508090362,3.50976384715713,302.542281156694,354,8.55114551369983
6.7966844663532,3.53727602400018,302.536551914449,354.5,8.55437496085037
-29.1992008556351,3.45094529488953,302.544121980794,355,8.54050094971032
26.0187563841378,3.58097798321662,302.534476531514,355.5,8.55286377147756
-11.9744765030332,3.49300446499102,302.534527282857,356,8.54717409451617
-43.5642526315243,3.41552167212536,302.549689500489,356.5,8.52647452368523
-13.7649548787283,3.48762111335075,302.551174110883,357,8.5199341002581
15.2553456404512,3.55607990523506,302.543421945055,357.5,8.52718268340965
-43.995961070167,3.4137296558268,302.558565934098,358,8.50627798615362
-44.241228405193,3.41211077665288,302.574575231987,358.5,8.48525675003219
-19.2508867640799,3.47271921862905,302.578284987865,359,8.47610968403058
-11.5882613117491,3.49103641601275,302.578606213031,359.5,8.47060351736088
-12.8793861276584,3.48775835833761,302.579331150352,360,8.46448387225498
-10.8769006901616,3.4924332468866,302.579308346275,360.5,8.45931570884905
-27.3460538677685,3.45204472257626,302.586210342228,361,8.4463222211891
-46.0198461990966,3.40520594792162,302.603103515838,361.5,8.42445587416177
-1.33444094597564,3.51388134080487,302.600151797119,362,8.42382181405027
9.5075372444787,3.53962576727653,302.593515342749,362.5,8.42833932390599
-5.17059996166887,3.50507942664267,302.591195370699,363,8.42588251141226
3.28905329677965,3.52526855553836,302.586334955061,363.5,8.42744530630878
-24.5402584393302,3.45806537356243,302.591773209928,364,8.41578499338959
-39.7505157859437,3.41992607847536,302.605104291239,364.5,8.39689752103842
-14.0035476869186,3.4826105029449,302.606587597907,365,8.39024373014978
-18.8199437229203,3.47061779401805,302.609720042168,365.5,8.38130142689436
-22.8794350095654,3.46030830508785,302.614674621522,366,8.37043025484515
-32.6598502622332,3.43566368407847,302.624334787971,366.5,8.35491191485321
-5.65450306633193,3.50136066088142,302.622611119421,367,8.35222517561943
-18.7654179216125,3.46936271075033,302.625630617864,367.5,8.34330878031877
-19.5399905863923,3.46713693080173,302.6291274143,368,8.33402434652853
0.421214427046188,3.51535843097987,302.625221834357,368.5,8.33422448672011
-13.4423616826573,3.48190055186739,302.625998081529,369,8.32783734356999
-8.96260188186221,3.49263516573788,302.62521724514,369.5,8.32357875995438
-35.9138980287344,3.42599267775622,302.636398493466,370,8.30651425795664
-36.8051991879411,3.42298414721331,302.648404046826,370.5,8.28902625388179
-23.552283444176,3.45522903928338,302.653908743644,371,8.27783537764878
3.35978017920715,3.52049689363575,302.649101690272,371.5,8.27943177844978
10.4387014219734,3.53746141813319,302.642038938192,372,8.28439173131055
4.64040611884756,3.52406301098353,302.636514012719,372.5,8.28659662200279
-45.7869547989138,3.40006318197712,302.652999182707,373,8.26484093341083
-35.3723573536533,3.42513800937914,302.664381148841,373.5,8.24803374466614
66.62614896663,3.65873936470511,302.651337152058,374,8.27969118411294
12.3676004502604,3.5425073229756,302.643324295267,374.5,8.28556765406398
14.7651203387827,3.54842637969297,302.635142416466,375,8.29258330648123
-23.9729073939596,3.45545494959796,302.640132158921,375.5,8.28119257062214
44.5800423879855,3.61489224663296,302.627802737191,376,8.30237479433343
-14.7026666114309,3.4789422875987,302.628607951437,376.5,8.29538881682794
0.162098944145027,3.51469103778721,302.624679624153,377,8.29546583820151
15.0644989451357,3.54989883642738,302.616599018428,377.5,8.30262374047485
-13.2404111070243,3.48275396391288,302.617068312332,378,8.29633255421582
-4.98026453599779,3.502585117563,302.614817093291,378.5,8.29396617967035
-7.79343991360441,3.4957422703301,302.613461939743,379,8.29026312379853
-22.1746731601277,3.46044405254545,302.617864174946,379.5,8.27972681960405
11.9247170132361,3.54224986170977,302.610775814742,380,8.28539285332537
-11.1842723812891,3.4873296642123,302.610506834787,380.5,8.28007864214615
-14.5670539691837,3.47888954669708,302.611775900663,381,8.27315710103803
8.89284130352965,3.53506940363848,302.60538251654,381.5,8.27738253788893
-16.2807731257051,3.47472275561917,302.607141030242,382,8.2696467224866
-41.135658537832,3.41275260338753,302.621042604173,382.5,8.25010109904201
-23.6112603781201,3.45547121891082,302.626521058658,383,8.23888219989691
-5.18266806920709,3.50020671160515,302.624461302204,383.5,8.23641965323741
-36.3331846132329,3.42329117374378,302.635721635146,384,8.21915592706318
-4.98401357648546,3.49995216890635,302.633742218567,384.5,8.21678777115972
-32.4652864800994,3.43214040224042,302.64303495543,385,8.20136187822118
6.09222595522471,3.52593425963846,302.637533031377,385.5,8.20425660164832
-2.08012574937886,3.50657646066294,302.634098323352,386,8.20326822912531
5.68911113699138,3.52524231593086,302.628383273312,386.5,8.20597141239672
-29.4920255364623,3.43942649150407,302.636082455651,387,8.19195826550073
-27.8318032956586,3.44293982709138,302.643389279157,387.5,8.17873397381957
24.0887892847805,3.56729890403449,302.633666258622,388,8.19017977100216
-21.9127389636841,3.45778365046682,302.637687007608,388.5,8.17976792493849
16.0393989048071,3.54898228597467,302.629552237939,389,8.18738905129004
-1.79161140716425,3.50712178506237,302.625939276775,389.5,8.18653776646397
-40.2293873627655,3.41213478492,302.639241793109,390,8.16742275810507
13.3605698371078,3.54243080085976,302.631950298375,390.5,8.17377103782937
4.924350170825,3.52286035274902,302.626305909389,391,8.17611084464344
-4.29895150006415,3.50086860495675,302.623626062125,391.5,8.17406819624025
-57.114068046115,3.36925182749959,302.646999784878,392,8.14693042557853
9.93722022948283,3.53379311998008,302.640773833879,392.5,8.15165209946429
28.9798233869201,3.57798989994606,302.629845770892,393,8.16542187331854
8.05463717237958,3.53032737881108,302.623210121624,393.5,8.16924903716495
-17.6450148492987,3.46830810831391,302.625510713377,394,8.16086500180055
5.41521857694355,3.52399651576173,302.62004543744,394.5,8.16343804492025
43.8158270930424,3.6112900754187,302.607547045664,395,8.1842571514501
-27.0463337315992,3.44602264688956,302.613681575442,395.5,8.17140607592426
-27.7291691162565,3.44373092215389,302.620816657521,396,8.15823055091159
-11.1119161277438,3.48421094954596,302.620914008582,396.5,8.15295071983313
-49.4111864427768,3.38851380614843,302.639525330443,397,8.12947297622844
-18.3810262223368,3.46507075306303,302.642811841949,397.5,8.12073922478657
-18.133095001502,3.46534635726069,302.645599801379,398,8.11212327795644
-4.52647751637343,3.49843803052257,302.64319998308,398.5,8.10997252048202
-13.4817385957216,3.476499676463,302.64394576302,399,8.10356666737703
0.911619404278827,3.51138519802961,302.639724250897,399.5,8.10399982367582
-12.3118628530941,3.47927525139143,302.63996208532,400,8.09814983746479
26.0554478118941,3.57023211279857,302.629717361604,400.5,8.11053009317756
-9.14631349224321,3.48753828081238,302.628542155695,401,8.10618421892199
5.74173530863063,3.52340774721474,302.62287563608,401.5,8.10891240658812
-29.8697085681731,3.43626936688787,302.630723258363,402,8.09471980345922
-19.7963866768457,3.46074057727914,302.634359564556,402.5,8.08531354297129
4.8496051965899,3.52056245331323,302.629049858303,403,8.08761783468308
6.04406106894163,3.5235992920119,302.623157177157,403.5,8.09048967254659
30.2645360342095,3.57989669134752,302.6121307272,404,8.10486987809274
-41.7543099750037,3.406672372057,302.625927481516,404.5,8.08503030218781
12.3170124986032,3.53855132532543,302.618926362803,405,8.09088273525482
-2.41604884549461,3.50370277924012,302.615544666682,405.5,8.08973474874783
-15.3499103485058,3.47207868216669,302.617016381675,406,8.08244123314009
12.0594455566025,3.53803680405558,302.60978053646,406.5,8.08817128317887
-20.8020993986014,3.45865765867179,302.613395491839,407,8.07828715791737
-37.0870623396873,3.41748956862065,302.625198168818,407.5,8.06066522646121
-3.63932832569327,3.49968661868781,302.622754653513,408,8.0589359982545
6.20907928108892,3.52341778564983,302.616907076398,408.5,8.06188624458286
-23.0742859924961,3.45201269978018,302.621594019847,409,8.05092248901668
-14.3322251021159,3.47324735801618,302.622901848652,409.5,8.04411252693205
-4.76069013024901,3.4965013655541,302.620571462558,410,8.04185048324709
33.3165642312574,3.58558213498369,302.609204973723,410.5,8.05768086112551
23.0577843241457,3.56314770376271,302.599199693012,411,8.06863677591783
9.53269125513194,3.53219193037063,302.592284983664,411.5,8.07316623771106
-26.4185192123507,3.44475033687867,302.598431949074,412,8.06061346848741
-5.88559398337019,3.49489250833533,302.596649925058,412.5,8.0578169263185
-24.6095496585012,3.44861396413395,302.602139717756,413,8.04612368965077
1.91193853810588,3.51323889459749,302.597809755014,413.5,8.04703214795783
15.1841812638639,3.54483705540991,302.589705891649,414,8.05424691732939
-8.21587014889327,3.48918201063463,302.588333046013,414.5,8.05034314357426
-9.5244056333061,3.48585675203666,302.587661817126,415,8.04581761869732
-35.515512768399,3.42104640753212,302.598514159437,415.5,8.02894240960411
12.6061859159981,3.53825289807228,302.591420340046,416,8.03493224352788
1.50850822335574,3.51216330351334,302.586852408752,416.5,8.03564901177093
-39.5388905074106,3.41061372331968,302.599730450757,417,8.01686209324951
-25.9222540494881,3.44392355386502,302.606259456733,417.5,8.00454512460246
4.82515230272069,3.51895979652109,302.601078247877,418,8.00683779751263
-28.9612127939329,3.43596581473768,302.608548800752,418.5,7.99307686648855
-19.7942427968388,3.45827760667618,302.612216700043,419,7.983671624666
16.8939909710247,3.54682962989573,302.603891645135,419.5,7.99169881075548
8.69430396958474,3.52793647142246,302.597215850706,420,7.99582991251834
-8.89553889403866,3.48564245802487,302.596148315707,420.5,7.99160319390632
-39.9967119046776,3.40779056763968,302.609432847538,421,7.97259874137783
-9.81134920430005,3.48242209237301,302.609239254321,421.5,7.96793687515648
-2.27615988439872,3.5007390084817,302.606050813072,422,7.96685535694134
-8.79837008432129,3.48480794977092,302.605051406529,422.5,7.96267480812537
11.906224374984,3.5347047376094,302.597787321984,423,7.96833205506275
-44.1836157689974,3.39636645262501,302.6132312315,423.5,7.94733819360683
-19.6113421219618,3.45728405498545,302.617027530024,424,7.93801985710794
-60.408873221105,3.35340501356698,302.642937667533,424.5,7.90931655854263
12.0153323378321,3.53290489163168,302.63618761206,425,7.91502564816911
21.96252098617,3.55653934902384,302.626403339887,425.5,7.92546114817928
26.5569857620185,3.56760585483534,302.615754078886,426,7.93807970983547
-18.863762277732,3.45917305040475,302.618438472051,426.5,7.92911658617744
8.69462080420285,3.52621271535828,302.612065119004,427,7.9332478384844
-0.524439725376614,3.50427970319778,302.60811051609,427.5,7.93299865075395
-0.107064533036002,3.50535065042903,302.604118535484,428,7.93294777900128
-32.2512103623235,3.42561501741212,302.613248564351,428.5,7.91762360440967
19.5625331388349,3.55156370490683,302.60449138225,429,7.92691874930209
11.400341949923,3.53288714767984,302.597088931322,429.5,7.93233562601716
-23.8532115905825,3.44695193485635,302.602092270208,430,7.92100176366354
-31.2021016572315,3.42795109064487,302.610963005565,430.5,7.90617607346311
9.61955593439568,3.52792610216613,302.604506344431,431,7.91074680904098
19.9436387922666,3.55247930186202,302.595257236279,431.5,7.92022303642629
1.33103519081686,3.50880626692278,302.590660304698,432,7.92085547829196
-16.8590888302226,3.46421701957852,302.592745320154,432.5,7.91284487596766
16.0191206735849,3.54360017216021,302.584630684635,433,7.92045636711011
-4.60466620284565,3.49457179928013,302.581997551506,433.5,7.91826845825225
-25.4762408354916,3.44275714600875,302.587907509984,434,7.90616341294961
-23.2072184260089,3.44789480715957,302.593030854469,434.5,7.89513649448824
-46.5922055819531,3.38820548687747,302.610254001787,435,7.8729981906874
-15.8202634178703,3.46484467345228,302.612495534648,435.5,7.86548118664393
0.373962813998707,3.50448510147521,302.608505935286,436,7.865658875214
5.01775774029459,3.51581963086121,302.602961228782,436.5,7.86804306466943
-38.7185094423967,3.40713523624949,302.615478275356,437,7.849645950516
-29.3360767215091,3.43003798553262,302.623684986083,437.5,7.8357069027574
14.8902201434137,3.53825810293939,302.615854817718,438,7.84278199639332
19.2530435861389,3.54888661743686,302.60664036853,438.5,7.85193008720974
18.4212852948055,3.54741498191405,302.597602060176,439,7.86068296776485
-21.6361733606359,3.45038612100221,302.60157804958,439.5,7.85040253195026
-2.20796590599846,3.4981148343263,302.598493151416,440,7.84935341612931
11.0435908013771,3.53010344051833,302.591374033973,440.5,7.85460078240354
6.2352910931436,3.51891178241654,302.585425091516,441,7.85756348328414
-25.3772193724804,3.44112257538072,302.591203926591,441.5,7.84550548806646
-9.44809862300504,3.48035259387573,302.590703758272,442,7.84101622049383
24.0712227711959,3.56047709804966,302.580871295456,442.5,7.85245367094097
-2.51143690986713,3.49788008894607,302.577483706656,443,7.85126036075973
-16.4696391473529,3.46341076335642,302.579475374049,443.5,7.84343480559701
32.3841972709838,3.57964628817228,302.56845619532,444,7.85882216896771
-19.6859472296162,3.45590218400138,302.571487662877,444.5,7.84946838382418
-24.6737269500381,3.44297491197823,302.577214700526,445,7.83774465329251
-10.1834784351841,3.47862102247071,302.576996440988,445.5,7.83290596972878
2.87575224133839,3.5104396820112,302.572247022945,446,7.83427238447518
-37.4708702332695,3.41002205028603,302.584095555779,446.5,7.81646808655572
-48.7164433057305,3.38040516708509,302.602810571609,447,7.79332045041084
-7.39709413576513,3.48364043286318,302.601862878035,447.5,7.78980571838269
17.2282345387076,3.54302928413671,302.593311372148,448,7.79799172042758
-35.5085899767622,3.41339983047668,302.604035162028,448.5,7.78111980070139
6.88391700732691,3.51817748747924,302.598360766102,449,7.78439069642621
13.6327260261856,3.53452777565926,302.590505850463,449.5,7.79086829126492
-37.4860110064368,3.40824656274098,302.602296066067,450,7.77305679920145
-18.5022302510875,3.45545225409348,302.605547629159,450.5,7.76426545762027
-29.3209073902372,3.42775444561916,302.61352404708,451,7.75033361757506
13.7698787804182,3.53362521553233,302.605965156209,451.5,7.75687638059592
-9.26145097808517,3.47798815465065,302.604989987401,452,7.75247579872115
2.92682839239486,3.50781860291178,302.600148917657,452.5,7.75386648231971
-8.10622908172722,3.48086689347406,302.598854583081,453,7.7500148045584
-20.1699164740446,3.45059724619529,302.602490191152,453.5,7.74043106124849
-1.34187013860044,3.4970534251347,302.59910773688,454,7.73979347115335
-0.932634062334508,3.4981044429626,302.595400615911,454.5,7.73935032973197
7.45493814430521,3.5185423479774,302.589199907787,455,7.74289254636228
-0.685875896021174,3.49900379466825,302.585348977962,455.5,7.74256665217534
2.62666896004404,3.50714048517784,302.580555277055,456,7.74381471490805
-29.6807646743235,3.42669717929792,302.588486207801,456.5,7.72971188854055
30.4550552769182,3.57223999384321,302.577792926975,457,7.74418261937569
0.604356701808767,3.50249722490685,302.573369136639,457.5,7.74446977968719
-24.0329699189176,3.44127472849983,302.578637410482,458,7.73305050509703
-25.6233527754689,3.43672362716877,302.584916975344,458.5,7.72087555950143
35.9331858667865,3.58443504806788,302.573456127871,459,7.7379492261226
4.98383376842869,3.51311426870223,302.567695903266,459.5,7.74031729659018
-9.96342517136207,3.47661760259101,302.567101367608,460,7.73558317141655
0.0965911209838808,3.50123660099127,302.563210571041,460.5,7.73562906672359
-24.9003027003316,3.43905145963607,302.568886968142,461,7.72379767863995
29.2587777113773,3.56978638861875,302.55839606467,461.5,7.73769999774516
-22.56673488347,3.4451966193417,302.562758848551,462,7.7269774052771
46.2390522811649,3.60767618759728,302.550435943091,462.5,7.74894790815578
13.3895492948297,3.53415714039938,302.542489338236,463,7.75530995748019
-3.80056529097386,3.49298940139935,302.539675414747,463.5,7.7535041174695
8.00214493792418,3.52159936318689,302.533497980101,464,7.75730633961119
-21.0756968248977,3.45024723386502,302.53736607637,464.5,7.7472922144309
-23.182560993991,3.44448146721953,302.542471477723,465,7.73627701195751
-39.4348182873005,3.40271058031962,302.55567439922,465.5,7.71753954339017
-1.11732600696734,3.49802163556473,302.552532280527,466,7.71700864552264
0.238927598563938,3.50138068746032,302.548535682245,466.5,7.71712217205991
-20.9095161483528,3.44891698184098,302.552438618779,467,7.70718700768984
-14.1537818909434,3.46543727408206,302.553756327932,467.5,7.70046183296332
-2.57649642925672,3.49389225227893,302.550796825114,468,7.69923760972726
-37.6653379276765,3.40563489562618,302.56289306423,468.5,7.68134091041052
-15.4920616629325,3.46100127204987,302.564958641434,469,7.67397985155289
-16.4159682453954,3.45838866756673,302.567142786118,469.5,7.66617979813918
-13.8079290051817,3.46462255739161,302.568283259925,470,7.65961895553989
-10.151457123955,3.47352083256436,302.567982585443,470.5,7.65479548691409
-31.7705844142112,3.41870134147836,302.577161000758,471,7.63969968192038
-16.1394955128793,3.4576738430213,302.579431495825,471.5,7.6320309946283
-33.745344596117,3.41259150018427,302.589715020076,472,7.61599688160013
-12.4403170168171,3.46595792088318,302.590520421063,472.5,7.61008586034545
-29.3659784385646,3.42281232946902,302.598574812617,473,7.59613260477487
-18.4942067784384,3.44986500863641,302.601816173904,473.5,7.5873450755497
-22.6738162057515,3.43888897719357,302.606781791345,474,7.57657160335156
-22.4605881120324,3.43896754123815,302.611703188912,474.5,7.5658994465614
-7.04520822645097,3.47745733624653,302.610320026389,475,7.56255191325387
5.15765591260913,3.50755695865219,302.604774927987,475.5,7.56500257537787
-35.7300781591863,3.40462995582961,302.615944634735,476,7.54802541545947
5.86991046730357,3.50879057516462,302.610504624787,476.5,7.55081450559989
-3.35766907512157,3.48628440105048,302.607525654903,477,7.54921910789078
-22.6164028647442,3.43773747518514,302.612302298198,477.5,7.53847291566296
-40.162014442767,3.3920976344204,302.62620885891,478,7.51938991957204
-1.94249822823451,3.48853911839792,302.623237744553,478.5,7.51846694081686
-39.9139937360662,3.39182403429777,302.636810852451,479,7.49950179185693
-32.903831838819,3.40902636807881,302.647068346117,479.5,7.48386752392818
9.87638840233939,3.51617797802314,302.64039580452,480,7.48856029354866
-9.30269153381291,3.46900636747243,302.639482989588,480.5,7.48414011620851
-43.0203796164436,3.38224648452631,302.654933097441,481,7.46369896684284
0.901347953182707,3.49348521166199,302.651011405672,481.5,7.46412724265783
-43.2490554724382,3.38072811773995,302.666519049965,482,7.4435774378742
9.64307375936173,3.51420750687362,302.659985754721,482.5,7.44815934795534
-1.73020168511533,3.48649363306733,302.656333177741,483,7.44733724198153
-12.7175720271213,3.45890172327323,302.656836955088,483.5,7.44129448290566
-31.5106168607355,3.41043466736537,302.666051071997,484,7.42632220159161
-1.84776021640438,3.48541752107902,302.662860970745,484.5,7.42544423763797
12.3885757788462,3.52049230758099,302.655137577971,485,7.43133067402419
-35.0087161366506,3.40113400175874,302.665927293213,485.5,7.41469626953893
6.21406627037399,3.50510635790517,302.660244473462,486,7.4176488854371
-25.5497577641136,3.42509554896352,302.666310335451,486.5,7.4055089085385
2.36810598928318,3.49535786050913,302.6616710817,487,7.40663411497954
-0.298103945673317,3.48888058013427,302.657600349875,487.5,7.40649247077895
-26.6474360417433,3.42195987409791,302.664256788447,488,7.39383093163872
-6.2474969673658,3.47352118455507,302.662547673646,488.5,7.39086243113245
-10.4222870321517,3.46291042445137,302.662187233421,489,7.3859102775751
-2.19238929241792,3.48349454551279,302.658875269986,489.5,7.38486856298788
-27.4726593760242,3.4190446875445,302.665968625043,490,7.37181491867363
8.18640779571586,3.50870164284742,302.659625963223,490.5,7.37570469338069
-18.994115570836,3.44062252573569,302.662680387702,491,7.366679632307
-39.4455572988588,3.38714440156054,302.676270078369,491.5,7.34793706109432
-2.32661966221164,3.48173557908914,302.673321658752,492,7.346831566897
-22.4591574244159,3.43045533994883,302.678048888364,492.5,7.3361600898986
3.66966376570576,3.49630985907301,302.672941888767,493,7.33790373200091
24.9768279928101,3.54798759302094,302.662343178909,493.5,7.34977148110571
4.49033665050263,3.49917876722867,302.656571711041,494,7.35190506623428
-6.14043612182816,3.47280219078697,302.654499506483,494.5,7.34898743572856
19.1839275122384,3.53499402648441,302.645232711369,495,7.35810268601677
5.58570502666014,3.50250789074551,302.639221032305,495.5,7.36075673583642
-9.15188694376622,3.4658697012685,302.638272567205,496,7.35640821335329
-4.16231737284772,3.47830552578492,302.635655364079,496.5,7.35443048670642
18.9232900657089,3.53488105379364,302.626489044916,497,7.36342189501503
-45.1966181459076,3.37308630038816,302.642922785473,497.5,7.34194670510318
-33.0557823827336,3.4036759847465,302.653327799171,498,7.32624023781701
-35.1185208665201,3.39749591422743,302.664698140496,498.5,7.30955365957354
-9.7862456704177,3.46211283698215,302.664418559382,499,7.30490372130564
13.6818639847622,3.52037248175405,302.656418730223,499.5,7.31140466406362
4.88239125849503,3.49920722221958,302.650626724561,500,7.31372453408491
