curr_dens,Volts_tot,Temp_tot,t_tot,SOC_tot
-7.33908003929177,3.57255213509921,291,0,11
-7.33908003929177,3.57241348802218,291.001857860359,0.5,10.9965128333914
0.0488888526868312,3.58934256022977,291.001912414527,1,10.9965360629479
-14.2420538584246,3.55622327473482,291.005799689205,1.5,10.9897689457632
-15.0062978647047,3.55417462022302,291.010071856947,2,10.9826386977549
-15.635959724364,3.55242838326514,291.014553747326,2.5,10.9752092656799
6.38508478482113,3.60307857415531,291.013293125415,3,10.9782431410887
-2.27588520341904,3.58333446410063,291.013747181206,3.5,10.9771617533884
-23.7782688296489,3.53317335063211,291.020920178799,4,10.9658635001155
22.7716669910794,3.6395421396801,291.017223909956,4.5,10.9766834661506
-14.9352730207363,3.55389903129623,291.021115284356,5,10.9695869656233
-15.4155392929784,3.55250150746666,291.025504977573,5.5,10.9622622663982
-17.9659342547133,3.54625246595982,291.030743738851,6,10.953725746059
19.7854987974531,3.63255440056893,291.027290388812,6.5,10.963126833167
-10.2703980076011,3.56430709002308,291.029759290832,7,10.9582468497362
-7.98461832541548,3.56944718785856,291.031840337847,7.5,10.9544529553709
9.38466115040303,3.60926453894771,291.029878210757,8,10.9589120806048
-32.2978869132632,3.51252811513145,291.040292262338,8.5,10.9435657276327
-26.2649661464328,3.52609691873066,291.048726831518,9,10.9310859192054
-27.4196015736099,3.52288352673249,291.057550262793,9.5,10.9180574853257
-71.1152841100901,3.41927389059208,291.089043187367,10,10.8842670316469
14.7408885008238,3.6189093703657,291.086774728192,10.5,10.8912711702973
-58.7811613628175,3.44723309970695,291.110422983554,11,10.8633412796265
-59.9241314087271,3.4432725124555,291.135692299797,11.5,10.8348683063135
13.1407072341103,3.61363138301689,291.133369284383,12,10.8411121182402
7.56737218068679,3.60123990274664,291.13124646009,12.5,10.8447077579447
14.681771944445,3.61759384880984,291.127904146212,13,10.8516838073414
24.0841509602785,3.63887062625139,291.123277481385,13.5,10.8631274006224
-55.3644410888646,3.45441099335081,291.144826474236,14,10.8368209658598
-27.4460831679352,3.51939234576882,291.153949836458,14.5,10.8237799492407
2.55667865620486,3.58928290670839,291.153250031718,15,10.8249947560545
34.882456343841,3.66157560773712,291.14776996327,15.5,10.8415691681523
-4.3213389228722,3.57411826489563,291.148198843784,16,10.8395158823568
-5.03141876317518,3.57241341929655,291.149138712236,16.5,10.8371252018613
25.5525983661788,3.64183160820751,291.144485237726,17,10.849266528473
2.08107969632902,3.58933778806078,291.143406843232,17.5,10.8502553542643
-17.8833803930855,3.5428093983815,291.148212686254,18,10.8417580594231
-17.3549677248104,3.54372784144746,291.153044479316,18.5,10.8335118400578
24.2390993391925,3.63889622567682,291.148641411208,19,10.8450290571186
-19.3173320098535,3.53930074006306,291.153746489963,19.5,10.8358504196338
-46.6419931693843,3.4742883107759,291.171018279544,20,10.8136884592422
-4.73390103169364,3.57230362469201,291.172322759113,20.5,10.8114391444074
-0.0388636677552032,3.58317050333833,291.171930530604,21,10.8114206783212
5.4097399366727,3.59578061634234,291.170258405685,21.5,10.813991118263
28.5878162399375,3.64791490582598,291.165161862003,22,10.8275746297756
-19.4060708503636,3.53857915202645,291.170231258695,22.5,10.8183538279977
6.79746908080428,3.59930420267572,291.168478186156,23,10.8215836479581
-20.9612784735036,3.53470877330053,291.174278374163,23.5,10.8116238887
19.5493161164777,3.62795954344889,291.170405084906,24,10.8209127535194
1.12841952335358,3.5864246144415,291.169520587305,24.5,10.8214489224753
-20.3110292312677,3.53631078796993,291.175127880761,25,10.8117981293864
-18.3435287643648,3.54057562849817,291.180268567457,25.5,10.8030821948756
3.98021554281404,3.59238866314243,291.179067284678,26,10.8049733957702
-27.8984148010499,3.51776335953679,291.187537797828,26.5,10.7917174536075
-11.6796945199192,3.55553570739814,291.190570655141,27,10.786167842415
-15.9284757721755,3.54534601957209,291.194788520049,27.5,10.7785994212311
-25.6242800477356,3.5221407853687,291.202575125692,28,10.7664240350418
-6.60718315187282,3.56653895720584,291.204061240361,28.5,10.7632846295112
12.4204282904038,3.61041475581163,291.201007336443,29,10.7691862006301
-9.90695313619763,3.5589964266172,291.203063386593,29.5,10.764478908165
-1.11066935152734,3.5794050083767,291.202906074438,30,10.7639511732098
-26.8813368254344,3.51874641137176,291.211016866132,30.5,10.7511784960252
52.4611482255394,3.6966062760006,291.20547582066,31,10.7761054301047
-69.6611497982315,3.41778993877158,291.235221253301,31.5,10.7430059088846
-2.08280704929305,3.57644464454195,291.235999262219,32,10.742016262341
11.7569381099334,3.6083470694189,291.232926105428,32.5,10.747602575854
-13.1292025660187,3.55081323541238,291.235907741471,33,10.7413642303746
18.8637715386627,3.62444598277011,291.231830973183,33.5,10.750327358433
-7.77768862864481,3.56356836377847,291.23312253627,34,10.74663178679
29.8977530831845,3.64908229099418,291.227830217563,34.5,10.7608377152807
-2.50328046474842,3.57635706499815,291.227607346307,35,10.7596482806374
0.860332624562057,3.58413778984559,291.226824963142,35.5,10.7600570680037
22.1991713367801,3.6326711803507,291.222249775836,36,10.7706050125159
-11.2215607736674,3.55640142718733,291.224535354359,36.5,10.7652730837432
-1.05656930421977,3.57994930516052,291.224310647912,37,10.7647710544456
-25.7728652953082,3.52183896525348,291.231864296063,37.5,10.7525250679206
-5.14271873610663,3.56996442134997,291.232847767798,38,10.7500815032016
-35.7322314891259,3.49761220952797,291.244639951005,38.5,10.7331033201277
-20.2618654975091,3.53363933153065,291.250527399566,39,10.7234758872051
-6.03632879813406,3.56681595260064,291.251665318261,39.5,10.7206077233329
-28.1729473550714,3.51441557911254,291.260258614661,40,10.7072213369251
-21.2997785218901,3.53021852640529,291.266434178182,40.5,10.6971007392432
-24.2390585668827,3.52285798368042,291.273643247462,41,10.6855835415553
-5.77405150299704,3.56610243321327,291.274716848336,41.5,10.6828399988374
-5.32344596999777,3.56710152935629,291.275459635958,42,10.680310561506
-1.7876785612951,3.57532409166896,291.275249012493,42.5,10.6794611453732
-77.9810043532083,3.39401313605332,291.311178194811,43,10.6424084421688
-27.6110932004953,3.51274382352774,291.320521618487,43.5,10.6292890209714
-9.71804464538768,3.55482088247315,291.322718959465,44,10.6246714884459
-53.7459503573192,3.44953606666035,291.343832599885,44.5,10.5991340801559
-9.79205529163014,3.55356544430668,291.346365534594,45,10.5944813814443
-39.350207004211,3.48283304151198,291.360034180935,45.5,10.5757841159596
-22.9833919538243,3.52133913664956,291.366955650088,46,10.5648635487297
-3.99373972521939,3.56612366442757,291.367344945396,46.5,10.5629659218148
-30.7716454464637,3.50229010407035,291.377032390483,47,10.5483447630429
-13.3436119716021,3.54346031872646,291.380345717685,47.5,10.5420045408547
18.4740639712524,3.61746005683252,291.375800188272,48,10.5507824992175
14.4219024303927,3.60864713276595,291.371633337304,48.5,10.557635071518
-6.10519444703313,3.56123599300297,291.372203933134,49,10.5547341861072
-10.5787424732046,3.55058442198833,291.374306862678,49.5,10.5497076926889
-30.9218132133777,3.50180826854475,291.384052314061,50,10.5350151816467
-9.03177466965992,3.55356764250293,291.385943513916,50.5,10.5307237305553
-4.66006595082005,3.56380396632876,291.386297797789,51,10.5285094984866
-17.2721200613497,3.53380795151864,291.390606804829,51.5,10.5203026442193
-12.9151512371834,3.54392490271747,291.393557796226,52,10.5141660053083
-28.5125585265404,3.50637306895323,291.402308970741,52.5,10.5006182525262
12.6376473927341,3.60319324686912,291.398837028396,53,10.5066230353823
1.44087003920147,3.5775110247434,291.397348546417,53.5,10.507307665317
-27.7998892922781,3.50799766382215,291.405625069807,54,10.4940985375864
-2.31921004853715,3.56829412036988,291.405500457851,54.5,10.4929965640698
3.24415362377713,3.58136825395463,291.40369638649,55,10.49453802487
-49.6913338952559,3.45486152161772,291.422432423504,55.5,10.4709271690991
-7.29670455720586,3.55576292588799,291.423971272352,56,10.4674601372165
-22.4150164965017,3.51954194673373,291.430171091495,56.5,10.4568096337964
-7.98377806943287,3.55369257778501,291.431554289763,57,10.4530161386791
33.3638211951294,3.6484038056015,291.425139092584,57.5,10.4688689707215
11.2399444280421,3.59936446863102,291.421290528777,58,10.4742096344944
14.8360276988759,3.60786314928875,291.416982746003,58.5,10.4812589785702
18.8999412396319,3.61740791853467,291.412029867836,59,10.4902392926754
-19.8122954910811,3.52712784897058,291.416927949131,59.5,10.4808254731085
17.0080796124525,3.61316403960018,291.412593099475,60,10.4889068684583
-22.6772597280186,3.52028123372551,291.41857783439,60.5,10.4781317600693
-27.262884887614,3.50883667061649,291.42679146375,61,10.4651777901812
-27.7048991707086,3.5072506696433,291.435257534529,61.5,10.4520137970422
15.0641419478694,3.6078046285731,291.431256803839,62,10.4591715296881
-11.445493988212,3.54607909371604,291.433295695064,62.5,10.4537331989653
-14.6678539770284,3.53820760023699,291.436647384661,63,10.446763762696
12.3975319614639,3.60162763869395,291.43296611836,63.5,10.4526544546157
-26.1511914242804,3.51070876840423,291.440361724281,64,10.4402287062899
19.0432765309691,3.61663939243808,291.435703682368,64.5,10.4492771262121
-10.6308410924452,3.54785134067615,291.437434312272,65,10.4442258781155
-29.6520855703242,3.502052433638,291.446501316462,65.5,10.4301366786349
-21.7772684246543,3.52044683157118,291.452613345424,66,10.4197892014482
-7.30585829755938,3.5546932859619,291.453706025395,66.5,10.4163178201625
7.73359143908882,3.58999302078251,291.450814248049,67,10.4199924390094
-14.6234485568115,3.53735038832049,291.453934123409,67.5,10.413044101992
-45.2622869114464,3.46319087685137,291.47045254931,68,10.3915377095418
39.6611349786012,3.66072885409986,291.463995894668,68.5,10.4103827125691
-7.17963194305714,3.55488907678323,291.464466385888,69,10.4069713077827
13.4276852970576,3.60303825249878,291.460440922898,69.5,10.4133514774427
18.3361646697534,3.61452986509529,291.45544429174,70,10.4220639129012
2.03431088311661,3.57723791433457,291.453604190867,70.5,10.4230305164735
-7.46104148161954,3.5548898437018,291.454458254392,71,10.4194853998402
-11.5903633375303,3.54494463425843,291.45668010104,71.5,10.4139782343921
-15.0344104986451,3.53651844284811,291.460086735594,72,10.4068346286553
-48.5714480807897,3.45534573621103,291.478271887263,72.5,10.3837558870455
-25.4481655931089,3.51026969276549,291.486032028324,73,10.3716641817047
-38.0918599217401,3.47919870101365,291.499100815238,73.5,10.3535648203039
9.54866153664868,3.592385597281,291.496057949426,74,10.3581018703824
-13.8127743523005,3.53737447833435,291.498815412235,74.5,10.3515387255146
-44.0795297221975,3.46394850280542,291.514726361613,75,10.3305943205825
-18.7670561837123,3.52441176527616,291.519833907287,75.5,10.321677146861
16.0786578744936,3.60647602213196,291.515282985537,76,10.3293169271266
23.7451456251612,3.62423247098754,291.509308352472,76.5,10.3405994418966
-12.482953213667,3.54016275629763,291.511461964367,77,10.3346681620371
15.5639606801878,3.60594770179588,291.506970994469,77.5,10.3420633837395
-9.48037381653773,3.54751063798129,291.508222433004,78,10.3375587805967
20.3742171728471,3.6171064586677,291.502974001442,78.5,10.3472395974596
-22.9941009045806,3.5153499916106,291.508921509685,79,10.3363139418677
-6.98279107347926,3.55336100580212,291.509788620665,79.5,10.3329960660936
-23.3845275187569,3.51387255471608,291.516149656478,80,10.3218848991509
12.95909536108,3.59971544009816,291.512222089727,80.5,10.3280424181287
-7.03285968778804,3.55304249618837,291.512736674717,81,10.3247007522339
-16.7822054791675,3.52958433541625,291.516619768299,81.5,10.3167266810624
-22.5482520158805,3.51537915866001,291.522758855205,82,10.3060128707358
-29.1851507964076,3.49888734228821,291.53169220587,82.5,10.2921455354866
-2.98822923572276,3.56139784250383,291.531453995253,83,10.2907256772545
10.6535354429477,3.59346573386584,291.527697537287,83.5,10.2957877085802
13.9060347236386,3.60123380075169,291.523222192524,84,10.3023951661481
13.5263090986544,3.60065438480567,291.518806904961,84.5,10.3088221969441
-24.069081333336,3.51168860577189,291.525213891228,85,10.2973857640019
-7.98001673246431,3.54995551444354,291.526359236331,85.5,10.2935940560853
1.05469761241856,3.57131245025393,291.524818120262,86,10.2940951960479
-37.3547599292297,3.47893651755757,291.53715653864,86.5,10.2763460679825
-6.09191374357075,3.55373284497954,291.537886297593,87,10.2734514929029
-19.9066883585955,3.52045201967828,291.542882673552,87.5,10.2639928225299
-14.9377158928076,3.53209906958743,291.546233357256,88,10.256895161271
-6.58866911607578,3.55190881730552,291.546831022179,88.5,10.2537645526914
-12.4392605545324,3.53780015875481,291.549184093228,89,10.2478540334152
-24.2788148578117,3.50897433373036,291.555953375669,89.5,10.2363179455109
-49.6579844771099,3.44663766324389,291.574981848978,90,10.2127229357285
-50.4830244099034,3.44354422127047,291.594873198886,90.5,10.1887359079153
-21.4148419969517,3.51354426503045,291.60100531882,91,10.1785606377805
2.57993323353208,3.57095031027908,291.599065326817,91.5,10.1797864940154
-17.9526500236938,3.52175019991256,291.603226436732,92,10.1712562856835
6.20448260269108,3.57937708920327,291.600370611147,92.5,10.1742043478984
9.45503838207575,3.58719496029237,291.596567380931,93,10.1786969129001
-43.2731958094896,3.46011229702002,291.611854414567,93.5,10.1581356378264
-59.4414770858304,3.41949730037085,291.636920772529,94,10.1298919978943
4.71345711684483,3.57448695045834,291.634871842466,94.5,10.1321315987954
0.759162962349681,3.5652755474537,291.633038133027,95,10.1324923153592
-3.76379929489509,3.55456038356968,291.63248202472,95.5,10.1307039447252
21.8464343379537,3.61455792115705,291.62651162357,96,10.1410842861213
-29.3136075836436,3.49307508238345,291.63500227419,96.5,10.1271559145819
32.9256643373807,3.63939235064449,291.628087579082,97,10.1428005562304
-25.1742188069374,3.50342181888834,291.634706537124,97.5,10.1308390168069
-46.7751993159133,3.44999087326255,291.652161815658,98,10.1086137634654
-24.4977488857159,3.50366904954925,291.659359391821,98.5,10.0969736489764
3.4085436930666,3.57068912706886,291.657092559272,99,10.0985932197791
-16.6177061924654,3.52261766553861,291.660638836002,99.5,10.0906973105049
3.5172083676605,3.57083603810016,291.658249284096,100,10.0923685133682
-3.57669248454807,3.55403872512381,291.657544038205,100.5,10.0906690466046
-35.1243664753294,3.47718838055368,291.668891326783,101,10.073979690818
-0.273873701729444,3.56132509374587,291.667677679652,101.5,10.0738495596268
4.90909130613132,3.57372643163305,291.664762906573,102,10.0761821161856
15.2875945085594,3.59821444606545,291.659656603671,102.5,10.0834460223989
-51.7653368880772,3.43620885652972,291.679441301019,103,10.058849703335
-30.7543150822543,3.48682463060177,291.689365512236,103.5,10.0442367790922
-7.06164364583195,3.54410738204036,291.690016927498,104,10.040881436489
-24.6695643353046,3.50111455107125,291.696766046209,104.5,10.0291596838253
13.2459938946323,3.5919608713349,291.692241004401,105,10.0354535227479
-12.2458094353464,3.53140159045989,291.694097212441,105.5,10.0296349218429
-19.8194124396727,3.51273963149877,291.698945082551,106,10.0202177206552
-4.21586463843603,3.55033995871596,291.698583311802,106.5,10.0182145510052
-17.0782788649983,3.51909126458072,291.702310575059,107,10.0100998004544
14.6675222545981,3.59486573404194,291.697415676725,107.5,10.0170690791056
-20.6264578186038,3.51051028211488,291.702299287383,108,10.0072684100062
-11.6453584613429,3.5320805942611,291.704273715957,108.5,10.0017351136046
7.30813513075039,3.57745319431907,291.700818743564,109,10.0052075767285
-14.8712537299533,3.5242718592531,291.703616514797,109.5,9.99814149499095
-23.802520626927,3.50215022786199,291.710055670143,110,9.98683171846754
-14.2556803261483,3.52510812534871,291.712961116958,110.5,9.98005812666166
-26.9726129674769,3.49367502451331,291.720734547554,111,9.9672420795843
-11.6591942256546,3.53074128100154,291.722774787989,111.5,9.96170220911419
-1.90769165315992,3.55422183826859,291.721611651168,112,9.96079576871609
-24.2916418785265,3.49964347729625,291.7281234516,112.5,9.94925358604817
16.1006474660737,3.59654359942805,291.722967080116,113,9.95690381467638
4.92912282182171,3.57061499977697,291.719754369996,113.5,9.95924588921735
-18.5570993801242,3.5139021038944,291.723901857195,114,9.95042847654911
10.7164267953671,3.58417717866265,291.719729272437,114.5,9.95552039072428
-10.6661447857251,3.5331620374509,291.721016929993,115,9.95045236806468
1.4513575842611,3.56229015846442,291.718926214289,115.5,9.95114198116032
-20.5491906877567,3.50891372261448,291.723864916946,116,9.94137802556679
4.87008033789652,3.57020128813348,291.721020775221,116.5,9.94369204604957
5.11350303536363,3.57093393220924,291.717863481466,117,9.94612172891754
3.41884257379056,3.56704840654644,291.715123253604,117.5,9.94774619323728
-25.9266054386622,3.49578013776208,291.722213020289,118,9.93542715702604
-28.9857743616356,3.4877245046241,291.73095377437,118.5,9.92165455556394
-6.59660552740239,3.54208290675545,291.731342231162,119,9.9185201759956
3.47768570291317,3.56629075265701,291.728668354025,119.5,9.92017259965002
-75.2430506320504,3.37226969017104,291.763677334036,120,9.88442083617395
-27.3553549006298,3.48967742841027,291.772437627846,120.5,9.87142292912478
5.23197865651513,3.56876294074461,291.7694675453,121,9.87390890572818
48.1805147750666,3.66617995750901,291.760926022676,121.5,9.89680189523251
-26.8713326031361,3.49174469783608,291.768017090357,122,9.88403397155791
-24.218270582851,3.49777420482985,291.774672548563,122.5,9.87252665128841
-17.6432099447553,3.51353530808987,291.778703147577,123,9.86414347352509
-31.9101000977289,3.47794937775037,291.788643621887,123.5,9.84898137760249
-17.5644147857736,3.51282944873978,291.792743285303,124,9.84063563938824
-4.82383133116077,3.5437482572899,291.792337999682,124.5,9.83834359413819
-10.5495642678656,3.52975845242428,291.793618752656,125,9.83333096475498
18.2998499973772,3.59867724135895,291.787725077021,125.5,9.8420261452834
-34.1485320131548,3.4717707646838,291.798339488992,126,9.82580045760415
-35.4259426148255,3.46788968063017,291.810149457343,126.5,9.8089678078027
-14.369519703745,3.51939639032213,291.81309369261,127,9.80214012517424
2.71988333834909,3.56083387841324,291.810495417876,127.5,9.80343247875346
17.9522939191072,3.59705028261445,291.804474260601,128,9.81196251788208
-44.858286939403,3.4440591314331,291.820520770608,128.5,9.79064808616875
-20.2713990916045,3.50432745166745,291.82579614516,129,9.78101612335539
27.9876412189866,3.61945811699888,291.818525869161,129.5,9.79431446148375
6.92740053148699,3.57096582464869,291.814491942519,130,9.79760601842124
-42.8769933970166,3.44865255181858,291.829546981685,130.5,9.77723299907104
-49.6562382002659,3.43074924530997,291.848952275993,131,9.75363881903269
23.0519152860152,3.60738313591309,291.842612665527,131.5,9.76459194514936
-15.5794903399193,3.5152491088892,291.84531099728,132,9.75718934452337
-54.9405576243488,3.41676623861194,291.867462947961,132.5,9.73108431814646
-8.23231119306059,3.53201890687017,291.868470043208,133,9.72717273242308
26.9998890800801,3.61570187793835,291.861034912391,133.5,9.74000173975548
23.9151932391419,3.60920713371158,291.853743870067,134,9.75136505271247
-43.2801661091507,3.44611021234565,291.868827623298,134.5,9.73080046569823
21.2122545031076,3.60273623180802,291.862625830677,135,9.74087947631009
-8.22594773354123,3.53285691402771,291.862735114436,135.5,9.73697091418687
-27.3111068835072,3.4855375687824,291.87037660763,136,9.72399403159948
-1.88304768071744,3.54774554461772,291.869027957562,136.5,9.72309930079405
16.5060155128962,3.59172231595875,291.86313127472,137,9.73094214020038
-12.8068151084377,3.52143914745018,291.864813991464,137.5,9.72485697724124
23.5865352505708,3.60834247883924,291.857924940967,138,9.73606412823279
-6.78071250945605,3.5365817246433,291.857549411502,138.5,9.73284227016349
13.492304990273,3.5852487240191,291.852309311158,139,9.73925314389479
6.89499345831868,3.56989765335991,291.848303100131,139.5,9.74252930259941
-0.149969927439676,3.55313750678025,291.846138471244,140,9.74245804433264
23.4026811901854,3.60882871330409,291.839239583166,140.5,9.75357783699907
2.83381580204353,3.56088375015284,291.836172889648,141,9.75492432563075
-24.5444291905646,3.49392742825657,291.842452464656,141.5,9.74326203097756
3.13485549851396,3.561254225937,291.839762358019,142,9.74475155873292
-23.8564357270306,3.49525628443725,291.845766881604,142.5,9.73341616442966
-6.23718974007131,3.53821095346891,291.845696693118,143,9.73045256140627
-15.1983113356491,3.51613444940257,291.848443770665,143.5,9.72323107812583
-1.0804654220996,3.55042795375407,291.846757005089,144,9.72271769457891
40.1540734414838,3.645997305759,291.838299725554,144.5,9.74179691750011
8.06259595382566,3.57327942501926,291.833873749845,145,9.74562786296448
3.98724726241464,3.56372793022912,291.830654492169,145.5,9.7475224049833
13.3318672689461,3.58604965447018,291.825437429711,146,9.75385704667167
-22.2287671514227,3.50010406445225,291.83065895713,146.5,9.74329503969712
-10.5337540549646,3.52848276950483,291.831954419532,147,9.73828992254244
-16.0204347630842,3.5148126379375,291.8350386789,147.5,9.73067780700988
-1.98749974073389,3.54886579434943,291.833635377783,148,9.72973344576931
-19.1971880215423,3.50667461307272,291.837831209775,148.5,9.72061189474518
-1.09344720034276,3.55069843081325,291.836209476434,149,9.72009234290149
8.21699120120797,3.57310398543616,291.832072436071,149.5,9.72399664932505
17.8966451587197,3.59612071069143,291.825981936331,150,9.7325002469245
1.62444858493281,3.55789952981067,291.823295095358,150.5,9.73327210427344
-25.5582900656727,3.49131061784448,291.830012325588,151,9.72112807324858
-26.9015585722951,3.48745002332157,291.837613263288,151.5,9.7083457876935
-13.3214943742072,3.52053953764218,291.839927772271,152,9.70201607468993
7.3498919971468,3.57054794845581,291.836098496348,152.5,9.70550837860436
8.78030162483934,3.5741509515023,291.831757545737,153,9.70968034218509
-2.96802684582886,3.54609172387634,291.83039403965,153.5,9.70827008312606
-29.9514637603482,3.4795196282413,291.83909217132,154,9.69403863398722
-27.6249755177653,3.48469454007897,291.847083867168,154.5,9.6809126166016
14.8721442005675,3.58776004096923,291.841833868745,155,9.68797912144655
-7.59908736418693,3.53406415711414,291.841804319528,155.5,9.68436841226084
-10.1142122892962,3.52778808621517,291.842801575069,156,9.67956264053207
-63.7861103199208,3.39360318894294,291.87020128757,156.5,9.64925464650391
6.693220690571,3.56724972162811,291.867101530088,157,9.65243493280295
-7.68691152294942,3.53253625532109,291.867136073385,157.5,9.64878249393555
-11.5932143725864,3.52282948694033,291.868604999486,158,9.64327397381716
33.7961613587721,3.63013782134578,291.860553358042,158.5,9.65933223244899
-16.7517413977075,3.51068895916339,291.863493841723,159,9.65137263629716
-26.8268575390814,3.48532546291793,291.870956784424,159.5,9.63862584496577
-9.59175809711849,3.52755303964398,291.871952400719,160,9.63406831754062
17.9941137164748,3.59381230086027,291.865864820666,160.5,9.64261822736151
-5.1710926258272,3.53869454592774,291.865005914656,161,9.64016118077823
-23.0905779287728,3.49436153648744,291.870764374403,161.5,9.62918968409248
-22.0265308294749,3.49656075602101,291.876296324209,162,9.61872376978148
-4.97591770315803,3.53830507279303,291.875762046309,162.5,9.61635946063524
9.26519152770333,3.57273213258311,291.871312923132,163,9.62076181983356
-52.3736226541617,3.42025006202176,291.891543249599,163.5,9.59587647356187
5.29174294244809,3.56246707194244,291.888553187434,164,9.59839084718795
-13.8501342851862,3.51580108478313,291.890652314632,164.5,9.59180995073417
3.55373962927042,3.55823032031096,291.887611689694,165,9.59349851143996
-0.606262801474905,3.54826908622809,291.885509696809,165.5,9.59321044544449
-0.217362261329557,3.54926217517064,291.883343084635,166,9.59310716568523
29.1510749469337,3.61859703420658,291.875577528271,166.5,9.60695830978188
-7.57919976790605,3.53196538423077,291.875355395335,167,9.60335705019493
-56.7210216135194,3.40896796930941,291.898294985103,167.5,9.57640603569175
12.1053206199051,3.5784192545742,291.893815936801,168,9.58215788328391
-1.44428557529393,3.54607308003106,291.891852704815,168.5,9.58147163045597
-2.47411025439619,3.54358567652496,291.89031128335,169,9.58029605604895
3.29714541667906,3.55761842362404,291.887213470741,169.5,9.58186269591925
-6.52475026882636,3.53378787547175,291.886852798897,170,9.57876245840373
-41.8805234091149,3.44549613370666,291.901403278996,170.5,9.55886291213868
-5.40166143046479,3.53565320274265,291.901193487493,171,9.55629631070217
-40.8853152590781,3.44701322366036,291.915261380112,171.5,9.53686963795952
6.30692932428374,3.56335239896445,291.911803041884,172,9.53986637777228
-47.5442189641417,3.42953107248815,291.929372835489,172.5,9.51727572445902
29.1256336126195,3.61629539920745,291.92195766793,173,9.53111478009621
-15.3950560507018,3.51006763405154,291.924359352482,173.5,9.52379981349129
50.5558998933205,3.66389500737032,291.915415910729,174,9.54782146811751
6.77157902281333,3.56526397043436,291.911001083635,174.5,9.55103898640723
-38.3649181052984,3.45367209975451,291.923537956273,175,9.53280988130905
-7.73821331676944,3.52935159098573,291.923951585213,175.5,9.52913306637525
15.6424505607999,3.58578029622644,291.918102927653,176,9.5365655825736
0.459795894695176,3.54971086881969,291.915514055844,176.5,9.53678405476387
-40.5624165080697,3.44766415540055,291.929250220252,177,9.5175108074828
22.753486220069,3.60209945345275,291.922594953863,177.5,9.52832213491785
-46.4901590252542,3.43241774474133,291.939301625959,178,9.50623231857636
42.5306805419352,3.64633878775641,291.930868659454,178.5,9.52644078724474
2.89935098656453,3.55548143650834,291.927407024423,179,9.52781841494372
15.1499585819108,3.58490849285426,291.92155028397,179.5,9.53501692339523
-29.2254695545759,3.47646934933765,291.929613549023,180,9.52113043067311
2.33513028373904,3.5540128674009,291.926949126793,180.5,9.52223996869541
13.8655451464843,3.5817669118506,291.921339072046,181,9.52882818762566
-24.4580314743885,3.48826424608071,291.927348196134,181.5,9.51720694487942
-33.3424163212962,3.46546642993091,291.937741666784,182,9.50136428337079
-43.7903518989638,3.43839620282502,291.953570587081,182.5,9.48055728138889
-0.697979567177343,3.54514128790861,291.951871888316,183,9.4802256361381
-39.1081755246331,3.44930808778931,291.964908678894,183.5,9.46164337200085
7.6145281931978,3.56465831815751,291.96097930966,184,9.46526141790221
-5.31894812750767,3.53334151820991,291.960049345704,184.5,9.46273411772234
-36.9203510094263,3.45419842479996,291.97203222955,185,9.44519139921672
4.73539712912328,3.55720418978124,291.968753342878,185.5,9.4474414249228
-12.7940655483781,3.51423889637473,291.970324466503,186,9.44136231992186
1.14393082672062,3.54843550699477,291.967699834184,186.5,9.44190585907938
10.3106545015897,3.57071413799432,291.962698291247,187,9.44680497039834
18.0961247674427,3.58947146985045,291.956118631605,187.5,9.45540335080802
0.986749823169937,3.54883520840817,291.953271495755,188,9.45587220535328
12.1361941372241,3.57581309935944,291.947934074027,188.5,9.46163872250867
31.6664876357348,3.62153269165619,291.939609366504,189,9.47668506587939
6.14198337601574,3.56237959590053,291.935393538389,189.5,9.47960343156351
-3.99560824877288,3.53786006786511,291.934096761481,190,9.47770491681892
27.7061765986441,3.61323230400217,291.926411235689,190.5,9.4908695169283
-25.5259484995858,3.48497626838116,291.932714111077,191,9.47874085301058
-26.1892464782486,3.4827711347419,291.939831874897,191.5,9.46629702281176
38.7585654800367,3.63777029708377,291.931392462824,192,9.48471316960637
-7.53692041034492,3.52956511679297,291.930931905201,192.5,9.48113199907188
-23.8453285397788,3.48889218975261,291.936840474386,193,9.46980188235277
-14.6895002394243,3.51125791765268,291.939378456551,193.5,9.46282216085384
-25.6748136712844,3.48352622036328,291.946162676593,194,9.45062276359446
-19.8815673846331,3.49752149637855,291.950699296598,194.5,9.44117602946157
2.1846745168269,3.55171043650431,291.947908414235,195,9.44221407837029
-1.66753842178714,3.54240114549029,291.945950012316,195.5,9.44142174686935
-35.7390686061973,3.45737646028012,291.957244091004,196,9.4244403151367
-20.6595417692961,3.49458068403386,291.962228536814,196.5,9.41462392618576
-2.86930190586294,3.5384225334782,291.960835986893,197,9.41326057631866
15.7993582191447,3.58353959829993,291.954788711609,197.5,9.42076764724919
11.0320585934306,3.57254862563033,291.949541761888,198,9.42600953399053
-15.3319820593006,3.50822591434453,291.951957357375,198.5,9.41872453701608
-9.35384452973144,3.52281390052197,291.952544195453,199,9.4142800543109
8.12746412251494,3.5654477207853,291.948173040356,199.5,9.41814182190974
-25.2193657457361,3.48324873702737,291.954551430564,200,9.40615883090148
-30.3906521983193,3.46969742714243,291.96359149024,200.5,9.39171870121308
-23.242141062421,3.48708528340038,291.969575450626,201,9.38067518924804
34.825444619093,3.62661588893594,291.961182379916,201.5,9.3972225122036
-6.21411294525889,3.52998195786911,291.960295193926,202,9.39426987412784
0.774272502773574,3.54708321836326,291.957709076272,202.5,9.39463776999534
1.27747830306421,3.54837791602294,291.95492421469,203,9.39524476428588
-2.17794063383112,3.53998828660071,291.953103511497,203.5,9.39420991498417
-40.9290297787475,3.44288742319049,291.967034199415,204,9.37476247127125
-10.5539427820544,3.51847219025995,291.968323765306,204.5,9.3697477614354
-16.7119140789394,3.50293015558553,291.971466361426,205,9.36180708924888
-2.65227620722525,3.53758583585372,291.969945182322,205.5,9.36054685922316
-2.26125997956198,3.53855494316251,291.968163809282,206,9.35947242070335
-19.5195362643552,3.49560072519265,291.972309711885,206.5,9.35019770579182
13.0161175848359,3.57532515156091,291.966933915694,207,9.35638231890041
-28.8410991119122,3.47208548171179,291.974880931147,207.5,9.342678459937
-63.4449349847125,3.38335635230951,292.002495056555,208,9.31253257549618
-25.3663708092154,3.478896270127,292.009866053413,208.5,9.30047973497737
-6.53384298869379,3.52572488334029,292.009584991812,209,9.29737517705263
-17.212624034779,3.49893972570168,292.012867581723,209.5,9.28919659234448
-29.4517948626243,3.46766550218537,292.021450445759,210,9.27520256106811
-2.27967411243345,3.53540069218769,292.0198852141,210.5,9.27411937306622
-20.7344928455014,3.48921939282497,292.024520838067,211,9.26426737108356
-19.6371694024027,3.49161352560275,292.028914439792,211.5,9.25493676274276
-8.3906471389793,3.51954979773448,292.029149468099,212,9.25094994363582
-6.87150310601029,3.52324761378503,292.028757305674,212.5,9.24768494638083
-55.8974028893254,3.39845224510044,292.051545671986,213,9.2211252746206
-34.0722288352646,3.4531451224042,292.062892478381,213.5,9.20493584242469
-31.8986238658798,3.45800019692412,292.072895744013,214,9.18977919943793
7.00535309377048,3.55521550598822,292.068733967238,214.5,9.19310779556436
-26.1150591014306,3.47241937380198,292.075581690324,215,9.18069921552521
-8.23895559102913,3.51721857784863,292.075781971145,215.5,9.17678447271367
-24.1571264717286,3.47682535292084,292.081919833075,216,9.16530620509129
0.625093884585443,3.53882834645909,292.079328598281,216.5,9.1656032186829
-0.565052626193508,3.53598337971184,292.07681332307,217,9.16533473371753
13.975525510536,3.57162783460701,292.070719243031,217.5,9.17197520985864
16.3566316685559,3.57769310391199,292.064049394849,218,9.17974706947581
26.5270623899786,3.60206712426982,292.055766515328,218.5,9.19235141303066
10.4599956323258,3.56448029829579,292.050263134147,219,9.19732148384339
-39.3326228860426,3.43969392667784,292.063330118616,219.5,9.17863257345894
-19.7807749571928,3.48874150940675,292.067932533307,220,9.16923373088541
-35.5383138009094,3.44813070623185,292.079438394823,220.5,9.15234768787313
3.10342858918875,3.54504495718812,292.076292259069,221,9.15382228312084
-11.0021400509657,3.51001682120253,292.077088199389,221.5,9.14859461218607
-16.7938162422254,3.49521273227273,292.080171133567,222,9.14061502415619
10.2061076722892,3.56214709239796,292.075045056249,222.5,9.14546446001034
-42.5905643147373,3.4292242384522,292.08992899319,223,9.12522753754505
-27.571496019226,3.4668570980948,292.097947693112,223.5,9.11212693096304
-21.0757317968229,3.48291428431074,292.102949423165,224,9.10211278916582
6.37975668411911,3.55146530553512,292.098722445258,224.5,9.10514413292566
-13.5398262523712,3.50193097131953,292.100384925503,225,9.09871067944903
-18.6516822324616,3.48872533253172,292.104221718824,225.5,9.08984832570335
-11.7758551011857,3.50585458710298,292.105498155255,226,9.08425302377487
-16.7498013675322,3.49305646922687,292.108564807602,226.5,9.07629434942909
-10.5598458667887,3.50847597727575,292.109383850929,227,9.07127683474033
-13.2326803299044,3.50156049636554,292.111099756278,227.5,9.06498932176292
26.5855637867558,3.59893705005016,292.102883137005,228,9.07762146227819
26.7406998889914,3.59987690891364,292.094342646563,228.5,9.09032731577011
-10.5799566234965,3.50941667984406,292.09474463005,229,9.08530024544783
-15.6027789650562,3.49652902420519,292.097322552606,229.5,9.07788657922295
-17.5519452309582,3.49129063062075,292.100716065738,230,9.0695467659223
-9.05716752830211,3.51250086223365,292.101008158796,230.5,9.06524324940463
14.1486705948166,3.5697738300642,292.094889919547,231,9.07196599549689
-40.6784128905985,3.43187521172626,292.108709211661,231.5,9.05263763249154
-7.00499107651627,3.51711180838515,292.108586623084,232,9.04930920837774
-18.024004644072,3.48910204339927,292.112077614837,232.5,9.04074509587149
-17.2341342530082,3.49078696745967,292.115379396324,233,9.03255629057515
4.90244189961103,3.54614426832577,292.111446236354,233.5,9.03488568766602
12.4972244007204,3.56491360258173,292.105502624395,234,9.04082374848531
3.4080939455177,3.54295711911121,292.101690138323,234.5,9.04244310559033
-30.1221039128061,3.45816515614617,292.110313337444,235,9.02813057671961
34.6925365434148,3.61713356128685,292.101406600664,235.5,9.04461474835362
-5.17267174451925,3.52194708647105,292.099930150244,236,9.0421569514515
-9.94192763877132,3.50988488467529,292.100373559248,236.5,9.03743304083847
-14.1779754567725,3.49899581989137,292.102393285092,237,9.03069637053015
-38.2238918620372,3.43704278298622,292.11520200897,237.5,9.01253427410388
-21.2804842825273,3.47982370501578,292.120381124996,238,9.00242284408697
-15.7871313183919,3.49345910456873,292.123144647019,238.5,8.99492158277288
9.57130657720307,3.55671890111488,292.118024488881,239,8.99946939265074
-57.4123201090934,3.38589485855003,292.141738179227,239.5,8.97218990741044
-24.4457146225563,3.47004981697349,292.148560105796,240,8.96057451702092
2.12491627593125,3.53706368271088,292.145378974441,240.5,8.96158417177928
-47.1906498132516,3.41074541454854,292.163054432303,241,8.93916151697949
8.75430189089762,3.55270673294407,292.158414093063,241.5,8.94332112677698
0.557058592664323,3.53264624865535,292.15530700931,242,8.94358581337434
6.52037183538445,3.54756065158502,292.150670337482,242.5,8.94668397047558
-7.47143693632508,3.51276259516167,292.150094648664,243,8.94313391443811
42.201313223164,3.6318317914107,292.140228735038,243.5,8.96318588410256
-28.4159029479621,3.46013542189571,292.14770040248,244,8.94968405725449
-11.8609715176139,3.50199164692976,292.149013484982,244.5,8.94404831222911
-1.21232797996748,3.52869717242566,292.146630103314,245,8.9434722741388
1.30981303324727,3.53504342268767,292.143413061756,245.5,8.94409463228841
21.6259282860519,3.58469187646859,292.13569313937,246,8.954370200152
20.2771749215128,3.58195973427114,292.128062895014,246.5,8.96400490735309
-41.4084534475674,3.42700945623716,292.142152920669,247,8.94432966530574
-0.830002065867423,3.52997506737564,292.140018288241,247.5,8.94393528951562
-9.45604620596561,3.50828957790824,292.140175371936,248,8.93944224564599
-20.5667138438355,3.47978628935977,292.144646131937,248.5,8.92966996391833
4.28641668059109,3.54225485040087,292.140824381605,249,8.9317066563974
-8.1644100615055,3.51119139043665,292.140494505366,249.5,8.92782733392192
1.53132039476152,3.53544884009955,292.13729394047,250,8.92855494137669
9.97431640954758,3.55641238860143,292.131861807931,250.5,8.93329424152619
1.89673124260473,3.53672297344525,292.128404714876,251,8.93419547408115
-34.3591151219787,3.44436243584402,292.139040728567,251.5,8.91786972775947
28.8876398864548,3.60137667596851,292.130698441,252,8.93159570058921
-17.6217121348779,3.48749227074899,292.133628188625,252.5,8.92322273751824
-18.6575398401454,3.48449295746815,292.137405337628,253,8.91435760052808
0.99458874311237,3.53392078605088,292.134472985909,253.5,8.91483017973907
-31.1661680671835,3.45198138483393,292.143573605656,254,8.90002156339732
-21.1751026226815,3.47709587426196,292.148563834136,254.5,8.88996020551525
0.464531782085089,3.53169698365217,292.145791826441,255,8.89018092796417
-6.13403259902991,3.51517437838801,292.144820410546,255.5,8.88726634009469
-20.7841201263556,3.47770049507021,292.149365111627,256,8.87739075769108
34.4487255338517,3.61313786833288,292.140205684374,256.5,8.89375908243327
-4.35900691064635,3.52003445210645,292.138386994001,257,8.89168789867941
4.65300335021868,3.54253837464861,292.134305399148,257.5,8.89389877495081
16.93080723803,3.57272887041732,292.127406732386,258,8.90194345430324
0.622272036764878,3.53306822154098,292.124251822901,258.5,8.9022391270928
-7.24607557662239,3.51335086488245,292.123659785842,259,8.89879615158917
-22.7074161193647,3.47376500635125,292.128999680827,259.5,8.88800671437958
1.3137005502006,3.53431923671755,292.126038476441,260,8.88863091968432
14.8688947167138,3.56776375495942,292.119591543245,260.5,8.89569588053581
-9.92132408306032,3.50648508214518,292.119788674851,261,8.89098175970994
20.9338701352524,3.58253923770333,292.112376615134,261.5,8.90092849588594
-41.6397853939496,3.42518716208097,292.126579490398,262,8.88114333637827
-9.10473914917886,3.50803329533982,292.127102068894,262.5,8.87681721618725
21.2839250041308,3.58292887570435,292.119591432186,263,8.88693028106432
-8.98223045962053,3.50873154990913,292.119410595987,263.5,8.88266237092268
-9.28164763081833,3.50782322733032,292.119609574133,264,8.87825219260086
-21.4258196103168,3.47662724731275,292.124439940674,264.5,8.86807170644893
-37.3088282065438,3.43508094194131,292.136842242607,265,8.8503444028587
0.851155479642197,3.5320608835673,292.134176540633,265.5,8.85074882970123
-33.2731239108772,3.44481421878765,292.144330277629,266,8.83493909250718
-35.1186351313472,3.43926941790457,292.155817869124,266.5,8.81825245997073
-11.5388359137582,3.49943887647255,292.157106243965,267,8.81276977779726
-5.53911384563225,3.5145390453924,292.156051267962,267.5,8.81013786579459
30.1216457988115,3.60162381692522,292.147134053584,268,8.82445017699228
-4.52834814580642,3.51779229862908,292.145387600796,268.5,8.82229853068758
-39.4560794910929,3.42773032079204,292.158756313006,269,8.80355095985136
-16.0463905879533,3.48755898702039,292.1617782163,269.5,8.79592651139896
-53.1219268350939,3.39065525056464,292.183183139773,270,8.77068560811756
-10.3907850202551,3.5006542098591,292.184275550963,270.5,8.76574842275287
28.4773470199511,3.59636567000431,292.175487492959,271,8.77927944477459
34.9918814494053,3.61211551219973,292.165721260992,271.5,8.79590585025194
-31.5282906600048,3.44755995966388,292.174695694741,272,8.78092517122561
-21.51345781598,3.47285373561172,292.179791558004,272.5,8.77070304374768
32.5655178221051,3.60634409318437,292.170701434705,273,8.78617656164563
7.70115997539197,3.54739273169852,292.165453171875,273.5,8.78983577067049
-2.61671792933665,3.52181909494833,292.163237466083,274,8.78859243617373
13.3105623281635,3.56139090500696,292.157028838472,274.5,8.79491695481156
1.60971542992255,3.53277629433294,292.153547833134,275,8.79568181169643
22.5054203547558,3.58396853094424,292.145658040438,275.5,8.80637527054337
33.8963378036824,3.61112877516369,292.136237995467,276,8.82248112805025
-42.44021512362,3.42114519653486,292.150698183035,276.5,8.80231564405901
-50.3582175820299,3.39940265810546,292.170513063724,277,8.77838791825648
3.53489059390535,3.53707227020171,292.167186208746,277.5,8.78006752283612
-0.671873925453487,3.52666987952837,292.164416522403,278,8.7797482816907
-10.1712564549838,3.50264535945786,292.164749512421,278.5,8.77491540540541
-5.31701153983439,3.51482022198707,292.163548209622,279,8.77238902539589
-36.8842546403547,3.43334509470938,292.175512737602,279.5,8.75486345809345
11.3775177256904,3.55573959396791,292.170064980888,280,8.7602694898699
-15.3424359277705,3.4887238671152,292.17218965454,280.5,8.75297952573596
20.893802237945,3.57887772690032,292.164647395293,281,8.76290722363565
13.0435649397408,3.56034582440075,292.158285140572,281.5,8.76910487836513
-3.34207553252584,3.5199104140743,292.156248114678,282,8.76751688993359
-36.6809578961036,3.43402821016441,292.168059073293,282.5,8.75008791915474
-23.8362530163993,3.46659927845659,292.174187847879,283,8.73876211467393
-51.5068047724714,3.39375578673485,292.19460010682,283.5,8.71428863724093
-30.4943888656479,3.44760685760574,292.204026250095,284,8.69979921703648
17.0537011203018,3.56775940097781,292.197226602333,284.5,8.70790228946275
-33.9776521849785,3.43835742591907,292.207564472702,285,8.69175779539738
14.9501303467887,3.56243559741367,292.20121529192,285.5,8.6988613553887
15.4972583356157,3.56414706494373,292.194272178157,286,8.70622488344728
18.760900811337,3.57244377096089,292.186734366478,286.5,8.71513913244132
-57.508492701316,3.37725602525731,292.210398996305,287,8.68781395075808
9.48915018749734,3.54908558301296,292.205567002756,287.5,8.69232272399683
-28.0683916762614,3.45346859989323,292.213076088308,288,8.67898601725869
-48.4324657084862,3.39940191643538,292.231757309753,288.5,8.65597331317468
-29.6787387386594,3.44754842661344,292.240740866356,289,8.64187144943126
-5.809150338147,3.50879534778484,292.239808189884,289.5,8.6391112294888
7.45019758910223,3.54224408469391,292.234749182875,290,8.64265119364254
8.25048854034443,3.54447273492295,292.229379095455,290.5,8.64657141633923
-16.8251024086137,3.4809246032081,292.232051143471,291,8.6385769626758
3.43928318116033,3.53240476201383,292.228175792841,291.5,8.64021113935773
-17.9152593510535,3.477941485827,292.231331458712,292,8.63169869721787
-2.0404508382402,3.5183897835163,292.229060788705,292.5,8.63072917624364
-10.6640301818803,3.49636842494858,292.229501308228,293,8.62566215833884
-25.2099165356182,3.45845233130262,292.235926840802,293.5,8.61368365712628
-12.1342591939243,3.49191129400617,292.237158870422,294,8.60791805935992
-0.706605898077171,3.52097465375017,292.234413267436,294.5,8.6075823153048
12.3224545495027,3.55365492886262,292.228167703293,295,8.61343733416432
3.46909510299801,3.53192243756664,292.2240072475,295.5,8.61508567599199
-28.2635432858462,3.45033238915286,292.231683036246,296,8.60165624289401
-4.06449167912274,3.51242569210425,292.230168852914,296.5,8.59972499816187
8.13271579684704,3.54318346855573,292.224943944894,297,8.60358926109572
6.79339108503304,3.54007991598967,292.219953176052,297.5,8.60681714339492
-22.9880720792814,3.46400504583179,292.225212715285,298,8.59589435240166
-17.1361912593707,3.47876075329289,292.228347006507,298.5,8.58775208475516
4.88393260501029,3.5347781423706,292.22409258267,299,8.59007268714781
-20.5810081513293,3.46965807364168,292.228352130481,299.5,8.58029361347463
-11.4841447114155,3.49285168764987,292.22929902094,300,8.57483691784629
13.0825483494145,3.55480989174335,292.22300609519,300.5,8.58105309555736
37.8045090811502,3.61403288501127,292.212924982348,301,8.59901592209942
-2.12582719019082,3.51792775232137,292.210218654639,301.5,8.59800583451982
-28.5310966072517,3.44965749333852,292.218044691243,302,8.58444927336172
-41.3609988626825,3.41524666829914,292.232719480605,302.5,8.56479657937801
2.04087362013886,3.52708076212221,292.229526841238,303,8.56576630123723
-24.4282701687481,3.45895486374299,292.235474323231,303.5,8.55415919958643
0.766262604167588,3.52350589405248,292.232428735124,304,8.55452328954762
13.4766555547528,3.5553798674515,292.225918678425,304.5,8.56092672744381
5.1679572653784,3.53505373375379,292.221293907529,305,8.56338228425941
19.2508460683593,3.57000279505344,292.213653163736,305.5,8.57252933092444
-23.4255294878989,3.46228511849212,292.21898031376,306,8.56139868188087
17.4017796142682,3.56552313636673,292.211980119521,306.5,8.56966714393292
-44.9871912945455,3.40554406830003,292.228173063928,307,8.54829146326733
-8.81512593579544,3.49918277107184,292.228456429675,307.5,8.54410295290231
-4.03519798349083,3.51131127470084,292.226708823561,308,8.54218562708055
26.9575067127838,3.58793762201935,292.217914718785,308.5,8.55499449641538
-1.15107003465932,3.51929720568724,292.214974401675,309,8.55444756506055
-9.92130619420935,3.49688587696714,292.215139515129,309.5,8.54973345273457
-33.6940543874031,3.43469915115015,292.225564446489,310,8.53372371026813
-21.0651342578082,3.46707106897826,292.230442112579,310.5,8.52371460389551
7.50826706371442,3.53993776333982,292.225542906358,311,8.5272821597817
6.22556129276174,3.53694971974384,292.220692079451,311.5,8.53024023754403
-53.7811181895547,3.3807311156869,292.242290103587,312,8.50468611924552
13.8632776654573,3.55506811768155,292.236310709223,312.5,8.51127326078133
19.6040889307255,3.56947446797002,292.22847090573,313,8.5205881509237
1.45557655085292,3.52488196855397,292.224799571908,313.5,8.52127976866289
-46.1777912776005,3.4007597226169,292.24184675511,314,8.49933837397281
-8.67819602062536,3.49809798011284,292.242076860038,314.5,8.49521492590787
2.09482476326573,3.5255204763798,292.238451133999,315,8.4962102826728
-47.1395998941991,3.39703448775032,292.256114576194,315.5,8.47381188426102
-22.9914358201402,3.45978148483446,292.262007753351,316,8.46288749498504
-18.769706926148,3.47038096725919,292.265791998028,316.5,8.45396906176228
-29.3592509714444,3.44215124354861,292.274272895606,317,8.44001900275021
-10.6241261447798,3.49066250051219,292.274960059724,317.5,8.43497094526347
21.6745964309496,3.57189549533716,292.266831831663,318,8.4452696378142
-44.2445011584117,3.4024613347231,292.282728999983,318.5,8.42424684664285
-20.9227164030665,3.46322615714701,292.287687292692,319,8.41430541016685
10.987340005859,3.54491982163221,292.281784633633,319.5,8.41952604885469
18.4830943086651,3.56375871479437,292.274006719559,320,8.42830829798571
9.0477964557746,3.54085058004904,292.268226454101,320.5,8.43260736183479
-51.7686065711298,3.38214073195049,292.28865649983,321,8.40800948917985
-38.958325945696,3.41504460865826,292.302459095959,321.5,8.38949842612573
22.1130595970802,3.57158219270602,292.29449503764,322,8.40000545461283
-7.6622125860876,3.49724385727909,292.293558060182,322.5,8.39636475145447
-45.7224617145268,3.39663586869162,292.310594483464,323,8.37463970677552
9.07423933616346,3.53894540791217,292.305397856278,323.5,8.37895133496904
4.71272580453741,3.52821781851764,292.300725491,324,8.38119058838681
-36.7489297968377,3.4200450817941,292.312655346254,324.5,8.36372932073407
8.98846757605404,3.5384686021877,292.307352813057,325,8.36800019444389
3.37034853739331,3.52453863533328,292.303044511666,325.5,8.36960161680421
-14.4865722412425,3.47856859406867,292.304761296584,326,8.36271831661905
20.0865673297684,3.56614785088376,292.29685815056,326.5,8.37226245655207
-33.0864957893968,3.42976385856425,292.306735820349,327,8.35654139577931
-10.5850943014521,3.48834227766887,292.30737575022,327.5,8.35151188428744
-6.94805674413034,3.49762760584736,292.306466181214,328,8.34821051254284
-2.15431539900623,3.5099248231047,292.303946423692,328.5,8.34718688878023
-43.6674074266341,3.40047873659732,292.31975886388,329,8.32643830391006
-52.2235623656978,3.37638960838427,292.341256267674,329.5,8.30162425884021
-34.8109736391115,3.42185677103796,292.352946841075,330,8.28508381177616
-5.41929845615288,3.49880999208552,292.35175152019,330.5,8.28250883010034
-2.66080305015808,3.50593607907475,292.349305578341,331,8.28124454854202
8.58332772855225,3.53472234229503,292.343615704915,331.5,8.28532291990271
28.2147356809436,3.58332318036679,292.334052240442,332,8.29872916204907
-27.0917853125183,3.44284406942033,292.340960255735,332.5,8.28585649018767
-10.2398875289146,3.48674504049571,292.34135357479,333,8.28099100382209
20.7438182768383,3.56526852831573,292.333156067306,333.5,8.29084743678691
-13.0241011811873,3.47987089216562,292.334115171397,334,8.28465903026954
-19.9053551912889,3.46151051835438,292.338174389891,334.5,8.27520099335147
-22.5329496326528,3.45414317213347,292.343463079246,335,8.2644944539579
12.3887599416916,3.54413761895048,292.337085914416,335.5,8.27038097784917
2.58333275119417,3.51965834478989,292.332895400268,336,8.27160844936613
-62.5864022128088,3.34657801027574,292.360630893266,336.5,8.24187049709102
-0.834561629566418,3.50968177141954,292.358303199852,337,8.24147395482252
10.9774549152119,3.5398561737309,292.35198127055,337.5,8.24668989660586
0.577049350845124,3.51371540777613,292.348354859992,338,8.2469640818194
-17.6584153222703,3.46620691386902,292.351319505604,338.5,8.2385736792153
29.2575931509459,3.58480711788865,292.341851953824,339,8.25247543547618
-6.5091501800374,3.49589383489502,292.34036450995,339.5,8.24938261034865
-4.79666673135552,3.5002594050374,292.338609774552,340,8.2471034723683
-34.3181228207806,3.42218359974968,292.349352884564,340.5,8.23079720355377
-7.94579512885969,3.4912994764636,292.348988232349,341,8.2270217560448
10.9742596469182,3.53975414586529,292.342761164371,341.5,8.23223617959522
-1.11559404002567,3.50925158021136,292.339663384835,342,8.23170610467243
-32.8034586232717,3.42573355463611,292.349606365144,342.5,8.21611952911436
-6.62372796912624,3.49432941321256,292.348763213908,343,8.21297226230776
27.4054793707412,3.57985615817422,292.339435932491,343.5,8.22599398601754
-39.1404623339673,3.40868089936481,292.352454065895,344,8.20739638079082
-11.8771889220269,3.48037604368281,292.353578496315,344.5,8.20175293005971
8.40785272910938,3.5326093913523,292.348002589821,345,8.20574792440919
-29.6354253055447,3.43331761744734,292.356287542513,345.5,8.19166664105962
2.47858973463587,3.51716113520272,292.352509222316,346,8.19284434389334
-11.9899457314212,3.47966532832604,292.353209879367,346.5,8.18714731672232
11.377416119249,3.53972507188952,292.346912987439,347,8.19255330022043
-5.46796233439809,3.49687464641982,292.345207486502,347.5,8.18995519588477
8.88817620139884,3.53370493714688,292.339466639232,348,8.19417841611065
-21.8332091729961,3.45399947033245,292.344129089347,348.5,8.18380435865658
-6.83927753639326,3.49307814939902,292.343230585014,349,8.18055467339297
-0.134517477700381,3.51039789348977,292.339996631465,349.5,8.18049075736344
-28.1674825129519,3.43660513458805,292.347666246193,350,8.1671069675774
-26.7960604475705,3.43963570535422,292.355010223494,350.5,8.15437480949549
-30.3477128116311,3.42951494815416,292.364073305599,351,8.13995508247264
39.0473394619503,3.60534496564718,292.353634044898,351.5,8.1585084403321
-22.9920037557158,3.44962687696149,292.358583654476,352,8.14758378120132
-15.4630127366933,3.46914505414224,292.360901072896,352.5,8.14023652495179
-9.55228396351978,3.48444563687712,292.360874673893,353,8.13569775367589
-19.5072756824673,3.45795710720895,292.364727170527,353.5,8.1264288643844
3.63984349119173,3.51823303540549,292.360476465758,354,8.12815833737219
-10.0112626875023,3.48287676591912,292.360428960457,354.5,8.12340148218499
-1.43475074053628,3.50513681986142,292.357596587906,355,8.12271975983732
-26.0159775375404,3.44022155680075,292.364286706253,355.5,8.11035825844008
-14.3854145917962,3.47066445716969,292.366228483842,356,8.10352302334965
-28.9930240450249,3.43136545028895,292.374501752621,356.5,8.0897469771978
-4.02964626872115,3.49706466652756,292.372706979894,357,8.08783228927537
-21.2551993414065,3.45147155781062,292.37728818667,357.5,8.07773287340763
-37.1830139664093,3.40810597987093,292.389890553368,358,8.06006535050037
-22.3138341787002,3.44735793098033,292.395344557745,358.5,8.04946292389619
12.8496687219066,3.53892213068666,292.388681159089,359,8.05556844876569
6.37348783523966,3.52280995523389,292.383303150389,359.5,8.05859681387966
-15.9278096205614,3.46465280509797,292.385517259736,360,8.051028709218
-2.96533733620673,3.49857578801267,292.383198835267,360.5,8.04961972808047
-17.1971161361223,3.4609797336203,292.386028382833,361,8.04144851195614
-11.8910200965381,3.47476413504827,292.386891311603,361.5,8.03579848933731
-22.4752219183,3.44630020179608,292.392108076358,362,8.02511937928867
-12.1334245296754,3.47346850878639,292.393127007358,362.5,8.01935417811333
-47.4900247945408,3.37768862171225,292.411614329043,363,7.99678927517991
-39.0318216035164,3.39959718278401,292.425674150045,363.5,7.97824329063666
-17.3904276855647,3.4573143063125,292.429021617394,364,7.96998022245775
-26.0039545339638,3.43376204053091,292.435979808184,364.5,7.95762443379513
5.71161400790098,3.51745188138846,292.431063750988,365,7.96033830931402
-8.52655718280624,3.48038383422429,292.43040066369,365.5,7.95628691249924
-40.6180407401512,3.39353117570103,292.444900109018,366,7.93698723534362
-14.4671241746282,3.46355313425337,292.44704456877,366.5,7.93011317591453
-22.433757665069,3.44184207609167,292.45230388791,367,7.91945376762123
6.52565837991915,3.51824120913323,292.447079204498,367.5,7.92255443662607
16.9005626096405,3.54494263809791,292.439061438867,368,7.93058474523207
15.8271729808538,3.54269366161139,292.431215654456,368.5,7.93810503235697
-25.6997375134283,3.43388071790639,292.437646364416,369,7.92589379252473
-11.3974062014249,3.47181392286923,292.438362790821,369.5,7.92047831073165
-51.859542362947,3.36144572379004,292.459672288766,370,7.89583722990142
8.0350318360462,3.52155176353887,292.454398802065,370.5,7.89965507826498
-13.8739199343348,3.46413480695115,292.45572478292,371,7.89306288005117
-1.6272971982957,3.49644453626367,292.452821703069,371.5,7.89228966918252
33.4732651670189,3.58496338201944,292.442177913336,372,7.90819450356882
-15.0981024244085,3.46160067496161,292.44378028747,372.5,7.90102063458982
2.72602000960656,3.50848980545373,292.439555501557,373,7.90231590401066
-11.0235889473027,3.47236482256078,292.439802871411,373.5,7.89707804162482
-11.5065567162848,3.47088890222494,292.440374767217,374,7.89161069692403
-23.4585072331057,3.43851508606013,292.446009593587,374.5,7.88046437849257
-29.2792821615581,3.42217011578413,292.454587897166,375,7.86655231669024
-0.413793059822835,3.4990077933538,292.45147099653,375.5,7.86635570276406
-56.8333656647613,3.34568419853046,292.475967378673,376,7.83935130794318
-58.1096476902715,3.34055589600352,292.502148433325,376.5,7.81174048724348
-13.1596258547621,3.46260845327749,292.503953193025,377,7.80548768612708
-18.3442973294915,3.44838009921935,292.507339062861,377.5,7.7967713864323
-17.0863530150534,3.451445190048,292.510238279867,378,7.78865279944611
-23.4295258455493,3.43386514461386,292.515965497749,378.5,7.77752025153171
-13.3634964988053,3.46073587027488,292.517372817814,379,7.77117058120302
-44.4408036514522,3.37519077937625,292.534332822886,379.5,7.75005451682915
26.8025271514004,3.56391417540025,292.524740132339,380,7.76278974756778
-47.0819625634732,3.36764042103926,292.542904238789,380.5,7.74041873555513
-6.58359364371044,3.47752706473732,292.541972500761,381,7.73729053858816
-7.14153066761821,3.47598745889363,292.54075102294,381.5,7.73389723763689
-37.9032661136704,3.39181226129326,292.553828291702,382,7.71588748665414
-24.299824625116,3.42846937466378,292.560213215057,382.5,7.70434141595114
-14.8444958614162,3.4538143133898,292.562195630857,383,7.6972880482248
-12.5390122745411,3.45982317863181,292.563120954476,383.5,7.69133013188174
7.82334330243287,3.51386730654691,292.557138351099,384,7.69504739635987
14.283433592669,3.53084914950385,292.549338396698,384.5,7.70183417514065
26.3124415627362,3.56154341073126,292.539151959664,385,7.71433654152966
-34.0570494797043,3.40225730959272,292.549738245022,385.5,7.6981543218102
-27.6162770390927,3.4192185297187,292.557628882306,386,7.68503243750996
-35.0818528745534,3.39793239590039,292.569357463446,386.5,7.6683632820765
-10.9055870125467,3.46349733109946,292.569844532792,387,7.66318148835382
-26.4808972520023,3.42072662293324,292.57693695925,387.5,7.65059908018144
-20.8336142020107,3.4356938819795,292.581534047893,388,7.64069998064939
-17.3489720869429,3.44482717340931,292.58451195418,388.5,7.63245661011357
-2.36195460505526,3.48508623732477,292.581646537875,389,7.63133432650503
0.302767629483672,3.49224467716754,292.577745957839,389.5,7.63147818665672
35.8822187254489,3.58268769652957,292.566260426826,390,7.64852763622173
-12.5948329721623,3.45868046440154,292.566708319431,390.5,7.64254319665344
12.6887901200787,3.52552769662533,292.559451485847,391,7.64857227999548
-27.4759579246836,3.41811661807175,292.5667465867,391.5,7.63551706837461
-14.4065324073078,3.45334665395455,292.568519069966,392,7.6286717991463
-5.04586779709446,3.47839806455632,292.566552398181,392.5,7.62627425318693
28.6974276610574,3.56546174670676,292.556101311354,393,7.63990984660707
-45.3101381653545,3.36846681234191,292.573113255921,393.5,7.61838071761578
-41.28555772761,3.37851711100424,292.588559176082,394,7.59876386951544
20.3733432143387,3.5436896341032,292.579878679238,394.5,7.60844427111662
2.5482972737739,3.4980895087824,292.575057980493,395,7.60965509551346
14.4082853949678,3.52916646861567,292.567216208579,395.5,7.61650119767452
7.73356618166692,3.5122843673449,292.56097397106,396,7.62017580452035
28.9863888040377,3.56644426387814,292.550412918789,396.5,7.63394869793498
-14.8918581875856,3.45291641695387,292.551807169075,397,7.62687282598176
-12.7407410916106,3.45845489465426,292.552721611004,397.5,7.62081905811628
-22.3024856138526,3.43210063492999,292.5577390413,398,7.6102220237869
-8.56598807443434,3.46903305192834,292.557128395169,398.5,7.60615189136931
-59.1430224407518,3.32865505209795,292.583494549287,399,7.57805006227281
16.8726009546748,3.53457692504214,292.575807179755,399.5,7.58606708488806
-17.957945341363,3.44248821647157,292.578601399202,400,7.57753436048405
-27.1158110625741,3.41688527166602,292.586004232796,400.5,7.56465027277858
-20.9119978947437,3.43339288852741,292.590572480652,401,7.55471392920578
27.1913380229859,3.55981673826847,292.580416334571,401.5,7.56763390357458
-0.589721465566004,3.48889503265116,292.57651953532,402,7.56735369720101
-21.1049439271319,3.43332063436815,292.580862916625,402.5,7.55732567524922
-19.333735766518,3.43772932903584,292.584633838668,403,7.5481392435133
-11.5421454568187,3.45863690479392,292.585108780452,403.5,7.54265498880921
18.3064744349761,3.53732643646391,292.576498789261,404,7.55135331694161
-18.232042620845,3.44072016178093,292.579398516906,404.5,7.54269035511336
-15.353446278282,3.44822527977484,292.581415863521,405,7.53539515940728
7.95764679933095,3.51047721700678,292.575343288715,405.5,7.53917623824188
0.347341665272124,3.49064252675953,292.571305013104,406,7.53934127776324
-62.7971004819363,3.3156696039781,292.600240306913,406.5,7.50950321212723
-37.7803299103182,3.38453684255737,292.613954909986,407,7.49155187432719
-23.0472680510774,3.42469872118866,292.619662552285,407.5,7.48060095634593
-22.2487753458116,3.42641088741304,292.624815708054,408,7.47002944247038
-34.6994945623613,3.39118102752894,292.636321050238,408.5,7.45354196473108
-8.7126724871131,3.46239785756598,292.635843847749,409,7.44940213516029
-9.99217569980893,3.45880089519188,292.635559344744,409.5,7.44465434916238
-6.4670713750084,3.46826602603069,292.633946263459,410,7.44158151779469
24.2189730716777,3.54875310146669,292.623951440839,410.5,7.45308917185202
-41.7112563830596,3.37107271879395,292.638982287768,411,7.43327005287732
-38.2306066794491,3.37979822603566,292.652719447769,411.5,7.41510476590305
9.94241563479551,3.51105322326027,292.646195353095,412,7.41982890838757
-7.92349758048722,3.46353479355838,292.644909098232,412.5,7.416064055567
-14.4877651830777,3.44544384389778,292.646414856078,413,7.40918018855508
-34.0041626752953,3.39075276422841,292.657455652211,413.5,7.39302309802038
0.218711628337758,3.48450357087028,292.6537487219,414,7.39312701893188
-22.2965106150126,3.42286402860748,292.658669942611,414.5,7.38253282362543
-7.31966055784834,3.46373997070582,292.65747092293,415,7.37905488419061
-47.9197528558038,3.34997769560288,292.676736535813,415.5,7.35628579580915
30.1529913948774,3.56069216467517,292.666092398245,416,7.37061300087846
23.8988050745417,3.54578725028439,292.655742302153,416.5,7.38196852699294
-7.19431764411045,3.46450048097588,292.654034294391,417,7.37855014429018
-1.39222735490417,3.48014953246492,292.650540677164,417.5,7.377888626945
13.5998317969264,3.51995881761081,292.642673387526,418,7.38435059207844
16.5187558208858,3.52791135863634,292.63402525629,418.5,7.39219948504684
-43.188211235599,3.36513073762211,292.649937370624,419,7.37167859042495
-40.1731847877948,3.37250003552579,292.664763619757,419.5,7.35259028674044
-27.0061787826464,3.40858188605931,292.672405502494,420,7.33975829085353
-6.16611848751995,3.4657138313605,292.670788680431,420.5,7.3368284573622
-5.9120242672153,3.46635540117157,292.668849607474,421,7.3340193568341
-22.2316413765928,3.42121336096475,292.673765728107,421.5,7.3234559841704
-25.9333416052134,3.41034811498758,292.680668066723,422,7.31113374726711
5.24432975131576,3.49544455998498,292.675226066771,422.5,7.3136255924978
-13.5729117846495,3.4444794085717,292.676182664049,423,7.3071764184182
-7.5889090860488,3.46071059351892,292.674942099001,423.5,7.30357054544512
3.58622324266842,3.49092001653885,292.669809474988,424,7.30527454075189
43.2042798965456,3.59148519470762,292.65718964018,424.5,7.325803070404
-30.319828802832,3.39885965855177,292.665693569309,425,7.31139659247829
-9.82032910788852,3.45521267720746,292.665491352466,425.5,7.30673045945241
-9.55437920389254,3.45578180949685,292.664957792478,426,7.30219069262226
-12.5834879630401,3.44728541108074,292.665636340507,426.5,7.29621164363927
-9.1166498962525,3.45660047218349,292.66496781831,427,7.29187986405236
46.3092486034428,3.59867146042357,292.652293864191,427.5,7.31388372073969
-38.6486073693979,3.37525897547875,292.66533126433,428,7.29551982058222
-56.1125487033329,3.32433820148411,292.690282319392,428.5,7.26885792220849
39.4653345665694,3.58160073057198,292.678589233878,429,7.28760989059727
27.214187183251,3.55241930946961,292.667584829223,429.5,7.30054072175305
8.60093120219335,3.50515174468456,292.660710210372,430,7.30462745741079
-39.7053841366019,3.37224053753752,292.674570419269,430.5,7.28576142937957
-12.9336245680331,3.44626095098588,292.675684795676,431,7.27961601285857
-16.2334227173852,3.43687430612934,292.677878442284,431.5,7.27190269602035
39.5654026818577,3.58238190968768,292.665759141298,432,7.29070221181131
25.0539548650653,3.54754899403268,292.6551786105,432.5,7.30260660777814
-55.1603830434334,3.32859240859628,292.678589306484,433,7.27639713127164
-9.88158830544338,3.4545814897213,292.678670084248,433.5,7.27170189091527
19.0868703239192,3.53165634389474,292.669552220682,434,7.28077102444437
-31.4622091835512,3.39487243732064,292.678728853672,434.5,7.26582174405614
-23.3229954888657,3.41694880136659,292.684333644756,435,7.25473981408032
-32.6634737979425,3.39010588238435,292.694616194477,435.5,7.23921975236404
3.11436049323868,3.48836079061767,292.689830528232,436,7.24069954191003
-17.9497136222092,3.43081358851645,292.692600508918,436.5,7.23217072881042
-35.7482476845508,3.38030582623044,292.704553151036,437,7.21518493563529
-25.0493764395441,3.4096609125187,292.711102621686,437.5,7.20328271510906
14.0217478979153,3.51585570604158,292.703170890134,438,7.20994515383471
8.88600047478343,3.5027390290483,292.696206234686,438.5,7.21416734026328
-27.7814484831546,3.402225160654,292.703621330056,439,7.20096697469
-14.2032218659047,3.4396161620623,292.705095812139,439.5,7.194218308541
-22.3809103555463,3.41647313394226,292.710096365787,440,7.18358401066646
-3.0143691210222,3.4697004179994,292.707182925625,440.5,7.18215173205815
0.963082047217087,3.48053260909569,292.702726510854,441,7.18260934085086
-39.3728982930497,3.36791870795894,292.716613639778,441.5,7.1639012935918
-14.3249393333853,3.4377120395675,292.718294857938,442,7.15709479334289
-24.312463637548,3.40940171548677,292.724257266809,442.5,7.14554271720843
26.3958200851243,3.54582135104123,292.713702610153,443,7.15808470093335
-16.2230654878081,3.43241575672214,292.715528914298,443.5,7.15037630533662
-20.3630307427082,3.4204714243407,292.719607485332,444,7.14070080371017
-36.6795381446196,3.37370920492104,292.732206201003,444.5,7.12327250752678
-0.38330853921752,3.47456888025106,292.728526491096,445,7.12309037833189
-8.64027491658632,3.45197717214413,292.727442728084,445.5,7.11898494849364
-21.9292751810687,3.41467867089886,292.732196297525,446,7.10856524524012
5.02438308427774,3.48875219461986,292.72661075032,446.5,7.11095258273021
27.030036868708,3.54649885851588,292.715640362426,447,7.12379591479559
30.9952795434855,3.55713227791149,292.703953648384,447.5,7.13852333339179
12.0933930328411,3.50937493809719,292.696013141611,448,7.14426951358653
-27.443174721098,3.4011014269342,292.703209620242,448.5,7.13122987891702
8.61503123096409,3.49992866387,292.696713794008,449,7.13532331420867
-10.6187551613592,3.4479039337748,292.696331893229,449.5,7.1302778087467
-33.2925514752307,3.38391325557874,292.706852539295,450,7.11445884053823
-14.8655394193511,3.43509829691937,292.708670864228,450.5,7.10739547395752
-40.7976047331241,3.36122391210498,292.723587427703,451,7.08801047690388
20.6612283938355,3.52978673124586,292.714298792906,451.5,7.09782766725511
34.1485686233402,3.56439408715348,292.702230625837,452,7.11405337232969
2.8026364470887,3.48403465763093,292.696886382314,452.5,7.11538504607928
-23.3068208276981,3.41193491623615,292.702119989626,453,7.10431080149973
1.41938870442503,3.47992933641756,292.697716260363,453.5,7.10498522457023
-37.465774651674,3.37124342867426,292.710454533561,454,7.08718334781827
31.7726039470341,3.55834912593824,292.699283657881,454.5,7.10228011239374
0.782186042894002,3.47833744919395,292.694599219768,455,7.10265176838277
-34.6173498408784,3.37953376971961,292.705708710125,455.5,7.08620332173842
-38.4479289028835,3.3676491464164,292.719426588511,456,7.06793477402891
-47.4151787690102,3.34076660659051,292.738733396185,456.5,7.04540543421234
-4.50281043936089,3.46120186041043,292.736602746042,457,7.04326592215836
13.0635857309598,3.50865979662292,292.728580774131,457.5,7.04947308977423
7.44671997145878,3.49410379985566,292.721932519692,458,7.05301140153665
64.3801645472588,3.63408550836612,292.708591058106,458.5,7.08360166065174
-2.65878428192754,3.46869807586502,292.704845672276,459,7.0823383383119
-15.7719270788021,3.43242264501477,292.706640651644,459.5,7.0748443012979
-54.3696011027545,3.32190868297153,292.730087329693,460,7.04901056512446
-24.0379353668464,3.40739900028961,292.736327899996,460.5,7.03758893119988
1.65064831600982,3.47830608134338,292.731769920584,461,7.03837323736078
-12.302279050715,3.43998106721378,292.732069385204,461.5,7.03252780489701
-29.4049987246059,3.39144709562996,292.740520422809,462,7.01855600882302
-6.10588234652236,3.45628125539021,292.738716981825,462.5,7.01565479655648
-3.58120160406838,3.46317960039318,292.735741102379,463,7.01395318728315
10.7027931731189,3.50187112579759,292.728313943045,463.5,7.01903862343765
-9.93876692708881,3.4459470387858,292.727589015555,464,7.01431621463795
21.7647047105906,3.53103683209396,292.717700314609,464.5,7.02465772217124
15.2980665408971,3.51478501641575,292.708974028965,465,7.03192660417452
-7.24411787689389,3.4543713079434,292.70718238317,465.5,7.02848455887263
-6.85805616260001,3.45532093891777,292.705450158392,466,7.0252259509378
1.66962811889518,3.47858880591332,292.700762289202,466.5,7.0260192753591
1.79680902303737,3.47904492463631,292.69596410907,467,7.02687302983428
-27.5086141657484,3.39749450218643,292.70328151454,467.5,7.01380230158832
-9.93646366247006,3.44627489927622,292.702971244822,468,7.00908098718566
-1.98969735188589,3.46803765718022,292.699536116537,468.5,7.00813558174933
22.8741466194881,3.53418521006471,292.689447380606,469,7.01900424101803
-29.416509882506,3.39193461102131,292.697579309124,469.5,7.00502697541308
15.3604612637897,3.51464595878635,292.689369384061,470,7.01232550429213
-21.4173469020884,3.41439962937356,292.693603907592,470.5,7.00214904395066
-4.39246136656366,3.4614350167626,292.691148156991,471,7.00006196429964
-33.352103196155,3.37987257133941,292.701648873284,471.5,6.98421470006883
-7.47216731746233,3.45210624727062,292.70046812663,472,6.98066429699049
-38.7232668250004,3.36341982465306,292.714084743793,472.5,6.96226492236494
-15.5978860287834,3.42835041201746,292.716284600916,473,6.95485358102055
1.33861955219943,3.47503827439712,292.711776495626,473.5,6.95548962659835
-50.3704391531583,3.32835131006286,292.73262485942,474,6.93155609371177
0.0161373855035514,3.47036444024701,292.728952041848,474.5,6.93156376139649
18.431439014364,3.51983923105874,292.719615684503,475,6.94032146649523
-11.1378637016074,3.44011575848715,292.719342607029,475.5,6.93502930641741
15.6424688882109,3.51284932488163,292.710778588913,476,6.94246183132403
6.20430006965345,3.48812216657059,292.704489132567,476.5,6.9454098068083
-11.2503615310289,3.44034001103741,292.704368516955,477,6.94006419334501
-2.57185221595267,3.46421031300044,292.70114511493,477.5,6.93884217680863
2.93726417363762,3.47929972124931,292.696021083835,478,6.94023781897253
-24.177230923495,3.40379429819979,292.701727182056,478.5,6.92874999871242
-10.926700708739,3.44062993525644,292.701798052931,479,6.92355817280916
-44.5225890199506,3.34439175962606,292.719012957295,479.5,6.90240324808704
-2.30801228091542,3.46330756090034,292.716076537235,480,6.90130659519386
-54.2772868623229,3.31465344342433,292.739676169218,480.5,6.87551672216608
-1.57080073467421,3.46407955794147,292.736586074003,481,6.87477035561312
-27.087981166261,3.39213985206983,292.743854994668,481.5,6.86189949129322
-8.1136414184109,3.4453462309559,292.742814982551,482,6.85804429155738
-9.52624053394747,3.4412746239748,292.742127182595,482.5,6.85351789482672
3.58419856046655,3.47745296245498,292.736779515877,483,6.85522092810499
2.32441617986371,3.47418837063562,292.731718980452,483.5,6.85632537531685
4.57836327866858,3.48049181600192,292.725972096657,484,6.85850078633051
-11.6408583179278,3.43574213400282,292.726031282845,484.5,6.85296962817378
-18.0342989828097,3.41743168346308,292.729017617805,485,6.84440062430865
-5.86774166207683,3.45130576814677,292.727034174242,485.5,6.84161256467684
14.799479389618,3.50756180218312,292.71856987286,486,6.84864454280986
21.187978782143,3.52477971759274,292.70854295409,486.5,6.85871201880388
-1.47489220855579,3.46452562850348,292.704653204195,487,6.85801122322276
-7.4954338068905,3.447851922354,292.703139580191,487.5,6.85444976506332
-6.39283726502274,3.45080476273582,292.701271226802,488,6.8514122060606
-29.8678320925354,3.38410206435555,292.710024891931,488.5,6.8372204945398
-31.9882915551638,3.3772003315158,292.720204362776,489,6.82202124591714
-3.19961547037304,3.45815326107593,292.717422639471,489.5,6.82050094743708
-2.55448437077234,3.45994820587261,292.714105471296,490,6.81928718323879
-0.420173855097037,3.46587059007089,292.710050327071,490.5,6.81908753747536
-41.4458573886325,3.34898955176335,292.725391943326,491,6.7993945229315
-41.4726244368784,3.3477377098991,292.741268904164,491.5,6.77968879001472
-2.72909166990474,3.45759719241827,292.7384124768,492,6.77839206109334
-13.4525639158964,3.42749375674136,292.739322143388,492.5,6.77200007034831
-11.7632813073539,3.43201474133784,292.739627744073,493,6.76641074286265
-38.9312383609171,3.35348862996813,292.753674588722,493.5,6.74791255048451
-13.4855311526824,3.42595717037462,292.755005679683,494,6.74150489534467
-34.6497422723353,3.3646399566963,292.766620113948,494.5,6.72504105742448
51.3021641949852,3.59509301298334,292.753199997139,495,6.74941729981102
3.29059440309353,3.4733263087581,292.747462262698,495.5,6.75098082696478
-10.3070170351636,3.43558594095596,292.746968565059,496,6.74608344398935
-33.8117187164963,3.36786595989373,292.757985585342,496.5,6.73001779327321
6.22349852018838,3.48058689838874,292.752045107296,497,6.73297489090839
30.8631704193224,3.54581545223284,292.740226330736,497.5,6.74763953780513
15.6222401345297,3.50700265892542,292.731221355402,498,6.75506245101193
16.9798278207302,3.51104494752955,292.722038763981,498.5,6.76313042251244
-28.7736992510802,3.38404931752228,292.729997188589,499,6.74945858861795
-20.5525971952285,3.40696229678359,292.734325011769,499.5,6.73969301442112
14.1274674460501,3.50288807440505,292.726130859583,500,6.74640568582937
