curr_dens,Volts_tot,Temp_tot,t_tot,SOC_tot
-16.5316019209436,3.81034585210022,299,0,53
-16.5316019209436,3.81015536328095,299.002251015913,0.5,52.9921450032024
-6.16895042402418,3.82594028536447,299.00309296547,1,52.9892138241154
-34.0866394811198,3.78304969020729,299.009058342563,1.5,52.9730175446957
7.43525834358973,3.84651552461133,299.008680789857,2,52.9765504104614
-17.7811458636595,3.80776655816622,299.011104416178,2.5,52.968101692395
-9.79203713256241,3.81989949658908,299.012446797007,3,52.9634490023116
-0.962726073583959,3.83343902992551,299.012598225239,3.5,52.9629915626599
-14.5362413898813,3.81253412830891,299.014531239836,4,52.9560846621604
-35.9368862430989,3.77962926796751,299.02107818706,4.5,52.939009237304
3.63739927933403,3.84008361312048,299.020994803614,5,52.9407375489236
-24.0840761575525,3.7974675739775,299.024673623729,5.5,52.9292939911852
25.5510828844969,3.87360122778629,299.023466811316,6,52.9414345977152
-21.8822133339833,3.80094770721872,299.026524356319,6.5,52.9310372559158
24.3269630683541,3.87182920657263,299.02530881919,7,52.9425962214602
-4.23451976167641,3.82820062118159,299.025553367918,7.5,52.9405841878215
11.4171499732644,3.85228541600653,299.024602103908,8,52.9460090508751
-0.328568835042713,3.83432870512618,299.024488089668,8.5,52.945852931271
-27.1418395848875,3.79309143274351,299.028782939592,9,52.9329564761035
-23.5813218305633,3.79826534814468,299.032588489061,9.5,52.9217518022704
-29.0604587576042,3.7896500933557,299.037559531822,10,52.9079437144898
11.2304270400714,3.85139754830567,299.036785513214,10.5,52.9132798560723
11.9190715574009,3.85261433976864,299.035644889015,11,52.9189432073531
-4.47352722936435,3.82750995491142,299.035977661644,11.5,52.9168176092273
-13.6722715539445,3.8133080101482,299.037751926834,12,52.9103212243164
-39.5053973683324,3.77366290276416,299.045209695467,12.5,52.8915502200724
12.6259979235355,3.8533406654023,299.044435234643,13,52.8975494676789
-28.5290497613023,3.79017297884805,299.048969784971,13.5,52.8839938790805
-9.52057838645467,3.81911956349346,299.050315711237,14,52.8794701727213
0.629035363175756,3.83472495717395,299.050202785454,14.5,52.8797690591079
-39.4184953052853,3.77331698914142,299.057546189909,15,52.8610393464116
-19.5894221785447,3.80323695164983,299.060712389991,15.5,52.8517314251819
-28.7972393102984,3.78896194745504,299.065625575149,16,52.8380484062196
-15.8561414665482,3.80859444608005,299.06800707363,16.5,52.8305143547079
-3.32323795138466,3.82783358023966,299.068373567438,17,52.8289353169601
37.4236203130983,3.89029964091353,299.067036870212,17.5,52.8467171640624
-22.3391230299545,3.79902925667762,299.070069492961,18,52.8361027214511
-29.9076582880093,3.78722753101061,299.075212316483,18.5,52.8218920864987
-1.64939457686236,3.83043270324527,299.075482120769,19,52.8211083760525
-19.0241815265467,3.80368721947248,299.07815108274,19.5,52.8120690291287
9.99376303935976,3.84827737965763,299.077232168725,20,52.8168175693516
1.79481819399695,3.83579760984169,299.076775646898,20.5,52.8176703778836
-53.636744663523,3.75119154992089,299.088378270652,21,52.7921848587197
18.600368436406,3.86120799119353,299.087339181191,21.5,52.8010228306961
-9.09952948136231,3.81879320315268,299.088157372327,22,52.7966991858807
-29.083839548459,3.78802635585565,299.092976173486,22.5,52.7828799887086
2.87284279047156,3.83696419542124,299.092705970653,23,52.7842450210284
-1.13422566091758,3.83087080590518,299.092581118452,23.5,52.783706093284
15.6300643466875,3.85672549449606,299.0911528317,24,52.7911327241681
25.6879714593667,3.87231707403556,299.089391737695,24.5,52.8033383733554
-28.8252628140649,3.78883170348815,299.093812230307,25,52.7896420390148
-16.2400146036755,3.80784775597742,299.096148092714,25.5,52.7819255900393
-42.1393082261882,3.76814321792087,299.104358547823,26,52.7619030820722
-10.7670902132485,3.81574148364315,299.105936322,26.5,52.7567870951552
-37.1889226789608,3.77517878570811,299.112790901014,27,52.739116764721
7.48141186677971,3.84351688211914,299.112136097417,27.5,52.7426715603504
-46.7149822014123,3.76058354936729,299.121558616967,28,52.7204749191932
-25.1344856299596,3.79296742171995,299.125894505929,28.5,52.7085322590035
-11.7553221116132,3.81337612361721,299.127450572795,29,52.7029467133326
-30.9086056525746,3.78390193190873,299.132767087442,29.5,52.6882604778679
-20.9514014388209,3.79892408273014,299.13606374213,30,52.6783054116865
-8.56898631148124,3.81788204656852,299.13706981032,30.5,52.6742338546554
-1.58569213203121,3.82866573443218,299.137004685066,31,52.6734804124495
7.96521047953944,3.84346551894572,299.135913156958,31.5,52.6772650851696
-27.0758539748332,3.78963068300957,299.140121531258,32,52.6643999830892
15.3479911943345,3.85476042783617,299.138763630343,32.5,52.6716925868101
-54.8930638043574,3.74753362174277,299.15076290116,33,52.6456101271394
-42.9840157237852,3.76486966907589,299.159771937759,33.5,52.6251862560909
-35.4812738388216,3.77587932119132,299.166597587193,34,52.6083273156378
4.97869023381572,3.83788837317759,299.166013300951,34.5,52.610692942153
4.78440038715603,3.83774228682282,299.165075129038,35,52.6129662517753
7.29255320855814,3.84174463742595,299.163910219297,35.5,52.6164313111431
3.93765927525652,3.83671976012882,299.163034379578,36,52.6183022914113
-46.8126560802775,3.7590487978457,299.172511402894,36.5,52.5960592404743
5.13904420813297,3.83825219758879,299.172004318414,37,52.59850105924
-32.4063255719818,3.78059496458027,299.17747744579,37.5,52.5831031815989
8.63518196471214,3.84350877505836,299.176497635264,38,52.5872061915191
-9.09070072809046,3.81632851407387,299.177220775436,38.5,52.5828867416891
-29.194311417385,3.78538443641467,299.182015435431,39,52.5690150537675
29.1157363335126,3.87479545301525,299.180218729938,39.5,52.5828494067088
-4.66512089077306,3.82327580278725,299.180143801886,40,52.5806327727835
41.9733301054776,3.89458858634071,299.178595804235,40.5,52.6005764161848
-42.5820411933592,3.76571545356304,299.186400278163,41,52.5803435434838
12.0821639128104,3.84915175607086,299.185257356129,41.5,52.586084388158
8.24585655893331,3.8434217406482,299.183906137165,42,52.590002409967
4.41789752019717,3.83764955890847,299.182917050943,42.5,52.5921015756159
-15.482469125781,3.80706381729674,299.184650018023,43,52.5847450746559
5.31035998051398,3.83897222249737,299.183769333488,43.5,52.5872682941745
-38.2451033287992,3.77220930152794,299.190599798832,44,52.5690961191119
-0.703297957507278,3.82943542849088,299.190553620213,44.5,52.568761946826
-30.1625432613044,3.7841817168518,299.195403425115,45,52.5544302031838
-18.454879519668,3.80185778010603,299.198018453973,45.5,52.5456613603202
-13.2098168926247,3.80980052800244,299.199571336751,46,52.5393847109136
-24.9115935388183,3.79173468811433,299.203358378074,46.5,52.5275479579838
-46.2596577757851,3.75904948255202,299.212908098044,47,52.5055676643967
22.77858689441,3.86452478823562,299.211240183062,47.5,52.5163909184265
-11.8605789701155,3.81152989224396,299.212217198487,48,52.5107553599202
-2.27446159766682,3.82625764124042,299.212064388667,48.5,52.5096746486466
5.55790227557309,3.83837554920397,299.210975536769,49,52.5123154879788
-4.04620194766548,3.82368470766376,299.210900031415,49.5,52.5103929336194
-7.71480441200455,3.81803749033536,299.211411453723,50,52.5067272414353
-4.04428455381741,3.82366856451104,299.211441009235,50.5,52.5048055981263
-6.36552220626958,3.82009869640927,299.211755143237,51,52.5017810178839
-28.9688276095481,3.78533680013966,299.216353113068,51.5,52.4880164686774
19.2591366129158,3.85926622476763,299.214616126573,52,52.4971674545977
8.01181798364277,3.84224908592437,299.213149058343,52.5,52.5009742728907
6.15401954272608,3.83951350668503,299.211923003953,53,52.5038983575639
1.88413134998988,3.83303648009834,299.211126382036,53.5,52.5047936032752
-35.2087115543143,3.77613768438447,299.217138660245,54,52.4880641708929
10.9882039079013,3.84676945377792,299.215902782395,54.5,52.4932852200641
-0.675863308219264,3.8289726319102,299.215345080578,55,52.492964083362
4.98608551303617,3.83772501922905,299.214285051685,55.5,52.4953332237469
-47.8035224196563,3.75704493101208,299.22385417829,56,52.4726193623003
-43.4022445105077,3.76317082894244,299.232691444478,56.5,52.4519967696883
20.0380045048244,3.86008843007254,299.231021355765,57,52.461517834977
-10.6884176911948,3.81308412260962,299.231761374729,57.5,52.4564392293381
-16.8069534225203,3.8036058194553,299.233799185401,58,52.4484533991721
-22.2022739545484,3.79519275106071,299.23696370539,58.5,52.4379039804499
-32.0824977929412,3.77989125811733,299.242463325709,59,52.4226599696984
7.88256543100911,3.84110019168648,299.241361354961,59.5,52.4264053735929
10.645249451104,3.84550410436023,299.23969341426,60,52.4314634678265
-26.3693929602497,3.78870475250483,299.243509614285,60.5,52.4189340409598
18.0720218716676,3.85685197708269,299.241709554204,61,52.4275209688696
-16.7493060346177,3.80350361272078,299.243480006073,61.5,52.4195625298814
-39.3389711209317,3.76883669400645,299.250799498689,62,52.4008706031308
-50.9301547727836,3.75097419098526,299.261932746093,62.5,52.3766711211595
-54.4271367525479,3.74523882686661,299.274469147895,63,52.3508100469007
-42.9144208756471,3.76203718902978,299.283430140489,63.5,52.3304192438701
-23.0957310810429,3.79194220898687,299.287137747425,64,52.3194452986621
-7.41013549242153,3.8160067301301,299.28769917901,64.5,52.3159243700285
14.1819086339341,3.84934475902027,299.285773167335,65,52.3226629091874
-3.05875115001528,3.82302394655985,299.285359110642,65.5,52.3212095424415
-9.74133591544178,3.81276760245316,299.286055380065,66,52.3165809430604
-3.82655872915243,3.82187402247999,299.285928024613,66.5,52.3147627522579
49.4140906219771,3.90301699863482,299.28440082357,67,52.3382418757844
-35.8458162301153,3.77337185523287,299.290221898406,67.5,52.3212097228786
-23.5812688576666,3.79175714345534,299.293789647128,68,52.3100050742156
10.8404839424039,3.84458203570695,299.292225364763,68.5,52.3151559341903
4.56349984128479,3.8350998261805,299.290914650445,69,52.3173242828361
-43.0512281720846,3.76221376519409,299.299066535119,69.5,52.2968684757678
7.05861041860423,3.83865377068614,299.29799851275,70,52.3002223771319
-20.6438702029579,3.79612449785317,299.300535669533,70.5,52.2904134345316
-8.2294109011211,3.81508186040597,299.301092853347,71,52.286503226883
-26.5914339279797,3.78682796835262,299.305058034348,71.5,52.2738682971679
11.2976133951926,3.84494451976945,299.30345712334,72,52.279236362372
46.8239514057386,3.89903292550917,299.301595513849,72.5,52.3014847802872
11.5333781619853,3.84602011776086,299.299466881678,73,52.3069648692079
-3.88562632145089,3.82244298733921,299.299092509994,73.5,52.3051186124169
18.7654901309635,3.85722932998433,299.296925040589,74,52.3140350420279
4.16010364819631,3.83503386321053,299.295583256742,74.5,52.3160117168226
0.696850573861573,3.82976507595027,299.294710968564,75,52.3163428256318
-29.3184012678317,3.7836930202225,299.299094754616,75.5,52.3024121763716
-14.2917870816066,3.80643231168935,299.300678621355,76,52.2956214284275
-6.2488260139856,3.81870164973188,299.300841649974,76.5,52.2926522964242
1.18478477268905,3.8301283444178,299.29999058105,77,52.2932152473493
7.47056835009521,3.83985235858427,299.298465001335,77.5,52.2967648906777
-20.9234765482527,3.79628567525205,299.300967857639,78,52.2868230930184
44.7025638221164,3.89635262793612,299.29932454816,78.5,52.3080635328347
35.3536198982913,3.88278190956758,299.296846651275,79,52.3248618184705
17.4202683724039,3.85589038209261,299.294523162277,79.5,52.3331390654629
17.0097474864062,3.85543062852838,299.292340941909,80,52.3412212533036
1.04978252599648,3.83111093342862,299.291341415858,80.5,52.3417200578611
1.71370042072799,3.83212894146736,299.290390188457,81,52.342534323253
-38.4568149333408,3.77064625383712,299.296970543257,81.5,52.3242615533428
-1.89697176030246,3.82618643976041,299.296779029215,82,52.3233602065058
-31.0811626221017,3.78142181350904,299.301552341678,82.5,52.3085919805328
21.4013264854455,3.86162825934432,299.299560129663,83,52.3187608287674
10.1200191392941,3.84461085374055,299.297697201624,83.5,52.3235693596231
-64.31236304027,3.73168523907107,299.312602919688,84,52.2930113164193
5.73313738917482,3.83735004583394,299.31186143875,84.5,52.2957354187808
-65.806270286489,3.72888378580077,299.327500276386,85,52.2644675449936
14.9145587625382,3.85092100988402,299.32605619022,85.5,52.2715542031334
-14.269861116386,3.80626041326522,299.327196003274,86,52.2647738733198
-52.2151607535733,3.74847125363151,299.338237127252,86.5,52.2399638202791
-23.0193875336613,3.79222636543185,299.341757128886,87,52.229026149736
-2.15787062906107,3.82416809671473,299.341375929346,87.5,52.2280008367046
-32.0321291202288,3.7783459452391,299.346480156954,88,52.2127807586466
-11.4161273351064,3.80970279873001,299.347553527863,88.5,52.2073563814999
8.96578621641936,3.84105851537637,299.345878958266,89,52.2116164781532
11.7268155768851,3.84546473781576,299.34383455602,89.5,52.2171884789335
-11.3040215059228,3.81020622126438,299.344464938617,90,52.2118173689132
15.9365833393743,3.85203323393666,299.342339588146,90.5,52.2193896424106
-26.1764814295067,3.78753670730147,299.345827063134,91,52.2069518775294
-31.7177866131428,3.77883274914486,299.35102252727,91.5,52.1918811594305
-34.7305083066313,3.77395491821213,299.357084597975,92,52.1753789454991
-2.29592718127917,3.8234399815247,299.356806267506,92.5,52.1742880348455
-16.0996693277505,3.8022381498458,299.358397920392,93,52.1666382709801
-0.497750057825414,3.82617341039721,299.357701243168,93.5,52.1664017648551
-48.3845853312423,3.75304269763399,299.367443883952,94,52.1434118111502
-4.52943259366039,3.8195929965189,299.367604392328,94.5,52.1412596495697
10.0552736567037,3.8420913359929,299.365725916323,95,52.1460374165853
-12.498925916639,3.80754472697936,299.366550335402,95.5,52.1400985472901
11.9295363262756,3.84508414307711,299.364606035925,96,52.1457668709098
-17.0726915830538,3.80064198334869,299.366228758545,96.5,52.1376547751581
-39.4567314746076,3.76631747689913,299.373411481367,97,52.1189068945316
-10.8575096274542,3.80972709679823,299.374419537629,97.5,52.1137479447963
-40.5885017894744,3.76419753510607,299.381918619256,98,52.0944623030841
-13.5001491665146,3.80527369321096,299.383403859606,98.5,52.0880477021896
21.9458756514071,3.85973261008341,299.380901670745,99,52.0984752931627
-14.7192552515518,3.80367647394257,299.382008168473,99.5,52.0914814335587
-45.4216735952999,3.75674112341799,299.390961099376,100,52.0698993084664
0.746291453996475,3.82701409064647,299.390352925822,100.5,52.0702539091282
-9.30572486848905,3.81161941182793,299.390692993018,101,52.0658322904979
7.70333173875597,3.8378044236076,299.388989401835,101.5,52.069492531437
-16.9073425487954,3.8000626379379,299.390593891202,102,52.0614590013404
7.86197847440918,3.83809304820007,299.388944487925,102.5,52.0651946233348
-4.02833168310866,3.81993746780916,299.388423859627,103,52.0632805600383
-0.743905562149449,3.8250149744505,299.387571312214,103.5,52.0629270930339
12.984121101616,3.84617056961205,299.385397807137,104,52.0690965030016
-4.92228866862346,3.81881968576528,299.384956318145,104.5,52.066757675711
13.257308449254,3.8467638266561,299.382812578311,105,52.0730568907485
-5.81322421357689,3.81762439184044,299.382492339371,105.5,52.0702947351026
-6.04604017263612,3.81724178812178,299.382358275038,106,52.0674219568672
22.0910097336519,3.86039670952462,299.379841173609,106.5,52.0779185083536
-40.6190831106359,3.76461626840469,299.386886817037,107,52.0586183359152
-32.4483760994261,3.77659468819398,299.392354909675,107.5,52.0432004779503
-23.5303191820017,3.78992472691153,299.395658300354,108,52.0320200380447
21.1658389339045,3.85841824489976,299.393256424985,108.5,52.0420769942815
-10.303302295414,3.81036500821317,299.393551277999,109,52.0371813763661
-8.49018349025518,3.81309936650427,299.393807901017,109.5,52.0331472625248
-46.845398239847,3.75452505819573,299.40304363157,110,52.0108886541385
17.0905468126168,3.85196078463726,299.401030015999,110.5,52.0190092338092
-12.9126005121267,3.80607902071579,299.401785163546,111,52.0128738068762
-24.1650330064651,3.78872109234705,299.40501247308,111.5,52.0013917824609
-10.0602927745973,3.8102007223168,299.405646876547,112,51.9966116306095
-2.03188088739149,3.82253187462006,299.4049712412,112.5,51.9956461816506
-9.99984736004057,3.81030778403207,299.405385846772,113,51.9908947504605
-0.680853518098174,3.82461843572942,299.404536406148,113.5,51.9905712426583
-29.0995093380674,3.78101172615734,299.408792938628,114,51.9767445999799
-11.0504791303374,3.80846017614494,299.409637539554,114.5,51.9714939607136
-15.769379267977,3.80115468932945,299.411144399925,115,51.9640011342928
21.723926437828,3.85867570010881,299.408598477179,115.5,51.9743232660147
-4.7440015147999,3.81833385315012,299.408021884677,116,51.9720691519315
-36.0463741038394,3.7703543839974,299.414068690799,116.5,51.9549417038775
-4.88150373645921,3.81780324274479,299.414018966298,117,51.9526222555626
-18.2369993031109,3.7972690673144,299.415930427254,117.5,51.9439569385649
10.5736295486348,3.84148025511874,299.414000395854,118,51.9489810025753
4.05756804552728,3.83164057225006,299.41242158328,118.5,51.9509089575403
11.6593644740505,3.84341400220702,299.410232787264,119,51.956448908904
-18.0778593680327,3.79785543533554,299.41194001084,119.5,51.9478592073056
-20.7251392612804,3.79364207493929,299.414445439789,120,51.938011649682
25.8393179540371,3.86493938776324,299.411859949342,120.5,51.9502892112125
-12.1790360820834,3.80694027469621,299.412383230001,121,51.944502337691
-17.7234197583072,3.79833016159149,299.414217592388,121.5,51.936081048205
-24.1153224974873,3.78838378827517,299.417439502462,122,51.9246226437565
0.339925631701286,3.82578484310892,299.416568270005,122.5,51.9247841595468
10.9235046973029,3.84211631166286,299.414450496738,123,51.929974466864
-15.3029507434071,3.80194834613196,299.415632667503,123.5,51.9227032641301
27.5382023404055,3.86753185227568,299.412989929157,124,51.9357880512082
0.998756218760455,3.82724947845469,299.411622821351,124.5,51.9362626105968
-18.5157109725072,3.7972875759085,299.413469860487,125,51.9274648636459
-47.3328244849787,3.75329243253039,299.422871139821,125.5,51.904974654498
6.79061142506435,3.83559482084592,299.421548770438,126,51.9082012160407
27.4007635871256,3.86722533574025,299.418702389074,126.5,51.9212206990441
-6.52361364524566,3.81558443085995,299.418297917248,127,51.9181210015957
28.6924555735037,3.86946733937841,299.415596886033,127.5,51.9317542325266
-0.968164186368246,3.8244285430309,299.414441802571,128,51.9312942089536
-3.62879882985801,3.82034642995765,299.413840578948,128.5,51.9295699838407
-5.96967056240816,3.81673106955176,299.413585334703,129,51.9267334926541
-31.2920228718924,3.77788164316339,299.4182946251,129.5,51.9118650763551
-12.5225038484982,3.80631975115058,299.419338228773,130,51.9059150039968
-0.38347145495586,3.82490924051329,299.418427156486,130.5,51.9057327973924
-36.0462602702558,3.77029812469665,299.424354597815,131,51.8886054034264
-13.5237448695444,3.80440574508591,299.425636131013,131.5,51.8821795910248
10.1941801514783,3.84080467607979,299.42367006366,132,51.887023359513
2.13504688336131,3.8285869188506,299.422270497804,132.5,51.8880378278332
12.4710193999334,3.84452423273903,299.420020956322,133,51.8939634373366
-52.9383730819401,3.74487534049682,299.430913003719,133.5,51.8688097496893
-25.5916694768528,3.7857031791733,299.43482162429,134,51.8566498584248
-8.51055850589773,3.81173298961737,299.435151675737,134.5,51.8526060633873
-7.49494503395,3.81328045761298,299.435158937406,135,51.8490448374685
10.8365812422283,3.84146273190128,299.433062804264,135.5,51.8541938430738
15.2684997023179,3.84842220431207,299.430537414233,136,51.8614486763827
-37.8625954410716,3.76719053605607,299.436816393632,136.5,51.8434582500852
4.2643205408754,3.83140034328002,299.435599606295,137,51.8454844435752
16.9990589790808,3.85102911561936,299.433026228076,137.5,51.8535615527678
15.5845147829979,3.84908307339009,299.430451163433,138,51.8609665407598
-6.82651096642079,3.81486915905573,299.430135392952,138.5,51.8577229215366
17.2626175228702,3.85179754888861,299.427675730268,139,51.8659252606692
-19.9505843753576,3.79488361138449,299.42961947487,139.5,51.8564457330875
6.58482922160105,3.83546811968,299.428011651856,140,51.8595745171398
20.9625104613669,3.85756464792866,299.425314848248,140.5,51.8695348617774
-23.4509237150105,3.78969322274083,299.427945789428,141,51.8583921466574
-24.7714940385795,3.78743743208726,299.431260806999,141.5,51.8466219620572
-3.82417343379949,3.81936858450388,299.430871680321,142,51.8448049046287
-7.28466328771784,3.81405091208153,299.430780561785,142.5,51.8413435941598
-7.89883617605755,3.81307310242032,299.430812930214,143,51.8375904592147
-15.7587569979329,3.80095260805447,299.432174330164,143.5,51.8301026799695
-2.75670882905136,3.82082467884231,299.43155970341,144,51.8287928287447
-30.4134652179025,3.77841625193729,299.43603619157,144.5,51.8143418594416
-12.5607266689788,3.80549382672262,299.437059035693,145,51.8083736254959
-8.655538818004,3.81143068125724,299.437264438368,145.5,51.8042609430093
-54.5282087880397,3.74163420214376,299.448960086654,146,51.7783518443352
-20.7886837876874,3.79223138946547,299.451857039594,146.5,51.7684740935062
2.3320453367983,3.82767805892737,299.45064883537,147,51.7695821657148
23.0281344555416,3.85949201847465,299.447799615087,147.5,51.780523992361
-11.2884652736136,3.80713646071107,299.448122131388,148,51.7751602738903
6.47478075321686,3.8343965775998,299.446396105917,148.5,51.7782367683719
-4.09964506836612,3.81825749168026,299.445742053517,149,51.7762888204938
-33.6552869907992,3.77295292811386,299.451049229517,149.5,51.7602974983703
6.50677280946318,3.83427774080019,299.449532146358,150,51.7633891938893
-14.5595639035314,3.80200537317661,299.450543925489,150.5,51.7564712116886
29.4891038145544,3.86939829615696,299.447779056387,151,51.7704829703274
-43.1730508688857,3.75864996364733,299.455439264119,151.5,51.7499692791594
16.1693661079285,3.8490747519123,299.453298465017,152,51.7576521594758
12.3388113294107,3.84343056614371,299.450865862807,152.5,51.7635149502654
13.8841258171741,3.84596232781555,299.448374732089,153,51.7701119978082
-20.3850492957291,3.79351733621611,299.450398790732,153.5,51.7604260340581
18.1808223348414,3.8525249185767,299.44795812285,154,51.7690646585484
-6.04437632086233,3.81558620718039,299.447465203459,154.5,51.7661926708929
16.9880167831354,3.85088663825942,299.444967990661,155,51.7742645333819
-15.3818647025382,3.80141213753296,299.445995503366,155.5,51.766955834651
4.94360999502361,3.83250356532297,299.444458119228,156,51.7693047927776
-6.22557492491757,3.815420937156,299.444093986248,156.5,51.766346708538
6.43256612774417,3.834831192527,299.442339934788,157,51.7694031447246
-43.2893678415727,3.7588978399298,299.450125412249,157.5,51.7488341855038
-42.5835647185039,3.75950304690804,299.458263128722,158,51.7286005888993
-19.4788349457814,3.79428898420391,299.460679040568,158.5,51.7193452132344
-9.29838137164045,3.80980118928364,299.461007098276,159,51.7149270838694
-44.7126981279421,3.75570464779396,299.469509606709,159.5,51.693681828734
-34.6749567450677,3.77048121022038,299.475563347878,160,51.6772060101477
23.5714057308425,3.85954767148224,299.472955799125,160.5,51.6884059723423
-1.05592042474131,3.82213096036714,299.471724920021,161,51.68790425136
-5.12315535120349,3.8159291899921,299.471226126988,161.5,51.6854699821906
-29.3333602674574,3.77878044904775,299.475443739284,162,51.6715322251561
-4.23123665600642,3.81707046926924,299.475085428168,162.5,51.6695217514862
-38.4505480677974,3.76468437536704,299.481710464729,163,51.6512519592796
-21.4363739814789,3.79030466769163,299.484501851966,163.5,51.6410664582142
-20.7438125961875,3.79122713773719,299.486972966095,164,51.6312100279486
-35.0402943444161,3.76923426858017,299.492883130625,164.5,51.6145606190661
-28.6916855233955,3.77863159406123,299.49733691932,165,51.6009277540248
-14.1479037292167,3.80075697763051,299.498599147012,165.5,51.5942053723091
-16.6908014759666,3.79680289177896,299.500193791704,166,51.5862747317837
-19.4773430057905,3.79244574967946,299.502372062413,166.5,51.5770200650147
-59.5284963624816,3.7316759636557,299.516181485268,167,51.548735077841
9.27825145047295,3.83611035672559,299.51455980295,167.5,51.5531436424664
-3.33904824443753,3.81689826739853,299.513682834537,168,51.551557092452
-12.3618953790248,3.80306373716727,299.514339972021,168.5,51.5456833332676
-0.204181600115504,3.8217659053573,299.513219372625,169,51.5455863163044
18.6474202217719,3.85079943305198,299.510345045396,169.5,51.5544466449542
-22.7346695334352,3.7874736341067,299.512839041377,170,51.5436442582747
-14.2559672622582,3.80032795209778,299.513990732502,170.5,51.536870530131
-6.25772684270286,3.81257395763397,299.513716433816,171,51.5338971688957
17.7488180406358,3.84947300548095,299.510942298389,171.5,51.5423305263851
-22.8309788048353,3.78737404942209,299.513443114704,172,51.5314823783195
9.02437701390248,3.8361856467857,299.51142647801,172.5,51.5357703144121
22.8396042587328,3.85746966756907,299.508347621891,173,51.5466225608652
-17.1807935523958,3.7963439406954,299.509612464415,173.5,51.5384591004226
-25.8381894311094,3.78293229578668,299.513060287484,174,51.5261820751102
-15.1091167275234,3.79917137853046,299.514371415738,174.5,51.519002972681
-20.7485697112557,3.79041639826145,299.516703566593,175,51.5091442820704
1.68704878396114,3.82478595102114,299.515408287712,175.5,51.5099458839272
-32.5762224231121,3.77227201361776,299.520367320943,176,51.4944672797341
-30.9552165230935,3.77445753306188,299.525275387601,176.5,51.4797588970969
13.5270737205895,3.84256320688963,299.522956828331,177,51.4861862912033
23.726630376006,3.85835644548468,299.519771529997,177.5,51.4974600084458
14.7722733615302,3.84499248099573,299.516933270948,178,51.5044790596245
-2.90586743254743,3.81805250404028,299.515892364731,178.5,51.5030983356337
-5.5853301544101,3.81394347453067,299.515368794964,179,51.5004444639348
-7.89190443918837,3.81038204826719,299.515217557714,179.5,51.496694622607
-55.148505132784,3.73849021207379,299.527043401779,180,51.4704907898942
-23.995206284812,3.78507042648921,299.53051112051,180.5,51.4590894587088
-36.9737074110222,3.76508425710262,299.536917037776,181,51.4415213878891
9.94612664356999,3.83679889119344,299.534909608074,181.5,51.4462472936609
-24.449755170875,3.7840999307834,299.537820417299,182,51.4346299834033
7.55536367932054,3.83314904882605,299.535891869671,182.5,51.4382199172639
0.119368352591668,3.82187452512743,299.534488630291,183,51.438276635181
-15.5248193284045,3.7978722398458,299.535597757986,183.5,51.4309000115065
19.4418553189054,3.85148860918498,299.532770312599,184,51.4401378162879
11.0798327991553,3.83895777857926,299.53018056807,184.5,51.4454024029609
-8.10583812584107,3.80963853843193,299.529894424915,185,51.4415509109624
-22.1437474985527,3.7880354174586,299.532383495031,185.5,51.4310293011075
-7.89630244891041,3.80974229374165,299.53236563373,186,51.4272773700638
-17.6550248837508,3.79471574889382,299.533942388195,186.5,51.4188885784278
-36.5209070181974,3.76575079495242,299.540092662995,187,51.4015356558831
-56.3226081539496,3.73561484523681,299.552769116879,187.5,51.3747739476833
-41.8652554861803,3.75676471083462,299.561025719172,188,51.3548816559775
9.19316766563901,3.83476066740981,299.55908297424,188.5,51.359249793011
-62.2347013964647,3.72616891438656,299.573588164171,189,51.3296789515095
-26.4939384484684,3.77948540328646,299.577798481431,189.5,51.3170903468078
-31.6670616984787,3.77141263416724,299.582894665194,190,51.3020437306709
-24.9579311369016,3.7814746479348,299.586387726562,190.5,51.2901849604142
-17.3849285139264,3.79298526603445,299.588143948025,191,51.2819245051688
31.3545152651038,3.86772192694638,299.584847100526,191.5,51.2968226147516
-13.9075090747634,3.79875530466634,299.585381929829,192,51.2902144566452
-5.24812508086347,3.81204483254183,299.584817595115,192.5,51.2877208080623
-47.5637559022034,3.74739177638028,299.594250530904,193,51.2651208717657
5.15148648326393,3.82770178671169,299.592690692557,193.5,51.267568602483
-27.7401906912538,3.7772514066834,299.596399548946,194,51.2543878405649
0.814721386006497,3.82099551717897,299.595119923824,194.5,51.2547749557343
-6.42339196629172,3.80995377025174,299.594583748319,195,51.2517228786539
8.27903925637313,3.83261618447597,299.592272245839,195.5,51.255656667234
-11.8278631993164,3.80183525534357,299.592557937148,196,51.2500366536383
6.09560120361584,3.82938676515401,299.590512400352,196.5,51.252932980816
-33.8763076317517,3.76813969456248,299.595711947334,197,51.2368366406527
-1.2542304414732,3.81794121184284,299.594751570041,197.5,51.2362406925922
-19.808101646986,3.78945507881788,299.596660802258,198,51.2268288657319
24.00198534898,3.85660076114448,299.59350895319,198.5,51.2382334179921
2.89963967738338,3.82461345705582,299.591513467246,199,51.2396111828627
-12.8709318611661,3.80043733080578,299.591996572059,199.5,51.2334955548046
-18.5416366499221,3.79164540437607,299.593715659933,200,51.2246854892584
-23.2837199657827,3.78423687990611,299.596516492022,200.5,51.213622221062
-25.6442818336475,3.78044336238152,299.599924148308,201,51.2014373310166
-7.65239097406049,3.80791109295434,299.599807720253,201.5,51.1978012946009
0.037304943307868,3.81976360374305,299.598404487642,202,51.1978190200585
-41.0174010185577,3.75693214067298,299.60567626286,202.5,51.1783295867182
-22.9562615508952,3.78410829762852,299.608685331573,203,51.1674219105093
11.186143217352,3.8365017761826,299.606238529354,203.5,51.172737010617
39.384106433666,3.87951016700164,299.602837902329,204,51.1914503834282
-31.9176792139361,3.77100709075144,299.607201622005,204.5,51.1762846862858
1.3492719010161,3.82179822542585,299.605845990098,205,51.1769257933311
-14.9288259551001,3.79683275810392,299.606698278555,205.5,51.1698323561294
-25.4584899091008,3.78057958371619,299.609931692701,206,51.157735745186
-1.48822786435751,3.81723565615488,299.608871479166,206.5,51.1570286131631
-17.8668490152109,3.79209461170139,299.610333260064,207,51.1485391732123
1.28236100811828,3.82145303311569,299.608839990114,207.5,51.149148487522
-47.5946940294455,3.74680800269192,299.618100078276,208,51.1265338509627
20.9927041872117,3.85134174140395,299.615287354231,208.5,51.1365085421603
5.83392864727949,3.82842905113329,299.612940338658,209,51.1392805355256
-16.2689233563572,3.79455734464812,299.613994923919,209.5,51.1315503505455
19.4924686186253,3.84936878018725,299.610945142866,210,51.1408122042551
-15.1320587922967,3.79647768172425,299.611660524224,210.5,51.1336222008953
-42.4367297102142,3.75469446524503,299.619398162526,211,51.1134583729995
-21.88043835672,3.78561543071043,299.62211302761,211.5,51.1030618745813
29.9346306561562,3.86488863672132,299.618814029036,212,51.1172853254644
-12.708228950433,3.79997188870551,299.61900354721,212.5,51.1112470057549
-31.299739259086,3.77140129782002,299.62360446354,213,51.0963749230117
-3.71298027508804,3.81348239685021,299.622879902879,213.5,51.0946106990538
-39.3849623508139,3.75887455218466,299.629640229872,214,51.0758969195532
-23.1938343421282,3.78322058606921,299.632619154657,214.5,51.0648763605443
-51.2337660750486,3.74048430539113,299.643397397806,215,51.0405326175498
-57.0821175816552,3.73125746995803,299.656661800685,215.5,51.0134100281632
4.9198603409335,3.82542731941237,299.655111176349,216,51.0157477016329
-4.15581311619093,3.81162750567194,299.65408591178,216.5,51.013773065486
-6.76314091657695,3.8076810926846,299.65353180169,217,51.0105595565656
-14.4319406889017,3.79590237888224,299.654340204081,217.5,51.0037022145828
-31.3843939843093,3.7698368270784,299.659065239019,218,50.9887899081155
-9.32622323754881,3.80348948241595,299.659202895831,218.5,50.9843585496775
5.86460888568696,3.82690485453708,299.657003002474,219,50.9871451207694
11.716081858446,3.83604936176338,299.65412322649,219.5,50.9927120214194
-9.52010873041743,3.80358915715379,299.653854166726,220,50.9881885382175
-53.0025106414744,3.73732218171072,299.665043989841,220.5,50.9630043755849
-24.0657099748383,3.78070949063779,299.66838553418,221,50.951569544545
23.7595761554798,3.85403743252987,299.665052803184,221.5,50.9628589159868
-21.0767246771222,3.78552636883156,299.666920699921,222,50.9528443024222
2.96461772712518,3.82239718969602,299.66513329064,222.5,50.9542529416372
-12.7971555903988,3.79824667815375,299.665495002738,223,50.9481723684016
-20.9594057823299,3.7856433815318,299.667639798947,223.5,50.9382134989534
-21.4855297454493,3.78469720228889,299.669991926975,224,50.9280046415086
24.4059437219388,3.85502579203517,299.666620001168,224.5,50.9396011347399
-19.2860865467494,3.78830364951683,299.668070308802,225,50.9304373435484
-36.4934322519363,3.76185477825149,299.674141730247,225.5,50.9130974756491
-35.6387546311111,3.76283239743144,299.680206471179,226,50.896163708139
-18.362180902156,3.78899835065559,299.682063691506,226.5,50.887438911058
-10.7819724950111,3.80058729794799,299.682269487888,227,50.8823158528193
-6.45510339847534,3.80725182264822,299.681667537506,227.5,50.8792487080402
-11.4484979949656,3.79959345717117,299.681864954576,228,50.8738089499624
18.4279226649423,3.84549323768733,299.67861161812,228.5,50.8825649842664
30.0210667665394,3.86337514437471,299.674792701053,229,50.8968295052995
-21.2863915052879,3.78514337493466,299.676583754145,229.5,50.8867152684635
6.02013319940482,3.82696776786105,299.67442613718,230,50.8895757369909
-25.8436673648218,3.77812343557783,299.677435714153,230.5,50.8772961088363
-8.09345270080344,3.8051784727539,299.677211335819,231,50.8734505017771
-9.23159306390918,3.80341640341421,299.677001399779,231.5,50.8690641069014
-6.28235425079903,3.80793390879396,299.676325316667,232,50.8660790439439
-30.4188883151665,3.7708870778716,299.680593016943,232.5,50.8516254978541
19.3224867509917,3.84699747304429,299.677495745488,233,50.8608065846161
-22.781005317401,3.78262215299702,299.679699240967,233.5,50.8499821814717
25.0957854663518,3.85588472192522,299.676318443348,234,50.8619064532643
-28.3873143380423,3.77421772320918,299.679769635527,234.5,50.8484182103049
-57.6297835874854,3.72982367426898,299.692700585733,235,50.821035397212
-29.8820389090274,3.77111664093846,299.697442660529,235.5,50.806836935317
-46.9036792032774,3.74504699890817,299.706843591908,236,50.7845506347092
-27.9394134457443,3.77346268618926,299.711020788798,236.5,50.7712752120253
-18.3244992261805,3.78805500161125,299.71276614562,237,50.7625683194066
-7.04907708819999,3.80536418403577,299.712292691831,237.5,50.759218947808
-29.5456769596061,3.77081658458683,299.716428144399,238,50.7451803084183
28.6113978834814,3.85987280529778,299.712884118486,238.5,50.7587750247577
-7.31773966326173,3.805221502021,299.712019979013,239,50.7552979980366
7.5583951535739,3.82813084630283,299.709490127688,239.5,50.7588893723034
-35.6049418039734,3.76201897027874,299.715011449273,240,50.7419716709706
-41.5052221768102,3.75274344290914,299.722732682606,240.5,50.7222504492256
-33.2867901142346,3.76487476124046,299.728203161563,241,50.70643421853
46.6957740032186,3.88672511686305,299.725039291804,241.5,50.7286217329047
7.1340093341975,3.82738149699193,299.722123631857,242,50.7320114600916
-59.1967398167828,3.72645384076662,299.735291744235,242.5,50.7038841071639
17.2871006847699,3.84255617955133,299.732482252365,243,50.7120980794799
1.12152707048817,3.81802725389187,299.730422312234,243.5,50.7126309734844
11.2347559241722,3.83365098696895,299.727430960607,244,50.7179691719378
-10.0669076707532,3.8010937853667,299.727081783207,244.5,50.7131858770161
15.6816671484463,3.84060219567629,299.723871542607,245,50.7206370269906
-17.1412708261755,3.79041489533735,299.724794841583,245.5,50.7124923457861
-5.17704294649725,3.80869282414101,299.723907148357,246,50.7100324719057
1.73086554941833,3.81932988801959,299.721963066691,246.5,50.7108548933149
8.36225907936531,3.82959210578275,299.719245784275,247,50.7148282238248
-8.16177752812125,3.80434413314923,299.718593985866,247.5,50.7109501521985
12.9835705931767,3.83677985339107,299.715584993675,248,50.7171193005919
10.1764261469202,3.83266590066714,299.712634859707,248.5,50.7219546332582
17.6721438038096,3.84426371517258,299.709201704557,249,50.7303515589554
-27.3848689578703,3.77540734905586,299.712315943039,249.5,50.717339628291
-39.7617763367664,3.75631144434722,299.719177467697,250,50.6984468054849
-6.32752410510992,3.80708134949808,299.718710863905,250.5,50.6954402800544
2.89953263943953,3.82127116310507,299.716646048779,251,50.6968179940658
-55.6249165101499,3.73220120462862,299.728404632541,251.5,50.6703877943099
-10.9243597518508,3.7995866060394,299.728898713662,252,50.6651970807132
-23.3943787751285,3.7804029836125,299.731420769144,252.5,50.6540812329424
14.8798714403596,3.83904712696478,299.728380045548,253,50.6611514093882
-19.4741716399896,3.78651087082417,299.72979327938,253.5,50.6518982494948
-42.6593480483223,3.7510174509542,299.737545407939,254,50.6316286444129
-44.8125629861047,3.74736562513506,299.746297308081,254.5,50.610335938453
-29.7027434063332,3.7699317283741,299.750781808379,255,50.5962226688828
26.4264458601333,3.85585562809752,299.747199206483,255.5,50.6087792044561
-8.45252237022221,3.8027853589956,299.746443020942,256,50.6047629853101
12.4281114333289,3.83488009221006,299.74339835753,256.5,50.6106682070772
-10.827981266407,3.79934886525312,299.743138634733,257,50.6055232877536
8.02227935990895,3.82829519172807,299.740513136546,257.5,50.6093350767734
-26.0233731063079,3.77614328950574,299.74342508322,258,50.5969700613689
-31.9534326528712,3.76686653598329,299.748176471921,258.5,50.5817873759667
-15.7696005628965,3.7914037000046,299.749277903933,259,50.5742944443976
-1.73410932731118,3.81293576208122,299.747845098581,259.5,50.5734704817061
5.7910762271083,3.82457823767654,299.745355139104,260,50.576222113728
-44.7086587151502,3.74740793696453,299.753489937085,260.5,50.5549787779211
24.3697748050057,3.85273095425687,299.750142737006,261,50.566558085478
4.61238253680854,3.82286442198776,299.74756597786,261.5,50.5687496607549
32.1448158247328,3.86491681271037,299.74368139275,262,50.5840232819424
-7.39521305343349,3.80491882583983,299.742666305871,262.5,50.5805094437112
-37.0983824821184,3.75942113660429,299.748530427481,263,50.5628821334851
-14.222812746081,3.79404868534103,299.749338873489,263.5,50.5561241587222
-53.0131631047618,3.73499178625642,299.76037578626,264,50.5309349345676
-17.2466592177666,3.78883083832346,299.762003562372,264.5,50.5227401780296
0.706971566366754,3.81638276988242,299.760230310897,265,50.5230760958322
28.0436051639816,3.85824881518576,299.756334283682,265.5,50.5364010252498
-29.5015268600703,3.77047699723791,299.759904107071,266,50.5223833637964
-17.7730573471662,3.78819189823878,299.761325512368,266.5,50.5139384889915
-50.4512302891427,3.73837328715094,299.771556698772,267,50.4899665681666
11.8026312428002,3.83311615426307,299.768948136801,267.5,50.4955745927887
-18.6771180345837,3.78647568612534,299.770173714742,268,50.4867001532122
-7.19887414766784,3.80402635879761,299.769543144014,268.5,50.4832796054851
-9.72659107067984,3.80015170176509,299.769222057555,269,50.4786580121224
8.28179445700535,3.82783229937743,299.766497513637,269.5,50.4825931098371
-10.9245448561657,3.79846893178426,299.766238385143,270,50.477402308288
-1.16129038905394,3.81345257322013,299.764626576743,270.5,50.4768505207279
11.4268919182122,3.83283855706354,299.761554834524,271,50.4822800126703
-12.2843220267496,3.79659714080691,299.761502044987,271.5,50.4764431124932
6.07530096490606,3.82475398813389,299.759039928016,272,50.4793297940048
-5.3719663908935,3.80729053108731,299.757881596208,272.5,50.4767773021774
-0.881257882624709,3.81419803501171,299.756186245019,273,50.4763585721669
-13.5151099086166,3.79482374428411,299.756462742348,273.5,50.4699368626702
33.2734628094431,3.86621941110675,299.752734687468,274,50.4857467608921
-10.2919373507379,3.80010673652772,299.752157923373,274.5,50.4808565430343
-24.3197820934488,3.77851632305193,299.754740370036,275,50.4693009895328
-34.001820341092,3.76352178684044,299.75991382543,275.5,50.4531450119591
2.15296668896722,3.81867260525366,299.758122345402,276,50.4541679948816
-12.5697601401872,3.79613266165254,299.758202903795,276.5,50.4481954686787
-70.6249921530024,3.7085444055526,299.775907910106,277,50.4146379774055
-4.49595775239124,3.80781919795338,299.775465432192,277.5,50.4125017214083
-32.1043667665407,3.76549334941784,299.780027106027,278,50.3972473196058
0.46187148959757,3.81527317948961,299.778404358399,278.5,50.3974667780158
-29.8062843871756,3.76887184067707,299.782316245052,279,50.3833043109101
4.92391202753455,3.82202785449859,299.780119728705,279.5,50.3856439095402
-3.77576794243193,3.80879708613477,299.778716220527,280,50.3838498519989
-55.7942630789979,3.72960322393814,299.790677747534,280.5,50.3573391871579
-15.3843628552408,3.79047271823352,299.791940954111,281,50.3500293014287
9.00807296607393,3.82796226825055,299.789149797947,281.5,50.3543094906469
-14.1124444921495,3.79259013489907,299.789455998973,282,50.3476039574008
-11.3676994082958,3.79675963946035,299.789461495088,282.5,50.3422025908015
-16.6914511521279,3.78854303528306,299.790460397109,283,50.3342716415822
22.0726784812348,3.84795658398696,299.786795914244,283.5,50.3447594829672
3.68260306895233,3.82013356907364,299.784252644412,284,50.3465092731842
-2.92963378450776,3.81007776593055,299.782710259354,284.5,50.3451172566025
15.2714469183595,3.8380309375538,299.77932357471,285,50.3523734902823
5.65211570747266,3.8235195326543,299.776626671905,285.5,50.3550590951616
-8.58912335986898,3.80174905090571,299.775934602787,286,50.3509779700045
-14.9991439510157,3.7918580186666,299.776518235691,286.5,50.343851121181
15.9977601496982,3.83932726476773,299.773218047682,287,50.3514524628625
6.57286144681863,3.82512697435146,299.770435122209,287.5,50.3545755604222
-19.1344130545611,3.78576193797152,299.77169778938,288,50.3454838369469
0.881244559386952,3.81635733119102,299.769869628134,288.5,50.3459025606269
-4.2080430320263,3.80860126284122,299.768546697053,289,50.3439031074161
16.4560105368762,3.84027425442381,299.765149759273,289.5,50.3517221869394
6.80758578142447,3.82573616613319,299.762361186916,290,50.3549568138539
-19.892560733786,3.78485975018942,299.763770694827,290.5,50.3455048562271
-10.9420048599553,3.79842426723816,299.763722731063,291,50.3403057585507
-22.4227326827596,3.78074033985127,299.765864223379,291.5,50.3296515887818
53.766015004344,3.89609779177149,299.763230995381,292,50.3551985307962
-35.3116968949273,3.76154804839337,299.7680046817,292.5,50.3384201648911
-14.2405354288248,3.7933950796343,299.76869844092,293,50.3316537691888
3.2149464334731,3.82010878240382,299.76654503317,293.5,50.3331813521816
-24.1636657627828,3.77817176284445,299.768924929932,294,50.3216999774127
0.54656759954438,3.8159018680656,299.767193270155,294.5,50.3219596792108
-47.4748767198635,3.74264424065052,299.776063790441,295,50.2994019738907
21.1184108975158,3.84700438688712,299.772843979906,295.5,50.3094363946784
10.4106036827651,3.83095204743335,299.769667293625,296,50.314382996888
19.5402732047279,3.8450379500237,299.765992002482,296.5,50.3236675649644
-51.8172804210046,3.73645538236145,299.776055909154,297,50.2990465649116
18.7882445496914,3.84365568425558,299.773006927848,297.5,50.3079738062931
15.4395353934542,3.83879974017417,299.769482078162,298,50.3153099072742
-15.4238599355284,3.79168541853125,299.769894715645,298.5,50.3079812544928
-9.81550232989857,3.80017375641789,299.769580372529,299,50.3033174149122
4.22763246170726,3.82168325952992,299.767266720457,299.5,50.3053261760478
-31.2479224928894,3.76739541419541,299.771330522098,300,50.2904787140603
-13.3128479502143,3.79456222989411,299.771811191511,300.5,50.2841531094083
5.35386141673787,3.82315836747768,299.769406612005,301,50.2866969986505
-10.1320800014263,3.79949351754565,299.768968908207,301.5,50.2818827370717
0.902785038849405,3.8163971800622,299.76705046249,302,50.2823116957185
-7.22273153631796,3.80398205279577,299.766177222174,302.5,50.2788798121443
-33.9767512498569,3.76299191751079,299.771092674777,303,50.2627357461586
17.8218688200923,3.84204468950488,299.767903297173,303.5,50.2712038137529
26.8058225683992,3.85591601657404,299.763952879672,304,50.2839406103102
-38.6906475907393,3.7561532476855,299.769835765466,304.5,50.2655567347259
-52.4341322292224,3.73507253358281,299.780740228871,305,50.2406426373072
1.3155360178495,3.81652398015854,299.779215636575,305.5,50.241267714735
36.3650324528936,3.86990554374343,299.775350678516,306,50.2585465734221
14.4793313852402,3.83721049756968,299.771768943964,306.5,50.2654264331119
-23.1153666837623,3.77976777055798,299.773762407717,307,50.25444315804
-17.6601519345589,3.78791664093355,299.774962981079,307.5,50.2460519302839
-6.84934579474384,3.80438529065041,299.774185477896,308,50.2427974610836
-10.5497156428171,3.79868759671893,299.77391311836,308.5,50.2377847597745
-1.89717521913459,3.8119310300597,299.772348724504,309,50.2368833162639
1.54156859276179,3.81725055713145,299.770266778834,309.5,50.2376157931538
-26.0385898281149,3.77500289370663,299.773074131629,310,50.2252435475183
-7.51425871175812,3.80319680679233,299.77249951305,310.5,50.2216731446983
29.9512759096804,3.86038325047712,299.768702611011,311,50.2359045045798
13.2653710995222,3.83540719659444,299.765267760918,311.5,50.2422075505886
-24.9240902850907,3.77704385406632,299.767677899104,312,50.2303648598252
-34.8640699698522,3.76165519789382,299.772964787299,312.5,50.2137991840199
1.31259932778434,3.81675847395108,299.771240036592,313,50.2144228660784
4.56175283666328,3.82182079533809,299.768787201485,313.5,50.2165903846343
0.341896405295859,3.81545014947231,299.766803069678,314,50.2167528368384
28.1781751368817,3.85794056808026,299.762995748306,314.5,50.2301417072287
-55.6550302670187,3.73068040850029,299.77424833295,315,50.20369719891
-14.4551414908921,3.79257035290442,299.775210009491,315.5,50.1968288330576
25.9831839328668,3.85434961743364,299.771520104304,316,50.2091747525614
11.6491207937951,3.83286357040804,299.768222596477,316.5,50.2147098366366
10.0041479199686,3.83050757961453,299.765174824028,317,50.2194633112394
11.912673816171,3.83355773752715,299.762000984811,317.5,50.2251236226311
-39.5177407535855,3.75507065790117,299.768158025543,318,50.2063467534231
13.8467838505347,3.8362915833001,299.76530246526,318.5,50.2129260579166
-26.7025035372174,3.77434795785278,299.768109513664,319,50.2002383534354
-32.8415399131996,3.76473884913386,299.772857656716,319.5,50.1846336835383
-21.1395118192987,3.78231146572677,299.77490188069,320,50.1745892366397
-19.7175872762978,3.78433592872555,299.776529243255,320.5,50.1652204177162
17.4512045975653,3.84120238590258,299.773202145975,321,50.1735123640675
-2.34326492455169,3.81114548159185,299.771456318238,321.5,50.1723989608676
19.6729553698482,3.84485469413234,299.767885119607,322,50.1817465729241
-0.0361235039429797,3.81497485081228,299.765824625973,322.5,50.1817294088277
-19.6350740700334,3.78493700271481,299.76718725552,323,50.1723997960849
-12.065618902087,3.79638322829136,299.767294132825,323.5,50.1666668127787
-3.83698774943527,3.80894826169016,299.766018025483,324,50.1648436666234
19.2010845558974,3.84421139418853,299.762501532304,324.5,50.1739670690872
-31.9664322726564,3.76613286399325,299.766578795386,325,50.1587782069108
8.48474567798752,3.82782056025345,299.764069726591,325.5,50.1628097369735
-45.0215454467856,3.74620567006973,299.771979423102,326,50.1414177329197
-17.1020993863139,3.78827252089246,299.773334209604,326.5,50.1332916640394
5.82316275880887,3.82337582176832,299.770914304241,327,50.1360585419887
15.624405635977,3.83849026987962,299.767486582331,327.5,50.1434824841343
47.043031911197,3.88592751750425,299.764114644977,328,50.1658349982331
-22.2277479590266,3.78123273590418,299.765647942006,328.5,50.1552734755282
5.4587080277593,3.82347659759881,299.763331210455,329,50.1578671826766
-25.9195653375556,3.77546627464717,299.766004265029,329.5,50.145551491572
-5.68462991795845,3.80624439236418,299.765126821997,330,50.1428504375535
-34.5338513911624,3.76208198446292,299.770095350703,330.5,50.1264416652286
46.0665127358198,3.88435615674952,299.767078767562,331,50.1483301858782
10.1950519922552,3.8307969789573,299.763795001296,331.5,50.1531743686218
-8.81277809217823,3.80179862504331,299.763051524833,332,50.1489869738356
-4.05037908420375,3.80904266561811,299.761760247107,332.5,50.1470624347082
29.7269931087522,3.86050854047537,299.75805163044,333,50.1611872265335
6.46379844347398,3.82548118413897,299.755226082479,333.5,50.1642585027665
-18.6586768234296,3.78705768754855,299.75628357503,334,50.1553928255383
-35.337901610673,3.7614364885508,299.761519508723,334.5,50.1386020084527
-26.8716427517913,3.77396914493528,299.76483192947,335,50.1258339374109
-8.07883142466799,3.80253549585827,299.764340031471,335.5,50.1219952776565
-50.1587077713811,3.7384521994067,299.774046007965,336,50.0981623490147
5.89152582647163,3.82350036074367,299.771979720504,336.5,50.100961709701
-53.3637732475302,3.73331351791141,299.782697441597,337,50.0756058930069
0.236563069251661,3.81448812157844,299.781309738969,337.5,50.0757182960372
-24.2098903998718,3.77704289022701,299.783711247851,338,50.0642149576147
35.798495153493,3.86849913200103,299.780076872087,338.5,50.0812246258934
16.9013072481333,3.84035728436881,299.776341932097,339,50.0892552883146
-2.03265160561317,3.81160632532933,299.774535201139,339.5,50.0882894731487
-38.8971711174124,3.75525391265663,299.780650151552,340,50.069807467834
8.74674840402559,3.82780710816324,299.778156554136,340.5,50.0739634885893
26.6188910414944,3.85514937089001,299.774278637772,341,50.0866114645621
-39.775906810656,3.75406788564535,299.780382827009,341.5,50.0677119276561
-33.8844664732265,3.76260029741964,299.785528110988,342,50.0516117108163
2.88600575948103,3.81865242509567,299.783571194549,342.5,50.0529829975256
-29.88257019922,3.76850144915923,299.787262031651,343,50.038784283188
30.0081469571661,3.85981944041042,299.783650533788,343.5,50.0530426653689
0.768181582791511,3.81564419933124,299.781377186535,344,50.0534076671335
-12.1825525002885,3.79581897206915,299.781265812287,344.5,50.0476191227846
2.85492528221783,3.81882871853121,299.779092585942,345,50.0489756415937
26.7130719230865,3.85526476945803,299.775269420416,345.5,50.0616683676473
-24.6191243870961,3.77710385905486,299.777441181289,346,50.0499705815437
-44.2773852712599,3.74701463442852,299.785367419773,346.5,50.0289321654739
-47.7260008501644,3.74137685322632,299.794694262102,347,50.00625513843
-14.182012490391,3.79201513016173,299.795489014859,347.5,49.9995165499237
-6.25175486370437,3.80414991842711,299.794551542685,348,49.9965460262763
-20.7928757702924,3.78183632437856,299.796228278031,348.5,49.9866662836253
15.9595277982687,3.83809170491556,299.792945703583,349,49.9942494591909
-13.5351342365437,3.79309925425779,299.792963283759,349.5,49.9878182351273
12.1538036416071,3.83244971203743,299.789887016213,350,49.9935931194452
36.5328878773712,3.86953421768664,299.785979779939,350.5,50.0109517346996
-34.4871893277513,3.76164762634668,299.790527481069,351,49.9945651338715
22.5642401032084,3.84859061248098,299.787117665364,351.5,50.0052865409438
13.6349137215743,3.8352794733245,299.783667038806,352,50.0117651752667
-37.4409376481863,3.75732357979867,299.789168004347,352.5,49.9939750998262
-63.8071946766558,3.7175012070194,299.804052306877,353,49.9636570875581
-21.0378153543607,3.7813265298332,299.806411723831,353.5,49.9536609617726
-15.5525503696254,3.78961404955398,299.807144214976,354,49.9462711616835
-9.32762052975689,3.79910985249075,299.806691945628,354.5,49.9418391393217
4.83714524456476,3.8208646450849,299.804218477321,355,49.9441375106826
-4.65492007104517,3.80641923172504,299.802833225552,355.5,49.9419257236806
-0.506192930223358,3.81281803919345,299.800956867444,356,49.9416852059217
-16.4047135487307,3.78845795663217,299.801634938501,356.5,49.9338905001813
5.49603895395125,3.82199066879882,299.799168829806,357,49.9365019451331
-29.5259806976096,3.76839480241938,299.802723966036,357.5,49.9224726644297
19.2635117971626,3.84291173615386,299.799338384954,358,49.9316257292205
-24.8066986352278,3.77564109312323,299.801635966041,358.5,49.9198388171432
11.0202590053539,3.83040878282337,299.798740162407,359,49.9250750973059
-2.22698914010391,3.81027797021566,299.796961237189,359.5,49.9240169425882
-14.6552882732207,3.79122218588016,299.797309799907,360,49.9170534769177
-13.4033536646729,3.79304780572234,299.797550544514,360.5,49.9106848684418
33.968745803577,3.86524147301619,299.793780216996,361,49.9268251306368
-19.8825518505245,3.78345573764225,299.794863938876,361.5,49.9173779287345
-62.909414447681,3.71837594298074,299.809218638235,362,49.8874864970759
-16.1274210948433,3.78843103699442,299.81054517986,362.5,49.8798235469481
7.87299656524441,3.82521858326647,299.807818004837,363,49.8835644041925
-11.3800810231703,3.79581517506957,299.807485725221,363.5,49.8781571544643
-2.99266688568035,3.80866079794478,299.806000134871,364,49.8767351876812
-55.2086397513648,3.72922257310654,299.817439290749,364.5,49.850502781982
4.48174126256695,3.81968714138201,299.815488144557,365,49.8526322830087
-22.1422107014465,3.77892216194975,299.81733593737,365.5,49.8421114033636
-21.6434733901696,3.77953621322859,299.819338382044,366,49.8318274989372
-1.45619190900822,3.8104289097529,299.817735631688,366.5,49.8311355888104
-4.66140279789823,3.80557713189418,299.816393249046,367,49.8289207215383
-32.2817351893215,3.7632481407301,299.820791593593,367.5,49.8135820430638
18.2262561311289,3.8404367132647,299.817424808482,368,49.8222422554393
-3.94847250967567,3.8067352591788,299.815807085585,368.5,49.8203661372587
-23.4910132485415,3.77675084572407,299.818015303769,369,49.8092043735819
13.3715953164858,3.83316001293666,299.814877593461,369.5,49.8155578920668
-35.7332777414239,3.75811641602319,299.820014058685,370,49.7985792118657
-7.59501279570645,3.80090257751669,299.819469085684,370.5,49.7949704387128
-11.5088771158335,3.79488862644639,299.819296490027,371,49.7895019914733
-1.90013949988035,3.80962519078659,299.81764692157,371.5,49.7885991394836
15.2095086793013,3.83590337916556,299.814177655784,372,49.795825943186
9.57347450466024,3.82750993451496,299.811013105453,372.5,49.8003747831554
-19.9289306778566,3.78238038246857,299.812294636062,373,49.7909055443361
-22.8901222215471,3.77768322072024,299.814509786238,373.5,49.7800292942542
-56.2161533144423,3.72706016901241,299.826549458062,374,49.753318168111
-20.7683777956303,3.7802271065294,299.82877565081,374.5,49.7434500656817
-14.5550914470124,3.78965742544525,299.82931636207,375,49.7365342085704
16.9718935683344,3.83800393828427,299.825811302191,375.5,49.7445984101079
10.561001352613,3.82846675042879,299.822513704497,376,49.7496164738262
39.769574567949,3.87282489368842,299.818574314134,376.5,49.7685130019647
20.6428927026399,3.84446403974485,299.81454040187,377,49.7783214801055
-16.1867385838841,3.78831778179608,299.814930747126,377.5,49.7706303452507
7.71092311952595,3.82485088323367,299.81221084204,378,49.7742941932371
20.2355165296118,3.84406825843356,299.808443886067,378.5,49.7839091064378
-20.0062359742232,3.78269865581363,299.80959978514,379,49.7744031359782
9.49655887754102,3.82776329548841,299.806772197723,379.5,49.7789154294588
-8.98295000245909,3.79956326673024,299.805975454221,380,49.7746471774261
-37.6157357241466,3.75574112572049,299.811725625491,380.5,49.7567740466148
-11.817875560556,3.79479968757437,299.811888131846,381,49.7511587786495
-4.69432217869289,3.80568127985894,299.810630366608,381.5,49.7489282697213
-4.58377686171843,3.80586360949523,299.809291111159,382,49.7467502864417
34.6209789027195,3.8655532633473,299.805435624645,382.5,49.7632004574361
-28.6672020688641,3.76938186177986,299.808463554107,383,49.7495792257173
-28.1979405182243,3.76982059207394,299.811961610259,383.5,49.7361809637988
-30.2713335797713,3.7664041221876,299.816004323731,384,49.7217975283963
-19.4753869128669,3.78266271248585,299.817588148646,384.5,49.7125437910656
-18.421838942917,3.78415090804,299.818845836604,385,49.7037906474443
13.1347939048288,3.83247675157655,299.815675389008,385.5,49.7100316496505
-22.1415956776088,3.77855753170826,299.817409803392,386,49.6995110622341
24.3662325781765,3.84961228730231,299.813719711965,386.5,49.7110886867007
38.0594920195799,3.8705042384668,299.809705809707,387,49.7291726684808
-12.8453950901702,3.79343947638953,299.809353798642,387.5,49.723069174229
-40.1789367406754,3.75161684269205,299.815872650345,388,49.7039781375019
7.85442637938111,3.82472795836124,299.813390193145,388.5,49.7077101711156
-14.4428762342785,3.79064727849269,299.813568480421,389,49.7008476331044
-43.4136557951727,3.74637366415863,299.821134999134,389.5,49.6802196184162
-6.35122567093424,3.80258830417335,299.820462528748,390,49.6772018311778
-7.42804101430456,3.80094670774435,299.819566819477,390.5,49.6736723947289
-26.3675588446156,3.77188031805363,299.822453997109,391,49.6611438393429
-42.7380612688605,3.74676596428193,299.830032780182,391.5,49.640836833645
-21.8462751032181,3.77822123747892,299.832308518342,392,49.6304565679093
21.8803007775639,3.84514694413886,299.828629002649,392.5,49.6408530009568
13.3027481640434,3.8323838624793,299.825073509553,393,49.6471738066917
-7.47530987812032,3.80072013585983,299.824000810052,393.5,49.6436219104245
6.6662885107603,3.8224182952237,299.821275971878,394,49.6467893998883
54.4161106083183,3.89428685269355,299.818374693091,394.5,49.6726452350706
-1.85724657397831,3.81007799079599,299.816201930444,395,49.6717627636706
-9.50545915710709,3.79834147026902,299.815559727237,395.5,49.6672462412188
-22.5423171614442,3.7782801629321,299.81750231612,396,49.6565352508405
-34.7820861810216,3.75940106237794,299.822609973258,396.5,49.6400085296629
-19.2143775926988,3.7828551216502,299.82415138697,397,49.6308788110076
-34.5360992988886,3.75930323640952,299.829223642607,397.5,49.6144689705885
-9.93906398216772,3.79667626120063,299.829025309952,398,49.609746420643
3.03301816405835,3.81659228227747,299.826706880547,398.5,49.611187560351
23.8915238372524,3.84853261485696,299.822773870674,399,49.6225396267829
24.1917102642718,3.8492799706438,299.818709057498,399.5,49.6340343269071
-8.62266367121619,3.79941190404728,299.817717911832,400,49.6299372650587
-21.1139598979216,3.78019409694345,299.819353923108,400.5,49.619904959165
-20.1646602069546,3.78146741302936,299.820930221185,401,49.6103237133724
4.39753305290641,3.81902010221459,299.81857111428,401.5,49.612413202837
-42.1047146556342,3.74799919026046,299.82554475752,402,49.5924071320179
-26.8415471994497,3.77080098554426,299.828906978179,402.5,49.5796533608889
-6.22602928121817,3.8022382987271,299.828019145128,403,49.5766950607617
-8.48154724960165,3.79878975794836,299.827283586218,403.5,49.5726650504334
-4.87791886895885,3.80432056276253,299.826003747099,404,49.5703473054697
-38.7393645464433,3.75250810161282,299.832138863261,404.5,49.5519402820058
-48.4286093028303,3.73751973311104,299.841706161224,405,49.5289294102944
-3.26764732226931,3.80608750654061,299.840627508981,405.5,49.5273767864546
3.22495987766834,3.81614125636307,299.838208363404,406,49.5289091273392
-7.01407389102762,3.80052742103223,299.837146526361,406.5,49.5255763875227
24.8262186825172,3.84925161784375,299.833225212582,407,49.5373725745578
33.6131504930264,3.86280785802328,299.829026979281,407.5,49.5533438755087
18.4773754115704,3.84030784515451,299.825103222419,408,49.5621234073037
-6.91611108185305,3.80166470161958,299.823871500646,408.5,49.5588372145523
-9.47732473759417,3.79769092656954,299.823268352157,409,49.5543340601805
-25.0312882236934,3.77377983081775,299.825784663184,409.5,49.5424404342768
-17.2145183519153,3.78553378447329,299.82679592174,410,49.5342609494831
-0.0685950746623725,3.81174950773281,299.82492402135,410.5,49.5342283565079
-24.7355232624706,3.77394794510777,299.827317261091,411,49.5224752634354
-3.23768352112948,3.80674848217537,299.825953120283,411.5,49.5209368769069
-10.9644504609101,3.7949085443325,299.825597915898,412,49.5157271141948
3.78680880353609,3.81751960108434,299.82320798539,412.5,49.5175264178054
3.82847534920317,3.81768444748924,299.820685012106,413,49.5193455192907
-40.5882096170898,3.74980756336209,299.827220439444,413.5,49.5000600164042
-10.5649550826524,3.79530814131292,299.827194522902,414,49.4950400740697
-16.6746921845315,3.78588512808332,299.827986790535,414.5,49.4871170878801
-9.87205873224817,3.79623939328786,299.827587919279,415,49.482426375504
29.7608759691224,3.8567548693027,299.823660356143,415.5,49.496567266783
5.62140629166102,3.82038542899073,299.82074658998,416,49.499238280072
-39.5299743761733,3.75138051248467,299.826938109018,416.5,49.4804555980536
-7.5001043542413,3.79998998863211,299.82638370692,417,49.4768919206819
-21.0058112201737,3.77923787897236,299.828036596728,417.5,49.4669110016726
-12.9365848241176,3.79147465033793,299.828220680777,418,49.4607641785849
19.2562333948764,3.84076072434991,299.824601606683,418.5,49.4699137850401
0.867076453815166,3.81290005183953,299.822300288145,419,49.4703257767394
-36.556411405957,3.75563747599514,299.827711370737,419.5,49.4529559842717
-44.5302874383722,3.74321674407464,299.835936585892,420,49.4317974016432
13.0079489320586,3.83087918390164,299.833015585247,420.5,49.4379781334134
-9.12283155822353,3.79713341087851,299.832212798776,421,49.4336434166075
27.1786278608183,3.85260908859074,299.828291737722,421.5,49.446557351738
-35.0916285032318,3.75771248455031,299.833076525365,422,49.4298835514109
-3.71019266750119,3.80547906160342,299.831886817231,422.5,49.4281206519859
-22.4340570246844,3.7767493992169,299.833814880481,423,49.4174611014517
-14.3243627323963,3.78902999152966,299.834267800346,423.5,49.410654875175
27.5078679426556,3.85295332307987,299.830379572223,424,49.4237252488528
4.6657596663444,3.81849338128009,299.827565511696,424.5,49.4259421862925
10.4285618460733,3.8274157533099,299.824384301988,425,49.43089732133
-12.3083076185378,3.79268450878423,299.824128164278,425.5,49.42504902439
-8.19059225582094,3.79892560205034,299.823382846203,426,49.4211572614352
11.5441932659555,3.82915813637142,299.82023579833,426.5,49.4266424891565
14.0874697031524,3.83320313508399,299.816748671033,427,49.4333361556224
12.0647580257235,3.83029456804993,299.813401186268,427.5,49.4390687298828
17.8685945219315,3.83928845845308,299.809724240004,428,49.4475589992118
-38.1537344736257,3.75383788713754,299.815327141005,428.5,49.4294302380947
-0.396919939777954,3.81120978893107,299.813737169316,429,49.4292416414378
3.28319893924356,3.81689326749733,299.811331151861,429.5,49.4308016546341
19.366464889156,3.84152183615666,299.807653123659,430,49.4400036376248
9.44895235208845,3.82663189109717,299.804504087281,430.5,49.4444933108472
-13.3543708911513,3.7917938213024,299.804440415979,431,49.4381479765543
-28.4213305654585,3.76861306348714,299.807781179551,431.5,49.4246435707718
-3.42192437726948,3.80666321194011,299.806504498479,432,49.423017642132
-9.17044588532183,3.79784805605336,299.805855308968,432.5,49.4186603013609
-4.95670407474478,3.80426975148205,299.804610037968,433,49.4163051215773
-21.2902766041612,3.77919981757505,299.80627662656,433.5,49.4061890387351
15.3436659532164,3.8351850914119,299.803039812143,434,49.4134795873161
-2.74202258281493,3.80770716240516,299.801275856202,434.5,49.4121767142667
-1.19674305297178,3.81009241558026,299.799460779395,435,49.4116080813602
-30.2861284387312,3.76553950706073,299.803186347177,435.5,49.3972176161751
-21.4185930855158,3.77881106523325,299.80516003133,436,49.3870405637091
24.6168622504677,3.84910390636609,299.801522068969,436.5,49.3987372749576
-5.81555457952332,3.80291482571634,299.800132944824,437,49.3959740120375
32.824337505662,3.86174977414035,299.796339453439,437.5,49.4115705082042
-18.1821857508399,3.78430504400618,299.797037319805,438,49.4029312358863
-49.5415695118334,3.73651025537543,299.806504116925,438.5,49.3793915407179
-29.548315131325,3.76625609980086,299.810604729098,439,49.3653516478
-12.8598929287774,3.79158040085909,299.810883945105,439.5,49.3592412648948
-19.1193467998613,3.78191015224586,299.812210968965,440,49.3501567001561
-18.8978273756198,3.78212377889951,299.813562881184,440.5,49.3411773904541
-38.8021173948416,3.75160527690062,299.81988393532,441,49.322740549951
32.6318149198872,3.86043111500846,299.816265816766,441.5,49.3382455689396
-7.71656321623585,3.79929640818039,299.815105826481,442,49.3345790410591
-26.8997257890137,3.76984508179632,299.818111780049,442.5,49.3217976263517
-24.2354583515158,3.77370079034993,299.82071034892,443,49.3102821393075
0.984718978492163,3.81227169511928,299.818806641153,443.5,49.3107500288962
-0.307892096502188,3.81037670094778,299.816824161706,444,49.3106037338521
58.3120847776836,3.89857260091136,299.814372843619,444.5,49.3383107426091
-1.74407884972826,3.80889801370633,299.812176015675,445,49.3374820428954
-13.6280238201999,3.79066214090595,299.812262055074,445.5,49.3310066823116
21.8474911810977,3.84484315844272,299.808631785813,446,49.3413875258672
27.1612949706173,3.85312919547539,299.804619896586,446.5,49.3542932252684
0.121819614975882,3.81222841292033,299.80238611859,447,49.3543511079038
4.06179126173122,3.81828127405111,299.799918204458,447.5,49.3562810695316
8.65664440160235,3.82536988378708,299.796981915886,448,49.3603942773367
-22.0393276620552,3.77843187225936,299.798630993724,448.5,49.349922282606
-7.48644574820784,3.80052891232684,299.797888258245,449,49.346365095126
6.34634136644595,3.8216945581253,299.795265302383,449.5,49.3493805615852
13.1706367752631,3.8322161732823,299.791969463366,450,49.3556385945446
-47.7644758523877,3.73940610355949,299.800486832164,450.5,49.332943286089
10.155547058208,3.8273206841318,299.797938010319,451,49.3377686980486
-49.0632234837255,3.737111287557,299.806964493241,451.5,49.3144562891732
-6.67145680162547,3.80121687431349,299.806411846895,452,49.3112863439941
-18.5955371469244,3.78290502395203,299.807538765228,452.5,49.3024506676067
-20.2693078375974,3.78020593355536,299.80914030861,453,49.2928196984534
-3.99677208815116,3.80505391134924,299.807872771088,453.5,49.2909206307101
-23.5184101102844,3.77511283601448,299.810048396054,454,49.2797458494043
11.2169535881302,3.82823992029557,299.807110969285,454.5,49.2850755890711
15.6959506902434,3.83525473223296,299.803554970864,455,49.2925335258758
30.7082132757988,3.8581975519968,299.799561784078,455.5,49.3071245448282
4.48785032823653,3.81868203804649,299.796820805696,456,49.3092569485799
3.76655690024659,3.81764804374014,299.794359302897,456.5,49.3110466294911
-12.8036802879723,3.79229136091599,299.794260785574,457,49.304962956043
12.8865795892396,3.8315548501911,299.791152766928,457.5,49.3110860191249
-59.1523622888885,3.72217791338587,299.803606197076,458,49.2829797521961
-6.8715408360653,3.80087486905206,299.80321180746,458.5,49.2797147370136
14.0306609938905,3.83289341501034,299.799931406955,459,49.2863814108001
-2.94773012512423,3.80709190481732,299.798206466374,459.5,49.2849807957355
-1.17593584554415,3.80982520427927,299.79639226894,460,49.2844220493814
-16.7916931982832,3.78588586766753,299.797093927597,460.5,49.2764434701167
-23.5360691958182,3.77541816122738,299.799368296712,461,49.2652602980898
15.327930447187,3.834801867542,299.796176905368,461.5,49.2725433699392
-25.0107789406934,3.77318959672795,299.798492098218,462,49.2606594890289
2.82849916378391,3.81569041974455,299.796411250089,462.5,49.262003451458
-10.5336083279168,3.79525975581009,299.795954166036,463,49.2569984035456
-24.3608093939625,3.7739941800778,299.798368816467,463.5,49.245423355907
12.9784047665154,3.83106295480791,299.795342026517,464,49.2515900497559
-21.1617682074425,3.77889368534997,299.796840376694,464.5,49.2415350277262
-5.73967318781579,3.802400164809,299.795855417244,465,49.2388078198776
-0.276292849577558,3.81079168209944,299.79396665522,465.5,49.2386765392274
-45.3238227637915,3.7420232069007,299.801975989506,466,49.2171409079941
24.1745837770148,3.84777972795394,299.79861246026,466.5,49.2286274704615
-29.3689570261432,3.76613594844586,299.80193066123,467,49.214672799614
-16.0719566754214,3.78624345689585,299.8028149208,467.5,49.2070362034256
-21.3148049475385,3.77809880447014,299.804645129607,468,49.196908465932
1.23992858495141,3.81260195148872,299.802709898588,468.5,49.19749761846
-54.3924648024532,3.72789320949192,299.813799322788,469,49.1716530185911
-39.5686595038305,3.7496602103873,299.820801800597,469.5,49.15285195532
-36.5915249302537,3.75384715379783,299.826806187609,470,49.1354654786481
17.2849806091525,3.83621613938387,299.823531177751,470.5,49.1436784436095
-38.407821802618,3.75112203308511,299.829450395686,471,49.1254289528036
-52.0044852813252,3.73027004585655,299.840312235012,471.5,49.1007190022918
-2.50601439244705,3.80543073798553,299.839193648263,472,49.0995282686217
0.0945513511837959,3.80953019007032,299.83717198518,472.5,49.0995731947314
-44.9361112820123,3.7406784983204,299.845269350965,473,49.0782217847527
-27.9786719519933,3.76609370802669,299.849073392212,473.5,49.0649277083749
5.05367141999744,3.81673894325688,299.846688689489,474,49.0673289622286
-16.1793294770636,3.78422308831751,299.847284173313,474.5,49.0596413478137
-21.7024389681051,3.77566766474658,299.849253027197,475,49.049329425871
5.76615960422106,3.81782249374393,299.846716785661,475.5,49.0520692187503
1.13233654020632,3.81086257171264,299.844464204826,476,49.0526072488783
-20.4768809464902,3.77771699472518,299.84596464669,476.5,49.0428776512852
-21.9459787514508,3.7753325685617,299.848011055845,477,49.032450011324
3.0809666039511,3.81370951225944,299.845781264293,477.5,49.0339139337511
-27.8793942218037,3.76623478125653,299.848993686934,478,49.0206670292237
-8.07793240238567,3.79646539524783,299.84841749796,478.5,49.0168287966401
2.64474256786607,3.81298330438017,299.846099500616,479,49.0180854470542
18.2843859354694,3.83704542061063,299.842324291224,479.5,49.0267732798279
-59.620134213291,3.71854959467998,299.855262894713,480,48.9984447508953
-15.0151581396752,3.78564196923378,299.856314120621,480.5,48.991310292924
-19.115510769595,3.77927985716676,299.85768705729,481,48.9822275508765
9.4099467782661,3.82306792431572,299.854734583127,481.5,48.9866986905859
-33.5938013355564,3.75720736365466,299.859370926809,482,48.9707365833943
-31.5338928220994,3.76007477886869,299.863919524883,482.5,48.9557532424986
19.1237552323603,3.8376389509983,299.860370374734,483,48.9648399019056
1.53278464642339,3.81098560849898,299.857925651523,483.5,48.9655682051001
-16.0886897007416,3.78396659984656,299.85848188635,484,48.9579236582086
9.04054999016848,3.82252797688313,299.855529673679,484.5,48.9622192788968
-24.1275436784225,3.7717157767795,299.857745416942,485,48.9507550675497
-15.229578879807,3.78520468489755,299.858388788715,485.5,48.9435187274841
9.88972809339463,3.8237590200731,299.855350452928,486,48.9482178354637
-64.2648408724661,3.71110859957044,299.870188900993,486.5,48.9176823724355
-21.3789765717218,3.77525716729421,299.872635973408,487,48.9075241437708
19.7406564176068,3.83831291209582,299.868921225271,487.5,48.9169039240053
18.835837665938,3.83722307224281,299.864910925771,488,48.9258537792737
-36.6256204151357,3.7524516423981,299.870248091056,488.5,48.9084511021195
-37.4678181586259,3.75083629846101,299.876423240851,489,48.8906482543944
-35.1678630930734,3.75401629448229,299.882000514557,489.5,48.8739382311737
32.7157792321334,3.85768410269859,299.87808371301,490,48.8894831458365
-8.27422242377524,3.79549380362909,299.876928596084,490.5,48.8855516459762
22.3673178673722,3.84244591293305,299.872974513151,491,48.896179485375
-16.0602597661007,3.78382511626754,299.873294807488,491.5,48.8885484469774
-51.7836672067177,3.72934659689578,299.883720716686,492,48.8639434182559
12.9339920180176,3.82782302996985,299.880766975881,492.5,48.8700890093709
13.550368254722,3.82898239499332,299.877116174932,493,48.8765274718838
0.120167638502835,3.80859859179651,299.874842538854,493.5,48.876584569582
-3.70708770953388,3.80277999058629,299.873213260834,494,48.8748231454788
7.32624844994198,3.81975141488159,299.870269332228,494.5,48.878304215153
8.46884734668876,3.82163484925985,299.867127070237,495,48.8823281911177
34.6858716874632,3.86153936283881,299.862974386506,495.5,48.898809195943
-15.1400064783606,3.78591968852283,299.862982365207,496,48.8916154162371
-32.6941807080312,3.7589176737225,299.867424853643,496.5,48.8760807641211
-34.7314885745427,3.75549889708261,299.872654922268,497,48.859578084415
36.3300512397087,3.86371178944964,299.868884962494,497.5,48.8768403217657
-36.5918396749584,3.75283792514455,299.873969357907,498,48.8594536955427
-2.81771510234147,3.80425768196588,299.87258061521,498.5,48.8581148571645
12.0668758355084,3.82712371805478,299.869208365437,499,48.863848437703
-42.8283923464551,3.74327676011708,299.876324645412,499.5,48.8434985111601
-26.6117918859153,3.76753772753091,299.879596421387,500,48.8308539083537
