curr_dens,Volts_tot,Temp_tot,t_tot,SOC_tot
-34.6766130289913,3.67982469619695,311,0,26
-34.6766130289913,3.67943216860163,311.008057714725,0.5,25.9835233944298
-22.931001043211,3.69714009410426,311.013244994602,1,25.9726277207605
-34.9935591119074,3.67836756331234,311.021721672562,1.5,25.9560005181412
58.7396453848352,3.81971775328917,311.019723654635,2,25.9839106824797
-10.8810153499699,3.71583120730447,311.02112696325,2.5,25.9787405639916
16.9432433972924,3.75842850829067,311.019097504389,3,25.9867911523897
-18.4997777094406,3.70414040376503,311.022541077612,3.5,25.9780009761346
-6.80013764709388,3.72201118944976,311.023876769194,4,25.9747698882039
4.04572274134433,3.73865334617508,311.0232761886,4.5,25.9766922148683
-29.1496911847362,3.68753676253161,311.029639312004,5,25.9628417282668
-30.4234774675969,3.68528661807371,311.036781281857,5.5,25.9483860016395
-8.29033282603149,3.71915953399696,311.038539082451,6,25.9444468469156
-40.6211243604949,3.66930387473219,311.048642217783,6.5,25.9251457045767
19.9817954926883,3.76213521134262,311.046592703644,7,25.9346400621323
-4.05753380491975,3.72552577203434,311.046962308718,7.5,25.9327121234367
4.99061352118608,3.73944925391318,311.046128298637,8,25.9350834153064
-17.6690748181327,3.70456347042315,311.049482903647,8.5,25.9266879478388
-14.0216511710328,3.71004698998364,311.052257548935,9,25.920025555073
-2.00222136519584,3.72850537862416,311.052616627561,9.5,25.9190741988471
-13.1446642824762,3.71130594880202,311.055012470089,10,25.9128285067273
1.24227447096465,3.73342076394558,311.054819675867,10.5,25.913418773904
20.7605575014084,3.76331131849105,311.052197441277,11,25.9232831605176
17.9104974670511,3.75919510871093,311.049634503933,11.5,25.9317933400465
-32.2910863886968,3.68214460423783,311.056742714602,12,25.9164502183461
5.61393073306184,3.74028580106224,311.056132424549,12.5,25.9191176796206
-22.723031376256,3.69663691218402,311.06071066019,13,25.9083208228159
-15.6708880180198,3.70732125397549,311.06389575471,13.5,25.9008747945492
-6.72354712047007,3.72102569767751,311.065104187981,14,25.8976800986358
0.366600485996999,3.7319336730834,311.064950063237,14.5,25.8978542889929
-16.3488723299797,3.70614449381606,311.068017657488,15,25.8900861162284
-6.8987727083389,3.72062140948977,311.069259929096,15.5,25.8868081618117
-19.3032870087669,3.70140389425634,311.073118589594,16,25.8776361978144
-0.85702452738858,3.72976098900678,311.073295418004,16.5,25.8772289822916
-59.2028960974732,3.6402370439725,311.090287953552,17,25.8490987042049
-21.7937819174329,3.69685454211905,311.095479148685,17.5,25.8387433806259
-17.6090222384235,3.70317530225276,311.099107203421,18,25.830376447164
-37.1439123376697,3.67289544851177,311.108241738694,18.5,25.8127275034101
27.7241340365613,3.77239309022031,311.105383486606,19,25.8259006360028
18.6957253905809,3.75903331727328,311.102466483479,19.5,25.8347839168715
27.0257018605748,3.77184634081625,311.099083611469,20,25.8476251891561
-28.355972221258,3.68703756481904,311.104931963115,20.5,25.8341518384151
-23.6952873831674,3.69395884015379,311.110123133192,21,25.8228930138073
-1.20036840964566,3.72855958025133,311.1103194134,21.5,25.8223226583113
-4.52375078197327,3.72345237385006,311.110843305895,22,25.8201731964458
10.2787006488969,3.74624817160211,311.109124370108,22.5,25.8250571248797
-32.9739864745262,3.67960150078367,311.116513512949,23,25.8093895229497
-3.79706362409824,3.7244093585991,311.117273430484,23.5,25.8075853467574
-27.3528005991379,3.6879600510483,311.123175764769,24,25.7945886533855
-16.8666411003988,3.70394719348132,311.126623517943,24.5,25.7865744625972
1.22406565530005,3.7318333709946,311.126292697751,25,25.7871560778483
1.46876438506491,3.73227062872946,311.125714289157,25.5,25.7878539617918
36.9084220561533,3.78613892497916,311.122079931335,26,25.8053910122509
-15.0468886462065,3.70717661479453,311.124372807427,26.5,25.7982414775176
-19.1135609032894,3.70074689964223,311.128174835433,27,25.7891596619498
20.6390230788877,3.76178881218908,311.125526715054,27.5,25.7989663014374
-20.9946529325269,3.69791106819877,311.12940546634,28,25.7889906842927
-24.0175299435816,3.69304222311574,311.134546217864,28.5,25.7775787460125
13.8896439388331,3.75135738507892,311.13256577438,29,25.7841784154929
-8.77735224670349,3.71660267792765,311.133699536131,29.5,25.7800078533103
15.6186435819221,3.75410387355525,311.131366165097,30,25.7874290576138
-8.03913958820009,3.71786703594796,311.132329502046,30.5,25.7836092574503
22.7011425676922,3.76498077139793,311.129398092491,31,25.7943957137795
-59.9557213174562,3.63842948559362,311.14634459066,31.5,25.7659077305096
-46.2038227721572,3.65860551119788,311.159050334039,32,25.7439539669452
9.41690940068355,3.74401861007902,311.1578150805,32.5,25.7484284149473
-3.99788589124962,3.72347175700567,311.158015473036,33,25.74652881798
-13.4880334794983,3.70877699314979,311.160310731469,33.5,25.7401199738586
-46.0329067575223,3.65849094760852,311.172342829552,34,25.7182474211021
-11.6866560746793,3.71106657652522,311.174765997872,34.5,25.7126945021242
-19.4423599589881,3.69898279362042,311.17858023102,35,25.7034564575629
6.20236978012873,3.73856946290684,311.177377062869,35.5,25.7064035158694
-55.9180019699183,3.64294005705418,311.193033117381,36,25.6798340564483
4.35541656188673,3.73535685086578,311.192557152208,36.5,25.6819035342467
-31.4905619567716,3.67991767062438,311.199551499627,37,25.6669407820277
9.54384073362247,3.74322563624539,311.19797918838,37.5,25.6714755414998
0.856165496166252,3.72997827998862,311.197229353436,38,25.6718823488535
-10.3698517109386,3.71264381341233,311.198720794864,38.5,25.6669551099585
-14.2542071077193,3.70656256734568,311.201208089243,39,25.6601822181529
7.29795434445967,3.73984793087099,311.199720504169,39.5,25.6636498438724
-33.8754961969559,3.67620712058361,311.207378848366,40,25.6475538892627
-14.4767551570714,3.70596106937647,311.210205476649,40.5,25.6406752536687
-25.3645371563128,3.68897578118531,311.215594402848,41,25.6286232844108
2.56783294766296,3.73212545734538,311.214920904868,41.5,25.6298433911903
-23.40760962751,3.69190788132135,311.21956233094,42,25.6187212567751
9.78094920624597,3.74317198038327,311.217793871425,42.5,25.6233686784261
-19.5024310144527,3.69795456530231,311.221310935536,43,25.6141020910804
14.8367571559247,3.75094736910856,311.21888123204,43.5,25.6211517817579
3.36184229938136,3.7334792964055,311.217610661785,44,25.6227491623761
11.6697262726334,3.74634747934937,311.215304912142,44.5,25.6282940371522
-34.5424933609194,3.67497676947426,311.223078992283,45,25.6118811585922
-1.44352369156285,3.72596577526583,311.223177560654,45.5,25.6111952677736
-24.2390412421989,3.69062089035918,311.228048568975,46,25.5996780783175
-41.1156252899579,3.66434174859577,311.238481246514,46.5,25.5801419736781
21.4113942245574,3.76061378293039,311.235634604759,47,25.5903156056026
14.0741114206292,3.74966139862394,311.232805173566,47.5,25.5970029248756
12.730004176346,3.7477718951993,311.230217661406,48,25.6030515910918
-40.4650114517503,3.66565003868113,311.239914688294,48.5,25.5838246258594
-26.1519976782928,3.68734984757198,311.245787887038,49,25.5713984944417
-17.1341602614737,3.70113370367448,311.249078479871,49.5,25.5632571918246
-20.1132290182618,3.69638906316537,311.253013086616,50,25.5537003835804
-3.08069647243776,3.72271854200525,311.253163985869,50.5,25.5522365895064
32.019551252418,3.77647249937843,311.24915730834,51,25.5674506911859
-24.1249606489919,3.69043974913999,311.253600273523,51.5,25.5559877071661
-11.1759032436641,3.71034387310926,311.255437629244,52,25.5506774725857
-23.813783034991,3.69064147092952,311.260260095829,52.5,25.5393623447249
46.5804675471416,3.79797724561211,311.256329494334,53,25.5614950711942
9.41930874457259,3.74248076346881,311.253797741121,53.5,25.5659706592454
13.5467858907578,3.74892790194642,311.251110771449,54,25.5724074195968
8.49572742765585,3.74131516652267,311.2490187957,54.5,25.5764441676419
-20.2103740044887,3.69696212092032,311.252593062581,55,25.5668412009214
31.7393094705736,3.77658167856757,311.248874406777,55.5,25.581922145614
39.3339882468475,3.78818870538175,311.244512698874,56,25.6006117047502
-26.3963603524169,3.6879501540952,311.249411929642,56.5,25.588069464317
1.95923207831909,3.73159379672488,311.24874338279,57,25.5890003941673
-11.7298720802667,3.71042676693289,311.250346631761,57.5,25.5834269410883
-23.1415232418284,3.69262247652147,311.254897827298,58,25.5724312377181
-12.2919256916172,3.70923473767032,311.256923533439,58.5,25.5665907246568
5.59977564705398,3.73684438165508,311.255501306037,59,25.5692514601369
-40.5686800849634,3.66548414163978,311.265213840614,59.5,25.549975236715
19.4532932343072,3.75781472549947,311.262480648656,60,25.5592184762261
-15.6498819739065,3.70387141047332,311.264793825152,60.5,25.5517824289891
-6.72251965084412,3.71760049266506,311.265532532806,61,25.5485882212782
17.5809816624574,3.75502677421449,311.262558912414,61.5,25.5569418312501
-5.26764817495687,3.72002796938406,311.262646318161,62,25.5544389062617
-27.0531151658247,3.68620389645562,311.268206985793,62.5,25.5415846085349
-10.2563500820675,3.71201665629808,311.269817240975,63,25.5367112999811
4.2557940296318,3.73443650338851,311.268537441345,63.5,25.5387334420961
-6.74335541517361,3.71748354291274,311.269044590877,64,25.5355293342641
-14.3966466972163,3.70556628514784,311.271334879102,64.5,25.5286887622346
5.6016875447851,3.73645050273852,311.269896168338,65,25.5313504061537
-14.0100839015429,3.70614885018991,311.271957037809,65.5,25.5246935095802
-20.638793134125,3.69574402898426,311.275876337431,66,25.514886979351
8.4890802773013,3.74072601309846,311.274088610943,66.5,25.5189205690002
-23.9102973354369,3.69062365362642,311.278626565424,67,25.5075595823337
39.0585742883907,3.78695285105257,311.27465522686,67.5,25.5261182784251
1.70579400541592,3.73059195403705,311.273272550932,68,25.5269287870808
-4.5024477852355,3.72101446474866,311.273349613581,68.5,25.5247894473421
-45.6004758522255,3.65742239603406,311.284929531299,69,25.5031223642909
-30.3435946473873,3.68044844513877,311.291987698573,69.5,25.4887045940154
-7.08983241232194,3.71629630000221,311.292940012545,70,25.4853358575093
19.779295329402,3.75770615584987,311.289660738338,70.5,25.4947339970372
-33.467343836309,3.67559132173042,311.296880957455,71,25.4788319761733
-18.2067686125148,3.69894550335611,311.300398925199,71.5,25.4701810232996
-38.0137491490457,3.66810763331879,311.309570701285,72,25.4521187762615
-16.9454616925808,3.70044072299219,311.312844322784,72.5,25.4440671338395
-36.0107933086125,3.6707378393322,311.321370308811,73,25.4269565920135
-1.60524525540867,3.72391186420944,311.32128757889,73.5,25.4261938591337
37.7563018898415,3.78403666749189,311.316843896457,74,25.4441337800109
-0.234526943760613,3.72652360357148,311.315696051502,74.5,25.4440223444464
4.37641587780029,3.73369727742318,311.314159430931,75,25.4461018000775
-20.0092396614232,3.69591035061279,311.317636020297,75.5,25.4365944024148
-9.52445619700764,3.7120502837295,311.318905782518,76,25.4320688535125
-63.0388097638184,3.6295757769779,311.337681793722,76.5,25.4021159396214
-9.44341770730373,3.71154157251543,311.339517774507,77,25.3976288961876
21.4785831905316,3.75927385658802,311.335940781413,77.5,25.4078344529743
4.56584610395281,3.73354938475878,311.334096344918,78,25.4100039164477
-6.22675760622512,3.71689775561595,311.334357372985,78.5,25.4070452702566
22.3659762235844,3.76094147747699,311.330711536908,79,25.4176724721728
30.8311804159016,3.77397436531118,311.326282364576,79.5,25.4323219190075
-45.9145329013981,3.65602700934645,311.337555988772,80,25.4105056116327
5.72820317954454,3.73556260005202,311.336322113874,80.5,25.4132273695027
11.6629554704223,3.74479939126797,311.333645561523,81,25.4187690271297
-34.0324986977476,3.67410002615111,311.341041653471,81.5,25.4025984727234
-2.09084091239267,3.7233876872187,311.340944075754,82,25.4016050088867
-35.0643525538497,3.67219013987279,311.348850533187,82.5,25.3849441687371
1.15836115398619,3.72814796844663,311.348176418489,83,25.38549456447
-6.93954238727919,3.71563553306459,311.348584683594,83.5,25.3821972383252
12.9445066366738,3.74638448394614,311.345847339045,84,25.3883478254651
-26.496497894133,3.6853699011411,311.350950551634,84.5,25.3757580046419
-14.2984036520988,3.70410641742864,311.353311287511,85,25.3689641128318
1.81679213162075,3.72906371631846,311.352250147128,85.5,25.3698273622884
23.0101805159442,3.76169122550461,311.348408750049,86,25.3807606581136
-15.472518730348,3.70252669463627,311.350477097091,86.5,25.3734088850876
17.1572307153465,3.75289771329301,311.347372874294,87,25.3815611496395
-30.2524770668664,3.67964616067674,311.353517140879,87.5,25.3671866739162
-5.32664946363217,3.71811293588249,311.353956741025,88,25.3646557144436
27.4893054974991,3.76853042671792,311.349892040189,88.5,25.3777172681686
-47.2240420214818,3.6535103287076,311.361679956879,89,25.3552787470487
-13.1422602051947,3.70580386408132,311.364019320109,89.5,25.3490341972271
-7.09468068601736,3.71513280933337,311.36458519385,90,25.345663157062
-30.4047526220446,3.67884441615068,311.37106511616,90.5,25.3312163275521
-29.9872817102541,3.67921921416469,311.377727561024,91,25.316967859501
24.2704402559934,3.76298644704115,311.37405768504,91.5,25.3284999682101
-0.125833346513438,3.72575330482528,311.372863962581,92,25.3284401784487
-34.2251377357703,3.67276942299433,311.380450873983,92.5,25.3121780915319
0.0484433613169681,3.72577590948808,311.379879438112,93,25.312201109413
-10.4611852777096,3.70948145774769,311.380987267062,93.5,25.3072304733399
8.42829920292717,3.73875550502448,311.37878233909,94,25.311235182839
-22.2699608498716,3.69116810886987,311.382711701347,94.5,25.3006536026633
-9.87321716364368,3.71029846915101,311.38394803667,95,25.2959623398581
-24.3071859097512,3.68775985996628,311.388658643681,95.5,25.2844127714379
-31.0803152714587,3.67702562036369,311.395573337468,96,25.269644948084
-24.6825431540334,3.68671167834285,311.400680814981,96.5,25.2579170285297
25.7261728162939,3.76459447535746,311.396742367397,97,25.2701408291059
-31.1891747006074,3.67675393531894,311.403109729401,97.5,25.2553212811537
-8.02311897658457,3.71258359510805,311.404033318225,98,25.2515090931898
-7.31426665800052,3.7136717056391,311.404516159223,98.5,25.2480337166685
-7.00578908844802,3.71414004017368,311.404923265045,99,25.244704913379
-13.4166915245173,3.70412953293716,311.40675571748,99.5,25.2383299674141
-30.167789708139,3.67793816363941,311.413244134668,100,25.2239957309207
1.12797920473017,3.72647871586429,311.412355340565,100.5,25.2245316906591
34.0951336252523,3.77701711502403,311.407634749685,101,25.2407320060745
11.2222569095258,3.74256107164492,311.404520169022,101.5,25.2460642656164
16.520081294507,3.75084247901504,311.401012141686,102,25.2539137883841
-31.5018547238534,3.67649494596097,311.407489256958,102.5,25.2389456704027
15.5696784291748,3.74929650824164,311.404566574617,103,25.2463436088956
-0.675375790462379,3.72437992245412,311.40347315369,103.5,25.2460227038378
1.18213004844497,3.72728601195972,311.402226652813,104,25.2465843933697
10.4446868810775,3.74165418671025,311.399559026393,104.5,25.2515471902236
11.5777883420753,3.7435230586308,311.396658942923,105,25.2570483806578
-22.4457766021429,3.69082216689529,311.4005220263,105.5,25.2463832615621
0.141643345845454,3.72577264051209,311.39971815379,106,25.2464505634505
15.1959680819395,3.7490495840737,311.396494707801,106.5,25.2536709333331
-4.35524871118051,3.71899112748248,311.396104545981,107,25.2516015352891
-1.11231889559592,3.72400621391554,311.395317212717,107.5,25.2510730165524
-19.7171432244243,3.69505943426117,311.398594716986,108,25.2417044086204
-14.7372054470626,3.70263973596433,311.400852665109,108.5,25.2347020199743
-8.49279813687965,3.71225426220477,311.401636417249,109,25.2306666637827
-25.4419941750389,3.68579642147718,311.406584331931,109.5,25.2185778907935
-16.6313262038327,3.6993016809694,311.40938804556,110,25.2106755099658
1.4871147590654,3.72740474782731,311.408262700151,110.5,25.2113821130964
22.4327904087088,3.75971048518226,311.40428017099,111,25.2220410617975
26.6304609654549,3.76632180036754,311.399816833844,111.5,25.2346945352239
-12.8843184739357,3.70565726790104,311.401115638029,112,25.2285725465118
47.7090283357701,3.79786419267993,311.396633138653,112.5,25.2512415090593
16.948506482453,3.75219528401271,311.392824115408,113,25.2592945982143
-8.36716985497496,3.71323879067105,311.393214034706,113.5,25.2553189343475
-2.78987927591177,3.72181787021349,311.392776725483,114,25.2539933221726
-52.5430812335331,3.64477647796325,311.406807833898,114.5,25.2290274575939
15.3525060050465,3.74932681184603,311.404215526922,115,25.2363222065288
-30.4359080708688,3.67846311568467,311.410315212583,115.5,25.2218605734958
6.55657947892617,3.7356943340695,311.408547199898,116,25.2249759346723
40.4441401379163,3.78720714534819,311.403772282123,116.5,25.2441929828921
2.69544933343927,3.73022867623208,311.401870150676,117,25.2454737266448
-41.4050931304346,3.66181291179412,311.411653075772,117.5,25.2258000812534
-2.62516001798487,3.72161718644007,311.411562716311,118,25.2245527354951
40.1592297012758,3.78683881494448,311.406889316256,118.5,25.243634408415
-18.7886294817377,3.69690108064236,311.409446337905,119,25.234706984133
-23.6401739816097,3.68916565886263,311.413913047101,119.5,25.2234743466784
-27.5429290171703,3.6828702827973,311.419570436178,120,25.210387313718
-10.6258262571384,3.70896061252836,311.420921045998,120.5,25.2053384484223
-25.5999410927336,3.68556531442698,311.425875203421,121,25.1931746268964
-19.4138195876867,3.6949782522861,311.429329372657,121.5,25.1839501433031
-13.3535777579122,3.70428215165303,311.431202634653,122,25.1776051858679
-15.1738879638016,3.7013612159587,311.433437276906,122.5,25.1703953073616
18.2962048258399,3.7531531142798,311.429944895332,123,25.1790887558854
31.5419519375065,3.77346483946532,311.425170743392,123.5,25.1940759260729
-20.245732621466,3.69395927563105,311.428177756031,124,25.1844561586923
-31.7229364189357,3.6759151171591,311.435060938724,124.5,25.1693829936613
43.019241949505,3.79046193949371,311.430585477628,125,25.1898236024641
9.04811502644552,3.73948876781948,311.427636112608,125.5,25.1941228176821
-28.6190112297543,3.68105634428031,311.433186969207,126,25.1805244838585
-31.0842040898176,3.67694026920564,311.439957816541,126.5,25.165754812731
-61.3639353894609,3.6301111771048,311.458132953702,127,25.1365977160214
-31.518826446575,3.67535649250302,311.46557654426,127.5,25.1216215339196
-40.68351363374,3.66087369950324,311.475691807454,128,25.1022907472942
6.60506676012609,3.73421270471186,311.473879095715,128.5,25.1054291472205
0.716241333583941,3.72521088156244,311.47246373862,129,25.1057694695563
-38.1049697616634,3.66476384849455,311.481246944423,129.5,25.0876638790103
-17.2777250366058,3.69688161087562,311.484275378359,130,25.0794543615369
-17.4031804281561,3.69658644237241,311.487063428694,130.5,25.0711852338876
-8.38985201054064,3.71057947932715,311.487705042186,131,25.0671987925862
-38.6752569566679,3.66331068998368,311.496827496648,131.5,25.0488222298675
-6.13005200750711,3.71378845228211,311.497251643576,132,25.0459095333775
-18.1844345037155,3.6949547133596,311.500100179837,132.5,25.0372691925638
-35.0377336381824,3.66852983440834,311.508122762731,133,25.0206210004019
-33.1028891662282,3.67124692473486,311.515749931808,133.5,25.0048921503101
-13.7129657094613,3.7013199979584,311.517807870274,134,24.9983764295561
-17.3254539371787,3.695616332858,311.520522994301,134.5,24.9901442336778
-19.8699797607052,3.69154380004953,311.523955356902,135,24.9807030054088
15.7881981454068,3.74704343124638,311.520475337247,135.5,24.9882047736261
27.4701822031786,3.76513453326593,311.515539863817,136,25.0012572409108
-9.72109438749368,3.7079334438832,311.51591816145,136.5,24.9966382592992
-5.98160826767079,3.7137356032872,311.515878590404,137,24.9937960959074
-27.0093898930591,3.6808380033426,311.521143114291,137.5,24.9809625742602
-5.70778458567881,3.71394686834478,311.521256621498,138,24.9782505182927
-29.6442840576093,3.67650459618158,311.527336491371,138.5,24.9641650257038
29.604535280986,3.76823513245586,311.522762158429,139,24.9782316316467
-29.8705551217745,3.67630081478424,311.528507461817,139.5,24.9640386262775
-8.24247579634592,3.70987827930025,311.529180836383,140,24.9601222108391
-3.03456128892101,3.71800173658154,311.528499369619,140.5,24.9586803379147
11.5624586193507,3.74073073428479,311.525345437628,141,24.9641742444255
-14.7184923668121,3.69993065795737,311.527029447215,141.5,24.9571807473065
6.61507593003197,3.73313480529022,311.524729522882,142,24.9603239030935
4.37075570968603,3.72976160743189,311.52255113773,142.5,24.9624006692936
34.2605917839181,3.77560843158312,311.517422670501,143,24.9786796022146
0.337136552711311,3.72394274951366,311.515681677149,143.5,24.9788397927729
1.95578811689976,3.72648729051793,311.513996515783,144,24.9797690862236
5.13596178332496,3.73147172559712,311.511773251912,144.5,24.982209440374
-23.2273471560286,3.68729070083628,311.515732946674,145,24.9711729577391
42.1526389127295,3.78765207406636,311.5108161551,145.5,24.9912017997869
26.2216610452587,3.7641634915311,311.505868487586,146,25.0036610317793
-5.51155023377867,3.71548746160078,311.505327496707,146.5,25.001042216637
22.7863359496326,3.7591408106631,311.501127417618,147,25.0118691526333
13.6399178812604,3.74535287849215,311.497572476287,147.5,25.0183501646846
-42.377040276359,3.65844253810102,311.507470025699,148,24.9982146982455
-6.11740924261155,3.71444010038728,311.507844461662,148.5,24.99530800897
-14.3714896946238,3.7015179729856,311.509602501351,149,24.9884793902996
1.15753455488106,3.72561892752896,311.508235136234,149.5,24.9890293932737
33.8704243558133,3.77575371853845,311.503282465259,150,25.0051229379961
-25.4807022696981,3.68447865777133,311.507545660506,150.5,24.9930157728414
-21.2923307370978,3.69075435657157,311.511302174456,151,24.9828987139772
34.7194051380837,3.77696536073205,311.506561168217,151.5,24.9993956522339
-21.3032288550243,3.69093740468475,311.509651146392,152,24.9892734151249
-9.29892443834518,3.70947481693541,311.510415284418,152.5,24.9848550277216
7.97211326599228,3.73627321088844,311.507900037638,153,24.9886429803032
-20.4302005402354,3.69213320112707,311.511028217545,153.5,24.9789355629225
14.1910247793639,3.74580215892012,311.507825849659,154,24.9856784336213
26.314923316299,3.7644857543024,311.50314328957,154.5,24.9981819792164
-3.18962528102715,3.71931266903707,311.502144523086,155,24.9966664275786
0.748741717103256,3.72541630356262,311.500733006517,155.5,24.9970221924837
-21.7553504522585,3.69034807049294,311.504285556003,156,24.9866851296298
-44.9242956459627,3.65414938005283,311.515563389541,156.5,24.965339333855
15.8995202157484,3.74827121684888,311.512465205322,157,24.9728939967954
-23.5871644347961,3.68704898131798,311.516377392504,157.5,24.9616865468468
0.701279573642648,3.72475648548115,311.515185453675,158,24.9620197600969
16.1493938663645,3.7486994633242,311.511499071327,158.5,24.9696931505953
-30.1015183931829,3.67693672239876,311.517316170354,159,24.9553904029419
-1.99989267675818,3.7205214951635,311.516697573338,159.5,24.9544401531931
8.70691399968339,3.73717005715183,311.513973332978,160,24.9585772466165
-0.632112926855583,3.72279138815454,311.512651113475,160.5,24.9582768979243
-17.6865397651807,3.696194993044,311.515154866854,161,24.9498731319807
-8.14959677152068,3.71094619305197,311.515621671829,161.5,24.9460008480455
-22.5116724786474,3.68845566230524,311.51950620432,162,24.9353044184995
-14.9398887141333,3.70009868604087,311.521597256508,162.5,24.9282057248238
0.0170411558399639,3.72335427237712,311.520411433253,163,24.9282138219353
-55.2785970021514,3.6374187807479,311.535590610713,163.5,24.9019481760224
-34.9654054542261,3.66822086264541,311.543955433218,164,24.885334350624
-19.6937250741177,3.69178370704078,311.547447269663,164.5,24.8759768698348
-20.1672046603244,3.6909165372695,311.550867326156,165,24.8663944150441
2.74741231743928,3.72664434746255,311.549203850167,165.5,24.867699849028
-45.0110205675247,3.65215893953975,311.560399720528,166,24.8463128458745
-10.2098926284972,3.70610649411341,311.561655466111,166.5,24.841461611597
-11.0615953120134,3.70475118324268,311.562650032703,167,24.8362056904728
-7.54228901320175,3.7102325970302,311.562857167963,167.5,24.8326219690447
-13.4023968667474,3.70104552955063,311.564369204896,168,24.8262538151917
4.24464833798276,3.72858668377457,311.562332827468,168.5,24.8282706614273
4.00876466800399,3.72832683334508,311.560137786103,169,24.8301754274494
-32.9320486525186,3.67062354639699,311.567053932499,169.5,24.8145277522911
-1.68886507101557,3.71926725228397,311.566321346769,170,24.8137252874249
-35.8323747348101,3.66585569705467,311.574283955192,170.5,24.7966995212505
11.8448892355034,3.74009717150556,311.571358291217,171,24.8023276247736
15.939999128284,3.7466021439462,311.567366914932,171.5,24.8099015212844
25.1960876500328,3.76098620954851,311.562470530938,172,24.8218734516968
-34.2558962710453,3.6687750237149,311.569539653059,172.5,24.8055967498505
-17.7311208045436,3.69429393372946,311.572432003016,173,24.7971718012095
-39.7532302543626,3.65973558049479,311.581915337995,173.5,24.7782830390776
-11.202015328645,3.70405546083533,311.58327536628,174,24.7729603973304
-0.240590133415225,3.72118445003259,311.581955656285,174.5,24.772846080839
-50.1278946503068,3.64330821993784,311.595179900118,175,24.7490277930631
6.39484504509528,3.73117305937388,311.593196574087,175.5,24.7520663060633
-19.5919539711082,3.69060959050861,311.596094535172,176,24.7427571818515
-13.1943631673017,3.70052459530691,311.597647448933,176.5,24.7364878752882
7.6388613353815,3.7330677967105,311.594973148958,177,24.7401174830911
21.3809472939509,3.75443355757062,311.590372021459,177.5,24.7502766481452
-13.3742472428509,3.70061512313985,311.591487945307,178,24.7439218695965
-44.9842571534875,3.6511080554698,311.602827046267,178.5,24.7225475830891
-0.23131644583669,3.72072663885349,311.60189753397,179,24.7224376729939
-36.5994396416794,3.66378117407024,311.610087311532,179.5,24.7050474356439
-12.1606330680844,3.70178394123852,311.611591205914,180,24.6992693063215
-14.5236438917106,3.69802447260005,311.613359418017,180.5,24.6923683915278
23.8468409245705,3.75769015923044,311.608708624352,181,24.7036992268571
4.7328800811299,3.72843892928122,311.606068326419,181.5,24.7059480565869
1.19618517428552,3.72301791761193,311.604239902525,182,24.7065164244171
-32.1005775796977,3.67087861221811,311.61086215317,182.5,24.6912638230481
16.0287072536519,3.74586009562513,311.607247426256,183,24.6988798692577
-42.4959418785479,3.65461295110119,311.617311131263,183.5,24.6786879066781
-21.8175994619338,3.68653808973835,311.621389252083,184,24.668321266184
2.1827735903586,3.72405183395517,311.619662516397,184.5,24.6693584118668
23.2533609140356,3.75676128246187,311.614862171404,185,24.6804072549486
-14.5960865268686,3.69813022655454,311.616214195538,185.5,24.6734719190099
-6.71839949746367,3.71039493842054,311.616149777542,186,24.6702796689914
-13.3360014251474,3.69999062780942,311.617513934432,186.5,24.6639430629572
-4.61088227197219,3.71360301577925,311.616989742533,187,24.6617522005317
-7.73836168272873,3.70870645916124,311.61703051037,187.5,24.6580753151018
-4.01681995612491,3.71451909273862,311.61631834197,188,24.6561667216066
39.2699315504626,3.78105727154625,311.610749722509,188.5,24.6748258441796
30.208287554933,3.76782386621235,311.605179121662,189,24.6891793232399
-20.1558653065072,3.69000382950507,311.607871780176,189.5,24.6796022563475
-52.8852347241767,3.63883411400134,311.622290180652,190,24.6544738174106
-19.6495319851678,3.69007804087261,311.62586725202,190.5,24.645137334984
15.4108006274121,3.74473508623061,311.622125075449,191,24.6524597826304
-0.224972775664154,3.72062369188011,311.620399230552,191.5,24.6523528867324
9.2863601844467,3.73548923379719,311.617265601223,192,24.6567653042258
-2.87967671542995,3.71664557821199,311.616119050621,192.5,24.6553970247641
3.65758781850829,3.72686603299882,311.613911140962,193,24.6571349289756
17.6583700426501,3.74863486033689,311.609699462706,193.5,24.6655253100651
-8.3125231958155,3.70842417133468,311.609606545375,194,24.6615756115788
-11.1565013204837,3.70390525254243,311.610439436409,194.5,24.6562745958294
0.259215707619923,3.72169937752731,311.608937554368,195,24.6563977622693
4.59934995058964,3.72850566153113,311.60655617544,195.5,24.6585831451079
-28.6051768618791,3.67657585791725,311.61195546289,196,24.6449913846893
55.9691434436288,3.80586686037241,311.606978439903,196.5,24.6715851440006
-32.3965281014408,3.67102717939435,311.613039872545,197,24.6561919216312
1.3137745316222,3.72348947751204,311.611602186217,197.5,24.6568161620882
23.6994448446477,3.75813060277244,311.606864076649,198,24.6680769621154
-12.5307327172904,3.70213031156954,311.607660636644,198.5,24.662122979807
-13.604529176562,3.70033489655654,311.60910771327,199,24.6556587827119
-25.0372952983069,3.68229131870254,311.61362414343,199.5,24.6437623025444
27.145320726948,3.76322141344536,311.608913210307,200,24.6566604117779
-3.65252400066052,3.71590488332261,311.607748069678,200.5,24.6549249136413
-30.3530100603067,3.67405491750484,311.61374595297,201,24.6405026696288
-33.4647525737877,3.66888902893107,311.621102310257,201.5,24.6246018800043
8.46685077816135,3.73423922910693,311.618490292814,202,24.6286249072987
-19.4888285426186,3.69061862733755,311.621211996289,202.5,24.6193647831726
4.23400793797401,3.72763634398677,311.619087814797,203,24.6213765736181
-34.0489894428407,3.66773810306551,311.626230028077,203.5,24.6051981836282
-32.6372686085095,3.66961883636314,311.633406604774,204,24.5896905733174
43.1683229671089,3.78660605614713,311.628071777934,204.5,24.6102020180211
-29.1191814244389,3.67537847512014,311.633229496211,205,24.5963660281435
3.28666845905736,3.72592954794347,311.631355736665,205.5,24.5979276898835
-2.02263735575926,3.71771139221018,311.630067887729,206,24.5969666329921
-1.37165351234624,3.71875339723074,311.628715752046,206.5,24.5963148913159
-52.8913209787904,3.63826813675032,311.64291012097,207,24.5711835604928
18.1519433109251,3.74865288190893,311.63924779835,207.5,24.5798084631042
-38.4242159060172,3.66043320221572,311.647735925496,208,24.5615511826339
17.3746452791916,3.7473689323656,311.643942201812,208.5,24.5698067517966
-32.4869621449667,3.66960330480295,311.650422270517,209,24.5543705596578
3.9801791062282,3.72653857663033,311.648431966822,209.5,24.5562617432396
-52.0765788760519,3.63892676591769,311.662285292531,210,24.5315175374295
-35.8170177664653,3.66368027099022,311.670803432264,210.5,24.5144990681244
11.0062276826358,3.73685761282244,311.667708339583,211,24.5197286812989
-3.40966237140415,3.71451671714777,311.666545498339,211.5,24.5181085789557
-22.6116606416268,3.6843493490723,311.670240695139,212,24.507364639997
-54.7153459262091,3.63405487250172,311.685599677394,212.5,24.4813666230421
15.7679424675257,3.74384686686367,311.682092365231,213,24.4888587667666
-23.7948942532099,3.68206855224583,311.685921733388,213.5,24.4775526139175
32.2103179744276,3.76908992984837,311.680555017266,214,24.4928573584758
-7.20927809669652,3.70841634110173,311.679949865972,214.5,24.4894318673084
-14.6808968159146,3.69664192174475,311.681515825524,215,24.4824562337294
9.96747246624201,3.73518654830979,311.678269978634,215.5,24.4871922819767
18.6936798548708,3.748843683641,311.673659366691,216,24.4960745909083
-42.1094016765346,3.65394063536217,311.683426866085,216.5,24.4760662930494
-69.7646967226095,3.61091254970696,311.705807586791,217,24.4429175714697
5.28112938231814,3.72726817267779,311.703998759746,217.5,24.4454269020587
-10.1408514740863,3.70319048612367,311.704297163438,218,24.4406084727114
-25.187811509162,3.67945314683002,311.708790724034,218.5,24.4286404747104
2.01728458929273,3.72209233926696,311.706908837391,219,24.4295989882328
49.6833962718563,3.79483434586488,311.700860488091,219.5,24.453206072439
22.7375129631807,3.75486603895407,311.695431596346,220,24.4640098101751
0.374937672644011,3.72042793515055,311.69332888243,220.5,24.4641879619496
6.76495962428922,3.73044020144806,311.69036767922,221,24.4674023350297
-6.83329433673815,3.70925316348709,311.689879595995,221.5,24.4641554926856
-17.3307401696447,3.6927087174838,311.692054156311,222,24.4559207850521
-46.0715877293345,3.6475394103518,311.70368371863,222.5,24.4340298530174
-1.93398187448956,3.71634321364255,311.702829214415,223,24.4331109208109
1.27260366168925,3.72141054237543,311.700803862768,223.5,24.4337155989138
-29.2432041942373,3.67349601580009,311.706344657417,224,24.419820679571
-2.35807265715902,3.71554500852141,311.705340532909,224.5,24.4187002404715
11.55218336609,3.73731594584697,311.701657666462,225,24.4241892646919
-20.2625936489212,3.68758503721142,311.704426294534,225.5,24.4145614857879
-25.991721756139,3.67840091583066,311.709227421368,226,24.4022115095342
5.28737354252722,3.72736954233979,311.706774750805,226.5,24.4047238070383
41.0267394998748,3.78218166267446,311.700739350945,227,24.4242176775615
2.79729438657477,3.72403743714291,311.698020929976,227.5,24.425546813029
-42.7934349667424,3.65256209826313,311.708133049741,228,24.405213496498
9.86025207101378,3.73472547078607,311.705192242586,228.5,24.4098985989347
10.2449190905106,3.73546560786591,311.701567975261,229,24.4147664760486
-13.5349473450024,3.69835113486673,311.702569768264,229.5,24.4083353407867
10.3964364017062,3.73574269267841,311.699192895355,230,24.4132752114073
21.6976614506159,3.75333615754659,311.69423321791,230.5,24.4235848633107
-10.8927000033284,3.70280806262944,311.69448533611,231,24.4184091928553
0.209498426752269,3.72014443535058,311.692768396483,231.5,24.4185087361106
-20.8708945803436,3.68705623597766,311.695795545295,232,24.4085919227929
-49.7710540471274,3.64166108589908,311.708895172551,232.5,24.3849431879623
28.7958533098032,3.7637756929233,311.704042064472,233,24.398625548366
6.53025506380677,3.72976793536295,311.700797667437,233.5,24.4017284014869
-2.0657989678993,3.71642491814131,311.699303505582,234,24.4007468363394
18.3647959151093,3.74822928400317,311.694814888798,234.5,24.4094728759448
-38.7056524530238,3.65913242046182,311.703243312419,235,24.3910818707946
18.7615936500405,3.74870537714212,311.699144012018,235.5,24.3999964489913
14.2941642062057,3.74202236281175,311.694914677242,236,24.406788326427
-3.31392889092717,3.71473699429724,311.69359399066,236.5,24.4052137118827
5.32332800591098,3.72823795312618,311.690901269263,237,24.4077430931634
-15.6421980129525,3.69543889684248,311.692471306763,237.5,24.4003106969633
-44.7934166383082,3.64961353750897,311.703515894024,238,24.3790270883976
-20.4301113881719,3.68732964058504,311.706999447184,238.5,24.3693197133776
-16.4927024174557,3.69337080814719,311.709107841757,239,24.3614831996935
17.0815060808069,3.74580063451932,311.704878875156,239.5,24.3695994836571
-26.1010414985262,3.67837074762955,311.709240487409,240,24.3571975640871
-17.7750872152258,3.69124721791816,311.711753383975,240.5,24.3487517247897
-5.53029481192935,3.7104007068019,311.711233736347,241,24.3461240031542
-18.921960166105,3.68931121129455,311.713806380862,241.5,24.3371332267479
6.58183389420327,3.72925521778806,311.711036389889,242,24.3402605875692
27.1551758697024,3.76114482505788,311.705599008685,242.5,24.3531633794774
27.742417257018,3.76232689960759,311.69996644335,243,24.3663451993491
36.6265932678988,3.77602838190297,311.693944183735,243.5,24.3837483387547
3.35957006840322,3.72532464289768,311.691184476112,244,24.3853446397214
-2.65377209960945,3.71595538336221,311.689849122505,244.5,24.3840836989219
-3.86141813274159,3.71404413033379,311.688822649478,245,24.3822489446608
-4.62547828222958,3.71282034506168,311.687967872009,245.5,24.3800511469357
-9.56238384459233,3.70504009637242,311.688187507411,246,24.3755075766975
-22.5574184688566,3.68452823897623,311.691776156113,246.5,24.3647894109273
-12.684329698058,3.69985017633102,311.692947152627,247,24.3587624469565
-7.67555450680861,3.70763329669173,311.692846395492,247.5,24.3551154043795
6.14010973201515,3.72923853074457,311.690070012652,248,24.358032879801
-21.9479541882291,3.68524088998626,311.69332730677,248.5,24.3476043012103
-37.7019844624302,3.6603095734429,311.701900664217,249,24.3296901892789
-1.44027374555418,3.71696535164769,311.700823403296,249.5,24.3290058426734
-11.3283922621216,3.70146016897626,311.701426429603,250,24.3236231528792
-8.18350909082801,3.70634652711377,311.70142077544,250.5,24.3197347554929
7.73566928860397,3.73126999691754,311.69837348415,251,24.3234103616307
19.1056849889179,3.74901644726678,311.693691758229,251.5,24.3324884349549
-21.247083913665,3.68611715761558,311.696619806581,252,24.3223928751357
-41.6226352466661,3.65394819984703,311.706597540555,252.5,24.3026158645268
22.7599822120868,3.75433421892527,311.702112905145,253,24.3134302785349
13.5153339467487,3.74033763484385,311.697923601201,253.5,24.3198520944835
-4.03977143648669,3.71309232304656,311.69675249659,254,24.3179325955838
16.5672283829661,3.74521628007778,311.692492306757,254.5,24.3258045203081
-14.2380662333609,3.69724686801448,311.693593697241,255,24.3190392978449
-21.8494579684778,3.68514097398863,311.697054408812,255.5,24.3086575197696
2.71048420013695,3.72356215724921,311.695009612977,256,24.3099454073448
-16.1245426448829,3.69403152377765,311.696743523444,256.5,24.3022838249135
7.09628399514357,3.73035969537345,311.693902604681,257,24.3056556268916
-17.8506384257763,3.69130038112574,311.696040331685,257.5,24.2971738894084
-15.4331993064583,3.69495980584353,311.697844997048,258,24.2898407990213
-30.5969289082784,3.67096531061332,311.703985066349,258.5,24.2753026568775
14.5842382523956,3.74162270779604,311.700243653134,259,24.2822323631042
-15.9857538575788,3.6939145485445,311.701824153064,259.5,24.2746367262167
-20.3541320161631,3.68690693377605,311.704918251159,260,24.2649654528235
26.0294135864714,3.75917549552524,311.699883784122,260.5,24.2773333383644
-14.8151487316806,3.6958055047358,311.701046603066,261,24.2702939149377
17.6234176930058,3.7464485939758,311.69676466895,261.5,24.2786676884052
-14.285244474301,3.69675090625289,311.6978748046,262,24.2718800491834
-17.0443523899196,3.69228741641667,311.700045872905,262.5,24.2637814188098
-35.9191956954705,3.66244681106952,311.707970230289,263,24.2467143996238
10.8059894395374,3.73555958102253,311.70479122136,263.5,24.2518488695226
-31.9446748388673,3.66852285432259,311.711073014704,264,24.2366703453989
-20.6410406566177,3.68603360375178,311.714458913061,264.5,24.2268627472585
-41.4228581263551,3.6531875460149,311.72444961567,265,24.2071806608227
38.2066219214086,3.7769463347035,311.718925586331,265.5,24.2253345514302
-46.2555528877431,3.64577047092789,311.730060037141,266,24.2033562082822
-25.6224050853128,3.67768931441034,311.735086263127,266.5,24.1911817129819
-9.39235477646541,3.70312171366747,311.735496530328,267,24.1867189321187
-14.0074677758786,3.69581241884725,311.736822257813,267.5,24.1800632785983
-11.3524913512186,3.69993367185212,311.737547522381,268,24.174669138113
-62.1002042635816,3.62036137393715,311.756010999049,268.5,24.1451622029742
0.544001804976579,3.71809092440838,311.754802139873,269,24.145420685634
-17.1302461085084,3.69027944744962,311.756818663242,269.5,24.1372812428282
-26.6553893016791,3.6751199290076,311.761795602766,270,24.1246159246935
13.3178131880612,3.73791986811371,311.757976132807,270.5,24.1309438885801
21.2077171805638,3.75034809936566,311.75277720475,271,24.1410207432815
-8.29432075184373,3.70447960365708,311.752358138228,271.5,24.1370796936932
-7.56307480506937,3.70560484375849,311.752091949871,272,24.1334860958884
-3.65333229973798,3.71175196646415,311.750973377897,272.5,24.1317502136882
-13.3781651593022,3.69642058390594,311.752035018001,273,24.12539357354
11.4708222934545,3.73541378001447,311.748341468933,273.5,24.1308439390165
1.60961661587605,3.72014679943476,311.74598850068,274,24.1316087489498
16.3865266575349,3.74327698389012,311.74150468005,274.5,24.1393948131821
23.7119969099369,3.75476789874501,311.736133176041,275,24.1506615773277
11.30425226101,3.73583785032899,311.732130279053,275.5,24.1560327969914
19.7038829923498,3.748980451896,311.727247899838,276,24.1653951043193
-18.2385130039432,3.68978659624769,311.729288905185,276.5,24.1567290680861
-29.0584041772796,3.67254991537079,311.734908162137,277,24.1429219565401
-25.7438073541261,3.67748665856473,311.739669499253,277.5,24.1306897769067
2.73115020243281,3.72215723742088,311.737561980541,278,24.1319874839405
-4.42784711026506,3.71097885504552,311.736505426047,278.5,24.1298835907402
-43.5694125167273,3.64931943344929,311.747031259605,279,24.1091815681879
-24.6285100689812,3.67867114143404,311.751690334304,279.5,24.0974793224741
15.7039712597092,3.74192494686462,311.747570585907,280,24.1049410702554
-16.428363936455,3.69167209881199,311.749196836357,280.5,24.0971351270245
2.59316904629575,3.72155530415441,311.746975385619,281,24.0983672722607
-7.09049996442818,3.70639010356757,311.746480730645,281.5,24.0949982185671
-19.7342253477101,3.68639106175924,311.749249054272,282,24.0856214940578
-11.5273504788562,3.69921112067935,311.750047112242,282.5,24.080144269193
-2.76014131098517,3.7129894732792,311.748793033301,283,24.0788327870231
-10.1557472604541,3.70134787680763,311.749061963592,283.5,24.0740072799374
-10.6401733984684,3.70053311753542,311.749532728377,284,24.0689515975921
-4.12884231051159,3.71076083795305,311.748552596599,284.5,24.0669897766335
-12.4325224076711,3.69766075687077,311.749388000381,285,24.0610824589903
-24.0396825855194,3.67922773828877,311.753472458786,285.5,24.0496599948741
18.3190651060422,3.74564846735258,311.749022784687,286,24.0583643054685
39.6725073065419,3.77841107469241,311.742686315794,286.5,24.0772147120617
-14.3635564455779,3.69505977337954,311.743540481129,287,24.0703898628776
16.2201247300506,3.742930039131,311.739272785447,287.5,24.0780968611722
-30.8721760343115,3.66908232570786,311.745092149519,288,24.0634279352541
-11.8657142046468,3.69879581682674,311.746104033495,288.5,24.0577899367392
-19.8862368268093,3.68603774458077,311.748964660475,289,24.0483409839191
16.6720717306373,3.74333638781589,311.744679541586,289.5,24.056262724999
-17.3128885948077,3.69017467720309,311.746521108971,290,24.0480364995479
-11.8209897281386,3.698716680576,311.747353289786,290.5,24.0424197518847
-15.8928724687821,3.69220355305662,311.749145339877,291,24.0348682476237
-59.0617250099133,3.62433544912792,311.766252067668,291.5,24.0068050470316
-30.7941349800165,3.66793694680819,311.773104300327,292,23.9921732023495
-14.9327622057535,3.69279997443734,311.774899541998,292.5,23.9850778948369
13.7653359233742,3.73793192531614,311.770826381304,293,23.9916184993175
-6.57240020694425,3.70618841782334,311.770067044128,293.5,23.9884956209162
10.0440282333976,3.73232709477707,311.766442178301,294,23.9932680446647
-28.4926393396832,3.67166439163552,311.771617663158,294.5,23.9797297564916
3.7059459669085,3.7223222489589,311.769293965453,295,23.9814906380953
1.77326083767352,3.71938099110124,311.766940458396,295.5,23.9823332036414
-22.776773645841,3.68064307562079,311.770465705986,296,23.9715108111774
4.56928578422056,3.72367617523016,311.767919240071,296.5,23.9736819090162
-29.7330824723742,3.66956303112198,311.773553537585,297,23.9595542238275
-22.8255652899977,3.6802262774078,311.777493671865,297.5,23.9487086479955
-17.1883104616006,3.68898518445802,311.779763821595,298,23.9405416158907
27.8610884853667,3.75945255999471,311.774220644287,298.5,23.9537798224407
-14.9820102936119,3.69274169255344,311.775326038765,299,23.9466611146808
15.1592081260181,3.74007911692232,311.771074453887,299.5,23.9538640180566
-4.10255439636598,3.71006337755428,311.769754143825,300,23.9519146878102
-6.81859147075546,3.70577588159213,311.769230778423,300.5,23.9486748315384
44.5283632631266,3.78497559366539,311.762991876968,301,23.9698324998943
-14.3626088009622,3.69432880912437,311.763770336987,301.5,23.9630081009839
3.98919313809642,3.723154094768,311.761234429499,302,23.9649035675862
-38.4668476189899,3.65621041819958,311.769773738854,302.5,23.9466260306417
-39.9239253909173,3.65351703341893,311.779415285972,303,23.9276561626523
-14.0971322488413,3.69396123810498,311.781077416994,303.5,23.9209579050243
-15.9999548904292,3.69086486518727,311.782898376277,304,23.9133555205108
8.01669740754047,3.72868615478193,311.779659369275,304.5,23.9171646572639
15.2958453099497,3.74018984450204,311.775118072579,305,23.9244324838484
-26.0160506753202,3.67527202845014,311.779439023755,305.5,23.9120709476998
-13.3006772427496,3.69518370184606,311.78070442802,306,23.9057511259639
-6.61619248553894,3.70568684012536,311.78022822444,306.5,23.9026074396452
-37.3709615249179,3.65699681171922,311.788578144143,307,23.8848506133856
15.3364115488765,3.73985855789637,311.784540894142,307.5,23.8921377150337
-28.2774137484684,3.67125573141669,311.789586480022,308,23.8787016913802
-38.2072771674037,3.65531204132059,311.798532857872,308.5,23.8605474894323
-33.5468764167877,3.66231182055076,311.806010222466,309,23.8446076786333
-1.52535572828447,3.71281636073827,311.804678362928,309.5,23.843882905292
-3.24600759926038,3.71016400290462,311.803304816403,310,23.8423405635747
18.0088800253024,3.74356444128462,311.798462604693,310.5,23.8508974896127
-9.97287257977031,3.69980777359342,311.798386496399,311,23.8461588754994
0.125265109423816,3.7157407459536,311.796430332896,311.5,23.8462183952627
-7.02583185263184,3.70449275569086,311.795861904586,312,23.8428800686464
7.38000211378777,3.72720256687808,311.792581577156,312.5,23.846386679394
-37.6389177814659,3.65611700749391,311.800860869994,313,23.8285025336195
-23.6569988980877,3.67787959713884,311.805131012681,313.5,23.8172619017997
-10.1071502193358,3.6992082014591,311.805564685065,314,23.8124594856161
-9.89371773721698,3.69951425460097,311.805778821336,314.5,23.8077584819557
-19.3558245848852,3.68445614863561,311.808452870295,315,23.7985615547095
-61.4634059666652,3.61803661984086,311.826904241734,315.5,23.7693571945182
9.91210133595067,3.73009780221751,311.823864106697,316,23.7740669331523
-20.3598817947917,3.68234565896312,311.826599104695,316.5,23.7643929277496
1.08836252347144,3.71626154390522,311.824528326637,317,23.7649100636072
-32.1007618839333,3.66366252458355,311.831020304889,317.5,23.749657374666
-41.2511828987278,3.64890349897983,311.841227813684,318,23.7300568597784
-13.2458576276012,3.69301069094292,311.842661070454,318.5,23.7237630856031
-26.7633926033975,3.67145120623029,311.847612296962,319,23.7110464496595
-22.6993209375667,3.67772483210701,311.851486935733,319.5,23.7002608588786
9.47960481145446,3.72866202251746,311.847905708703,320,23.7047650966283
-13.3273528892236,3.69271339405449,311.848712225215,320.5,23.6984325999492
16.4570047980973,3.73971905395921,311.84401840093,321,23.7062521518962
-37.4559989516299,3.65457217958412,311.85221258385,321.5,23.6884549200717
-36.3936995307002,3.65590142533991,311.860711756612,322,23.6711624402119
-22.6196469555573,3.67748366509486,311.864675139163,322.5,23.6604147065532
-45.6096333127158,3.64084752699115,311.876521854422,323,23.6387432723313
-39.9029908420175,3.64944138260169,311.886513780118,323.5,23.6197833514005
-17.0754587100166,3.68547055428721,311.888939713801,324,23.6116699408474
4.83899790809849,3.7202936390076,311.885989440992,324.5,23.6139691925021
-5.11814581388567,3.70464586270762,311.884813905441,325,23.6115373036162
0.718748707577561,3.7139643488657,311.882506958117,325.5,23.6118788173318
-27.9412515395435,3.66840104831315,311.887642467314,326,23.5986025212769
-16.5878211996802,3.68629733103416,311.889728854963,326.5,23.5907208118681
-31.8575991969266,3.66185774514421,311.896396184923,327,23.575583661768
8.33179114000962,3.72560373653707,311.892998254504,327.5,23.5795425154251
-6.79065931940688,3.70179525656154,311.892144856692,328,23.5763159311254
-13.303294977544,3.69142752459804,311.893067726178,328.5,23.5699948655719
-27.8914879937216,3.66808913222046,311.898349432157,329,23.5567422146843
21.8544849814089,3.74672578947563,311.893022141708,329.5,23.5671263813466
2.30438866396563,3.71632447523685,311.890088000031,330,23.5682213124769
10.8334186893486,3.72988021560931,311.885885994113,330.5,23.573368815394
-14.0671457734669,3.69056032962149,311.886785031882,331,23.5666848058509
-29.9861899511036,3.66509229144133,311.892712794593,331.5,23.5524368565496
18.8505385762003,3.7422911227439,311.887786459022,332,23.5613936969609
-0.834048367956769,3.71156241086492,311.885508369601,332.5,23.5609973985688
-22.9777345461017,3.67634700137906,311.889042300041,333,23.5500795194583
5.49614525320817,3.72146541942171,311.886026003724,333.5,23.5526910149183
-33.6374580168369,3.65931855454201,311.892953079022,334,23.5367081642384
6.1296365669186,3.72231148712074,311.889954804397,334.5,23.5396206633316
-4.05432674879904,3.70630167593897,311.888486284832,335,23.5376942484699
20.7110243799729,3.74531526151093,311.883049093676,335.5,23.5475350994024
-4.62159522886643,3.70569855591393,311.881557916917,336,23.5453391467116
-14.7853423173985,3.68951885599506,311.882802906647,336.5,23.5383138858137
3.98734769694826,3.71925188469546,311.879968665998,337,23.540208475554
-11.6991706695715,3.69443485449834,311.880324296117,337.5,23.5346496102617
10.4616642215163,3.72948763077521,311.876367278674,338,23.5396204739052
20.2835368366383,3.74498874549581,311.870876031661,338.5,23.5492582039726
5.88878726816864,3.72268626400116,311.867350801509,339,23.552056263432
-1.75676208168213,3.71069039366631,311.865424863156,339.5,23.5512215372759
-30.7635780418875,3.66456440204321,311.871389091029,340,23.5366042117343
-27.5982413021882,3.66929426122442,311.876706600679,340.5,23.5234908971211
-10.9084338330063,3.69564821015021,311.87725343401,341,23.5183077507307
4.84440225976801,3.72060886040012,311.874229885388,341.5,23.5206095702651
9.90209980107045,3.72868660406497,311.870188830655,342,23.5253145566662
-50.0147876804383,3.63379340088728,311.8832553311,342.5,23.5015500117091
-21.7078510550932,3.67816339489958,311.887050955489,343,23.4912355182113
-10.088356848041,3.69654176226278,311.887316145257,343.5,23.4864420317051
-18.1376732349923,3.6836669678251,311.889556886399,344,23.4778239095256
32.9326849818755,3.7638440734116,311.883218807118,344.5,23.493471887036
-42.3486081395742,3.64547450796116,311.89301300712,345,23.4733499301373
-60.9192278684733,3.61585571585951,311.91162935763,345.5,23.4444041363716
-37.5760395326276,3.6519724429054,311.920902894597,346,23.4265498672204
8.72102755439496,3.72545499350089,311.917442288223,346.5,23.4306936667046
-31.1486625235807,3.66209767497382,311.923509188032,347,23.4158933681284
-16.3514023205474,3.68549245898482,311.925504879946,347.5,23.4081239932378
-17.8139082075658,3.68307399693488,311.927717361242,348,23.3996597081315
9.17421599937907,3.72596411065154,311.92390236363,348.5,23.4040188402737
12.8618125673862,3.73194698242173,311.919213662866,349,23.4101301352959
1.16836069594555,3.71366925019588,311.916516767167,349.5,23.4106852823149
-6.14415436804113,3.70211314173206,311.915509712477,350,23.4077658850831
43.1935518578169,3.77885191241981,311.90852906219,350.5,23.4282893173036
-30.6460366582116,3.66354945002732,311.913983023626,351,23.4137278415941
1.97972077888863,3.71526099587021,311.911643403361,351.5,23.4146685066581
19.1918831929903,3.74240486924116,311.906246505371,352,23.423787537091
-11.1135246668178,3.69475797450863,311.906227354986,352.5,23.4185069417146
18.428199843257,3.74137754226987,311.90109374853,353,23.42726310772
-24.2148843973764,3.67402883802951,311.904709158753,353.5,23.4157573963978
13.16216973906,3.73316671389023,311.900433108925,354,23.4220114062417
-43.0412804580912,3.64407886785986,311.910623616431,354.5,23.4015603258334
5.78991909461478,3.72135099870081,311.907755691742,355,23.4043114080433
-1.00857638820113,3.71069610464711,311.905583533599,355.5,23.4038321825976
-24.8613128357253,3.67271105861561,311.909621654265,356,23.3920193205626
32.8163917057598,3.76336691703985,311.903329233432,356.5,23.4076120412796
3.62800886377951,3.71827508171977,311.899997920428,357,23.4093358910398
-39.1169118580296,3.6503267904906,311.908788083092,357.5,23.3907494758305
4.15144530421622,3.71882524003063,311.906161932918,358,23.3927220366099
-13.182201832481,3.69135764675431,311.906822701344,358.5,23.3864585085093
26.0889293183949,3.75315423880956,311.900908545779,359,23.3988546729723
-29.7180197662803,3.66523257609487,311.90618203487,359.5,23.384734144834
-12.3005575424388,3.69273363331963,311.907023803714,360,23.3788895303456
-45.8767603708886,3.63920705306327,311.918649275403,360.5,23.3570911706027
11.384858299162,3.72983576649552,311.914877654904,361,23.3625006902554
-17.5498733077468,3.68404058890323,311.916630844318,361.5,23.3541618614298
-48.1738305204181,3.63517914082742,311.929292266495,362,23.3312720479516
-12.949510907758,3.69081877764893,311.930560774519,362.5,23.3251190830303
-21.1666664465248,3.67762225065512,311.933647220777,363,23.3150617336005
29.5862257964901,3.75764963924628,311.927403424359,363.5,23.3291196397851
-9.08758705886244,3.69719178781338,311.926759373481,364,23.3248016694161
-44.4152569533667,3.64081814481736,311.937800320788,364.5,23.3036977435654
-7.16162536545451,3.69983050456282,311.937562172169,365,23.3002948946109
19.079601963426,3.74133867064131,311.932177951248,365.5,23.3093605745759
40.1337274900885,3.7739032354196,311.924964102938,366,23.3284301301107
-28.6798312380146,3.66623994780834,311.92974681956,366.5,23.3148028976375
-9.69722693069098,3.69628340574057,311.92988228421,367,23.3101952566569
-0.112344626699333,3.71150424795174,311.927646120248,367.5,23.3101418760657
-30.6881831734864,3.6627618347332,311.933522778345,368,23.2955603744239
-8.66151430606577,3.69767630979863,311.933440065122,368.5,23.2914448526818
-21.6737660460946,3.67684931879201,311.936583178406,369,23.2811465546888
-4.12561360187424,3.70472744597962,311.935337098612,369.5,23.2791862678523
20.5775318406486,3.74373772275854,311.929757250176,370,23.2889636897552
9.89429380446647,3.72725574021186,311.925393897418,370.5,23.2936649671342
-17.0577260148116,3.68454355677736,311.926985737832,371,23.2855599822778
4.95383938854858,3.71947331504697,311.923876777559,371.5,23.2879138009046
-15.8596822948574,3.68642935885071,311.92520023376,372,23.2803780669671
-6.14147647817699,3.70182798582229,311.924344251012,372.5,23.2774599421357
-5.08914878760566,3.70349569912113,311.923137090313,373,23.2750418311976
29.8840869411749,3.75837689086275,311.916759757094,373.5,23.2892412662157
-32.6704923706029,3.65984256666281,311.922968575278,374,23.273717869622
1.73649640817817,3.7144116726022,311.920667555877,374.5,23.2745429665359
-2.47465566933949,3.70778893741281,311.918805187919,375,23.2733671329747
-7.74577690575376,3.6994142582539,311.918168462671,375.5,23.2696867241988
-17.0862083654006,3.68446345262574,311.919978639718,376,23.261568205943
-66.5093649057406,3.60609653240775,311.940811847788,376.5,23.2299662564861
-7.15117437201799,3.69956162568285,311.940887334786,377,23.2265683733251
-7.35628730492325,3.69924318473342,311.940197479738,377.5,23.2230730306778
-15.3082761431993,3.68652487734126,311.941522540474,378,23.2157992975782
-10.0278766396358,3.69488681365951,311.941574826518,378.5,23.2110345482655
18.5582368426824,3.74015426694768,311.936271698026,379,23.2198525013994
-19.1497548525943,3.68053173358326,311.938370784835,379.5,23.2107534882632
5.41469467076039,3.71957917942529,311.935174491189,380,23.2133262824487
-11.7733885659617,3.69231370884419,311.935418694945,380.5,23.2077321524953
-14.6494726184656,3.6876461769856,311.936611836031,381,23.2007714501354
4.28207706339243,3.7177491553741,311.933570266807,381.5,23.2028060806437
-2.90761895127392,3.7064219118813,311.931751361099,382,23.2014245244182
-17.3796518843023,3.68332121235522,311.933586404058,382.5,23.1931665763653
5.94003263835732,3.72038681661897,311.930286124538,383,23.1959889850813
5.18601554597329,3.71930968612545,311.926860457722,383.5,23.1984531222957
-9.7305824371423,3.69566517982635,311.926606618568,384,23.1938296324338
23.5204160661986,3.74812964256512,311.920810689168,384.5,23.2050053668703
-14.1276923116171,3.68888589877922,311.92148120033,385,23.1982925886171
-66.5175046536114,3.60574625777016,311.942263289208,385.5,23.166686771556
-9.5809829792696,3.69538675710618,311.942913821133,386,23.1621343639321
1.0147913211277,3.71227348224096,311.940423409953,386.5,23.1626165424055
11.9516043884452,3.72967138533346,311.935903339332,387,23.1682953516732
-23.4294769750672,3.67347255713859,311.93933119242,387.5,23.1571628269796
-20.6805794756008,3.67767480474092,311.942359057501,388,23.1473364419547
-4.04401178528675,3.70414419251294,311.941067509177,388.5,23.1454149282517
-42.3060705334613,3.64299229807462,311.951246074677,389,23.1253131831124
18.6136788589826,3.73966529097973,311.946308966347,389.5,23.134157479541
-0.854563538383618,3.70915647949915,311.943881445779,390,23.1337514333581
-10.3438583936714,3.69405382883734,311.943824718876,390.5,23.1288365451975
-7.99809100096074,3.69775888113865,311.943308647267,391,23.1250362492854
-11.55449958142,3.69204631454674,311.943642760049,391.5,23.1195461245145
-32.8379159338909,3.65789577172538,311.950430298839,392,23.1039431765524
8.32806925430437,3.72340503831275,311.946869224815,392.5,23.1079002617542
-27.2170835864987,3.66676405388176,311.951547140659,393,23.0949680543713
10.6142972415306,3.72696460522615,311.94753508257,393.5,23.1000114416511
21.6635506988107,3.74446666867602,311.9416205289,394,23.1103048858181
-22.6892723874412,3.67428834349009,311.944716926867,394.5,23.0995240696094
23.9026260037631,3.74803643938142,311.938964057215,395,23.1108814112399
-14.4023227968132,3.68768791001976,311.939681960305,395.5,23.1040381422095
-17.2081695539253,3.6830836127518,311.94158523796,396,23.0958616740496
-15.8868469212068,3.68506731131779,311.943166071815,396.5,23.0883130328298
-15.4419940943974,3.6856678826182,311.944614654361,397,23.0809757635959
-7.36121855908022,3.69850779377921,311.944009676183,397.5,23.0774780778614
3.03346083223182,3.71507695834928,311.941093235974,398,23.0789194279034
-20.4927353272224,3.67755077185991,311.943748304253,398.5,23.0691822970954
15.5527458464482,3.73480594926681,311.938947581472,399,23.0765721900654
11.7798657140966,3.72907906005183,311.934304141235,399.5,23.0821693976381
-16.1160180820918,3.68481819605328,311.935615715555,400,23.074511865656
0.00891660279933681,3.71046998995125,311.933413645623,400.5,23.0745161023831
-15.1527196992406,3.68628609561042,311.934599088383,401,23.0673162819856
-10.8977657114226,3.69298997703589,311.934861017015,401.5,23.0621382045571
-1.06241636202733,3.70864852036116,311.932819911962,402,23.0616333970278
-2.49960064436933,3.706400546406,311.930971513004,402.5,23.0604457108525
-36.9073102031907,3.65135732055178,311.939085557046,403,23.0429091886908
-11.589683810116,3.69155479958274,311.939812080489,403.5,23.0374023461205
9.28810158603467,3.72478490143896,311.93584864117,404,23.0418155910415
9.55690119591678,3.72536293486304,311.931621409147,404.5,23.0463565561971
-22.4685143826261,3.6743857178853,311.934797127267,405,23.0356806332365
10.7127248596883,3.72716074689825,311.930754241725,405.5,23.0407707884356
28.5672628625831,3.75518824483493,311.924253019203,406,23.0543445340034
17.7629190647128,3.73871902375597,311.918719034855,406.5,23.0627845915995
-27.7309293277362,3.66654317554752,311.923410834968,407,23.0496082302217
-34.2941172083329,3.65576715307472,311.930865617878,407.5,23.0333133676829
-21.9924693858164,3.67511695101795,311.934430658227,408,23.0228636376795
27.7331990940496,3.75373636475755,311.928340731187,408.5,23.0360410775376
-37.081896543657,3.65116825104945,311.936171946759,409,23.0184216006113
0.490081511619309,3.71093391179459,311.934141632857,409.5,23.0186544630238
-40.6923083785289,3.64510120829125,311.943630970991,410,22.9993194975722
19.6925664625977,3.74097692173502,311.938559650826,410.5,23.0086764278467
29.3267335408953,3.75617023675068,311.931875998789,411,23.0226110361896
28.4751519884483,3.7551755038752,311.925225310184,411.5,23.0361410152412
15.5807802104045,3.73542647481711,311.919980274638,412,23.0435442287497
-33.9449453692643,3.656734761318,311.92673811842,412.5,23.0274152753399
-5.57231313950694,3.70177185568417,311.925961579964,413,23.0247675886805
6.42628363730717,3.72084294057577,311.922448239161,413.5,23.0278210397394
-31.9925416168678,3.65958124974683,311.928664470077,414,23.0126197716983
2.83079701268609,3.71495636507223,311.926120060952,414.5,23.0139648259511
8.48167727066873,3.72399068280525,311.922164511232,415,23.017994898059
9.70961121455012,3.72605642941247,311.917964955994,415.5,23.0226084234367
-29.8280230575703,3.66309849806293,311.923418659611,416,23.0084356271936
11.0674818043284,3.72806997781141,311.919450060607,416.5,23.0136943452868
5.45059282720893,3.71934253800279,311.915942674308,417,23.0162841964947
-3.878808355434,3.70459683837572,311.914337819701,417.5,23.0144411792628
-2.93957874769903,3.70608969918196,311.912638307311,418,23.0130444373282
-50.3782660474766,3.63038099745146,311.925949781187,418.5,22.9891071854899
3.45661755319982,3.71580208475123,311.923548383591,419,22.9907495986051
-31.8823165732937,3.65936325342128,311.92980226462,419.5,22.9756007040345
22.6872124479185,3.74589491691309,311.924331472337,420,22.9863805414621
22.6040869667687,3.74603481964448,311.918290059217,420.5,22.9971208817864
-19.9229661052356,3.6788366746238,311.9205512488,421,22.987654477036
-6.04878987048698,3.70086952854515,311.919715594862,421.5,22.9847803922807
-25.8559396327466,3.66912649473886,311.924085350791,422,22.9724949329534
7.13980644339652,3.72162521466211,311.92069486848,422.5,22.9758874146389
-0.866782488399608,3.70902552896377,311.918429742026,423,22.9754755626173
-5.95119375494464,3.70094787025659,311.917354216285,423.5,22.9726478506926
19.4826840465197,3.74118446209644,311.91197599712,424,22.9819050552591
9.23143666621485,3.7253098627562,311.907768777805,424.5,22.9862913758224
0.307538729091162,3.71128367631724,311.905271257106,425,22.9864375029639
-41.004397493716,3.64529677415648,311.914792049153,425.5,22.9669542482532
-9.26656788572602,3.69564205931774,311.915004733412,426,22.9625512350778
-23.8204135149976,3.67227023682545,311.918800243194,426.5,22.951232956742
-7.68188506579381,3.69793287591629,311.918408757132,427,22.9475829061976
4.57835065435738,3.71746458582007,311.915261953657,427.5,22.9497583112128
31.7193904097834,3.75999391699974,311.908655839263,428,22.9648297913563
-41.1237542679811,3.64490604286674,311.917911745161,428.5,22.9452898242299
14.1103229530195,3.7326121274795,311.913656919242,429,22.9519943494259
-34.6266975295055,3.65504402995588,311.920730775767,429.5,22.9355414612239
-0.0700295093767842,3.7100342080624,311.918806154945,430,22.9355081866765
-13.827064261865,3.68808670980844,311.919654756928,430.5,22.9289382519528
-30.6919192168775,3.66094635928469,311.92572213666,431,22.9143549751286
7.63598074419881,3.72199213791912,311.922302186754,431.5,22.9179832142175
14.0639707094207,3.73227922640665,311.917443888094,432,22.9246657151278
-21.4376525431895,3.67586790168474,311.920260706642,432.5,22.9144796065534
-41.0106947296539,3.64434996336257,311.930129153608,433,22.8949933597087
12.9539053234769,3.73020306520616,311.925991903511,433.5,22.9011484126382
-1.97083554192361,3.70670186619379,311.923887790422,434,22.9002119693979
-6.86672292303288,3.69890901396389,311.923032898209,434.5,22.8969492434486
-23.4292541993621,3.67232241458053,311.926691341768,435,22.885816824607
-21.9569995794646,3.67448408465176,311.930118684829,435.5,22.8753839480953
15.3956754612468,3.73392026390619,311.925382647106,436,22.8826992090133
-22.8040912541976,3.6731878012385,311.928610586639,436.5,22.8718638365775
24.7373353295802,3.74855766779533,311.922806148795,437,22.8836177906544
16.1511550474354,3.73544012145062,311.917495604746,437.5,22.8912920179786
-25.1732962462415,3.66975682630096,311.921416387494,438,22.8793309169102
-44.6911808222734,3.63830992595453,311.932757837887,438.5,22.8580958857305
20.2792760798401,3.74151057293322,311.92769906551,439,22.8677315912978
14.7069882396521,3.73302791353573,311.922606385385,439.5,22.8747196222265
-5.14555894339866,3.7016990490188,311.921174421542,440,22.8722747079819
-14.0453909098579,3.68742834661315,311.92212898098,440.5,22.8656010352704
-9.56277708742125,3.69451106673654,311.922055727777,441,22.8610572781827
-2.32779755565336,3.70603764415717,311.920280254761,441.5,22.8599512243089
0.738226061538667,3.71095547774924,311.917795346553,442,22.8603019926965
-14.1709589131617,3.6871513714615,311.918728678451,442.5,22.8535686563014
-4.35692921485203,3.70277385467025,311.917456078778,443,22.8514984597655
-0.930328952613756,3.7082531305878,311.915339259295,443.5,22.8510564136179
-12.3297494488146,3.69004497951528,311.915820900566,444,22.8451979285842
-27.9889856676196,3.66482209556819,311.920992693331,444.5,22.8318989516406
8.68929643975123,3.72328120303435,311.91736995438,445,22.8360276740738
-7.03108753104397,3.69836477198865,311.916453450862,445.5,22.8326868502199
31.2731896394797,3.75867976432885,311.909973958525,446,22.8475463179015
-17.9330565438354,3.6812412427152,311.911623718355,446.5,22.8390254194189
-13.0726326977114,3.68888203079077,311.912498355013,447,22.8328139531334
-65.6413558887804,3.60508576395906,311.932930280974,447.5,22.8016244384836
-31.0583059729602,3.65922065384333,311.939902010111,448,22.786867072856
-10.7310515367409,3.69163972109508,311.940344476379,448.5,22.7817682097296
-37.9798621233376,3.64781724777007,311.949041885757,449,22.7637220641243
-41.9785122588114,3.64106005863227,311.959651550975,449.5,22.7437759584209
-20.5098814848962,3.67517176254542,311.962944387573,450,22.7340306806098
-32.7983198295967,3.65525832152136,311.969948431495,450.5,22.7184465467514
-8.79993498955113,3.69366292913549,311.96991419993,451,22.7142652543701
-56.1225577220468,3.61773546482853,311.986171280707,451.5,22.6875986002075
-18.0348032536163,3.67827192488017,311.988948510148,452,22.6790293567379
0.365366588841068,3.70782708106707,311.986602574744,452.5,22.6792029608084
-8.15067034445543,3.6942514686339,311.985969121368,453,22.6753301667645
12.4872592540814,3.72727060707616,311.981303099521,453.5,22.6812634926407
-17.0253140203812,3.68018595107374,311.982871205597,454,22.6731739083555
-22.4989656549618,3.67125011601497,311.986399129538,454.5,22.6624835164616
-14.8761081577337,3.68338952406023,311.987779248166,455,22.6554151281409
-14.4380192969388,3.68402491109131,311.988943768901,455.5,22.6485548979053
-24.0007791005719,3.66852043045286,311.992918258905,456,22.6371509187944
37.6094649494814,3.76608587907811,311.985869922793,456.5,22.6550210700448
3.39476853225674,3.71294148136242,311.98231810615,457,22.6566340955748
-19.4924939208534,3.67624541437374,311.984665286712,457.5,22.6473722298428
-27.5415244968915,3.66311332505378,311.989799652515,458,22.6342858642408
-14.1417534760097,3.68449748486117,311.991023846079,458.5,22.6275664048201
8.67403734527029,3.72103905007251,311.987033988831,459,22.6316878768889
-24.6074051781707,3.66771425326515,311.990895000497,459.5,22.6199956591718
1.2813212705499,3.70921404915193,311.988418230212,460,22.6206044794497
-14.0731824769774,3.68460612873153,311.989269082493,460.5,22.6139176015647
-0.187552535362885,3.70687091791673,311.986966487901,461,22.6138284859078
-41.4589099815677,3.64048217297418,311.996884005289,461.5,22.5941292694196
-13.9488335845653,3.68441835101199,311.99824522391,462,22.587501475957
18.3032508603597,3.7359327959185,311.992779776498,462.5,22.5961982724067
16.0364519530418,3.73261081256271,311.9872931343,463,22.6038179985131
-13.8658316044033,3.68501297301848,311.987915284891,463.5,22.5972296434722
-16.4403981525335,3.68076702094829,311.989582339315,464,22.5894179821791
7.43788788831491,3.71900523384692,311.985836854512,464.5,22.5929520973739
7.83709046900867,3.7197775893188,311.981760208728,465,22.5966758938233
-6.50227649343409,3.69695658201226,311.980616547268,465.5,22.5935863347305
-39.9278314682307,3.64310466625664,311.989971525242,466,22.574614610767
-22.9579130880545,3.67002609818159,311.99391521875,466.5,22.5637061498297
0.589918444760052,3.70779937837114,311.99155067319,467,22.563986449798
-9.88108151915499,3.69104074642563,311.991308385601,467.5,22.5592914502413
17.1967153641554,3.7342635443601,311.98596769534,468,22.5674624759387
4.11450660096411,3.71372687068005,311.982464599679,468.5,22.5694174852795
27.577941920691,3.75081521412827,311.975866990256,469,22.582521154634
37.0383580705741,3.76566956689141,311.968457853884,469.5,22.6001199442386
-27.5403873958284,3.66370605715923,311.972899903897,470,22.5870341189305
-28.2373816417643,3.66229383024799,311.978297969289,470.5,22.5736171165475
-16.1790449104704,3.6814560653819,311.980060260037,471,22.5659296373444
-3.4905643219848,3.70176129827776,311.978500380209,471.5,22.5642710944094
22.6845025743216,3.74332214228381,311.972482552143,472,22.5750496442395
-68.5137984816872,3.59812102954714,311.994043941101,472.5,22.542495287424
22.7120200824438,3.74300719812539,311.988827944492,473,22.5532869122083
-28.6058768454342,3.66122719460845,311.99378837972,473.5,22.5396948191923
-48.5815774333491,3.62889306968727,312.006886653396,474,22.5166112646168
-10.7155116913611,3.68937058954966,312.007458195971,474.5,22.5115197852536
23.7238747693035,3.74421183128226,312.001289127127,475,22.5227921931685
-28.7709594903493,3.66053361477795,312.00630119793,475.5,22.5091216610724
-17.2506262355197,3.67887608828003,312.008356364947,476,22.5009250196044
-10.3227178246798,3.68994761285124,312.008396653012,476.5,22.496020176393
12.3818071718524,3.72629097975477,312.003703083343,477,22.5019033966731
-29.7518004770706,3.65874934371203,312.009166956876,477.5,22.4877668176175
27.1789775515773,3.7494920981642,312.002889419211,478,22.5006809189037
-19.3774502867119,3.67561123344373,312.004909281418,478.5,22.4914737161973
-1.62194585358913,3.70407627260339,312.002925292236,479,22.4907030480221
-24.2458471123453,3.66763525392199,312.006733160053,479.5,22.4791826247543
-39.8715627760407,3.64223552157385,312.016297396436,480,22.4602376368808
24.1618181532376,3.74451844267261,312.010416931706,480.5,22.4717181337574
-21.4118174864359,3.67198497700265,312.01307732115,481,22.4615443007198
-34.1842155945584,3.65118556659561,312.020493400437,481.5,22.4453016579736
-20.7027376639544,3.67264787138943,312.0236374076,482,22.4354647444773
-52.702340311745,3.62098836194821,312.038514532007,482.5,22.4104232078884
-6.75077708891138,3.69457747506669,312.038125375052,483,22.4072155736453
-23.1384112704632,3.66808307818219,312.041686734096,483.5,22.3962213489295
36.743458226427,3.7632207293494,312.034458394059,484,22.4136800167635
-25.6620688111666,3.66435655702678,312.038328381892,484.5,22.4014866752292
-23.1709149097076,3.6681694506661,312.04209794013,485,22.390477006397
-21.2923099324178,3.67103317169684,312.045262938165,485.5,22.3803599574182
8.51325841161751,3.71895000961905,312.041233900846,486,22.3844050353169
-13.3245483652978,3.68397055666182,312.041721164604,486.5,22.3780738712083
-7.78529634326554,3.69285977591016,312.041027553764,487,22.374374684757
-8.07278599752589,3.69238913584666,312.040339556497,487.5,22.3705388974896
-41.0219056746952,3.63909743217157,312.050194072997,488,22.3510473237602
6.61692074041418,3.71566102058721,312.046753763786,488.5,22.3541913561095
-5.80161470357474,3.69584294684261,312.045345738944,489,22.3514347167266
24.3895840445675,3.74396768313073,312.038905600969,489.5,22.3630234366511
3.42979764583232,3.71104093942856,312.035327268255,490,22.3646531062774
-43.0398088209907,3.63613369888445,312.045783325849,490.5,22.344202725118
5.27563370964076,3.71370371469665,312.042627155649,491,22.3467094444361
-48.8753697989234,3.62646390429952,312.055501988762,491.5,22.3234862943089
-21.8702024084307,3.66953718941605,312.059188174325,492,22.3130946595053
4.17026587264772,3.71147953716671,312.05593264329,492.5,22.3150761628848
-31.8341714445552,3.65338032613097,312.062231968343,493,22.29995014449
34.6607206541819,3.75939741181599,312.055160319813,493.5,22.3164191987924
4.81834451965103,3.71283169630173,312.051178639971,494,22.3187086369819
5.63419825680317,3.71424765867145,312.047345483591,494.5,22.3213857283779
-6.3625233244474,3.69507069466425,312.046056712884,495,22.3183625730553
8.99879816175024,3.71972543265356,312.041760671223,495.5,22.3226383553467
20.4181347538569,3.73795916201696,312.035648366825,496,22.3323400396646
34.5362249435091,3.76015016849684,312.028188430466,496.5,22.3487499397838
-1.58764691673468,3.70356408864804,312.025559273534,497,22.3479955687612
1.79059864518933,3.70899343425021,312.02259751295,497.5,22.348846372373
-18.3719562712535,3.67655083492528,312.024517446705,498,22.3401169305218
-10.8880089653532,3.68847367478528,312.02464477216,498.5,22.3349434890147
9.60660093264265,3.72130154228576,312.020360667379,499,22.3395080690187
8.54604739299155,3.71975054986612,312.016041695427,499.5,22.3435687266141
-3.59216390762152,3.70043361779265,312.014126806257,500,22.3418619085982
