curr_dens,Volts_tot,Temp_tot,t_tot,SOC_tot
4.77785799262825,3.91183692189495,319,0,67
4.77785799262825,3.91188845876111,318.999615309884,0.5,67.0022702010011
8.15121953709816,3.91655385903619,318.998982047961,1,67.006143255994
15.6440786674896,3.92687968766756,318.997993905987,1.5,67.0135765457879
10.9068254552794,3.92055008253947,318.997163816654,2,67.0187589279571
-25.2675518850602,3.8711823964927,319.000488171498,2.5,67.0067530412868
-22.940444779154,3.87407575201051,319.003671245344,3,66.9958528804229
-8.78258377419371,3.89319158871642,319.004756103705,3.5,66.9916798324781
-24.6801812169897,3.87139077406167,319.008142495231,4,66.9799530351991
-22.4203411752372,3.87423291782566,319.011263179758,4.5,66.9693000017559
-23.8706165239717,3.87204850213326,319.014632154537,5,66.9579578694417
-38.4502786923421,3.85201201720543,319.021029023181,5.5,66.9396882052288
-34.5602177938406,3.85692366982414,319.026706482814,6,66.9232669048979
21.0044659579657,3.93261904242844,319.025718769331,6.5,66.9332471847053
-30.2312802870059,3.86279026436017,319.030027162835,7,66.9188827806397
-12.2187502266892,3.88711583992619,319.031610331827,7.5,66.9130770369278
34.9919533550481,3.95158938449594,319.030538285747,8,66.9297034765711
-19.1549343737137,3.87796213083895,319.032713591966,8.5,66.9206020023835
-23.4397933621677,3.87193623010599,319.03596331853,9,66.9094645758547
14.9640017417828,3.92430574165247,319.035040091524,9.5,66.9165747268446
38.8843750676589,3.95705560614375,319.03398472629,10,66.9350506521115
-54.4611402243615,3.83041139916491,319.044042312498,10.5,66.9091734210904
-30.7936508490539,3.86177381832867,319.048995443234,11,66.8945418064433
-16.8308600430484,3.88054010299782,319.051221564921,11.5,66.8865446170377
-24.1159314616126,3.87046332418923,319.054577956613,12,66.8750859232397
1.86028849887078,3.90582725187906,319.054448304925,12.5,66.8759698400114
-29.4449512971968,3.86307882395468,319.058696459016,13,66.8619790604577
-23.2850297965623,3.87121676416953,319.062011299168,13.5,66.8509151698947
-1.47022280646938,3.90090120822519,319.062178798862,14,66.8502165929817
-0.960190776503378,3.90164439037177,319.06213200112,14.5,66.8497603579774
-27.3742139633893,3.86554958165845,319.065989770482,15,66.8367534900375
6.94176037752547,3.91228678976048,319.065444318275,15.5,66.8400518700612
-2.97780686012423,3.89881300271777,319.06554164507,16,66.8386369640247
-43.1347051181031,3.84407662642871,319.072939238108,16.5,66.8181414928545
-40.0604761941426,3.84781689458329,319.079953951221,17,66.7991067427001
32.2137792560549,3.94621337009883,319.078772761099,17.5,66.8144131318877
-18.5015807985512,3.87722672990794,319.080816929113,18,66.8056220988941
-3.76805495863616,3.89725829373061,319.081143610886,18.5,66.8038317061799
8.13848661539695,3.91358853697478,319.080294947502,19,66.8076987111203
11.2577258205463,3.91798438133371,319.07918279411,19.5,66.8130478237285
-21.1950661018245,3.8737039470464,319.081768601654,20,66.8029769801919
3.35709830520598,3.90712705649271,319.081408694633,20.5,66.8045721066995
-5.82702781704034,3.8946144356444,319.081804535791,21,66.8018033922663
-27.3445378309823,3.86517686181076,319.085642738413,21.5,66.7888106249518
-25.7206142395892,3.86713975516405,319.089349984383,22,66.7765894655353
-27.4216742016452,3.86460158046159,319.093391886138,22.5,66.7635600468456
-12.791638891953,3.88436417238843,319.094936808869,23,66.7574820948714
-13.2566507168053,3.88365970550045,319.09643300465,23.5,66.7511831923558
-18.8945848386084,3.87587107583457,319.098822423847,24,66.7422054233464
-12.6921303668363,3.88422508956129,319.100280488475,24.5,66.7361747528849
7.60552016867292,3.91197824456759,319.099472329281,25,66.7397885186201
12.0727490695317,3.91822851527697,319.098248490962,25.5,66.745524889828
-15.2652675447637,3.88095116161029,319.099851591108,26,66.7382715922799
-31.9635104847727,3.85805353842259,319.104730440321,26.5,66.7230841183921
-51.0281095881002,3.83199382321892,319.114546198296,27,66.6988380931539
7.60662306357706,3.91143391296855,319.114020366749,27.5,66.7024523829299
-13.5480901573678,3.88259235311184,319.115395342095,28,66.6960150028558
-12.5858123658664,3.88383466259552,319.116770391428,28.5,66.6900348494319
-16.8281992996523,3.87796265968605,319.118793066187,29,66.6820389242796
18.5157706935601,3.92626482366828,319.117376655897,29.5,66.690836699607
-5.95677398530335,3.89299444471971,319.117632644625,30,66.6880063362337
-11.9790030548167,3.88473154887855,319.118841283574,30.5,66.6823145084796
-14.0230609854361,3.88185785932103,319.12039623309,31,66.6756514458399
-14.2538835242079,3.88144812912161,319.122003217237,31.5,66.6688787077851
9.82235957963276,3.91433890510926,319.120989003018,32,66.6735458055904
-43.8983917188982,3.84118747394113,319.128521080923,32.5,66.6526874684479
-32.3072704937246,3.85646572202818,319.133750404794,33,66.637336656864
-19.202103719395,3.87406673528675,319.136323821977,33.5,66.6282127701442
-4.75385910921277,3.89373222701914,319.136668806632,34,66.6259539722214
-15.8731221719025,3.87852643980134,319.138461516591,34.5,66.6184118523213
-24.4176926430997,3.86675428703739,319.141843194134,35,66.6068097765858
3.35741858251687,3.90460432625928,319.141358880561,35.5,66.6084050552732
-23.7489328767616,3.86759738270835,319.144465016039,36,66.5971207409893
8.79533169861053,3.91198328239422,319.143525246227,36.5,66.6012998461151
-0.696592277355513,3.89913079641184,319.14319062224,37,66.6009688600356
2.5750597611431,3.9036622042114,319.142592411517,37.5,66.6021924006382
-2.22322110407059,3.89716386947657,319.142457708953,38,66.6011360363043
-30.5530610021617,3.85847279074203,319.14692669104,38.5,66.5866187380124
-22.0068760514175,3.86984571489056,319.149944757442,39,66.5761621626765
-14.1010837395839,3.88048664677636,319.151562911253,39.5,66.5694620274961
7.98665331204645,3.91066912776806,319.150586050966,40,66.5732568887861
-59.2927340518677,3.81937105490383,319.162616830068,40.5,66.5450839241619
-10.524331385272,3.88489519682522,319.164037496626,41,66.5400832841923
-6.15330834713903,3.89086001093298,319.164434345446,41.5,66.5371595374439
-3.56790167079998,3.89441671160247,319.164477971603,42,66.5354642476388
-9.19004706855653,3.8867461243029,319.165215899591,42.5,66.5310975933582
-21.1856057998727,3.87030606468583,319.167906686712,43,66.5210312448876
-13.5914732360605,3.8805363002366,319.169419067203,43.5,66.5145732513274
15.1914748764537,3.91989167592659,319.167937162671,44,66.5217914862617
-11.0367864221259,3.8841894020515,319.168796496951,44.5,66.5165473530908
6.11833984603537,3.90762888710699,319.167893352621,45,66.5194544845429
-2.9760223931951,3.89528599057954,319.167762216866,45.5,66.5180404263966
-18.0790848044301,3.87463332980185,319.169829112287,46,66.5094501425316
-15.0313626690429,3.87865994472524,319.171514039653,46.5,66.5023079849722
39.4320239842077,3.95290680718908,319.169927684801,47,66.5210441258254
9.35550293383787,3.91239642838829,319.168488755497,47.5,66.5254893965219
-12.2480316265697,3.88295270169966,319.169519211119,48,66.5196697397419
13.4557128371877,3.91802326639013,319.168137092905,48.5,66.526063226698
-17.5081171812331,3.87583383487353,319.169956696337,49,66.5177442383115
-37.8598259280765,3.84799107362676,319.176120657175,49.5,66.499755127949
1.93986779698694,3.9019358811609,319.175783405677,50,66.5006768568539
-57.0860013648094,3.82184964348449,319.187106181148,50.5,66.4735524220862
-0.299702423721874,3.89840752962986,319.187159256348,51,66.4734100183682
-16.2246482794105,3.87667556523269,319.188879079155,51.5,66.4657008707074
-18.279554568113,3.87376339473465,319.191060384164,52,66.4570153335598
-12.4848371465365,3.88156503820618,319.192325697832,52.5,66.4510831585489
-23.1897453012223,3.86687526060819,319.195368495981,53,66.4400645424493
12.1650130421511,3.91508954581721,319.194050270001,53.5,66.445844752918
5.62677601163453,3.90632969908823,319.192963985586,54,66.4485183176315
-21.9852315581848,3.86866498660025,319.195620821336,54.5,66.4380720266846
-7.13326457412844,3.88879277955635,319.196142801,55,66.4346826533707
2.55856123643824,3.90204917188237,319.195453024126,55.5,66.4358983546933
-20.8345982371428,3.8701261608947,319.197918145518,56,66.4259987875965
16.087969453951,3.92047396775714,319.196366703531,56.5,66.4336429922626
10.4043994032433,3.91291754742441,319.194893927541,57,66.4385866465064
2.05670574517861,3.90164073976579,319.194133903934,57.5,66.4395638910057
-35.3457360646438,3.85066003791996,319.199546679544,58,66.4227693513764
-12.0011246327069,3.88213028037108,319.200841669823,58.5,66.4170670125463
-0.122627456377257,3.89831772535915,319.200441752444,59,66.4170087460648
-22.3377273952675,3.8679927427788,319.203183054785,59.5,66.4063949665899
11.7063658856649,3.91437593747579,319.201866981843,60,66.4119572506918
-7.50252058527724,3.88826064021928,319.202171629069,60.5,66.4083924252469
60.9111452209545,3.98099416368572,319.202082314429,61,66.4373343785397
-29.1919827827817,3.85931317811584,319.205765226785,61.5,66.4234637970696
-30.7310192526188,3.8569211810899,319.210338510682,62,66.4088619418489
-51.7853995720542,3.82820659230081,319.220287583589,62.5,66.3842560899933
-4.64346059179089,3.89174664065916,319.220703078516,63,66.3820497479671
9.58289812453385,3.91123829497725,319.219346784098,63.5,66.386603065573
-44.3926275850405,3.83782982491509,319.226959838616,64,66.365509892075
-21.5605165675074,3.86839147666402,319.229901511607,64.5,66.3552654046138
-16.6899972287951,3.87489155090915,319.231790281733,65,66.3473351462267
1.32821481548492,3.89945425200265,319.23120761701,65.5,66.34796624799
18.8940668920006,3.92355368125201,319.229273586562,66,66.3569437708968
-16.3557369714366,3.8755994992894,319.23079051008,66.5,66.3491723363953
28.9077479283042,3.93730859008787,319.228805933862,67,66.3629078635686
55.6818401541423,3.97368822836068,319.227885505922,67.5,66.3893651106151
-8.98634264880847,3.88650029352188,319.228076298247,68,66.3850952465652
-7.10409566701256,3.88898218952021,319.228373287729,68.5,66.3817197328684
2.64279598011852,3.90224915236754,319.227581892599,69,66.3829754583607
0.904541708341615,3.89991852278763,319.22689233273,69.5,66.3834052516896
-2.76876916514261,3.89492422457811,319.226603044296,70,66.3820896699917
-14.4955566111239,3.87889136164888,319.227906564608,70.5,66.3752021008798
-14.8465087478276,3.87828493156779,319.229356102055,71,66.3681477767298
3.13200212272839,3.90273876553266,319.228574038033,71.5,66.3696359487026
-14.7555234424152,3.87835447918291,319.229885121863,72,66.3626248562542
16.0789257314632,3.920371206656,319.228217207051,72.5,66.3702647637921
-49.6031987654653,3.831211963615,319.237067802103,73,66.3466957854609
-53.9672963831421,3.82485239194417,319.247794121549,73.5,66.3210532045245
-17.969678538213,3.87305492498305,319.250135853738,74,66.3125149050877
1.63172303237292,3.89975799334056,319.249481573989,74.5,66.313290218893
31.6117264348352,3.9407269551517,319.247321692981,75,66.3283105424588
9.58150952277749,3.91108891343448,319.245682228533,75.5,66.33286320027
-3.85760545332771,3.89284808922634,319.245422644122,76,66.331030257605
4.17363246481029,3.90382061359328,319.244425027779,76.5,66.333013360622
29.154206157522,3.93793824260223,319.242312634708,77,66.3468659925145
-21.9637579135776,3.86852528288439,319.244634267782,77.5,66.3364299047779
-36.1772422340462,3.84900768180782,319.250273073346,78,66.3192402746831
-28.5160524033856,3.8590440746459,319.254379261179,78.5,66.305690861784
-15.4613404566049,3.87658531016477,319.25602096462,79,66.298344400119
15.5841020348587,3.91892159465379,319.254290003256,79.5,66.3057491919936
-21.9393292282603,3.8678681439812,319.256714306894,80,66.2953247115558
-4.39485508586114,3.89164701901125,319.256727432078,80.5,66.2932364945281
-35.2585249242715,3.84959004091363,319.262073063946,81,66.2764833933046
-17.4755154350619,3.87346368268676,319.264108743107,81.5,66.2681798956499
-41.9538611510753,3.8400944062666,319.271249000728,82,66.2482455029295
0.16512638509464,3.89711034005334,319.270902645483,82.5,66.2483239627927
-4.5351426771018,3.89075937998688,319.270756221436,83,66.246169088064
-9.14592629534765,3.88447509664137,319.271247232827,83.5,66.2418233977851
-25.3515418303566,3.86232319271878,319.27452241582,84,66.2297776032612
-5.62899044235066,3.88906188425762,319.274701019995,84.5,66.2271029863601
-51.6883341497056,3.82652933273622,319.284458968773,85,66.2025432551761
23.6099786952524,3.92857417289099,319.282632631683,85.5,66.2137615453291
-40.4702863315926,3.84149503987392,319.28911660586,86,66.1945320737356
7.55893507016993,3.90663949070608,319.288013992932,86.5,66.1981237045439
36.424388076288,3.94607452870427,319.285731889777,87,66.2154307660775
6.03045991834262,3.90512659301364,319.284232284221,87.5,66.2182961413492
-19.0049016400638,3.8710176637412,319.286142004239,88,66.2092659552707
5.28675731393935,3.90405470117657,319.285051785641,88.5,66.2117779599735
-16.8752331370968,3.87386669854332,319.286604161834,89,66.2037596866759
13.9579179963827,3.91586717590689,319.284877619606,89.5,66.2103917966
6.21841113031474,3.90548265490684,319.283484289028,90,66.21334647696
-12.8270512688094,3.87955486032851,319.284372738651,90.5,66.2072516987818
-44.5971104375729,3.83632548024175,319.29206099678,91,66.1860613651804
-25.9104905443284,3.8611929032619,319.295697653559,91.5,66.1737499859672
13.510771284962,3.91484029716717,319.294034881362,92,66.1801696339652
17.6988877247608,3.92074858310219,319.291893316214,92.5,66.1885792670464
19.8979392668276,3.92396430484761,319.289664831058,93,66.1980337802853
-15.5698306505202,3.87577564768325,319.290876875989,93.5,66.1906357694643
-17.7979007619627,3.8726021706316,319.292704982054,94,66.1821790903016
1.24357167578929,3.89846728572536,319.291967213305,94.5,66.1827699738456
-38.723535321198,3.84409165630681,319.29803431881,95,66.164370471644
-12.7948118549111,3.87898292120302,319.299264737102,95.5,66.1582910120352
13.0185017815301,3.91418908391235,319.297521551388,96,66.1644767579958
-38.5083440393006,3.84414196782484,319.303473237569,96.5,66.1461795040118
-25.8605912939429,3.86093598147544,319.307028104451,97,66.1338918344459
15.3323652940962,3.91699762399076,319.3052298084,97.5,66.1411770135146
11.8328764546361,3.91243866969531,319.303355549925,98,66.1467994091603
-4.38512668454427,3.89044803799571,319.303016210859,98.5,66.1447158145862
-43.5761619787224,3.83715932833671,319.310364279696,99,66.1240105850245
-14.8382000992742,3.87576060906412,319.311949619322,99.5,66.1169602087319
-45.426352680481,3.83415467739077,319.319947688998,100,66.0953758603705
-13.651322598811,3.87689365143377,319.321375174901,100.5,66.0888894293634
-21.5780762193517,3.86601771908703,319.323904805399,101,66.0786365984271
-8.80541989675229,3.88332324690996,319.324386524421,101.5,66.0744526998901
34.7318060188366,3.94267839585308,319.322029907229,102,66.09095553043
-3.51082768857895,3.89098533127193,319.32142319099,102.5,66.0892873593488
-39.6160476268398,3.84184876330191,319.327766752875,103,66.0704637795934
-30.3742774977137,3.85399680956301,319.332276630454,103.5,66.05603143035
-29.6022364349806,3.85479799557453,319.336557991883,104,66.0419659167047
-30.381068914534,3.85351032844404,319.341022486026,104.5,66.0275303405171
18.6691891804745,3.92027598193302,319.338983922502,105,66.0364010126957
-31.700297196411,3.85178819694917,319.343351991796,105.5,66.0213386046996
-25.9387407612646,3.85935992749042,319.346873317274,106,66.0090138023853
-6.50748667080774,3.88570916712704,319.347035299805,106.5,66.0059217676748
6.85305210735512,3.90400538959982,319.345558737141,107,66.0091779979309
-14.754591047351,3.87460929515136,319.346692390305,107.5,66.0021673485104
-2.25644115869838,3.89161406693786,319.346209682367,108,66.0010951996551
-43.4312671834242,3.83562692909071,319.353598159835,108.5,65.9804588169093
-11.9822539969038,3.87798530387778,319.354699368128,109,65.9747654444688
-22.3368928926148,3.86381203820206,319.357335598108,109.5,65.9641520615081
-8.39037317479266,3.88271559704919,319.357711282019,110,65.9601653725753
41.5187003870034,3.95066749233944,319.355377586942,110.5,65.979892998497
-22.4927933156061,3.86397737971535,319.357648675974,111,65.9692055393924
9.3694235922993,3.90731753663413,319.356059153203,111.5,65.9736574244949
-13.6777879513333,3.87597861605554,319.356956816398,112,65.9671584184657
5.08779781492233,3.90153538572609,319.355659214482,112.5,65.9695758874887
-17.6255123139692,3.87061490484914,319.35723920104,113,65.9612011187612
-74.54283309779,3.79409044696709,319.37468700118,113.5,65.9257820639068
-25.1213326009288,3.85954341356056,319.378452914362,114,65.9138456533837
3.332359295274,3.89826306311155,319.37737619872,114.5,65.9154290251415
17.1504491444351,3.91725948227641,319.375041123356,115,65.9235780674274
29.2839101009652,3.93399600960324,319.372310976039,115.5,65.9374923281969
-54.633975090909,3.82034851776318,319.382594132201,116,65.9115329746247
10.0305996427721,3.90763992776711,319.381175259839,116.5,65.9162990177734
-33.6504742732786,3.8482356303293,319.3859612136,117,65.9003099824144
-15.8002631435332,3.87223594623389,319.387508600699,117.5,65.8928024815087
5.64544661848114,3.90146039150216,319.386100273564,118,65.8954849175679
-33.5405186027026,3.84814790664997,319.390899263218,118.5,65.8795481276866
-8.67286567830162,3.8817441026324,319.39132394011,119,65.8754272123358
-25.4994242271064,3.85877711958606,319.394483482315,119.5,65.8633111514361
4.52981577461032,3.89960186415552,319.39324340873,120,65.8654634950851
2.37800680871271,3.8967859806166,319.391991898695,120.5,65.8665934059042
-8.85419214815392,3.88152818549819,319.392144015313,121,65.8623863332138
-9.29773837258974,3.88089598582921,319.392440520609,121.5,65.8579685093701
-5.98696534351579,3.88538977385474,319.392277191352,122,65.8551238005617
-43.4423744750658,3.83447420072963,319.399638013394,122.5,65.8344821401821
13.144484271646,3.91115512292053,319.397843856309,123,65.8407277467697
-16.905088014702,3.87031954405781,319.399197270017,123.5,65.8326952879158
-19.5193363876984,3.86664643177575,319.401236755235,124,65.8234206679757
34.9675119924322,3.94077280321347,319.398671842702,124.5,65.8400354942965
-16.0094627414273,3.87174403360485,319.399718120999,125,65.8324285921242
-3.15668285660114,3.88917762993298,319.399217156637,125.5,65.8309286930915
-12.0484394245146,3.87705739974386,319.399856465247,126,65.8252038726205
2.35589636776317,3.89666429241644,319.398702140385,126.5,65.8263232776553
-6.27695294451076,3.88495256104681,319.398466420936,127,65.8233407811305
-3.41915293515252,3.88884453178814,319.397923832231,127.5,65.8217161693425
9.184598264883,3.9060711584628,319.396094220968,128,65.826080234622
4.00326099719154,3.89914083818015,319.394633889428,128.5,65.8279823855728
-39.5296832444749,3.83998420427516,319.400802915774,129,65.8091998418858
-4.80608790155406,3.88683404489589,319.400706595512,129.5,65.806916227433
-8.33822721239368,3.88202243427589,319.400802268857,130,65.8029543156736
-8.64759808701737,3.88157293441509,319.400967708116,130.5,65.7988454062282
15.531539219702,3.91454369526745,319.398745412937,131,65.8062252228616
-51.9415461563572,3.82311223239161,319.408262293135,131.5,65.7815451778985
38.8835100211918,3.9459318927002,319.406059954832,132,65.8000206921383
-24.7212387538655,3.8598381311394,319.408654480568,132.5,65.7882743863553
19.2132285340447,3.9195346285237,319.406362074503,133,65.7974035590349
-10.1945361188182,3.87966988442646,319.406532862818,133.5,65.7925596214087
-4.73925109195309,3.88705144639581,319.406153382788,134,65.7903077644908
12.9018220161777,3.91111614307449,319.404052353332,134.5,65.7964380700175
-7.72031652827624,3.88315492597564,319.403907269133,135,65.7927697587493
-12.2440575213301,3.87694044862281,319.404564553553,135.5,65.7869519902669
-21.4723528829276,3.86428109899773,319.406841560871,136,65.7767493938132
-24.3563737029227,3.86018014868821,319.409764968018,136.5,65.7651764537949
-6.86796180068035,3.88382250151057,319.409784435042,137,65.7619131391924
-15.4314706129765,3.87212940068753,319.410966336187,137.5,65.7545808701947
-36.6053397638983,3.84326130863202,319.416581328132,138,65.7371878293995
-11.4358017862826,3.87716935909681,319.417378766982,138.5,65.73175410393
21.2197721502588,3.92168112514628,319.414862099625,139,65.7418366865547
-16.6865245658246,3.87026143783047,319.416059967101,139.5,65.7339080782048
-4.16367894367687,3.88723412116474,319.415648938161,140,65.731929704607
-33.2909357760566,3.84759230121237,319.420376443644,140.5,65.7161115040986
-33.3776210023023,3.84718161048571,319.425395879082,141,65.7002521150727
-9.35628501297265,3.87961138740389,319.425844508304,141.5,65.695806472771
8.44393393085315,3.90391082240785,319.424040254889,142,65.6998186111169
-9.07586569715299,3.88014743283847,319.424109644047,142.5,65.6955062101573
-1.01100411070943,3.8911339044744,319.423244542637,143,65.6950258311783
-19.7484642863589,3.86561953983307,319.425133512109,143.5,65.6856423410321
35.3408661522323,3.94048077475408,319.422512959121,144,65.7024345667207
33.1490447382799,3.93791667307505,319.419574360068,144.5,65.7181853476498
-29.9661027098385,3.85242336673559,319.423226281272,145,65.7039469428086
-36.202275168684,3.84368707442662,319.428787602902,145.5,65.6867454183056
-19.8080783040874,3.86559962246244,319.430946457735,146,65.6773336025367
3.81528665440305,3.8976922776811,319.429626155289,146.5,65.6791464374087
20.6744333359316,3.92075923399866,319.426998844482,147,65.688969902093
31.5594780033249,3.93576040458213,319.424120697837,147.5,65.7039653997971
-10.1436590538185,3.8793730136476,319.424156317566,148,65.6991456364273
-21.6726991900639,3.86359104646347,319.426390118239,148.5,65.6888478453512
-41.8466982566317,3.83608007248077,319.433279747074,149,65.66896437112
-5.9204911291088,3.88448207385539,319.433270004825,149.5,65.6661512475593
-4.90322258496855,3.88587468598968,319.432825670083,150,65.6638214795255
-10.042986965523,3.87887103959225,319.43308625965,150.5,65.6590495505358
-19.3217387887726,3.86617746411007,319.434918108405,151,65.6498688191683
-30.7350919706308,3.85052398402477,319.439149949802,151.5,65.635265028794
-10.458167008289,3.87786909776674,319.43969065512,152,65.6302958268527
13.8579897308527,3.9110177262752,319.437464291241,152.5,65.6368804558244
1.78900074952873,3.89476572290413,319.436091519659,153,65.6377305001955
-2.17667839574566,3.88942682703644,319.435243961774,153.5,65.6366962506467
3.9150182429144,3.89776765465895,319.43376542474,154,65.6385564730201
-3.64824595931551,3.88753674380572,319.433083488458,154.5,65.6368230075964
-11.5746476299384,3.87673228579968,319.433554051034,155,65.6313233094727
-6.79797648369281,3.88317507641006,319.433395711082,155.5,65.6280932484196
2.32355709084731,3.89560126291103,319.432113388589,156,65.629197287435
-27.2942989197366,3.85532268895666,319.435396295765,156.5,65.6162283911579
2.1066785096815,3.89514863697232,319.434295476424,157,65.6172293802348
9.4499280492185,3.90523926454412,319.432307833623,157.5,65.62171951706
-55.6756917470885,3.81711538208825,319.442920889677,158,65.5952651914314
-9.74528132941874,3.87867669560036,319.443574901962,158.5,65.5906347173854
41.30569578842,3.94800109118544,319.440979218379,159,65.6102611340928
-11.0970409674965,3.87729837892846,319.441084821789,159.5,65.6049883709522
-0.389673376717008,3.89182767851747,319.440103767237,160,65.6048032175025
9.53501308168437,3.9053979315294,319.438113379401,160.5,65.6093337825124
1.16448126116648,3.89412454636013,319.436823108797,161,65.6098870862165
-14.5477364801205,3.87275082855375,319.437699412007,161.5,65.6029747238205
-4.19092785949459,3.88675582660518,319.437201464915,162,65.6009834028903
-58.9753257300899,3.81271683186823,319.448916552683,162.5,65.5729612549482
-15.2079920313202,3.87117039192129,319.450449602611,163,65.5657351718816
9.53262025774667,3.90484018357235,319.448535408367,163.5,65.5702645999404
-22.4810621546289,3.861358910626,319.450788224401,164,65.5595827149013
17.8738071464706,3.91619024750484,319.448408074897,164.5,65.5680754610107
-21.4958319194883,3.86277969101921,319.450404323625,165,65.5578617084841
-56.4832698405206,3.81543670661885,319.461540090893,165.5,65.5310236618242
-14.2708398759135,3.87192147093365,319.462893500026,166,65.5242428669526
-6.58981576558905,3.88234345331075,319.462692589745,166.5,65.5211117135421
-29.3287954147838,3.85138872377194,319.466504757918,167,65.5071761254991
-7.11108231783824,3.88142477935249,319.466499213174,167.5,65.5037972920926
2.34988145975358,3.89435320143423,319.465145175997,168,65.5049138391416
2.95181438390522,3.89527488765161,319.463660681922,168.5,65.5063163948434
0.808128496780911,3.89244721489891,319.462401410798,169,65.506700377399
-4.0188761276746,3.88593002796864,319.461730665967,169.5,65.5047908069131
27.8046993807099,3.92925214624782,319.458881716391,170,65.518002220159
-22.4742590682778,3.86114369520221,319.460978406621,170.5,65.5073235676089
-57.2413264776124,3.81411034373427,319.472336405701,171,65.4801253300562
1.17348429610409,3.89265021837383,319.471534334301,171.5,65.4806829115556
-11.8210402191496,3.8750097886396,319.471958937971,172,65.4750661399016
-31.3081377040462,3.84845069223561,319.476224962224,172.5,65.4601900666341
-9.91506752432359,3.87730850406989,319.476619955775,173,65.4554789186144
11.0479288251577,3.90588979023715,319.474475547849,173.5,65.4607283461023
-25.9940687816515,3.85558453675494,319.477409875094,174,65.4483772546585
-59.531715576228,3.81024948285698,319.489652830403,174.5,65.4200907378742
-19.6984546687082,3.86339417666032,319.491993077339,175,65.4107310098164
9.66099548977639,3.90336452331594,319.489992013719,175.5,65.4153214354144
-24.8274711086333,3.85651705770913,319.492719928818,176,65.4035246532886
12.1693926667213,3.90680277296521,319.490565915379,176.5,65.4093069447377
-23.9921732775966,3.85769774758964,319.493088337701,177,65.3979070546868
5.80644830802725,3.89816209868627,319.491455519077,177.5,65.4006659907586
-47.2602643549404,3.8262108399415,319.499690024054,178,65.3782102585835
-25.7840136089716,3.85480464397401,319.503095180118,178.5,65.3659589749331
-21.4155740499549,3.86057387417572,319.505425926427,179,65.355783356963
-30.1229988175375,3.84861022661278,319.509562563477,179.5,65.341470402878
4.23452617980004,3.89524836239523,319.50810756576,180,65.3434824395663
-7.35497597329887,3.87956603689902,319.507807338439,180.5,65.3399877199987
23.2144187305061,3.92124327743067,319.504889184929,181,65.3510180596874
-8.10448185675521,3.87887882612952,319.504557282131,181.5,65.3471672121207
14.7974108414081,3.91008917065904,319.502065106976,182,65.3541982073823
2.15424054700112,3.89307151459738,319.500489699418,182.5,65.3552217955789
-25.184012946587,3.85589911326675,319.503268381128,183,65.3432556024663
2.82690961811961,3.8938616009166,319.501912295528,183.5,65.3445988096221
-7.08861467868848,3.88042780692021,319.501557567398,184,65.3412306517227
3.66901278644566,3.8950862587523,319.499973674201,184.5,65.3429739845119
-27.6258818406212,3.85255688905216,319.503253279796,185,65.3298475364867
-4.46148581672155,3.88386513815938,319.502779412453,185.5,65.3277276598425
-8.37019893781677,3.87855415365906,319.502661176138,186,65.323750556706
15.0524781803387,3.91045710555632,319.5001636089,186.5,65.3309027473084
22.344719952878,3.9205648645194,319.497187131452,187,65.3415198492997
-31.6944318617239,3.84732269876943,319.501201391467,187.5,65.3264602282196
16.2639132160449,3.91229794578885,319.498833500745,188,65.3341880326296
7.03491915833554,3.89995209756845,319.496779996212,188.5,65.3375306770826
-26.2567839694262,3.85473964762329,319.499699472655,189,65.3250547564198
-73.0410992747688,3.79195945244241,319.516539900937,189.5,65.2903492509496
26.4384319671468,3.92553179246606,319.514125032388,190,65.3029114817261
6.49876872197202,3.89877512521596,319.512018180457,190.5,65.3059993741
19.4397554358051,3.91649942722292,319.509172943487,191,65.3152361811211
-53.9220751011712,3.81730616779362,319.519112157537,191.5,65.2896150870937
-7.04528993404085,3.88017828347759,319.519191695971,192,65.2862675149627
12.3822549828951,3.90665398364254,319.516813054143,192.5,65.2921509480204
0.196502887187469,3.89024137043156,319.515423075885,193,65.2922443164403
23.4050287222298,3.92185613206862,319.512472183035,193.5,65.3033652245374
-15.1016158987105,3.86974072208031,319.513153343732,194,65.2961896861298
-20.1309236877709,3.86277897098705,319.514995653515,194.5,65.2866244702568
10.5463589898247,3.90440035511008,319.512867655206,195,65.291635576651
21.0590669372288,3.918834267775,319.509943905877,195.5,65.3016418001339
9.22449405617277,3.9030053408679,319.507654212929,196,65.3060248219136
0.312495766326048,3.8909942424536,319.506281524482,196.5,65.3061733043931
-7.61784941310879,3.88022240542276,319.50595866224,197,65.3025536804128
5.85766595380341,3.89852471716247,319.504150275012,197.5,65.3053369525681
-43.5973438899365,3.8315192719009,319.511125011037,198,65.2846216584135
-39.6661775521896,3.83636707746851,319.517541306848,198.5,65.2657742594054
-21.9984986405407,3.85992160909673,319.519976043049,199,65.2553216645994
15.1159034774025,3.91031687597276,319.517535559386,199.5,65.2625039917553
-3.85401879514501,3.88470421415384,319.51660934097,200,65.2606727532923
19.0312030312569,3.91586458325152,319.513846323658,200.5,65.2697154364866
-15.516308510632,3.8690845263261,319.514613743032,201,65.2623428567302
-17.0642099525824,3.86685878646425,319.515895554454,201.5,65.2542347910284
-13.5361799461455,3.87153328362121,319.516601977985,202,65.2478030700955
-9.98568495410918,3.87628541965716,319.516728826768,202.5,65.2430583681779
26.9784080657945,3.92650721898837,319.513766586424,203,65.2558771687983
24.6492967909422,3.92366782516039,319.5106504957,203.5,65.2675892913308
-21.018967289701,3.86185874437633,319.512341711974,204,65.2576021212103
10.4757987108171,3.9045305184044,319.510239321899,204.5,65.2625797008616
-13.8124139247824,3.87160885984878,319.510765926401,205,65.2560167272511
22.0102914941332,3.92022077915655,319.508002417065,205.5,65.2664749254359
-4.53120769937012,3.88439494262374,319.507118109709,206,65.2643219204133
27.6913924664974,3.92813258466572,319.504194676931,206.5,65.2774794958368
-27.1317482326719,3.8539726222772,319.507048560391,207,65.264587835579
-20.111332237584,3.86322522087104,319.508937011951,207.5,65.2550319285908
7.54856345635406,3.90069482425452,319.507067372547,208,65.258618631323
-28.5473650764926,3.85172785265766,319.5103759585,208.5,65.2450543401957
-53.5096505880118,3.81788765398076,319.520474467615,209,65.2196292098289
20.9988345510701,3.91835358043746,319.518038558911,209.5,65.2296068138712
-94.1797078610565,3.76449486629807,319.542963089721,210,65.184857290674
-11.1081246616948,3.87402767831706,319.544057625464,210.5,65.179579261112
-12.9342936689204,3.87152910598963,319.544602939846,211,65.1734335266675
-27.4126129202094,3.8517979932698,319.547896868256,211.5,65.160408413449
-24.0398819173719,3.85618164886053,319.550616297946,212,65.1489858546202
-2.98838071307773,3.8847066564388,319.549816126706,212.5,65.1475659244136
-3.69536132956587,3.8838057016869,319.548936249417,213,65.1458100721043
-15.3877163670684,3.86791624338193,319.549820852345,213.5,65.1384985929528
-5.06428300823129,3.88190793793675,319.549213242397,214,65.136092296999
-41.573038746812,3.83237541226369,319.555843520858,214.5,65.1163388521855
-53.1507995918743,3.8164742371465,319.566174492025,215,65.091084230003
-49.2647056538263,3.821191136826,319.575530605075,215.5,65.0676760867996
-38.0125634522915,3.83592572332663,319.581780002857,216,65.0496144031458
-2.43725843352246,3.8840750585214,319.581011969249,216.5,65.0484563388952
-24.2465967804449,3.85444014658482,319.583618057983,217,65.0369355594224
7.9311843674296,3.89819288324639,319.581563652747,217.5,65.0407040646226
-3.7307358441701,3.88247399755872,319.580568878369,218,65.0389314040995
-23.9935667710489,3.85491999864849,319.583086517885,218.5,65.0275308519297
39.2263001974092,3.94068000692299,319.57995694555,219,65.0461692430491
12.1680311525904,3.90453280570523,319.57713940385,219.5,65.0519508875742
-33.078293976999,3.84316272459642,319.581465515171,220,65.0362337238957
-16.4500128070821,3.86544912281,319.582730077063,220.5,65.0284174941958
-58.7400937442136,3.80833296050272,319.59458342575,221,65.0005071168193
-2.62853231446653,3.88367606497658,319.593988611024,221.5,64.999258168713
14.0788448456066,3.90651990842488,319.591240770197,222,65.0059477370746
-15.6862485639519,3.86619039849202,319.591997048515,222.5,64.9984944102387
28.1334019384062,3.92572081142749,319.588768311502,223,65.0118620066271
-15.1948232061317,3.86714879842324,319.589328969572,223.5,65.0046421807327
-28.6936119129102,3.84870889311103,319.592848344967,224,64.9910084003667
-11.4046564653056,3.87198384906422,319.593203887954,224.5,64.9855894736081
-30.3825492354588,3.84614632920665,319.597100182019,225,64.9711531940455
-29.0952442629036,3.84765022683956,319.600888625575,225.5,64.9573285779191
-3.14238738358364,3.88276881102483,319.600052971754,226,64.9558354713858
39.3087536866224,3.94040253829502,319.596722656748,226.5,64.9745130403112
-13.9978709119403,3.86852549137066,319.597005012433,227,64.9678619467443
3.52648086249775,3.89231310975644,319.595244609339,227.5,64.969537555437
-20.7106483503247,3.85940800036014,319.596948055495,228,64.959696883175
-5.92456247669636,3.87938211054241,319.59639500406,228.5,64.956881825112
-18.7803072860334,3.8618842950367,319.597812909357,229,64.9479583551243
-13.9336930778042,3.86835270190448,319.598480656341,229.5,64.9413377556792
-7.37406039392312,3.87721841462659,319.59808266557,230,64.9378339681421
-2.95177921814833,3.8832434218283,319.597028325195,230.5,64.9364314291494
-33.969650266552,3.84112568361868,319.601669618954,231,64.9202907371985
38.384688703215,3.93905619861247,319.598575682489,231.5,64.9385292363036
-2.39697825894584,3.884230321057,319.597151670874,232,64.9373903111929
4.84004730836861,3.89411145497084,319.595166768633,232.5,64.9396900614706
10.3530273315613,3.90170882427113,319.592648622986,233,64.9446093062554
-44.7996008924588,3.82705047781436,319.59990085085,233.5,64.9233227592391
0.201509846233501,3.88763678062446,319.598767264059,234,64.9234185067174
-31.3681422147807,3.84478762499439,319.602731356462,234.5,64.9085139222844
-7.9877050943435,3.87629124253976,319.602553423068,235,64.9047185612397
-39.1839949553286,3.83395523008805,319.608521910324,235.5,64.8861002714718
-5.04440272682457,3.87996616253554,319.608000677304,236,64.8837034216411
-26.6846448069321,3.85055659445079,319.611004305196,236.5,64.8710242027423
-18.7081608218225,3.8611974012718,319.612590069292,237,64.8621350131739
15.4522993361433,3.9076156200046,319.609823295163,237.5,64.8694771789472
-29.733523457882,3.84637798134888,319.613340971051,238,64.855349284224
8.51666537252648,3.89819309057768,319.611191931164,238.5,64.8593959809415
5.00054804240557,3.8935699195941,319.609083204712,239,64.8617719932026
-11.3602416718272,3.87140449419019,319.609116903483,239.5,64.8563741701495
31.5987361133667,3.92969327861148,319.605782933014,240,64.8713883213592
-59.4587534731202,3.80692538998666,319.617354889667,240.5,64.8431364725453
-3.56754352545762,3.88178896213137,319.61680598431,241,64.8414413529131
-14.5378328522914,3.86688980144178,319.61741679264,241.5,64.8345336962296
26.7837539145018,3.92298692190838,319.614133460131,242,64.8472600068577
-24.422705677912,3.85373419109981,319.616377224286,242.5,64.8356555491768
-11.6539141827595,3.87089040229149,319.616664076371,243,64.830118187521
21.923692012543,3.91649780912545,319.613515445679,243.5,64.84053523793
7.48233061619425,3.89717215896856,319.611080185546,244,64.8440904701035
-11.0877323724264,3.8720236496413,319.611017451264,244.5,64.8388221299453
24.7487148770398,3.92064281109156,319.607811461387,245,64.8505814910184
-20.3083673264077,3.85972639505494,319.609219483926,245.5,64.8409319627345
-25.5234855738979,3.85247434083044,319.611996880043,246,64.8288044690769
-9.75065848803479,3.87368877771999,319.611987719516,246.5,64.8241714400719
1.19162711521731,3.88854429552049,319.610403263824,247,64.8247376421386
32.0359447954948,3.93041828544642,319.607007490077,247.5,64.8399595332161
1.61806153370501,3.88956565950982,319.605111662221,248,64.8407283557553
18.5672510385572,3.91262794058889,319.602084458116,248.5,64.8495505919879
-4.79524108162456,3.88110906941008,319.601039487678,249,64.8472721314055
-9.955180449221,3.87406686805323,319.600879514615,249.5,64.8425419237146
-23.1921367752664,3.8560161279682,319.603071328611,250,64.8315221713052
-21.5745384081358,3.85800505354176,319.605071487896,250.5,64.8212710213612
-5.62504685703006,3.87951442964146,319.604436365385,251,64.8185982782563
-49.159951424104,3.82062912047633,319.613022352582,251.5,64.7952399090641
-25.9135047989864,3.85148348849914,319.616190922916,252,64.7829270976266
20.8220990588764,3.91483852924056,319.613200485932,252.5,64.7928207257341
19.8257904496121,3.91376515040788,319.609943091152,253,64.8022409574356
-9.93598078932842,3.87356921040782,319.609614847189,253.5,64.7975198724703
-33.4079028466067,3.84167223645845,319.614053510855,254,64.7816460950149
-39.0496705620214,3.83375829528799,319.620127228085,254.5,64.7630916295324
-9.87195864556053,3.87297732283841,319.620262261514,255,64.7584009647125
-54.1500727489066,3.81315130055946,319.630492344844,255.5,64.7326715375179
0.382469867708886,3.88645378343001,319.6293753886,256,64.7328532682178
6.310630559939,3.89462628953117,319.627146111375,256.5,64.735851766674
-32.4748231620806,3.84204674901776,319.631310056874,257,64.7204213423775
-32.1912294341442,3.84216335974264,319.635747858104,257.5,64.7051256677462
7.80606237082397,3.89631991719721,319.633625825009,258,64.7088347211833
-43.4817711010271,3.82687449631805,319.640620920173,258.5,64.6881743414822
-14.6562923343045,3.86553537509219,319.641584815087,259,64.6812103987317
-23.8684052641982,3.85295678672746,319.644046988864,259.5,64.6698693170984
29.3442195285878,3.92514496636097,319.640675780645,260,64.6838122339149
-13.967571028123,3.86667718563336,319.64093026316,260.5,64.677175537349
8.25203073159142,3.89685795389424,319.638597927606,261,64.6810964928184
-11.5162875438023,3.87010341605094,319.638570947916,261.5,64.6756245245114
29.7922449315344,3.92614314105838,319.635152180368,262,64.6897803207645
-10.5786385385929,3.87170078844146,319.634828949388,262.5,64.6847538767308
-21.3466692263012,3.85700389355961,319.636665681999,263,64.6746109989132
-23.418687394313,3.85402415032756,319.639017874062,263.5,64.6634836008929
0.691755520889121,3.88664455064883,319.637542234446,264,64.6638122887858
-19.7259612842216,3.85894135610734,319.639001010557,264.5,64.6544394909494
-15.0757243616002,3.86512532638846,319.639781114842,265,64.6472762549152
-27.2978966692246,3.84844470054274,319.642922463525,265.5,64.6343056491661
36.9594471421933,3.93542497060568,319.639604223276,266,64.6518669442137
-44.3730025621895,3.82568385352023,319.646569932828,266.5,64.6307830955526
-20.5811978838396,3.85741454167698,319.648579202094,267,64.621003931728
26.6745845703278,3.92149813305347,319.64523962383,267.5,64.6336783705016
-1.86861821415256,3.88309428162394,319.643697934152,268,64.6327904958626
-14.0376502371602,3.86657499617759,319.644128156707,268.5,64.6261205011345
-27.5388963326582,3.84815903743276,319.64727266636,269,64.6130353843057
-33.3049242900593,3.84013122705817,319.65187687747,269.5,64.5972105371497
3.34753293097493,3.88967132687998,319.650165521495,270,64.5988011186661
4.56133111105863,3.89143893742804,319.648033722337,270.5,64.600968436839
33.6365175987164,3.93092192478972,319.644456282254,271,64.6169508406789
-11.1408027147142,3.87059519454048,319.644172781176,271.5,64.6116572841279
24.057239059665,3.91832085317515,319.640881472899,272,64.6230880902093
-7.82410183990378,3.87532861260085,319.640146084028,272.5,64.6193704653118
-2.41071174073459,3.88264617302503,319.638896915939,273,64.6182250147322
-0.0614885332185366,3.88585700698572,319.637326665814,273.5,64.6181957984328
-29.534858931432,3.845880250738,319.640745595842,274,64.6041622992332
-1.26454175777658,3.88400572499692,319.639536819048,274.5,64.603561451747
17.3552584329999,3.90933713391825,319.636470187317,275,64.6118078092425
24.6266732296136,3.91938820342794,319.633011797448,275.5,64.6235091821814
-24.373128170399,3.85317961850967,319.635137743214,276,64.6119282812716
-2.39204217163323,3.88280683164976,319.634024768876,276.5,64.6107917015446
32.7734016779551,3.93044305015344,319.630609228555,277,64.6263639955339
11.884985353744,3.90257949572047,319.627726440251,277.5,64.6320111507425
7.97572103201231,3.8974134454735,319.625277831968,278,64.6358008175555
-15.3804191293447,3.8657876297788,319.62581768534,278.5,64.6284928056892
-59.6004020731736,3.80620969237645,319.637538322931,279,64.6001736524903
-0.0348224476251069,3.88592587566006,319.636470872033,279.5,64.6001571065914
-20.0816449709531,3.85874144699993,319.63793807006,280,64.590615305519
-23.7244013014715,3.85364783502683,319.640284542364,280.5,64.5793426474221
26.6018310250167,3.92177799333453,319.637038073592,281,64.5919825173217
17.3660930886642,3.90961008706476,319.633814431393,281.5,64.6002340229078
2.61426664590996,3.88980696125177,319.631819286717,282,64.6014761926763
-57.4040644579143,3.80888004814659,319.642708923508,282.5,64.5742006301118
-9.3342082938304,3.87307541740083,319.642853132652,283,64.5697654775714
-14.6588515724074,3.86580794665636,319.643417680253,283.5,64.562800318798
-17.5724603987469,3.86176308390207,319.644538965426,284,64.5544507577077
-45.6450818208143,3.82372802730857,319.652193378254,284.5,64.5327624801141
23.7037905622733,3.91732594715776,319.649163096952,285,64.5440253450105
-8.77442700954166,3.87353983486275,319.648558739514,285.5,64.5398561727555
-21.8557473147465,3.85573942363532,319.650436660252,286,64.529471406295
2.57168093164394,3.88878973361892,319.648696611465,286.5,64.5306933414455
-13.0820922478913,3.86759332456809,319.648906670937,287,64.5244773804513
20.1816598522566,3.91271270192853,319.645754305454,287.5,64.5340667036317
-23.0924275194544,3.85420574097426,319.647657995238,288,64.5230943281123
-18.2514158187826,3.86058387043324,319.64896404107,288.5,64.5144221611018
-19.6677156208286,3.85853361280886,319.65050253064,289,64.505077038714
16.7827497166592,3.90793775931431,319.647566297626,289.5,64.5130513684801
-14.2087521257446,3.8660581608189,319.647863224551,290,64.5063000746261
-31.5633791919393,3.84243875683644,319.651860651842,290.5,64.4913027232707
-28.8438534493141,3.84584579337257,319.655418806514,291,64.4775975555829
-38.2016159219146,3.83297869298262,319.661224343796,291.5,64.4594460435778
-39.0547384196581,3.8315073869345,319.667378290782,292,64.4408891701009
-29.4471158063297,3.84417189974838,319.671221028622,292.5,64.4268973620798
21.1055423834349,3.91269928737545,319.668059443443,293,64.4369256683884
-24.4648555038388,3.85106520521933,319.670298809529,293.5,64.425301183202
6.832563205582,3.89347029496916,319.6681052265,294,64.4285476781488
-8.58624562263777,3.8726430310896,319.667571802441,294.5,64.4244679203497
19.1328395087571,3.91030672961215,319.664360757321,295,64.4335588961541
-15.7365057381642,3.86318149784675,319.664899194793,295.5,64.4260816896033
16.7350352451137,3.90721740858158,319.661888939795,296,64.4340333478205
-38.5040281731093,3.83250635445493,319.667350417422,296.5,64.4157381445219
12.111993304786,3.90084612474455,319.664836524312,297,64.4214931626427
-13.3616129366573,3.86640351715727,319.66500725043,297.5,64.4151443872893
23.5006057776467,3.91638338110006,319.661670710607,298,64.4263107088598
-20.3598295592097,3.85712984004504,319.663006230989,298.5,64.4166367282769
-18.8830233882061,3.85897016379469,319.664388673338,299,64.4076644526951
33.4634601575565,3.92981192416077,319.66094368126,299.5,64.4235646282275
-27.8926035531914,3.84703804375323,319.663746117138,300,64.4103114472814
-31.8286217311082,3.84146414505665,319.667899423394,300.5,64.395188065835
-27.1316370978946,3.84754049116113,319.671061504552,301,64.3822964583829
-33.6219353761297,3.83855067563205,319.675691033396,301.5,64.3663209832915
-8.05179412111947,3.87298185874513,319.675391180036,302,64.362495170322
-30.5752873850249,3.84240648363365,319.679161062071,302.5,64.347967311156
-29.5489868967614,3.84355998017435,319.682906864326,303,64.3339270990485
-18.4131016546278,3.8584561857387,319.684335355115,303.5,64.325178106953
-16.4826403385277,3.86099205599239,319.68530983059,304,64.3173463742695
21.3454212932171,3.91235136436601,319.681985083171,304.5,64.3274886591312
12.5515809603315,3.9007268282992,319.678939875021,305,64.3334525474899
-39.3646740843424,3.83048109011333,319.684682551942,305.5,64.3147484079667
13.2225640058013,3.90150359124309,319.682043253338,306,64.321031114169
-20.0406112027222,3.85649298315469,319.6833979987,306.5,64.3115088103068
-39.3661111577135,3.83021147789222,319.689416971519,307,64.2928039879576
-20.3850949132259,3.85555322960912,319.691294011805,307.5,64.2831180025323
-2.04325373960589,3.88039028480228,319.690018903018,308,64.2821471497585
-33.4854637098823,3.83776033611749,319.694442935455,308.5,64.26623651923
15.0715032359337,3.90347654757289,319.691588245274,309,64.2733977495947
-11.1908752004262,3.8680037769395,319.691369192124,309.5,64.2680804010835
6.53176792526648,3.89207906717411,319.689040413853,310,64.2711839730411
-0.137955125301035,3.88314905395478,319.687312748611,310.5,64.271118423612
-25.7915667788289,3.84835456669015,319.689923061171,311,64.2588635510702
-19.1895514663001,3.85710858099504,319.691421962749,311.5,64.2497456285581
-11.262148395244,3.86776473572343,319.691471004298,312,64.2443944145619
5.00726486106667,3.88986616519669,319.689295772667,312.5,64.2467736183219
16.4765393917701,3.90556163925356,319.68606793217,313,64.2546024521383
-34.6302416711066,3.83642813272539,319.690572187163,313.5,64.2381478799361
9.55627667496015,3.89611393090612,319.688165401979,314,64.2426885483503
-41.4055623929334,3.82717496905367,319.694469904779,314.5,64.2230146799886
-14.6911985423053,3.8629508524728,319.695291433317,315,64.2160341515404
-18.3556406825109,3.85790351379135,319.696543611504,315.5,64.2073124620472
4.71999631745361,3.88918865238497,319.694444219777,316,64.2095551700519
-35.8768983516977,3.8342078441516,319.699383777531,316.5,64.1925082484644
36.2617682516199,3.93169152002241,319.695910168293,317,64.2097380411279
12.6736744407085,3.90027592215126,319.692738241993,317.5,64.2157599422493
8.83513294497399,3.89524746588989,319.690023663973,318,64.2199579589521
-10.0296672926333,3.86974883373107,319.689623528548,318.5,64.21519235881
-55.3316149428554,3.80862185264282,319.700097034434,319,64.1889015214028
-26.1518672189938,3.84728425245066,319.703278285915,319.5,64.1764754519729
-19.9654290081605,3.85548667061164,319.704922135264,320,64.1669888709585
0.998970507927877,3.88388217157172,319.703231155236,320.5,64.1674635321666
7.53420940396567,3.89286209549176,319.700683550292,321,64.1710434145654
-13.2463222709023,3.86475712361979,319.700821683777,321.5,64.1647494196147
-25.8547900120494,3.84757513676155,319.70353909925,322,64.1524645065301
-42.6702690865905,3.82468088099966,319.71051303581,322.5,64.1321897123128
-17.9145150673556,3.85779142510697,319.711934438353,323,64.1236776238196
15.4866326771476,3.90312630485155,319.708865193057,323.5,64.1310361030927
-2.23998874077513,3.87928240880074,319.707303227223,324,64.1299717716099
4.80254709785697,3.88891215304594,319.705039600902,324.5,64.1322537036486
-22.0368778106983,3.85255123957295,319.706817614748,325,64.1217828729656
-33.0193250993068,3.83751951200973,319.711251600345,325.5,64.1060937283712
31.3743951286187,3.92458958921534,319.707713537374,326,64.1210012838786
-14.5250445334337,3.86273816644469,319.707905890002,326.5,64.1140997035695
-24.2207709113116,3.8494904865217,319.710272572828,327,64.102591195268
42.5147726242637,3.93964071295661,319.706801825532,327.5,64.1227921052834
-13.8199053633672,3.86394147273507,319.706792798396,328,64.116225572113
63.5386841128161,3.96782645155581,319.704761066696,328.5,64.1464160014869
16.4145031334911,3.90556893304805,319.701235309058,329,64.1542153587521
-0.353345104673949,3.88301444268586,319.699415186394,329.5,64.1540474666943
-4.03426830566612,3.87802714727374,319.698167808017,330,64.1521305826093
-33.3665015517772,3.83827487791894,319.702360270967,330.5,64.1362764769945
22.9698964882339,3.91429531995741,319.69911767614,331,64.1471906318489
-19.0587894429638,3.85758300274106,319.700103932798,331.5,64.1381348409608
24.1676181914472,3.91601980170199,319.6967139575,332,64.1496180937277
-11.6375827538105,3.86777229329635,319.696410749729,332.5,64.1440884919565
1.83207931121267,3.88596751789076,319.694544630431,333,64.1449590051222
5.02484857185789,3.89035197258091,319.692250301121,333.5,64.1473465637889
14.7951873448159,3.90367308606304,319.689154875715,334,64.1543765025552
-24.855584537489,3.85008625550311,319.691314173379,334.5,64.1425663623233
22.682216369884,3.91428363227084,319.688059025187,335,64.1533438258625
34.2854796387994,3.93013920470805,319.68434964046,335.5,64.169634584257
-26.6575754327734,3.84806793456258,319.686735121027,336,64.1569682273814
-28.0601594149424,3.84589968404526,319.689875214214,336.5,64.1436354322053
15.5376605605513,3.90474211945281,319.686991516639,337,64.151018157396
8.11221626448233,3.89487726677133,319.684340684699,337.5,64.1548726799694
-4.30235058983409,3.87814438979529,319.68308720221,338,64.1528284164875
14.2656342960318,3.90330116170549,319.680122624269,338.5,64.1596067379258
6.88206203060559,3.89346744338519,319.677609050756,339,64.1628767522578
-36.4996562461213,3.83482654417988,319.682419444199,339.5,64.1455339270253
-38.5623513691613,3.83168306255285,319.688148850679,340,64.1272110114384
-12.1938140700071,3.86697331455105,319.688437460894,340.5,64.1214171161506
10.2308132782376,3.89735057872959,319.685791254023,341,64.1262782908826
-24.804269598631,3.84997755524202,319.68799644097,341.5,64.1144925329629
-0.541202720512786,3.8826891301679,319.686527860622,342,64.1142353802891
-19.3724024054079,3.85717687544761,319.687751669817,342.5,64.1050305760853
-5.34482637005914,3.87607184168682,319.686855334735,343,64.1024909798489
17.5602457128782,3.90714402781521,319.683669614859,343.5,64.1108347371266
-14.8252155472014,3.86343798742774,319.683952943743,344,64.1037905304487
8.0149807314885,3.89433424295519,319.681526099003,344.5,64.1075988515225
23.4598050725501,3.91535105212282,319.678028375107,345,64.1187457866229
-16.6905468328664,3.86120938108911,319.678586514197,345.5,64.1108152670913
-5.8152870927479,3.87582198078188,319.677734782526,346,64.1080521312676
-4.91532915562018,3.87702242959336,319.676680228509,346.5,64.1057166107923
-22.9261911618146,3.8525829354311,319.67861481371,347,64.0948232225399
-8.87254360510157,3.87144774170306,319.678262249065,347.5,64.090607430148
-8.25943092959063,3.87224144190484,319.677708168584,348,64.0866829584717
-2.56773764675849,3.87993902720001,319.676375755735,348.5,64.0854628969744
-18.5376418334378,3.85828642570172,319.677474335254,349,64.0766547295667
-11.3089805263286,3.86795480257058,319.67747013093,349.5,64.071281263266
-5.77708557782573,3.87540940035469,319.676591023174,350,64.0685362789064
-6.14762766209872,3.87490458835708,319.675722293064,350.5,64.0656152313376
-22.9729194728247,3.85206737416774,319.677715962359,351,64.0546996401109
13.598093655668,3.90152231381271,319.674930776141,351.5,64.0611607793659
-9.12348920226222,3.87087781020537,319.674357857386,352,64.0568257500802
10.2162889619092,3.89708969430487,319.671725781163,352.5,64.0616800235779
-15.0613180814858,3.86292977427361,319.67212515043,353,64.0545236326931
-27.9971838139132,3.84529545089541,319.675236199311,353.5,64.0412207603972
-7.28783061004735,3.87313910666198,319.674719964251,354,64.0377579449739
-28.6237907068002,3.84419539662538,319.677932301503,354.5,64.02415734018
-39.7224703509459,3.82899119081229,319.684030837797,355,64.0052831936277
34.6717429300001,3.9293646220066,319.680681622433,355.5,64.0217574851685
-23.4688538809272,3.85104524286559,319.682516796769,356,64.0106062505235
-23.0680779624655,3.85140078110872,319.684690560403,356.5,63.9996454447051
12.2694142347709,3.8992114034825,319.681976048555,357,64.0054752614394
14.1718007486238,3.90197647166924,319.678877917605,357.5,64.0122089978328
-47.5239456177147,3.81870886192642,319.686715191598,358,63.9896279774076
-11.2571721748278,3.86722077088338,319.686976533824,358.5,63.9842791278644
-36.9650152287377,3.83237319609432,319.692220369276,359,63.9667151871384
44.9550669897228,3.94281414719213,319.68904667117,359.5,63.9880756039286
-2.40880412230878,3.8794353599098,319.687347007549,360,63.9869310597545
-9.8394658313202,3.86936694002472,319.686970951645,360.5,63.9822558339074
-27.9191356931069,3.84480677486808,319.69002081761,361,63.9689900462051
-33.4379450788155,3.83711532693515,319.694514663324,361.5,63.9531019941719
-6.24926157780115,3.87369346909464,319.693878256362,362,63.9501326552103
18.3785256318976,3.90712992442847,319.690612251909,362.5,63.9588652184957
-8.60898217396552,3.87076067023485,319.689912577495,363,63.9547746574157
-15.8487191346522,3.86089846690176,319.690580744704,363.5,63.9472441326278
-14.7691922677502,3.86226021954049,319.691125334621,364,63.940226545432
40.6993964856311,3.93717653494428,319.687658564472,364.5,63.9595648788004
-42.0247752206008,3.82585010080731,319.693781258676,365,63.9395967912334
-10.4035202855088,3.86819223965592,319.693827310243,365.5,63.9346535547027
-24.7588943118137,3.84867672649588,319.696219946385,366,63.9228893568675
0.782468290564777,3.88316072289373,319.694586543842,366.5,63.9232611469666
13.6366884768358,3.90067845744258,319.691561859413,367,63.9297406245652
-4.94260547679264,3.87565961334185,319.69036260312,367.5,63.9273921437357
6.87662442449091,3.89170787354504,319.687942904732,368,63.930659574387
1.90948073398944,3.88508460832531,319.685950142713,368.5,63.9315668648676
-4.3713901392165,3.8766197346354,319.684758927271,369,63.9294897972181
-20.2550014204384,3.85506418735977,319.68618519016,369.5,63.9198656257642
-26.3352388237536,3.84666720065008,319.688980637064,370,63.9073524272482
-20.3747991524794,3.85452097035317,319.690637830316,370.5,63.8976713338574
-12.6366494189911,3.8648783989985,319.690867714768,371,63.8916670251889
-31.7748207326151,3.83889049671033,319.694858137142,371.5,63.8765692073069
-8.3104717123822,3.87044458093379,319.694513961246,372,63.8726204835837
-6.08905615331699,3.87346024426308,319.69364663781,372.5,63.8697272662891
-18.4044816097379,3.85674668198759,319.694784342539,373,63.8609823700112
22.4427323233215,3.91205841014108,319.691415738853,373.5,63.8716460426167
-23.7504935628183,3.84969441755787,319.693381097239,374,63.8603609867722
-19.5546486877167,3.8551921803536,319.694871059962,374.5,63.8510695881797
8.22388151610247,3.8927899362355,319.692430142944,375,63.8549771685389
-33.6394098183507,3.83616439256992,319.696701888129,375.5,63.8389933904597
-4.9629214769472,3.87475335205843,319.695887873434,376,63.8366352564752
17.9111389220595,3.90581761162854,319.692625794198,376.5,63.8451457407917
14.9705290123637,3.90207718724265,319.689404896442,377,63.8522589932166
-27.5519039001485,3.84460211017223,319.692199917389,377.5,63.8391676958372
2.38641136652355,3.88498258878834,319.69041657258,378,63.8403016000851
-31.4445548982769,3.83918711097486,319.694191028607,378.5,63.825360708137
-4.02018036307404,3.87610048066043,319.693226435126,379,63.8234505179432
-8.2341111298323,3.87040236092939,319.692633375826,379.5,63.8195380769792
-34.9295949697788,3.83422105141917,319.697347766151,380,63.8029412669458
-9.81995043788102,3.86793764392575,319.697263772121,380.5,63.7982753138451
-0.34515741375345,3.88079332430829,319.695648147558,381,63.7981113121716
-19.1391655543172,3.85533537497989,319.696882204569,381.5,63.7890173305444
-18.8557214236811,3.85559250083335,319.698218714963,382,63.7800580275012
-31.3371978214126,3.83857084390007,319.702203752561,382.5,63.7651681463081
10.4818118568249,3.89509179074255,319.699648327559,383,63.770148583108
-15.4196753203226,3.86009202681373,319.700132789291,383.5,63.762821918648
-2.98228337773499,3.87690833496157,319.698893532341,384,63.7614048855925
-31.6891608662601,3.83801346789488,319.702825604545,384.5,63.7463477690279
8.96989902073173,3.89294162384797,319.700402082906,385,63.7506098198818
-0.098244852965589,3.88079422949181,319.698614670356,385.5,63.7505631388034
6.37594865781489,3.88965312880998,319.696187176019,386,63.7535926731781
11.3035679976559,3.89646094017793,319.693288743642,386.5,63.7589635677138
8.53987372977506,3.89287844121145,319.690598372485,387,63.7630212918908
-4.8996574291798,3.87476658853302,319.689436722224,387.5,63.7606932178421
14.8816171052634,3.90159208868039,319.686387964388,388,63.7677642237413
-5.72118249284746,3.87383758309556,319.685300550561,388.5,63.7650458017532
16.3844410380403,3.90379062478976,319.682182693245,389,63.7728308750026
6.0398478509621,3.8899777224682,319.679721519554,389.5,63.775700710954
10.3866634520016,3.89595685182362,319.676956985072,390,63.780635937954
-9.84468698605001,3.86864516255442,319.676501668443,390.5,63.7759582312733
48.4638610366661,3.94713344909386,319.673452812776,391,63.7989858528591
-44.3845795195501,3.8224942802475,319.680095212015,391.5,63.7778965034024
-17.9901844346421,3.85759879942713,319.681436890946,392,63.7693484605813
3.05540676355376,3.88600500545418,319.679520241913,392.5,63.7708002382407
11.3819985948115,3.89736308623862,319.676695834723,393,63.7762083991037
-4.09892637578522,3.87652031086809,319.675417758565,393.5,63.7742607927127
37.6613276708308,3.93288196430465,319.671934746295,394,63.7921555865544
11.4796048591749,3.89802822485769,319.668937297804,394.5,63.7976101250703
-13.3998037845555,3.86443053278918,319.669017079784,395,63.7912432033213
6.84146864806057,3.89174915938029,319.666725508546,395.5,63.7944939296924
-8.26111325103225,3.87135889653808,319.666056723015,396,63.7905686586605
-11.1106591829903,3.86742855524588,319.665927276205,396.5,63.7852894248198
-26.4941467861733,3.8465101864952,319.668641444293,397,63.7727007211263
-49.2371889599511,3.81570795403151,319.677246774698,397.5,63.7493056524903
-18.50095078018,3.85661969901069,319.678771294231,398,63.7405149188502
-25.2117063195561,3.84740857039866,319.681343842154,398.5,63.7285355672211
22.6633962620421,3.91212559199967,319.678075510456,399,63.7393040883791
8.60760938522606,3.89339986559358,319.675346866244,399.5,63.743393997178
-15.060435972617,3.86142119302059,319.675751314436,400,63.7362380254276
-23.1067815004428,3.85040787728415,319.677837601475,400.5,63.7252588296087
-19.0975605321752,3.85565121985076,319.679227907646,401,63.7161846166232
19.2354653750199,3.90750572200876,319.676066307743,401.5,63.7253243551461
14.5610177107541,3.9014304853426,319.672917800853,402,63.7322430281237
-13.7061435670767,3.86328390634305,319.673053460984,402.5,63.7257305489132
-2.51482797047309,3.87836880433602,319.671764290121,403,63.7245356274683
-9.63230672533032,3.86872660056007,319.671378852008,403.5,63.7199588333473
13.9014972875536,3.90059067035255,319.66848492278,404,63.7265641349508
8.52466650847602,3.89348880643825,319.665846887458,404.5,63.730614633411
-15.0164799547489,3.86167733541218,319.666245397367,405,63.7234795473788
-18.0465492833994,3.85744746844386,319.667359523311,405.5,63.7149047227788
10.813177967405,3.89645080896616,319.664765178194,406,63.7200426083093
-14.6402806423412,3.86207768032736,319.665095006583,406.5,63.7130862735202
8.9636435575349,3.89398886321594,319.662629425384,407,63.7173453520884
-5.44859620943555,3.87457121412287,319.66157621434,407.5,63.7147564495742
-6.11295742291313,3.87365081429618,319.660718785788,408,63.7118518755825
-6.77111021047853,3.87273412230822,319.659961023249,408.5,63.7086345800492
-14.2286841717558,3.86258754951303,319.66035991074,409,63.701873815476
9.98346731565035,3.8953327325525,319.657819035112,409.5,63.706617463682
-26.4547548044542,3.84607857785999,319.660413633084,410,63.6940474771033
-39.3906287502608,3.82840572940311,319.666359884454,410.5,63.6753310052109
4.34847929785919,3.88727431373863,319.664534112839,411,63.6773971867656
-38.0990265413781,3.8298972807361,319.669929242066,411.5,63.6592944201429
0.285396755899693,3.88154631015962,319.668532845338,412,63.6594300265175
-13.9969367039438,3.86222707690642,319.668862856778,412.5,63.6527793768399
-21.0114187133047,3.85263623737402,319.67058129881,413,63.6427957934282
-6.75551304991813,3.87183710848321,319.669953522373,413.5,63.6395859088915
18.9664218953613,3.90672466883318,319.666725834081,414,63.648597811305
5.07419133158426,3.88815670438095,319.664374221005,414.5,63.6510088152023
17.3207334879355,3.90484185327582,319.661182714141,415,63.6592387681573
0.578500808648792,3.88237113831435,319.659331965503,415.5,63.6595136430316
-13.2470754456949,3.86364982046657,319.659516802609,416,63.6532192902095
-18.829997547886,3.85598083091617,319.660788251208,416.5,63.6442722098754
-14.3121192001116,3.86195642709811,319.661316084107,417,63.6374718011176
11.923267051692,3.89746062035229,319.658618078765,417.5,63.6431371458891
-14.1382026183014,3.86227403564239,319.658885120246,418,63.6364193736598
-10.822573755609,3.86667234976508,319.658810405584,418.5,63.631277023717
-0.913852318930701,3.88006385538564,319.65734082674,419,63.630842806448
1.07498699029968,3.88280466991687,319.655567454323,419.5,63.631353586916
-25.9974569200819,3.8461512381085,319.658162796704,420,63.6190008855971
-23.0774910114288,3.84987782673966,319.660392842979,420.5,63.6080356071649
1.70529213887893,3.88333036865679,319.658720451932,421,63.6088458773586
0.611582597889935,3.88192498576739,319.656981470608,421.5,63.6091364710573
-3.02633155804223,3.87704726209856,319.655695819309,422,63.6076985084926
-15.8114054652048,3.85971450010022,319.656374204971,422.5,63.6001857133086
-5.80750417829226,3.87318264749798,319.655589495958,423,63.5974262755396
-19.4680799092975,3.85464259413597,319.656960797949,423.5,63.5881760101343
-20.8093229265014,3.85268011342827,319.658707768473,424,63.5782884526109
9.93925072919968,3.89426525232944,319.656219776965,424.5,63.5830110912893
18.1107413670164,3.90548629177151,319.652965074181,425,63.5916164167817
0.76966052966311,3.88221846407689,319.651110964883,425.5,63.5919821212685
-2.48619252920458,3.87784686627227,319.649764840608,426,63.5908008059641
-47.9561550843148,3.81646017954357,319.657880368417,426.5,63.5680144210502
-30.341943505279,3.83965503176382,319.66190618117,427,63.5535974353154
2.80325814958299,3.88436768156695,319.660177361865,427.5,63.5549294044672
22.0506584083426,3.91053371351363,319.656769176484,428,63.5654067830063
-6.53736545421757,3.87206851691314,319.655816177215,428.5,63.5623005513807
18.376521616266,3.90582368676268,319.652669375329,429,63.5710321624573
-41.1045775371227,3.8255555929851,319.658734150308,429.5,63.5515013071618
-12.1650182811889,3.86426239844618,319.659128141524,430,63.5457210942037
-18.8482808490903,3.85513194929484,319.66043871575,430.5,63.5367653265522
-6.40565891774654,3.87188871708184,319.659764643668,431,63.5337216753364
3.38449850474447,3.88518299287162,319.657777902712,431.5,63.535329821059
-16.9863990726436,3.85762356359002,319.658629983554,432,63.5272587272257
-64.8157032827901,3.79338078827303,319.67233672519,432.5,63.4964615217185
-33.384558041132,3.83469746524776,319.677321871645,433,63.4805988365561
-10.0876122741019,3.86602459776877,319.677337171791,433.5,63.4758057038344
-14.9090417257108,3.85947090702622,319.677952035564,434,63.4687216671167
-28.5168300450595,3.84096193147128,319.681330175005,434.5,63.4551718847209
11.7414478257683,3.89542081422442,319.678695207635,435,63.4607508380197
11.6520802062098,3.89550343092984,319.675767038538,435.5,63.4662873282608
-30.3607521560845,3.83869580960161,319.679316944874,436,63.4518614055886
1.14084823897696,3.8811890847209,319.677741235043,436.5,63.4524034800534
-37.0885721367557,3.82946587114117,319.683007997005,437,63.4347808312166
-52.2273355810678,3.80885417662221,319.692915424311,437.5,63.4099649933021
7.4480764535286,3.88911008139397,319.690855616019,438,63.4135039495974
28.7778639639176,3.91813240773996,319.687077248126,438.5,63.4271777623568
-11.727420203631,3.86360708417063,319.686846337512,439,63.4216054742879
-16.9162737074934,3.85650742721624,319.687791346021,439.5,63.4135677005479
-36.5453203727455,3.82984956275885,319.693064676792,440,63.3962031779887
-1.75773923181164,3.87669993998271,319.691878564202,440.5,63.3953679875394
-14.9874207311094,3.85879176439692,319.692414438662,441,63.388246709008
-41.386971854833,3.82302689543574,319.698971591095,441.5,63.3685816739475
-8.43454771565304,3.86728272161609,319.69877679198,442,63.3645739954652
8.58108892710847,3.89041712549451,319.696198672713,442.5,63.3686513030585
-17.4264892859801,3.85525774556878,319.697097832836,443,63.3603711001968
-21.8384163550283,3.84917130356129,319.699055430678,443.5,63.3499945685482
-56.0535513401844,3.80302407134528,319.710070039417,444,63.3233607027936
-35.2705226315144,3.83035383617228,319.71550874402,444.5,63.3066019008549
-0.00780133899554336,3.87796479506828,319.714069109605,445,63.3065981940458
38.7199517038003,3.93041433592379,319.710202616882,445.5,63.3249959934903
-15.6698129454359,3.85728265235719,319.710574307949,446,63.3175504760447
33.8995584016686,3.92432103382676,319.706854618357,446.5,63.3336578638199
-32.0119274608843,3.8354962409983,319.710613323644,447,63.3184473845878
6.78592149772645,3.88784022931173,319.708370570369,447.5,63.3216717177098
6.69829581664728,3.88785469232914,319.705833469087,448,63.3248544154569
-10.9749707124315,3.86398407863779,319.705578714633,448.5,63.3196396540434
-20.2069859423475,3.85140149877637,319.70710088747,449,63.3100382971619
-2.34749272892853,3.87550022609703,319.705803287025,449.5,63.3089228851192
-19.2917277778053,3.85253885303552,319.707090510755,450,63.2997564134947
-1.52976936126866,3.87652289200692,319.705681919065,450.5,63.2990295430141
-33.3736698774697,3.83341274236025,319.710023744329,451,63.2831720313666
45.7315146521684,3.94001123460535,319.70669454055,451.5,63.3049013775523
-15.7477846813474,3.85754161790782,319.707005130155,452,63.2974188118074
-3.19854767356644,3.87446119421064,319.705772670827,452.5,63.2958990206914
30.7833471556912,3.92044024101163,319.702036635706,453,63.3105257395347
-41.6846669235,3.82281443427774,319.708187384479,453.5,63.2907192545516
-4.65727869783979,3.87247846829665,319.707378607658,454,63.2885063468472
31.6542133749537,3.92159490983634,319.703640028005,454.5,63.3035468580984
4.06411474827441,3.8846951598217,319.701226254698,455,63.3054779237317
2.86788412190255,3.88314733267159,319.699115934977,455.5,63.3068405999382
29.2837650550592,3.91889240227411,319.695421741931,456,63.3207547917891
3.0281093473442,3.88374705426923,319.693151063798,456.5,63.322193599071
-30.7449510597541,3.83806535869367,319.696697745988,457,63.3075851241469
-11.4583690307089,3.86386034349427,319.696794218649,457.5,63.3021406758428
-3.71957985056116,3.87428366197421,319.695600433695,458,63.3003733160942
-21.2214940131178,3.85056032707352,319.697218695919,458.5,63.2902899153258
-32.1880666098044,3.83556630927418,319.701360410607,459,63.2749957435117
3.0617132117195,3.88305483313724,319.699521379135,459.5,63.2764505176822
-33.8050978094533,3.83320555833875,319.70387368255,460,63.2603880128925
-21.2669140731271,3.84985472057752,319.70579685558,460.5,63.2502830307657
42.5568222257121,3.93594216243333,319.702301756655,461,63.2705039206648
-34.7850583170266,3.83197248239226,319.706615804971,461.5,63.2539757872757
-17.2839769325193,3.85530846200549,319.707765266204,462,63.2457632992117
0.867790984718594,3.87983174841559,319.706031806752,462.5,63.2461756304206
0.534228275268644,3.87945231902348,319.704199743077,463,63.2464294691842
17.6154067260935,3.90265446429251,319.700882859225,463.5,63.2547994362378
-22.2657739427654,3.84882756404568,319.702556328102,464,63.2442198454726
7.78389870080516,3.88939535370391,319.70015051566,464.5,63.2479183678336
16.1148404936592,3.90079819924777,319.696891131752,465,63.2555753402841
-10.9355756081722,3.86433900623573,319.696543014242,465.5,63.2503792974691
11.7509112190046,3.8950228997029,319.693732171619,466,63.2559627473027
-26.7386613443105,3.84302822753477,319.69635736653,466.5,63.243257862426
11.2203259532229,3.89423117411664,319.693715222043,467,63.2485892044734
-68.1356313397932,3.78773314801334,319.708272743796,467.5,63.2162145339159
1.60300928388336,3.88071701432062,319.706943028755,468,63.216976204373
11.8743787222305,3.89473146804994,319.703990477263,468.5,63.2226183198366
3.71914797464442,3.88385860198873,319.701725366156,469,63.2243854743792
-14.5228510148259,3.85919997188912,319.702051666181,469.5,63.2174849363213
-57.498450302973,3.8013475541775,319.713228968742,470,63.1901645262873
-26.1055254796424,3.84287054288852,319.716388459008,470.5,63.1777604761521
-31.036228904236,3.83602063662019,319.720368874637,471,63.1630136004519
-2.5996562298851,3.87434936509508,319.719176418598,471.5,63.161778372828
21.6528085355146,3.90727778904953,319.715609122844,472,63.1720667128521
0.0911099245828719,3.87836506779974,319.713670498307,472.5,63.1721100037666
-22.390827604387,3.84792949805761,319.715502239905,473,63.1614709937076
16.9186452215582,3.90106619842961,319.712360418979,473.5,63.1695098942734
1.20413688821445,3.88000653123674,319.710323602908,474,63.1700820403634
-13.5301727911612,3.86007741511079,319.710494240488,474.5,63.1636531737325
-3.21464136979337,3.87398883805463,319.709228048859,475,63.1621257356907
-18.8720749264299,3.85277237434595,319.710394289428,475.5,63.1531586622745
-5.7463319515681,3.87044050894998,319.709523049928,476,63.1504282905118
26.9952037008865,3.91475294726094,319.705854015354,476.5,63.1632550715846
-11.9579078039728,3.86234741813041,319.70559353867,477,63.1575732672467
-4.19846866090597,3.87279351244189,319.704450498719,477.5,63.1555783633019
-0.306453606682068,3.87807842542105,319.702753225381,478,63.1554327517567
-14.2021903316783,3.85927208671286,319.703054224038,478.5,63.1486845757416
15.7793664531276,3.89981603246991,319.699962962277,479,63.1561821475771
4.479663024038,3.88472107362536,319.697603490544,479.5,63.1583106611281
-57.3652120061111,3.80148993643244,319.708528275611,480,63.1310535593204
-10.4297007863543,3.86403930312936,319.708727651266,480.5,63.126097883115
-2.28855707708652,3.87505263239175,319.707323435446,481,63.1250104743692
-33.8180592234693,3.83239777402389,319.7117173133,481.5,63.1089418109588
-53.7775414702887,3.80536833293857,319.721981383464,482,63.0833893921397
-38.2049197094966,3.82570487854721,319.728042063999,482.5,63.0652363103388
-4.06554658436921,3.8716523684942,319.727113174558,483,63.0633045643681
10.6829432023865,3.89173689035978,319.724235428157,483.5,63.0683805688016
16.2089538262907,3.89941025801873,319.72085335525,484,63.0760822592371
13.3148653170651,3.8957233528264,319.717651788378,484.5,63.0824088224417
-4.60551297790699,3.87161523077164,319.71636300784,485,63.0802205112384
23.4979060642551,3.90966596073645,319.712770427427,485.5,63.0913855500391
-9.3506134089436,3.86547032246852,319.712105326384,486,63.0869426026021
16.0583130581444,3.89984724033981,319.708935269707,486.5,63.0945727160207
3.14518328078113,3.88256496158302,319.706691630966,487,63.0960671510256
-55.6818487045905,3.80336521582681,319.717077334684,487.5,63.0696098999164
-22.2712250353053,3.8476393537449,319.719376865605,488,63.0590277190625
30.2473441567141,3.91856755295498,319.715735293735,488.5,63.0733997558817
-30.4044498577974,3.83687519133153,319.719059938471,489,63.0589530702303
16.5890300061289,3.90027131800014,319.716001719615,489.5,63.0668353540039
-15.5626926386165,3.85691704925398,319.716397499246,490,63.0594407348119
-21.4611611361886,3.8488157130923,319.718140628771,490.5,63.0492434561208
1.58841238500512,3.87991161510594,319.716327944952,491,63.049998190856
18.7909890594745,3.90327560576838,319.712899940256,491.5,63.0589267362923
-57.4926168328587,3.80066124722075,319.723785222511,492,63.0316090980339
-11.1747118199682,3.86237556122159,319.724081782472,492.5,63.0262994295589
-28.652111092204,3.83866417698963,319.727338265888,493,63.0126853683233
-20.5541860602348,3.84939678943589,319.729050569165,493.5,63.0029190391767
-16.1654469653473,3.85521813043733,319.729866707069,494,62.9952380210423
6.82831993762001,3.8863495261026,319.727427925884,494.5,62.9984824997988
-9.91021357199859,3.86377930111408,319.726959636061,495,62.9937736581364
-10.6463449052451,3.86275037620502,319.726734504523,495.5,62.9887150433974
-22.0435344253394,3.84725887665548,319.728586513836,496,62.9782410498214
-29.2935666845135,3.83729657308985,319.732109875104,496.5,62.9643222007227
9.84932919931869,3.89016311422966,319.729496957436,497,62.9690021131528
9.22623426629648,3.88949645609356,319.726640515016,497.5,62.9733859617939
-24.3695509463643,3.84409431061034,319.728811806229,498,62.9618067606034
-12.5126325904935,3.85997486475075,319.729016644998,498.5,62.9558613785771
24.8145893129275,3.91048665501409,319.725371346931,499,62.9676520399128
3.90336602523455,3.88251703014713,319.722953975298,499.5,62.9695067257306
-37.0654069167729,3.82715331747046,319.728082395542,500,62.9518950838567
