curr_dens,Volts_tot,Temp_tot,t_tot,SOC_tot
-26.5736252292926,3.76814033425284,323,0,45
-26.5736252292926,3.76786635999327,323.004308083142,0.5,44.9873735320948
-40.7070420927224,3.74894387576871,323.012262481103,1,44.9680315659134
34.8692337821707,3.84873490633308,323.010802093946,1.5,44.984599695306
5.80931613883832,3.81068645902112,323.009867983664,2,44.9873599940288
-5.79059309067365,3.79530996264868,323.010510263396,2.5,44.9846085915693
20.6366167952086,3.83034929338187,323.00894381943,3,44.9944140877103
-28.2618576461655,3.76559018817077,323.013398619106,3.5,44.9809854555447
-13.8299225821246,3.78449102386064,323.015597338799,4,44.9744141626891
-25.197185986714,3.7692675355315,323.019761225132,4.5,44.9624417104016
10.3401452566631,3.81633736302549,323.018962606222,5,44.9673548342638
-16.1241714245013,3.78123554632642,323.021154784537,5.5,44.959693428218
-17.2036582298611,3.77966856528265,323.023802852246,6,44.9515191036154
5.91440530465738,3.81031883108429,323.023289931319,6.5,44.9543293354943
3.31956875337623,3.80694609511237,323.022807647968,7,44.9559066298214
-3.37075211738825,3.7980885375152,323.023128112441,7.5,44.9543050156999
-20.0903011827545,3.77581624854586,323.026166718709,8,44.9447591016252
-12.3453161404351,3.78595540174797,323.028025066027,8.5,44.9388932200723
-24.2051104404039,3.77009134078628,323.031979418709,9,44.9273921528493
-19.958983639919,3.77554045338576,323.035231301495,9.5,44.917908634354
-13.8808635258363,3.78348753905292,323.03734579223,10,44.9113131368901
25.0922520876541,3.83519825351748,323.035556635667,10.5,44.9232357297964
-1.21480221718676,3.80054883273093,323.035385338861,11,44.9226585160714
19.8640877571556,3.8285530442992,323.033692781822,11.5,44.9320969447528
11.5470574671495,3.81772341895927,323.032324056033,12,44.9375835334004
-22.6361628448783,3.77235891831296,323.035683315569,12.5,44.9268279522107
-14.7168426567576,3.78268395754195,323.037936413211,13,44.919835238952
-33.2956940585642,3.75790000362105,323.043908848744,13.5,44.9040147775439
10.632999349002,3.81604404512303,323.043096758388,14,44.9090670511369
29.1626742397123,3.84066656249408,323.040991731835,14.5,44.9229237066418
-8.74208920560287,3.7906691867822,323.041781457787,15,44.9187698997063
-54.0811290549084,3.7306925448774,323.053366127726,15.5,44.8930732311336
18.0263442417688,3.82572356699213,323.052280825104,16,44.9016384553006
30.9627165830818,3.84297021335486,323.050067259526,16.5,44.9163504015941
-1.46763868040301,3.80031318660982,323.049837476713,17,44.9156530525295
-10.8554156607175,3.78780344839814,323.051197940324,17.5,44.9104950977433
-6.36552093559546,3.79369174604931,323.051988774576,18,44.9074705181047
-15.425299599322,3.78158392715615,323.054153633856,18.5,44.9001411812664
17.7414472690649,3.82556916925566,323.052651198842,19,44.9085710365309
28.5403399448649,3.8399852499402,323.050493510075,19.5,44.9221319896643
14.0248192774625,3.82107219758935,323.048846167225,20,44.9287958877571
11.197826422413,3.81743921056479,323.047527428622,20.5,44.934116539144
-3.60168869386283,3.7978580128139,323.047733534867,21,44.9324051954223
-24.8060615655342,3.76961998121558,323.051612268318,21.5,44.9206185860489
-25.2285158084689,3.76882153928121,323.055819987815,22,44.9086312473849
-18.7793513593501,3.77716380877421,323.058776783215,22.5,44.8997082316062
5.33688641450961,3.80912134633198,323.05823843128,23,44.9022440551698
-10.2839218565251,3.78839756459563,323.059431718202,23.5,44.8973576458771
-22.1050570992489,3.77259434864604,323.062865090447,24,44.8868544197798
-16.3290982865164,3.78009539941892,323.065347460405,24.5,44.8790956426593
-22.1648775632498,3.77221415453671,323.068871266492,25,44.8685639928463
-22.4606278939861,3.77165173351669,323.072525713951,25.5,44.8578918171538
-43.1651782585384,3.74408971886047,323.081142275551,26,44.8373818666595
-0.617547453186906,3.80024794571652,323.081494011722,26.5,44.8370884387576
17.9897243026905,3.8250426066039,323.079710132781,27,44.8456362629469
7.05657701817072,3.81073113097732,323.078586037559,27.5,44.84898919814
17.4727221121595,3.82465019157437,323.076787079446,28,44.8572913685463
26.4374724990511,3.83666132155541,323.074564341967,28.5,44.8698531434312
-20.0077107009998,3.77523100690798,323.077202776905,29,44.8603464722547
-30.5273292534895,3.76108669678133,323.082506527147,29.5,44.8458414004127
-37.5937140542058,3.75147207616291,323.089673666352,30,44.8279787332061
-8.11525182079617,3.79031071013104,323.09095234767,30.5,44.8241227682869
17.6737276373796,3.82459388266009,323.089237008384,31,44.8325204465432
-48.2325415876809,3.73735587887884,323.098825203483,31.5,44.8096027364795
-3.37824247958173,3.79639630400544,323.099543195692,32,44.8079975633097
-12.7082533562289,3.78397887502325,323.101156682447,32.5,44.8019592320037
20.4796460968644,3.82806135216277,323.0993049196,33,44.811690143459
-14.9233081962808,3.7811926466784,323.101057180247,33.5,44.8045993280225
-60.407543311803,3.72115112226072,323.114837007222,34,44.7758966613641
-10.4938530153301,3.7864721127769,323.11673903194,34.5,44.7709105032032
2.59851780518237,3.80390353031074,323.11624690495,35,44.7721451899043
-46.8167502067946,3.73837911015687,323.125633237691,35.5,44.7499001936415
-39.7184107488357,3.7473166107133,323.133644875577,36,44.7310279760106
-20.6930347023393,3.77225545414516,323.137130405344,36.5,44.7211956728801
7.08769459967148,3.80921146702233,323.136219401423,37,44.7245633936036
-33.976903475156,3.75465115803786,323.142143442945,37.5,44.708419255288
-64.6236570479677,3.71425874201867,323.157833911206,38,44.6777133006207
25.8428768605569,3.83350918476699,323.156137254333,38.5,44.689992553167
11.4696563395622,3.81476766433952,323.154319079668,39,44.69544236464
-10.533908619357,3.78559916188672,323.155340029979,39.5,44.690437174044
50.976559477877,3.86674198238929,323.153371753305,40,44.7146587052282
-17.34312202026,3.77700948626786,323.155218174244,40.5,44.7064181143537
-20.2798832075216,3.77296244115919,323.158242268211,41,44.6967821203095
-28.9654707108692,3.76126485869691,323.163162119832,41.5,44.6830191661347
-27.4729813400257,3.76301982575866,323.167862144288,42,44.6699653688391
-1.49947828069254,3.79744270838931,323.167927053919,42.5,44.6692528911767
0.404141451124092,3.80003129392756,323.167468868979,43,44.6694449191374
15.8474679904693,3.82063670919297,323.165523554393,43.5,44.6769748494437
11.8757854230343,3.81554657638256,323.163740700617,44,44.6826176333017
-49.0031074720809,3.73489691367572,323.173587059431,44.5,44.6593337885716
-23.3442737533028,3.76834860169752,323.177609816239,45,44.6482417482205
8.87929973975253,3.81114758821653,323.176437717593,45.5,44.6524607507924
-14.021538923605,3.78075394959119,323.17800979266,46,44.6457984113609
-36.2246777363642,3.75116926723629,323.184619660204,46.5,44.6285862422696
-16.6976427288919,3.77682410900289,323.187169707238,47,44.6206523511204
7.89742717459214,3.8095458999591,323.185990658526,47.5,44.6244048165779
0.168625307271189,3.79937894971825,323.185423517616,48,44.6244849389553
-53.7570995709226,3.72796463422653,323.196928021711,48.5,44.5989422331124
-30.6888067732305,3.75786565692232,323.202681443864,49,44.5843604351669
4.49786573403479,3.80457278424957,323.20197611923,49.5,44.5864975977423
-17.696660219308,3.77507266950104,323.20425160737,50,44.5780890230611
-13.870255472907,3.78008226782612,323.206048330811,50.5,44.5714985660175
4.94613884329465,3.80513834435632,323.205092778878,51,44.5738487257274
-13.6292957541438,3.78046270657718,323.206598800544,51.5,44.5673727607838
9.82641436744668,3.8116817376056,323.205147785342,52,44.572041785223
-22.6214718668146,3.76856561896133,323.208325766697,52.5,44.561293184457
-21.7557952390179,3.76955704082001,323.211669261344,53,44.5509559102624
-31.8286524583899,3.75602407744783,323.217280703791,53.5,44.5358325142159
-4.44507729173056,3.79228554746264,323.217696135721,54,44.5337204340885
-3.42329720326076,3.79368337850788,323.217659625809,54.5,44.5320938531499
-20.7331612299702,3.77062122617125,323.220585904001,55,44.5222424838849
-15.2327815545768,3.77782691551669,323.222634808514,55.5,44.5150046220671
-14.0267490458323,3.77936482216397,323.22440273959,56,44.5083398070441
5.80402168688853,3.80577493371575,323.223305419885,56.5,44.5110975901061
-12.1882726309225,3.7818822089383,323.224520448706,57,44.505306327835
18.7403990408557,3.8230342405016,323.222321732209,57.5,44.5142108354052
-8.4142297537135,3.78709644807075,323.222780282398,58,44.5102128110101
20.3339515219299,3.82532527754551,323.220468912407,58.5,44.519874495634
-64.2210402926707,3.71371213445345,323.235268416595,59,44.4893598444676
-23.461860748539,3.76666984150585,323.239462006531,59.5,44.478211932612
6.75822573595319,3.80684154484076,323.238326419988,60,44.4814231060826
-13.3333504359179,3.78016272043383,323.239697746652,60.5,44.4750877596669
-38.1269316240871,3.74714113258357,323.246786123929,61,44.4569717339337
-20.460033332734,3.77030193833223,323.250018477559,61.5,44.4472501414905
-18.5651454027171,3.77271685418015,323.252663926385,62,44.4384289057517
-53.3589100334314,3.72659919310027,323.264373125619,62.5,44.4130753998155
-12.3631203358491,3.78049030015018,323.266266036009,63,44.4072010585925
-13.9823496017704,3.77831395823339,323.267951164443,63.5,44.4005573399819
9.17701171428418,3.80920836151618,323.266389922559,64,44.4049178005091
-16.81562895924,3.77467077386717,323.268360306324,64.5,44.3969278481586
-14.2136095686533,3.77806301518158,323.270108841572,65,44.3901742462888
-38.6073422820626,3.74556140822495,323.277380250111,65.5,44.3718299532529
9.70104535132594,3.80966881661789,323.276023221779,66,44.3764394085575
-9.61841860680744,3.78404839290927,323.276681589521,66.5,44.3718692133813
-45.4857222272021,3.73637884168434,323.285842336264,67,44.3502566555578
3.11874674874384,3.80071037722457,323.285267157066,67.5,44.3517385292347
23.1706137033313,3.82748579450425,323.2824569823,68,44.3627480549485
-10.2563849606903,3.78324639558255,323.283067340071,68.5,44.357874729822
0.653589606045688,3.79777814852424,323.282381919931,69,44.3581852831663
17.6390117044986,3.82044857902181,323.279937618408,69.5,44.3665664661342
-28.636980448742,3.75900548819298,323.284262344438,70,44.3529595942295
9.77643414855778,3.80999587844769,323.282758109388,70.5,44.3576048705491
-5.44701276316382,3.7898382929614,323.28270992567,71,44.35501672041
8.79203733678023,3.80882088365211,323.281053303081,71.5,44.3591942602186
32.9194536376774,3.8408448641719,323.277979624167,72,44.3748359508509
-33.5217414484383,3.7529442608921,323.283287031355,72.5,44.3589080829415
-37.599644053383,3.74724719106415,323.290354200392,73,44.3410425980935
-4.10416455717034,3.79150795813795,323.290603866132,73.5,44.3390925027786
17.0953463473267,3.81975513012437,323.28822466281,74,44.34721536295
-11.9441338202345,3.78127761938879,323.289128419121,74.5,44.3415401033256
-3.50521646689993,3.79246858866036,323.288992004107,75,44.3398745984184
21.4640326068267,3.82568089654809,323.286362689567,75.5,44.3500732414899
-29.4191335950206,3.75820737581261,323.290768635646,76,44.336094729227
22.7523661698436,3.82738096918174,323.288351809107,76.5,44.3469055244697
-4.83023136966212,3.7909623382409,323.288061268224,77,44.344610438239
-3.33218493129462,3.79294494698448,323.287817713285,77.5,44.3430271493303
4.15177942756329,3.80291986897801,323.286614007647,78,44.3449998688686
20.1366997207253,3.82420862506941,323.28400853387,78.5,44.3545678292258
18.0164127113317,3.82160101264513,323.281401494305,79,44.3631283344224
-32.2346575802527,3.75496292733426,323.286449726047,79.5,44.3478120248913
-23.3155639416806,3.76649943536012,323.290019898573,80,44.3367336260179
-15.8555770423177,3.77624457686974,323.292012927006,80.5,44.3291998426926
-17.1395789563904,3.77442924906775,323.294168939978,81,44.3210559653806
14.4898314451753,3.81645551120767,323.292114321241,81.5,44.3279408141778
3.18663786515863,3.80159857232204,323.290838693452,82,44.3294549463439
0.83597620409166,3.79853010709158,323.28995433415,82.5,44.329852160748
-7.11704718993333,3.7879678736579,323.290198122677,83,44.3264704931302
13.6770780847466,3.81561336057386,323.288121531773,83.5,44.3329691618661
-31.6052399014926,3.75551626061191,323.293072132229,84,44.317951920379
-12.1124943795934,3.78116630908902,323.294481210428,84.5,44.3121966641723
-32.4171576625053,3.75409102846264,323.299926354658,85,44.2967936396593
-35.2860435506133,3.75002776353388,323.306355515544,85.5,44.2800274629502
-13.7211061826061,3.7784329901233,323.308107212274,86,44.2735078742474
-15.5880871545714,3.77588696555765,323.30995240189,86.5,44.2661011888417
-16.6554734147361,3.77438820445716,323.312019228757,87,44.2581873344578
5.18563516066549,3.80344907680278,323.310780851934,87.5,44.2606512909319
-19.3541719831324,3.77082436971318,323.313148101637,88,44.25145514892
-18.8782407218892,3.77133784804756,323.315682215328,88.5,44.2424851458239
-44.9601549688348,3.7366467577052,323.324667652791,89,44.2211223114785
-27.371018803972,3.75956112333277,323.329373702592,89.5,44.2081169617198
10.9493330876908,3.81052463458109,323.327620690566,90,44.2133195414064
35.9009318468861,3.84365585655684,323.324302358025,90.5,44.230377882518
-14.7310474230744,3.77684132668342,323.32546750969,91,44.2233784198593
5.02731657788944,3.80310903466301,323.324186837176,91.5,44.2257671512
17.2120729836479,3.81939593523959,323.321618517187,92,44.233945474076
-56.313166805292,3.72212995400951,323.333651459487,92.5,44.2071882519366
4.69402158870057,3.80248645341457,323.332887342954,93,44.2094186180392
1.96943579564632,3.79895868086186,323.331748032082,93.5,44.2103543961896
-4.91767105359555,3.78984268972046,323.331569773553,94,44.2080177629605
-1.97191865042025,3.79377652614429,323.331040077011,94.5,44.2070808050808
17.2383394137209,3.8193625461692,323.32851976796,95,44.2152716084608
9.23797980814705,3.80893294448511,323.326480942591,95.5,44.2196610380005
6.36054146481688,3.80521773393891,323.324810660141,96,44.2226832516417
-42.4847529597868,3.7403925866286,323.332639551004,96.5,44.2024966054811
47.8534078659822,3.85951115142795,323.330185137481,97,44.225234170016
-25.5480653970728,3.76292762369068,323.333366193146,97.5,44.2130949972462
7.36958925714843,3.80655142178311,323.331932742514,98,44.216596660321
38.0721123695589,3.84713925417283,323.328758804009,98.5,44.234686638665
-30.4940905154816,3.75663754370599,323.33311290871,99,44.2201973602218
-30.4638720793077,3.75639199613523,323.338165241142,99.5,44.2057224400797
-19.051678609047,3.77129830313103,323.340744868214,100,44.196670027907
-31.0254951155425,3.75524973878477,323.345843988935,100.5,44.1819282523705
10.1298075010085,3.80982774174586,323.344168544547,101,44.1867414341699
-7.48666102238656,3.78650307207036,323.344260494958,101.5,44.1831841444023
-16.4182993573457,3.77457124747461,323.346073373836,102,44.1753829833599
-21.6322312572145,3.76752129244118,323.349026618321,102.5,44.1651044206372
-3.30670737624846,3.79181225951216,323.348819890096,103,44.1635332373983
-3.21252096950776,3.79196537347029,323.348401343221,103.5,44.1620068068655
-28.051383298117,3.75889146190205,323.352628686218,104,44.1486781816646
11.4235058735534,3.81128448068388,323.35077974283,104.5,44.1541060647265
-20.8408752954529,3.76844194780398,323.353275798347,105,44.1442035150833
-17.8008256467369,3.77234747492831,323.355502850648,105.5,44.1357454461605
-35.3617515989537,3.74889864669681,323.36170599911,106,44.1189432967441
-22.9945535393387,3.7650502054605,323.36519433304,106.5,44.1080174260827
-32.9701028020558,3.75164896598026,323.370885615293,107,44.0923516694812
5.53561342176551,3.80276569758218,323.369642945847,107.5,44.0949819182561
-7.09782116324138,3.78603652182797,323.369693512071,108,44.0916093858921
-36.8522228388425,3.74642802495632,323.376198031241,108.5,44.0740990385121
-4.43596751403279,3.78933174079302,323.376299486266,109,44.0719912868989
-0.251534219359892,3.79495993013815,323.375437108541,109.5,44.0718717703211
25.459440477394,3.82918400145075,323.372299636445,110,44.0839688329273
-39.2227540591361,3.74346021374654,323.379069529516,110.5,44.0653321267568
-5.49330568711555,3.78801885446245,323.379337851473,111,44.0627219805177
24.3010217475024,3.82765321122087,323.376294707755,111.5,44.0742686200338
-53.9299126917859,3.72414474446272,323.387466300251,112,44.0486438019723
7.31244264446758,3.8049574485726,323.386241073714,112.5,44.0521183118129
26.7267286845341,3.83082246161692,323.382958058779,113,44.0648175268818
10.5356953894239,3.8096677595317,323.380559883497,113.5,44.0698235664623
15.1780097220166,3.81595977131857,323.37792850029,114,44.0770354034234
-56.7759256439309,3.72078304202526,323.390016687991,114.5,44.0500583012498
-13.9785050324264,3.776804228745,323.391889226683,115,44.0434164093878
0.749953074558125,3.79639139959459,323.390943307848,115.5,44.0437727498699
-32.901566108576,3.7516249022112,323.396249712359,116,44.0281395585037
27.9048709562925,3.83224502211341,323.3933235655,116.5,44.041398568311
9.01252541949482,3.80753101537327,323.391031038887,117,44.0456808731141
-13.2187002254558,3.77802098143814,323.391984759279,117.5,44.0394000027885
-15.1766691545364,3.77532585928812,323.393527131311,118,44.0321888027984
-18.8394440042389,3.77034740732038,323.395804619445,118.5,44.0232372339771
-22.3118015488256,3.76559686456959,323.398848887657,119,44.0126357731778
-2.8644539937072,3.79139083040744,323.398470895811,119.5,44.0112747267979
-36.5563981616129,3.74656985660269,323.404757805532,120,43.9939049406232
7.81355450166094,3.80539395603918,323.403214429833,120.5,43.997617553949
-1.41199923068777,3.79323351297674,323.402306587287,121,43.9969466419897
14.2115138675382,3.8140785945857,323.399790663018,121.5,44.0036992480864
18.9370606205333,3.82051393447607,323.396804394852,122,44.0126971994792
0.252044605806258,3.79588675311212,323.395574802851,122.5,44.0128169585674
-12.5684153072046,3.77882402543856,323.39648012313,123,44.0068450713624
-12.2750619568014,3.77913168339687,323.397471755438,123.5,44.0010125711109
-10.6094233196915,3.78127973548115,323.398175757467,124,43.995971499677
-12.9449951848285,3.77811088937673,323.399270263122,124.5,43.9898206804032
-20.0404803962418,3.76857898661793,323.401752610273,125,43.9802984386938
10.3386815828831,3.80894629184988,323.39977451031,125.5,43.9852108670908
-60.1735680234335,3.71571096002874,323.413113006274,126,43.9566193738776
14.3623375289454,3.81395252843537,323.411239399149,126.5,43.9634436438931
-12.8318236354815,3.77790622341192,323.412053596817,127,43.957346598123
-26.442943646261,3.7597071662704,323.415922751749,127.5,43.9447822236205
-6.5638560557213,3.78603167235191,323.416111523324,128,43.9416634049758
-28.4804984914488,3.75681938990463,323.420398787902,128.5,43.9281308855312
-1.35076763693478,3.79280642062207,323.41983537703,129,43.9274890677865
-19.2085264881113,3.76902825691267,323.422026403898,129.5,43.9183621292857
18.8260541280841,3.81960760773992,323.419295888408,130,43.9273073359024
-15.7343729762913,3.7737983415308,323.420589050041,130.5,43.9198311427342
14.2864179647339,3.81372582631055,323.418162107501,131,43.9266193395405
-5.41785706749238,3.78766266186612,323.41772724252,131.5,43.924045042741
1.85699391758158,3.79736194807164,323.416478745265,132,43.9249273940912
-20.9185757608541,3.76704818433209,323.418951163288,132.5,43.9149879250429
-12.967240723101,3.77749955845278,323.420131983418,133,43.9088265357933
-5.17015531847917,3.78784080624386,323.419933931924,133.5,43.906369934572
12.5907061166993,3.81151007279213,323.417541004576,134,43.9123524132633
-39.9824874927338,3.74172130469499,323.424531307921,134.5,43.8933547194695
31.1236705593524,3.83584866545776,323.421520642936,135,43.9081431431046
-27.2375633575944,3.75863034939004,323.42509030019,135.5,43.8952012047509
30.5463045153692,3.83521042847774,323.421955173453,136,43.9097152926956
32.8679734943321,3.83855257544584,323.418263237287,136.5,43.9253325225186
7.40396075619829,3.805223042883,323.416031737853,137,43.928850517224
-11.1531674156708,3.78058641906136,323.416550279688,137.5,43.9235510855808
18.6768940111569,3.82016749211262,323.413807464723,138,43.9324254187125
6.16633076307784,3.80375620439389,323.411837662242,138.5,43.9353553530666
-29.4285188145024,3.75645527928706,323.416069042322,139,43.9213723814132
13.4494492139638,3.8132511832914,323.413899484871,139.5,43.9277628922064
-29.9828382648874,3.75561273938212,323.418204424425,140,43.9135165354601
-37.7526609500836,3.74506358084917,323.424968053096,140.5,43.8955783445768
1.31301584446166,3.79672518975342,323.424130155375,141,43.8962022245433
0.496343848572691,3.79570209226289,323.422963864203,141.5,43.8964380625075
-4.93198267921012,3.7885157248833,323.422560088408,142,43.8940946291042
4.88636855447099,3.80159617393634,323.420928998238,142.5,43.8964163889391
6.3372309152013,3.80360924077016,323.419045032896,143,43.8994275265641
-39.7281096980996,3.74244967617585,323.425933147563,143.5,43.8805507004739
-0.614006785225359,3.79412029052911,323.425365865424,144,43.8802589549216
-32.0899190757673,3.75224864311679,323.430364034735,144.5,43.8650114179448
4.29071631183118,3.80046140437402,323.429083973768,145,43.8670501533952
-20.6429216105616,3.76731083923227,323.431434554031,145.5,43.8572416615189
11.3196465734218,3.80977392371493,323.42929178823,146,43.8626201957958
5.28414094364432,3.80189892524704,323.427438796561,146.5,43.8651309573293
-0.456714088978279,3.7943411171769,323.4263473773,147,43.8649139494602
21.7046534879882,3.82379867067049,323.423281285447,147.5,43.8752269236328
5.29944718258168,3.80226655507119,323.421350317003,148,43.8777449579314
1.97434679776697,3.79791060120179,323.419960387088,148.5,43.8786830695462
-12.2077507162722,3.77905242922562,323.420700303729,149,43.8728825522557
7.1645352342214,3.80476905320831,323.418905117085,149.5,43.8762867838354
-15.0258069546767,3.77530291174879,323.420100699041,150,43.8691472660757
-27.6053997897243,3.75845213625054,323.424140821563,150.5,43.8560305501045
-12.4447135411866,3.77840943997658,323.425255769754,151,43.8501174398397
4.26033595169985,3.80061227569984,323.423767592525,151.5,43.8521417400507
34.1985318708114,3.84025371340008,323.420304162522,152,43.8683911851809
-23.8455399830468,3.76360479568698,323.423008755657,152.5,43.8570609679944
10.5541132594963,3.80920770191482,323.421005077835,153,43.8620757588327
-0.972283227484301,3.79399887659666,323.419939088224,153.5,43.8616137780957
-43.7435851053599,3.73722269467232,323.427985998386,154,43.8408289973732
14.8044429002931,3.8146314594167,323.425841827658,154.5,43.8478633339202
-0.918120410281719,3.79390232593661,323.424719725053,155,43.847427088666
-20.020987567501,3.76847072536921,323.426955584795,155.5,43.8379141089814
8.57080953900409,3.8064139863702,323.425084227903,156,43.8419865323196
1.04944405367777,3.79652139543672,323.42376725162,156.5,43.8424851760518
-9.08710109382705,3.78305450535152,323.423985631786,157,43.8381674365894
37.3154439954639,3.84440615844552,323.420673180635,157.5,43.8558978836742
4.0236595873194,3.80083367437613,323.418763458198,158,43.8578097270227
-33.1964997869021,3.75137832947394,323.423881890198,158.5,43.8420363978096
17.4322040710281,3.81839815878255,323.421449068673,159,43.8503193160536
-8.755374325033,3.78376820037638,323.421449383038,159.5,43.8461591966887
63.1516739735733,3.8778620461917,323.419484643877,160,43.876165738051
-9.53774588821776,3.78326406979672,323.419237128809,160.5,43.871633874547
-15.2866407690713,3.77551379733716,323.420595727724,161,43.8643704215035
-9.34846996075275,3.78328251890311,323.421003220177,161.5,43.8599284925267
-33.8495571657992,3.75065529380056,323.426401741587,162,43.8438448628573
2.21269835612446,3.7983259338713,323.425388590756,162.5,43.8448962273037
6.00693295522629,3.80342820731537,323.423555469589,163,43.8477504237302
-14.5080042105812,3.7761933715812,323.424631887267,163.5,43.8408569401368
4.76426010953366,3.80175519001013,323.423107999079,164,43.8431206800988
14.2955669890553,3.81448027230221,323.420503701806,164.5,43.8499132240674
18.8789807616796,3.82069051493455,323.417519653808,165,43.8588835787937
-22.6494108366078,3.76567862219841,323.420047607135,165.5,43.8481217028158
-5.54768715332981,3.78824255330881,323.419954147007,166,43.8454857172028
0.542140240641002,3.79632475633584,323.41884611999,166.5,43.8457433153396
2.58305289024,3.79906901574025,323.417430926573,167,43.8469706538806
29.5801117248521,3.83481519817426,323.414146699146,167.5,43.8610256549617
-13.0378506750868,3.77860155761395,323.414742369141,168,43.8548307153672
7.00434003899003,3.80515775908598,323.412995903025,168.5,43.8581588301403
-37.4469374328155,3.74617752891951,323.419121900274,169,43.8403659038999
-3.91404754046206,3.79038738801799,323.418969236701,169.5,43.8385061427561
-36.7576128123807,3.74673431642227,323.425069965323,170,43.8210407493653
2.97524575766759,3.7992620121322,323.424005098063,170.5,43.822454438493
13.4373815631608,3.81323271663113,323.421476939027,171,43.8288392153375
10.5498147751546,3.80955476629794,323.419106621537,171.5,43.8338519637493
-14.091993358533,3.7768805691317,323.420061505933,172,43.8271561478669
-16.6945349645406,3.77330630791743,323.421750238798,172.5,43.8192237333731
2.10024246925517,3.79822051329089,323.420565064406,173,43.820221664363
-24.6507005435915,3.76265247636351,323.423707553678,173.5,43.8085088748369
-30.1914984388962,3.75509606381524,323.428421509356,174,43.7941633731314
-21.4780203750879,3.76643489990252,323.431271687149,174.5,43.7839580837666
-19.5326328742133,3.76888146420431,323.433629012738,175,43.7746771459961
15.1150446154175,3.81490754396279,323.431162456047,175.5,43.7818590650634
-26.744431490789,3.75936988393142,323.434670601136,176,43.7691514384995
-49.3579136497715,3.7292932346689,323.444716953816,176.5,43.7456990074822
-34.3737017901148,3.74862588765134,323.450855037567,177,43.7293663302998
-24.6652205293817,3.76127978246505,323.454488276475,177.5,43.717646641597
23.0012652839144,3.82461545531963,323.451499781009,178,43.7285757013464
-15.1646292872385,3.77410687393024,323.452544787675,178.5,43.7213702221038
14.946492200107,3.81415349791837,323.449979710412,179,43.7284720534284
-48.4470834873958,3.73012801933919,323.459303073639,179.5,43.7054524037013
-21.0888076115582,3.76593439554498,323.462305423565,180,43.6954320489258
-15.2268951882064,3.7736339478263,323.46380896667,180.5,43.6881969840172
-16.6318197255148,3.77169629224711,323.465514928258,181,43.6802943686925
-34.0954177909725,3.74837410538902,323.471190945413,181.5,43.6640939182557
0.448622082464361,3.79419473278611,323.470319336662,182,43.6643070812049
-1.27665727910568,3.79197928201849,323.469295311599,182.5,43.6637004770242
-5.12474880909745,3.78690362797372,323.468845404987,183,43.6612654507227
1.40177468739564,3.79563417361679,323.467519489806,183.5,43.6619315044864
-20.4684268606885,3.76652356971908,323.469795993157,184,43.6522059238554
-31.835059644753,3.75126677497556,323.47491988953,184.5,43.6370794834319
-19.0136589299896,3.76810321925892,323.477285481706,185,43.6280451363238
-36.0839901283702,3.74529426114745,323.483524430378,185.5,43.6108998150017
-16.7876359493696,3.77072227093793,323.485508225722,186,43.6029231635403
-8.57411623308551,3.7816344864402,323.485765665779,186.5,43.5988491690251
-18.0216785604711,3.76902143615473,323.48766928116,187,43.5902861617584
27.4677409801568,3.82949467342186,323.484282866467,187.5,43.603337469095
-49.3575888641,3.7277485567123,323.493853356879,188,43.5798851923997
6.13754888958044,3.80114882790118,323.492414646693,188.5,43.582801451036
42.663237309684,3.84943494098205,323.488652505463,189,43.6030729041018
1.55437635989725,3.79561382466423,323.486821829653,189.5,43.603811466607
26.5281264720866,3.82878666933923,323.483325087666,190,43.6164163157609
-2.69021762294537,3.79028138685434,323.482199926306,190.5,43.6151380578574
7.52765368331592,3.80389218622657,323.480099130934,191,43.6187148253031
0.103342191242696,3.794101645206,323.478772444161,191.5,43.6187639283836
-20.753746520655,3.76632317044517,323.481039676521,192,43.60890277801
-1.23266805603568,3.79218991154022,323.48018599263,192.5,43.608317075325
2.12645661801476,3.79669407118906,323.478689165272,193,43.6093274619775
-27.4165899525539,3.75738065821575,323.482406039393,193.5,43.5963004590707
-17.3824024134361,3.77051713606368,323.484316366793,194,43.5880412041028
34.2673798747409,3.83894416316383,323.480845074839,194.5,43.6043233623876
-32.4859050200852,3.75069636043093,323.48547036001,195,43.5888876725421
9.99819461353008,3.80700278841919,323.483438838939,195.5,43.5936383184292
10.3684777536035,3.80762535576081,323.480928355882,196,43.5985649044878
16.4139636091454,3.81576792219227,323.477929864699,196.5,43.6063640053978
-1.75653497570013,3.79178735646835,323.476768648857,197,43.6055293871512
24.5648779958373,3.82670413449289,323.473455857333,197.5,43.6172013980618
-24.664535833265,3.7615257188765,323.476288259301,198,43.6054820346927
-12.3773417106997,3.77766541820984,323.477207777627,198.5,43.5996009361782
12.287633440066,3.81042114402608,323.474773160811,199,43.6054394097746
-23.5194654727304,3.76288689800581,323.477484174565,199.5,43.5942641270129
12.2171225176176,3.81028388847124,323.4751759768,200,43.6000690973183
-21.3344706446402,3.76574956117034,323.477428033345,200.5,43.5899320156614
-14.8381252957363,3.77423250702075,323.47876180692,201,43.5828816749117
-11.7689976005692,3.77822716628782,323.479476250045,201.5,43.5772896313272
-31.8475089377704,3.75143906404897,323.484398752425,202,43.5621572756175
-19.2450061573497,3.76794574694933,323.486731353464,202.5,43.5530130037884
7.73638734844622,3.80381031419328,323.484769587877,203,43.5566889511127
-47.7834643136728,3.73016089310263,323.493920491744,203.5,43.5339846202827
-16.6472554556207,3.77103263494219,323.495944830938,204,43.526074670665
4.50812967898533,3.79918740661306,323.494289559419,204.5,43.5282167101577
-13.4383614271458,3.7753488653758,323.495100800655,205,43.5218314677305
11.8596482711095,3.80901544511742,323.492649164484,205.5,43.5274665840148
-53.6020201571159,3.7222818376312,323.50361044148,206,43.501997564213
7.19026731393332,3.80254382051972,323.502079424939,206.5,43.5054140223999
6.75120682857923,3.80209312888272,323.499905699196,207,43.5086218608339
-18.2005716995121,3.76892653469006,323.501585734293,207.5,43.4999738524256
-16.6796845263492,3.77083989788137,323.503234120808,208,43.492048494123
-4.29444096201869,3.7872808469729,323.50273405443,208.5,43.4900079889036
-1.05212888119817,3.79163063100735,323.501634819791,209,43.4895080694747
-55.3517303425481,3.71966866678802,323.513330460995,209.5,43.4632076742279
13.1206045353742,3.81011912298715,323.511213918365,210,43.4694419343498
-53.7338025212723,3.72151014826641,323.52226753606,210.5,43.4439102981087
-28.9810297244932,3.75372687677215,323.527072562921,211,43.4301399510627
-35.6345328150376,3.74470238277878,323.533276468514,211.5,43.4132081895501
-9.38306618480472,3.77947053511782,323.533798867968,212,43.4087498221647
-15.9073136636191,3.77076260613584,323.535210261487,212.5,43.4011914561646
-15.7662550099803,3.77089774200835,323.536662499612,213,43.3937001142361
-9.20654535307335,3.77961415461953,323.536907147262,213.5,43.3893256207895
-12.7518529060238,3.77487879338707,323.537705700446,214,43.3832665731413
-18.1895867850677,3.76757958088365,323.539596984797,214.5,43.3746237842192
-12.7525893561442,3.77476252940181,323.540492824815,215,43.3685643866464
2.7473503599908,3.7954491656575,323.538906281134,215.5,43.3698697911912
-31.4437108189943,3.74990923657152,323.543643061109,216,43.3549293003077
20.2682770130525,3.81865583212435,323.540582914453,216.5,43.3645597796643
10.6764739694348,3.80617174515814,323.53777386317,217,43.3696327102394
-21.6362458690809,3.76320182244283,323.540098313941,217.5,43.3593522399724
19.9420125229824,3.8184865671644,323.536969739807,218,43.3688276946352
-3.83123878934612,3.78708109533956,323.535956173655,218.5,43.3670072801004
-26.7533733884639,3.75650711334958,323.539557848476,219,43.3542954047905
0.990462853991497,3.79334060151794,323.538347066285,219.5,43.3547660235837
12.932553188672,3.80931388699485,323.535520229844,220,43.3609109310384
-24.1384510813504,3.76004286255515,323.538347854207,220.5,43.3494415370347
0.0902919486868079,3.79220644224112,323.537227030953,221,43.3494844392877
-35.7505619392588,3.74449002563462,323.543034408529,221.5,43.3324975464936
1.32580623196623,3.79364478728487,323.541880654478,222,43.3331275038175
-18.1143498283027,3.76775949460569,323.543556735783,222.5,43.3245204637634
15.1002826613035,3.81196106334524,323.54072927472,223,43.3316953686828
-5.47874227209563,3.78473458548313,323.540001552841,223.5,43.3290921422557
14.3000300086395,3.81108879201091,323.537120931356,224,43.3358868068297
18.9847136133638,3.81746715157608,323.533716370063,224.5,43.3449074005598
-28.5244859963775,3.75440457120391,323.537461849774,225,43.3313539804359
-12.3469000270284,3.77572708874042,323.538341785254,225.5,43.3254873462987
8.58406678797479,3.80358333720925,323.536072959611,226,43.3295660688237
-19.1891808481739,3.76666040843876,323.537866155479,226.5,43.320448322411
51.0373707553666,3.85925420031436,323.534523516535,227,43.3446987480963
-34.4107543239424,3.74682192390964,323.539423145238,227.5,43.3283484653886
-5.4758009020189,3.7850468628744,323.539208301397,228,43.3257466365546
-9.97528865104259,3.77903228711675,323.539398829449,228.5,43.3210068744442
10.7461620757668,3.80660339070327,323.536889734668,229,43.3261129173489
-2.40711903948126,3.7892222378249,323.535736153509,229.5,43.3249691738426
-19.1846660240788,3.76685234623128,323.537615790876,230,43.3158535726502
-8.79641819452663,3.78057160253539,323.537761662079,230.5,43.3116739512754
-14.3751156790864,3.77309023166232,323.538780771594,231,43.3048436097172
-29.5429320950866,3.7527956692732,323.543125101427,231.5,43.2908062745509
1.75929196081655,3.79432577771508,323.541832153468,232,43.29164220278
16.3522419843569,3.81381031720064,323.538713333885,232.5,43.2994119766371
48.4737781800655,3.85604102251043,323.534940504148,233,43.3224443103574
-16.6534301517438,3.7705160700837,323.535836290072,233.5,43.3145314268306
-5.12527214654959,3.78574935241456,323.535356075552,234,43.312096151865
-43.9435551296194,3.73415042116164,323.543381610199,234.5,43.2912163553111
-11.3627457277084,3.77703653110757,323.544252200216,235,43.285817342455
37.1512493263403,3.84126506671357,323.540490891043,235.5,43.3034697723817
-25.5739394714434,3.75844212173061,323.543345398779,236,43.2913183055359
-11.8910565813313,3.77646649997575,323.544071156317,236.5,43.2856682655814
-5.56752759547166,3.78483975681062,323.543598670804,237,43.2830228527749
-24.8435702171907,3.75912631718523,323.54671288739,237.5,43.2712184211517
-34.8996915951667,3.74557732236136,323.552510598659,238,43.2546358197178
1.02471805130318,3.79319546507449,323.551354390941,238.5,43.2551227148808
2.76558353701724,3.79559193801979,323.549575273208,239,43.2564367829264
-9.24371376726125,3.77964673761331,323.549540937667,239.5,43.252044628894
-17.1433791167936,3.76906862278952,323.551079432285,240,43.2438989459344
28.9000948080025,3.83017544688838,323.547469105196,240.5,43.2576308367247
6.91501342877382,3.80137617066894,323.544957905723,241,43.2609165079257
4.83685035998752,3.79870495360399,323.542885077552,241.5,43.2632147391721
-1.0543230095614,3.79092927168517,323.541579345159,242,43.2627137772023
-11.2614239035798,3.77733336650681,323.541920654674,242.5,43.2573629074485
-9.44434523009019,3.77968608321664,323.542062463759,243,43.2528754233019
-38.4099687924545,3.74110407076265,323.548587342968,243.5,43.234624912353
-8.57731103167136,3.78048561087017,323.548905467661,244,43.2305493998281
-25.5139669051153,3.75787228487609,323.55222066337,244.5,43.2184264289694
-5.07261996807422,3.78497157388786,323.551822986017,245,43.2160161717061
-23.8454503659645,3.7599323927094,323.554733007331,245.5,43.2046859971012
-14.627455010758,3.77207029450724,323.555958933375,246,43.1977357564157
9.58950912208449,3.80432294228199,323.553561941482,246.5,43.2022922152396
-68.9445283449781,3.70061103281755,323.570007675354,247,43.1695331969694
-15.1316660931328,3.77090412080933,323.571917790154,247.5,43.1623433802007
-33.377272077921,3.74652940862467,323.577283284038,248,43.1464841569664
26.1671861697011,3.82563985864054,323.573827871276,248.5,43.1589175052014
5.48445424705431,3.79850677739247,323.571429544874,249,43.1615234456755
-43.3002986143038,3.73364583637501,323.579251445719,249.5,43.140949292694
-3.45878428877628,3.78635323740653,323.578781218775,250,43.1393058500535
9.77412077750796,3.80405334168876,323.576182282673,250.5,43.143950027174
-33.9453490102333,3.7458952529297,323.581368226484,251,43.1278208819741
-31.0768895692844,3.74944264069,323.586331504397,251.5,43.1130546863439
-21.8339209128131,3.76154364618037,323.589103351051,252,43.1026802907064
6.84821094947335,3.79975752402022,323.586993435075,252.5,43.1059342206845
6.19507468692776,3.79902799339678,323.584656723651,253,43.1088778127247
2.47840536957401,3.79419378294021,323.582782432872,253.5,43.1100554279573
-5.73609642726987,3.78330671765233,323.582121213377,254,43.1073299196078
-5.69250909293489,3.78336997013586,323.581538456373,254.5,43.1046251217963
-24.3366954444568,3.75847813763858,323.584534779507,255,43.0930615319098
-5.21793373645726,3.78384655612736,323.584085213456,255.5,43.0905822287554
-46.3123216031635,3.72918691001771,323.592945019123,256,43.0685769119311
-6.54520739594834,3.78173506963929,323.592976381938,256.5,43.065466954204
-24.3748196578376,3.7579320676756,323.596021555377,257,43.0538852495834
-25.6592671038624,3.75606928785227,323.599573166318,257.5,43.0416932392813
17.4552527631467,3.81347533578538,323.596469724716,258,43.0499871091199
28.3026094095915,3.82803572145847,323.592341201136,258.5,43.0634351045011
-16.3855336378444,3.76888567865082,323.59330252595,259,43.0556495121025
-37.0570593349851,3.74125824460449,323.599578892645,259.5,43.0380418365852
5.75967298008229,3.7980886114351,323.597744080581,260,43.0407785473426
-46.5491456723261,3.72855222832121,323.606558590117,260.5,43.0186607034738
-16.0224777733044,3.76874187926059,323.608282648375,261,43.0110476172042
-26.8271338840662,3.75425006664273,323.611997501825,261.5,42.9983006945674
-66.1265287981755,3.70233686008832,323.628013526667,262,42.9668806498293
1.6393934466331,3.79163718219258,323.627040153208,262.5,42.9676596082348
-38.9888715557749,3.73750269133682,323.633779475545,263,42.9491340314228
-17.4822986708889,3.76590965879854,323.635717493008,263.5,42.940827310711
-21.955797273606,3.75987510875262,323.638354960578,264,42.9303950054754
9.24095063744177,3.80152440406362,323.635854401258,264.5,42.9347858466057
-24.8495285116389,3.75611251366043,323.63883749421,265,42.9229785838967
4.86963638609524,3.79573611128709,323.636875292772,265.5,42.9252923934356
-3.64012597571724,3.78449216760262,323.635776094552,266,42.9235627862252
10.5756000403502,3.80352748033845,323.632936432225,266.5,42.9285877865153
-16.1371232047079,3.76799542546921,323.633983357969,267,42.9209202264264
-31.8125817842857,3.74699266200507,323.638901270899,267.5,42.9058044663667
2.13631470705768,3.79214494658927,323.637368019827,268,42.9068195370938
-10.2916932811026,3.77562171753955,323.637395258706,268.5,42.9019294352058
-6.74212898822646,3.78035369529268,323.636941108079,269,42.898725910111
-5.26550096095379,3.78234316704355,323.636206880983,269.5,42.8962240053722
-1.50562258379479,3.78739652038255,323.634880507919,270,42.8955086082418
18.755686261547,3.81444461887387,323.631313071956,270.5,42.9044203795406
-37.1171424725658,3.74017215307657,323.637227257256,271,42.8867841554981
5.4488946122954,3.79669167792355,323.635334038572,271.5,42.8893731997985
17.872068083716,3.81333512463157,323.631764055916,272,42.8978651195916
-57.7983336901867,3.71303067990029,323.64410869215,272.5,42.8704022198548
8.77782578452461,3.80099974047748,323.642082758394,273,42.8745730070391
-21.7672762611784,3.76033355078531,323.644299866735,273.5,42.8642302776326
37.4718192579329,3.83892276609999,323.640203368574,274,42.8820350264815
8.68084265509066,3.80128777660593,323.637174130079,274.5,42.8861597320957
1.56216418429841,3.79191641520152,323.635257837119,275,42.8869019949886
20.5354490206284,3.81719245292748,323.631567303508,275.5,42.8966594212239
-21.0877555924827,3.76195039253292,323.633461334443,276,42.8866395663157
7.34724790845783,3.79974364012685,323.631163133338,276.5,42.8901306138904
-38.8283523122204,3.73831245873125,323.637570992642,277,42.8716813078565
-18.4448798898402,3.76509706510375,323.639579229683,277.5,42.8629172163208
-6.47273120354113,3.78098794533943,323.63913581182,278,42.8598416956835
24.4252921367235,3.82209830759346,323.63527934629,278.5,42.8714473823213
-9.3682152806263,3.77740222133021,323.634879087988,279,42.8669960713485
-27.3513613436284,3.75335600261003,323.638505261865,279.5,42.8540000618394
-0.672873013731109,3.78877540995445,323.637280559546,280,42.8536803459768
-7.0193008607848,3.78034766067424,323.636730883452,280.5,42.8503451225637
-9.0457452412409,3.77762928721404,323.636589348082,281,42.84604703335
-18.1572846225009,3.76542474701257,323.638189212958,281.5,42.8374195928124
-28.9026343300794,3.75097896962148,323.642320323802,282,42.8236864953672
-63.2290921325739,3.70555952928825,323.657160446824,282.5,42.7936431687378
2.46941336189355,3.79218838082968,323.65594558177,283,42.7948165114146
-12.3800771201356,3.77244291372175,323.656306622008,283.5,42.7889341131693
27.212798808061,3.82513953480621,323.652301820189,284,42.8018642846381
13.9943008809717,3.80794702237544,323.648801841346,284.5,42.8085136819034
-35.8747727579965,3.74161643362966,323.654352112976,285,42.7914677702926
-3.74224523922188,3.78420362222115,323.653653279874,285.5,42.7896896410762
12.6353978443753,3.80608152134975,323.650565560215,286,42.7956933550586
-10.7629758521071,3.77502630463369,323.650496828683,286.5,42.7905793230818
32.4105139156962,3.83232328467935,323.646369119702,287,42.805979190816
15.2555086994986,3.81001129079518,323.642752616044,287.5,42.8132278514451
23.6534781867238,3.82128117390372,323.638753321594,288,42.8244668103976
-21.1916624148491,3.76182904450125,323.640589544504,288.5,42.8143975841242
25.0701462838267,3.82320990245395,323.636901958026,289,42.8263096734496
-11.5875620449366,3.77472599302292,323.636845803686,289.5,42.8208038390368
-30.8700210635978,3.74894176189777,323.641278025854,290,42.8061359370539
-12.8558493742559,3.77269049249213,323.642047813389,290.5,42.8000274754451
22.1027407203236,3.81915630348051,323.638400040998,291,42.8105296009141
-13.0157307605166,3.77265475366745,323.638634922864,291.5,42.8043451716052
-5.28526532148302,3.7828910368674,323.637909874344,292,42.8018338758232
-31.6628206288137,3.74770580001862,323.642496442798,292.5,42.7867892748322
7.95274164801957,3.80029697261431,323.640228792718,293,42.7905680229823
26.0713022305273,3.8244174772318,323.636181582859,293.5,42.8029558119279
9.23465935795411,3.8023911451623,323.633207219943,294,42.8073436637545
-9.6807139548658,3.77728269736139,323.63296924387,294.5,42.8027438689204
-4.7134846570504,3.78384954431167,323.632124112224,295,42.8005042549336
17.4550905539957,3.81333354827835,323.628738260234,295.5,42.8087980476985
-1.87648241590294,3.78781021502151,323.627211099913,296,42.8079064363811
7.54515017525853,3.80036624275897,323.624702797871,296.5,42.8114915172914
-34.3614349243278,3.74463197832859,323.629800170825,297,42.7951646687148
-27.6725429246818,3.75320858805253,323.633732718947,297.5,42.7820160496581
-19.9359612855029,3.76330034955876,323.635871793215,298,42.772543470243
10.8015539070501,3.80418544258869,323.633191689238,298.5,42.7776758325969
-13.7563536111895,3.77157725754258,323.633684820761,299,42.7711394960652
-7.72673268668717,3.77955065929956,323.633373431062,299.5,42.7674681361571
28.1996479611867,3.82724500416971,323.629426280585,300,42.7808672093678
-78.7010713581424,3.68658346458014,323.649399790225,300.5,42.7434723660584
-58.1125157184018,3.7123336749338,323.662963595042,301,42.715860182614
-27.1093951169435,3.75278835140808,323.667154111561,301.5,42.7029791434475
-6.4502802009978,3.78025312142869,323.666762361451,302,42.6999142904124
13.8081840497066,3.80732461709023,323.663556895129,302.5,42.7064752541962
-69.1103167361357,3.69769198325884,323.68005759412,303,42.6736374615104
15.3459682409984,3.80903436246615,323.677452561734,303.5,42.6809291040243
-29.0602514972388,3.74996747039389,323.681224897797,304,42.6671211147235
-40.5748357177657,3.73447206138079,323.688591000234,304.5,42.6478419664503
12.3570648802441,3.80484165529961,323.685852938027,305,42.6537134304213
-19.8717369780221,3.76197349018821,323.687533095038,305.5,42.6442713672098
-23.4150009414923,3.75713669808266,323.690343033068,306,42.633145720809
-13.2302508051242,3.77062762459736,323.691068426685,306.5,42.6268593622212
-3.97596314996823,3.78298458022712,323.690067572797,307,42.6249701818526
21.510011133181,3.81698670068284,323.686173811645,307.5,42.6351906716379
10.8084361575026,3.80303795373534,323.682928047112,308,42.6403263040957
-6.28904175906306,3.78037169568554,323.682034554062,308.5,42.6373380635662
-37.837002480688,3.73828938821632,323.688273168401,309,42.6193597977733
10.8177654924524,3.80292196692958,323.685653050882,309.5,42.624499863068
11.2388505979805,3.80364413137213,323.682465134897,310,42.6298400071072
-7.50825789238134,3.77878163428959,323.681764342049,310.5,42.6262724555788
-23.7452758765959,3.75706749181403,323.684450283441,311,42.6149898789198
-2.36834323808216,3.78547385729293,323.683314489788,311.5,42.6138645597499
-21.8231594467594,3.75950805178352,323.685527369664,312,42.6034952774269
-24.441008527211,3.75586969610564,323.688556589755,312.5,42.5918821231404
-21.5326562713511,3.75959295606586,323.690973978743,313,42.5816508735092
4.40851357956565,3.79416143453969,323.688877828546,313.5,42.5837455803753
-24.91893293258,3.7550701011527,323.691737231101,314,42.5719053401298
-14.5220343173002,3.76880314605772,323.692707469346,314.5,42.5650051901261
-9.46223684973669,3.77551836208382,323.692619845049,315,42.5605092047697
-11.9092681481126,3.77223404938907,323.692917707363,315.5,42.5548505115824
-49.3266722888935,3.72242158659446,323.702737531719,316,42.5314129249094
27.9381243026925,3.82490493366145,323.698984898539,316.5,42.5446877350565
21.463741791359,3.81667315124055,323.6947689617,317,42.5548862399469
-15.933279950477,3.7670576846997,323.69549486255,317.5,42.5473155360559
-13.0967729409423,3.77075640755619,323.696058165449,318,42.5410925995249
-7.64083320645739,3.77799543618192,323.695617309907,318.5,42.5374620547867
-8.23864608736802,3.77718928172176,323.695219536673,319,42.5335474590359
0.715741036771934,3.78915015302215,323.693445151413,319.5,42.5338875436556
-22.7018500068665,3.75790928602246,323.695812099274,320,42.5231007511865
-9.50859189998229,3.77539825522675,323.695806850653,320.5,42.5185827402108
-7.17354251493392,3.77850277473199,323.695252800809,321,42.5151742288184
-0.419063974822139,3.78753640013816,323.693627456898,321.5,42.514975110415
-4.76863710652624,3.78178043525435,323.692585584947,322,42.5127092907213
-7.50906202039937,3.77813117299754,323.692037020234,322.5,42.5091413571111
-6.99402844547609,3.77881022816799,323.691433168312,323,42.5058181418955
-16.8468089516751,3.76562657428394,323.692640824149,323.5,42.4978133743601
17.7666956614208,3.81172807127216,323.689144982176,324,42.5062552264076
6.23589745679556,3.79660503558305,323.686420796471,324.5,42.5092182154021
5.3200121764948,3.79548474183492,323.683921773089,325,42.5117460211652
-12.174595959463,3.77220491906112,323.684085884784,325.5,42.5059612573697
14.7780941239285,3.80809037040593,323.680816112398,326,42.5129830742858
-45.64436480117,3.72780464467812,323.689059471275,326.5,42.4912951373843
-7.07116126695195,3.7787588451758,323.688920529859,327,42.4879352724799
-10.8314582448142,3.77372663471806,323.688976593468,327.5,42.4827887010688
13.4692624043544,3.80612260007097,323.685786719363,328,42.4891886261068
17.720783998698,3.81193439558997,323.682017158967,328.5,42.4976086632107
19.9261685427467,3.81504685207096,323.6780781793,329,42.5070765896004
-10.2458963945039,3.7750753921834,323.677747900412,329.5,42.5022082481201
5.72683424671987,3.79632938737597,323.675392342061,330,42.5049293555412
-27.5162043758654,3.75204519215264,323.67877175947,330.5,42.491855020804
-30.9558188349959,3.74723635979421,323.683385651002,331,42.4771463519781
4.82324499548354,3.79476839379646,323.68135976809,331.5,42.4794381186306
12.1611364870614,3.80463645703361,323.67815549055,332,42.4852164871528
35.4281870911302,3.83546602829758,323.673701649426,332.5,42.502050203418
-21.9279001445351,3.75966516786712,323.675517030498,333,42.4916311535136
-13.2192083906991,3.77110577990213,323.676158211634,333.5,42.4853500417331
41.4539967057898,3.84339652682849,323.671982721189,334,42.5050469236765
-30.743662551985,3.74808394155847,323.675783875888,334.5,42.4904390609873
10.3550896947219,3.80262026184206,323.67316614174,335,42.4953592857048
0.485832390782393,3.78959994782419,323.671267234806,335.5,42.4955901291459
-26.6907074504955,3.7533653881943,323.674482012337,336,42.4829080295797
0.80768777884475,3.78985265240633,323.672934169428,336.5,42.483291802728
8.89173171253794,3.8006719091861,323.670124345416,337,42.4875167123564
-3.30530252451368,3.78452771815446,323.668783622732,337.5,42.4859461966333
3.67394143929592,3.79383892220636,323.666620964899,338,42.4876918712738
14.0798237356949,3.80774067207867,323.663314670663,338.5,42.4943819047553
-21.2743755732311,3.76076347914412,323.665179568627,339,42.4842733772939
-1.31131322381347,3.78724014466497,323.663879106736,339.5,42.4836503063282
-7.3922623622877,3.77914385409716,323.663290554893,340,42.480137870119
20.1628705627339,3.81577328638852,323.659655284024,340.5,42.4897182655615
-45.3194429129629,3.72890056382796,323.667650074082,341,42.468184715416
24.4811843608346,3.82131511292632,323.664191223864,341.5,42.4798169592648
-19.7094578596654,3.76276325733878,323.665636307848,342,42.4704520030367
-10.1491393491606,3.77537728686734,323.665710436557,342.5,42.4656296357024
-34.6043013735035,3.74272552671216,323.671035494349,343,42.4491873890422
-7.64486538745413,3.77840127754414,323.670867016246,343.5,42.4455549284117
36.1816405418951,3.83646800312286,323.666623734613,344,42.4627466483641
4.34075393984146,3.79476232146722,323.664019654721,344.5,42.4648091592121
-43.3274628359916,3.73136364255645,323.671582149235,345,42.4442220991405
6.53961994481338,3.79740650524002,323.669532530698,345.5,42.4473294019881
-3.07493502549535,3.78468942336226,323.668182774146,346,42.4458683454678
5.66065904124587,3.79635632310217,323.665779746905,346.5,42.4485580097153
-28.6826253256449,3.75062021537836,323.669427476368,347,42.4349294496304
28.0375678702783,3.82587026166547,323.665607915304,347.5,42.4482515104256
-35.1485872786301,3.74211370544309,323.670666859479,348,42.4315506461153
-27.7804942690914,3.75160238534225,323.674570455465,348.5,42.4183507339372
14.8775079029249,3.80830875015688,323.671498086108,349,42.4254197873473
-17.930066951981,3.76473375651345,323.672673717663,349.5,42.4169003093703
-24.8311132998966,3.75540252499658,323.675690245928,350,42.405101796656
-12.9446958900045,3.77110016932251,323.676331556062,350.5,42.3989511195923
27.4248129329976,3.82474775376429,323.672314179378,351,42.4119820296514
-25.614566831961,3.75444196430785,323.675037694675,351.5,42.3998112587001
-12.1406225897233,3.77223538985008,323.675531602971,352,42.3940426373638
-48.4919616797359,3.72385279043937,323.684933669771,352.5,42.371001663747
39.8442901284855,3.84070160456849,323.681070366067,353,42.3899336930119
-8.42612691788055,3.77719505955668,323.680248211272,353.5,42.3859300156748
-12.6348069913776,3.77153729242031,323.680623041254,354,42.3799265824364
-24.2002372574404,3.7560215615076,323.683428189057,354.5,42.3684278307082
-41.3369263715276,3.73306573364307,323.690818892556,355,42.3487865747776
24.0682227447003,3.81988294577335,323.687220431027,355.5,42.360222599761
6.87793525845382,3.79734745519302,323.684365247553,356,42.3634906532557
1.51060900825754,3.79030094018339,323.68233593078,356.5,42.3642084196874
10.148542742817,3.80187002750262,323.679360232533,357,42.3690305035439
-27.3128222807354,3.75200564134444,323.682624726587,357.5,42.3560528058849
2.0221083350808,3.79096865832298,323.680901950868,358,42.357013611412
-23.4507710198966,3.75700674561741,323.683372069893,358.5,42.3458709688451
-13.7761293973856,3.76975947319993,323.684133559483,359,42.3393252358413
-33.5287789489907,3.74333660320934,323.68924583115,359.5,42.3233940240608
-3.90005432600333,3.78265276327186,323.688438038953,360,42.3215409117982
-28.5903227123766,3.74968973013303,323.692211283883,360.5,42.3079562093342
-15.2518188439079,3.76730634723762,323.693335432036,361,42.3007093019413
-6.53578358568801,3.77890547886341,323.692731884145,361.5,42.2976038219412
-8.87913143905036,3.77578418175104,323.692426619718,362,42.2933848993375
25.506489760436,3.82154932891636,323.688373296279,362.5,42.3055043174281
-18.6608309555777,3.7629920874829,323.68959510054,363,42.2966376166632
-40.1260566416831,3.73428248572494,323.696579801021,363.5,42.2775717059349
18.8726287050896,3.81265457487546,323.693265036577,364,42.2865390424791
-1.28827176833949,3.78603678146819,323.691492878527,364.5,42.2859269196696
38.4567630404538,3.83866080587468,323.687084740387,365,42.3041996649228
-0.468702923703733,3.78756457697975,323.685033279207,365.5,42.3039769605544
24.1564883996716,3.82029510281389,323.681031553669,366,42.3154549249966
20.0809458342715,3.81514432853001,323.677055901729,366.5,42.3249963938739
-0.648431746740834,3.78778586482069,323.675204669939,367,42.3246882912884
-10.4965595127292,3.77464383905021,323.675090696183,367.5,42.3197008471344
-20.5939380635507,3.76108269777802,323.677034596299,368,42.3099156298086
19.171231700621,3.81391026039592,323.673565273265,368.5,42.3190248476772
-29.3794818763142,3.74942458310897,323.677207670064,369,42.3050651759431
-20.7373900435757,3.76068785554511,323.679414966389,369.5,42.2952117973557
-4.0740734926872,3.78280153480387,323.678481650072,370,42.2932759998213
45.594891906771,3.84833550225138,323.674294342657,370.5,42.3149404296587
-52.4616131144905,3.71901166274841,323.684257220577,371,42.2900132746871
-53.6528384310486,3.71693945753323,323.695752296356,371.5,42.2645201085635
-30.8757228268142,3.74656854931485,323.700666339064,372,42.2498494973856
-13.4529812250984,3.76962237465136,323.701444220722,372.5,42.243457308356
-56.4480367903744,3.71251971016854,323.713541982001,373,42.216636002693
-72.283901281733,3.69146760726485,323.732213514466,373.5,42.1822902801307
-18.8628005733801,3.76131975462149,323.73467104791,374,42.1733276134268
-23.8210711382407,3.7546353744964,323.737524138917,374.5,42.1620090226211
-16.2358325313461,3.76469059664543,323.738775781892,375,42.1542945607589
6.49274740841911,3.79509792851848,323.73624279017,375.5,42.1573795921034
20.2869123354653,3.81361165229234,323.732172328742,376,42.1670189260403
-22.8520318641541,3.75625542340681,323.734321115417,376.5,42.1561607746058
-7.20619517225378,3.77706196260685,323.73383660322,377,42.1527367482912
-15.5738979771948,3.76586903046797,323.734718218202,377.5,42.1453368048784
18.6921091257009,3.81157106779905,323.731003786413,378,42.1542183674774
15.9059145294632,3.80810269857299,323.727181780576,378.5,42.1617760686784
-13.1025470478652,3.76957104022238,323.727323829805,379,42.1555503885783
1.53232296045294,3.7890783969352,323.725397849983,379.5,42.1562784724026
0.608876232582217,3.78791207428963,323.723446032532,380,42.1565677801708
5.23771671496617,3.7941480370887,323.720908779465,380.5,42.1590564832148
-13.6334102739183,3.76901677796994,323.72125654222,381,42.1525785632556
-5.31085588125795,3.78007112629056,323.720353861158,381.5,42.1500551081095
-15.2763240640339,3.766741838087,323.721135477236,382,42.1427965570522
3.56394055918609,3.79184881371456,323.718981327256,382.5,42.1444899647336
-16.4103994113242,3.76522575531373,323.719897574862,383,42.1366925573535
4.60356574585998,3.79322568653087,323.717628885642,383.5,42.1388799433288
-21.9880191013659,3.75776895881025,323.719710189994,384,42.1284323278797
-24.3901179039153,3.75440517445307,323.722636203354,384.5,42.1168433542917
43.0959396770425,3.84378991763555,323.718361647993,385,42.1373204060483
6.43265331569055,3.79589526214756,323.71531591229,385.5,42.1403768836623
8.88929041974922,3.79925762622617,323.712330643945,386,42.1446006333094
-26.4940885599473,3.7521215339085,323.715358387111,386.5,42.1320119572822
5.17946434035279,3.79422163501395,323.713144730218,387,42.1344729816887
-1.33590363521503,3.78561339673638,323.711450455223,387.5,42.1338382265799
27.8930654048742,3.82443897377487,323.707198402455,388,42.147091626975
-6.10720301284029,3.77955042125883,323.706020694927,388.5,42.1441897871934
-26.2922034002626,3.75255963084719,323.709149008215,389,42.1316970369748
6.97129125351463,3.79676809345967,323.706740060372,389.5,42.1350094486052
6.48189603158608,3.79621667167619,323.704036062146,390,42.1380893239139
-42.6840670070581,3.73078321389211,323.711364721548,390.5,42.1178079736096
-18.309059362282,3.76283462123125,323.713196549808,391,42.1091084172481
-5.03799479276199,3.78047072553782,323.712317614053,391.5,42.1067146121496
-21.0835664030944,3.75902465013883,323.714302064108,392,42.0966967477363
-2.74964383333539,3.78340728722748,323.713103253461,392.5,42.0953902534469
-33.2210332686464,3.74273462595815,323.71797651539,393,42.0796052671408
-17.3323482194702,3.76368547091731,323.719513851229,393.5,42.0713697954418
-5.04340210328741,3.7800452296104,323.718626444217,394,42.0689734210578
-18.1381729669806,3.76254398856689,323.720006376892,394.5,42.0603550614305
-7.67091186008466,3.77645483939121,323.719560542657,395,42.0567102248088
-7.11422389610298,3.7771996379838,323.718904687718,395.5,42.0533298986802
2.72542315759167,3.79036159670115,323.71677671424,396,42.0546248845066
-27.9979235554197,3.74936425843645,323.720293776036,396.5,42.0413216607222
-30.9887944299977,3.74516970627242,323.724921574663,397,42.0265973235301
3.90004592237555,3.79161932277607,323.72290394934,397.5,42.0284504317998
-3.62072095048346,3.78167195539283,323.721562284984,398,42.0267300448943
-31.600668556631,3.74429033042132,323.72606621096,398.5,42.0117149754835
-5.32395633970476,3.77920535290084,323.725389766532,399,42.0091852956498
-20.6098491162701,3.75876463004836,323.727313934498,399.5,41.9993925181814
2.18937561084103,3.78917200452096,323.7253927063,400,42.0004328008167
-0.163033298291742,3.78611826549471,323.723550845356,400.5,42.0003553354844
-34.217564446128,3.7406511486473,323.728708832179,401,41.984096847019
-17.0498744330514,3.76332150538457,323.730219635154,401.5,41.9759955928446
-13.0024584648994,3.76866376687193,323.730726841729,402,41.9698174698719
18.5733174336106,3.81080135187424,323.726996515934,402.5,41.9786425885543
-19.9147929460164,3.75961765423039,323.728517664954,403,41.9691800672835
-6.00625992973199,3.7781188865847,323.727806621666,403.5,41.9663261906454
-13.8487203354412,3.76762699497449,323.728343169918,404,41.9597459660303
4.94324954141394,3.79271825992777,323.72598544477,404.5,41.9620947528874
5.83354622655546,3.79401404457619,323.723326024995,405,41.9648665645453
-47.1902668671872,3.72339441619962,323.732172453015,405.5,41.9424440917025
-1.7134313150294,3.78366625370813,323.731121231744,406,41.9416299541762
41.7868633536676,3.84127461540144,323.726515590983,406.5,41.9614849978311
36.2024960087888,3.83439272447959,323.721601554948,407,41.9786866272664
-13.6378399680147,3.76857605078416,323.721650320578,407.5,41.9722066025363
-46.3392862263227,3.72495347876045,323.730340316746,408,41.9501884734613
-18.5316050315087,3.76152991793378,323.732267376516,408.5,41.9413831744423
1.98756588274589,3.7888803171382,323.730329731324,409,41.9423275671103
-0.858635478373775,3.78515333934583,323.728569268379,409.5,41.9419195861436
-1.26419593436251,3.78465694137423,323.726899521726,410,41.9413189029754
-35.5764600054147,3.73885117507556,323.732385346203,410.5,41.9244147347799
-25.8816761114504,3.75148197206502,323.735833787981,411,41.9121170467552
6.79436008116109,3.79503376668202,323.733369921185,411.5,41.9153453894733
-7.57868522135871,3.77594152974151,323.732615088784,412,41.9117443743733
-19.6656222235867,3.75975079342944,323.734330497145,412.5,41.9024002466639
2.32062492152162,3.78906496170934,323.732358962983,413,41.903502892458
12.3295226184292,3.80250073993214,323.729004202716,413.5,41.9093612697131
-19.9791807130453,3.75947617309797,323.730570115206,414,41.8998681545709
9.09409637823742,3.79822594414614,323.727791824111,414.5,41.9041892178454
-42.2974566403362,3.72976037508694,323.735083794757,415,41.8840915656005
0.12955065363478,3.78606352929344,323.733686584062,415.5,41.8841531216417
8.33965316997049,3.79709764269499,323.730763488249,416,41.8881157109453
-37.2099352651608,3.73637046225746,323.736616030586,416.5,41.870435396373
-14.2567596115088,3.76671985917519,323.737578151766,417,41.8636612917442
-1.04391467211417,3.78435688043975,323.736011221579,417.5,41.8631652752998
31.3915479207669,3.82748534831862,323.731490364434,418,41.8780809809627
24.1633431340438,3.81828344429947,323.727004988479,418.5,41.8895622024345
-51.7781384555645,3.71748016687863,323.73703777498,419,41.8649598007011
-18.4431459874302,3.76128442877828,323.739009630069,419.5,41.8561965330298
-11.2006515791257,3.77087200357591,323.739151416005,420,41.8508745392686
14.3882261583489,3.80502379756589,323.735726740704,420.5,41.857711110276
13.1713666474536,3.80358674418799,323.732169012055,421,41.8639694900344
-2.22818869078487,3.78320235883128,323.730487565381,421.5,41.8629107653497
-32.0266097598896,3.74339283184399,323.735018840404,422,41.8476933098178
-23.8823058187509,3.75399629810967,323.737933533012,422.5,41.8363456233309
13.2443346982287,3.80347485881134,323.734759412196,423,41.8426386738857
5.32748229919566,3.79309874763477,323.732053838542,423.5,41.8451700290804
40.7490667302832,3.83994455145152,323.727429349319,424,41.864531963284
-0.270743999772195,3.7861182060771,323.725230117736,424.5,41.8644033191718
-30.903651837399,3.74521226812076,323.729411524324,425,41.8497194375143
8.97325082633489,3.7982235409174,323.726779442394,425.5,41.8539830809798
-13.4387973397852,3.76839748500359,323.727029335744,426,41.8475976314285
-13.0132444618492,3.7688799148459,323.727439581952,426.5,41.8414143834854
-24.0019823719526,3.75410833235575,323.730138468553,427,41.8300098326397
-11.5677045652124,3.77056591910327,323.730412378675,427.5,41.8245134335157
-16.8377821026036,3.7634620052367,323.73156596933,428,41.816512955091
2.0374134801139,3.78862776211335,323.729600729828,428.5,41.8174810328634
-30.8617023477229,3.74470858613224,323.733816348832,429,41.8028170835214
-13.8198382641863,3.76725568698129,323.734607255456,429.5,41.7962505822333
-62.5848225145946,3.70254867334242,323.748943715827,430,41.7665133805523
6.31737812176363,3.79366052664774,323.74697728072,430.5,41.7695150851151
-11.0335084673487,3.77057647861538,323.746827547476,431,41.7642725094656
-13.3886957562777,3.76739761664421,323.747302272047,431.5,41.7579108657004
-17.6895494081331,3.76158837793141,323.748667546676,432,41.7495056697238
-13.9793103855381,3.76647438510523,323.749335312848,432.5,41.7428633951979
-14.2542201782589,3.76605661982478,323.75001564466,433,41.7360904971819
34.3338590868621,3.83066961738028,323.745488832421,433.5,41.7524042430891
-10.5998938383762,3.77129393186225,323.744981091293,434,41.7473676995917
-24.3767209311741,3.75280494192054,323.747759678635,434.5,41.7357850915803
-17.9921069827217,3.76117863685623,323.749300814943,435,41.7272361352597
-1.21938771225146,3.78355408037875,323.747774448608,435.5,41.726656742735
-1.22170584787315,3.78360849967842,323.746066384228,436,41.7260762487473
-30.2241590141621,3.74484021430244,323.750177599594,436.5,41.7117152283572
-58.6650905400538,3.70699130779701,323.76335487421,437,41.683840488781
-21.9182471954574,3.75524191657023,323.766232508435,437.5,41.6734260254789
-7.7724977829939,3.77411357668848,323.765799777284,438,41.6697329202683
6.45338225432194,3.7931981424436,323.763096136965,438.5,41.6727992472452
-18.8496072910768,3.75943346268557,323.76448892154,439,41.6638428493343
-12.9947487003812,3.76718807355182,323.764967048278,439.5,41.6576683896591
-23.0138223245606,3.75371973042409,323.767499579249,440,41.6467333634272
5.54780497297053,3.7918758328906,323.765074405056,440.5,41.6493694050223
-17.6863866144364,3.76086761952246,323.766228105932,441,41.6409657118483
1.54197349777768,3.78656161055162,323.764271985848,441.5,41.6416983811289
-23.5590336364466,3.75300683750494,323.766759960628,442,41.6305042975395
2.69864594923943,3.78805919630774,323.764711968574,442.5,41.6317865601654
-24.0436142560096,3.75231734385298,323.767300254224,443,41.6203622279145
-2.43800266163338,3.78113309926873,323.76600095423,443.5,41.6192038100437
-8.62828448434069,3.77288759737299,323.765483721506,444,41.6151040774637
-20.2433375133939,3.75730620354328,323.76733605878,444.5,41.6054854481197
-23.4712043225054,3.75286627719792,323.77005786679,445,41.5943330966615
-34.4629094123357,3.73803219116396,323.775606964418,445.5,41.5779580324442
-10.7136473268908,3.76960326166142,323.775848462734,446,41.5728674389345
-27.4252210656851,3.74718906833851,323.779435883727,446.5,41.559836334951
-43.8608425769574,3.72511102303839,323.787810198504,447,41.5389958392973
-34.7385280816088,3.73692347771354,323.793767599387,447.5,41.5224898147668
17.157631568393,3.80626177579782,323.790185576336,448,41.5306422697841
38.292524781331,3.8343934685731,323.785073881883,448.5,41.5488369771675
19.2022205600878,3.80963271508465,323.780629263068,449,41.5579609194042
-2.93130153130107,3.78031077998203,323.778908990491,449.5,41.556568110392
17.869770964251,3.80810442220652,323.774977681108,450,41.5650589387079
19.9851199247377,3.81110955752279,323.770706630899,450.5,41.5745548758687
7.0466377374353,3.79410429630236,323.767641918655,451,41.577903088409
5.12719771234323,3.79163390404121,323.764938118337,451.5,41.5803392783078
-6.97663151951477,3.77551834850365,323.764018262687,452,41.5770243292481
3.3239769603204,3.78926851866514,323.761694849125,452.5,41.5786037181363
-19.4349975458855,3.75886848593877,323.763173926326,453,41.5693691718283
-0.116752294122374,3.7845944007394,323.761460794351,453.5,41.5693136969323
-16.6428990646081,3.76250556076769,323.762403808861,454,41.5614058172555
-0.0731361508062953,3.78458998467875,323.760656035115,454.5,41.5613710665863
-26.537898675828,3.74920605140145,323.763803733501,455,41.5487615741662
-3.43686911741616,3.77994455625662,323.762675646828,455.5,41.5471285445275
-11.2777660191284,3.76946477027202,323.762625258716,456,41.5417699098115
-18.7937343649574,3.75934550181145,323.764157943156,456.5,41.5328400599423
1.71081809451668,3.78670537528582,323.762185736198,457,41.5336529557958
-29.5204696169852,3.74496152447257,323.766075200844,457.5,41.5196262936844
3.22244037967235,3.78859765829002,323.764022392459,458,41.5211574374286
19.8412618842061,3.81083206146413,323.75992372022,458.5,41.530585020388
-9.61203619429989,3.77173895110023,323.759338005482,459,41.5260178578174
-62.2856183909144,3.70177007266548,323.773509901973,459.5,41.4964228230871
-17.6307022962521,3.76042252400541,323.775456960083,460,41.4880455883376
-16.7071319203345,3.76158092990228,323.776642722331,460.5,41.4801071883955
-0.357034184782906,3.78343890208736,323.774921067347,461,41.4799375434699
17.4822558084871,3.80732747430927,323.770994677655,461.5,41.4882442438155
-21.2772758777879,3.75569977166227,323.772766197509,462,41.4781343382733
2.04310814869903,3.78681720757009,323.77075778468,462.5,41.4791051218696
-6.29125468310732,3.77573378464571,323.769764190232,463,41.4761158298684
-45.6567647865113,3.72316141981732,323.778295678927,463.5,41.4544220011093
-19.4824757846988,3.75768540848685,323.780413945759,464,41.4451648954984
-18.1458403871962,3.75937920461093,323.7819248261,464.5,41.4365428926935
28.8700354912899,3.82206114577992,323.777464010475,465,41.4502605007884
-6.04693518939973,3.77587251986083,323.776162483428,465.5,41.4473872972855
-31.1296289288558,3.74227860379282,323.780547968039,466,41.4325960425289
-16.8430462274819,3.76117031105224,323.781907859073,466.5,41.4245930628532
-16.8227675769176,3.76111631585186,323.783098401902,467,41.416599718586
0.715480346605545,3.78456515917952,323.781207625553,467.5,41.4169396793386
-15.9544750115719,3.76228819149756,323.78202283492,468,41.4093589046065
49.9531027827003,3.84950717805375,323.777482953204,468.5,41.4330941399615
-15.4326558331821,3.76344698766026,323.777710945317,469,41.425761307806
-16.1896654755665,3.76232924906302,323.778717069693,469.5,41.4180687822375
2.21653881436036,3.78689868951159,323.776608779591,470,41.419121971479
-14.6363213894072,3.76438969189132,323.777117365155,470.5,41.4121675179304
-28.1023909810449,3.74627466486997,323.780818479009,471,41.39881465641
21.1666435260169,3.81195810812241,323.776910813188,471.5,41.4088719949491
15.3261280348605,3.80444492661982,323.772962609859,472,41.4161542103817
24.8398307486024,3.81722750379951,323.768429436581,472.5,41.427956865195
-1.72944485505194,3.78211429242721,323.766482061025,473,41.4271351188293
-22.5076003991381,3.75430379538801,323.768669789358,473.5,41.4164406241334
-52.0283907974782,3.71490072270987,323.77935490992,474,41.3917193149068
-15.3209105203884,3.76331223358432,323.780651881831,474.5,41.3844395785781
4.34398759711827,3.78959889336682,323.778247978012,475,41.3865036258996
5.11441803772848,3.79073341134777,323.775540793014,475.5,41.3889337435313
-28.1117883485122,3.74633784311368,323.779012943251,476,41.3755764168482
-36.3440415219267,3.73514090908073,323.785046021919,476.5,41.3583075320097
-29.25544291559,3.74431825625727,323.789328613443,477,41.344406797434
-7.85444529916842,3.7728196949495,323.788938138094,477.5,41.3406747548306
-7.76633102798391,3.77295224221823,323.788282139649,478,41.3369845797558
-2.37926605187649,3.78018813528373,323.786736175444,478.5,41.3358540706069
-12.2653098967105,3.76697834359424,323.786839908373,479,41.3300262040504
10.9191519856281,3.79799299144384,323.783615224159,479.5,41.335214443175
51.3922018087052,3.8512780387421,323.778883143615,480,41.3596334669672
-9.8631716534423,3.77085643536757,323.778026239994,480.5,41.3549469772899
-19.8387266372132,3.75742841394518,323.779709315037,481,41.3455205989541
-48.4907903617967,3.71912915915306,323.789228587308,481.5,41.3224801818893
5.66031414464347,3.79106101847139,323.7870411822,482,41.3251696822591
-47.8278300241362,3.71971090744457,323.796113723857,482.5,41.3024442710453
-29.9216901039607,3.74311925280206,323.800708667202,483,41.2882269688704
-54.6024082678991,3.71015714223722,323.812552050616,483.5,41.2622826142859
-19.0297066944328,3.75709649455273,323.814690969131,484,41.2532406420766
1.43765379253254,3.78452253996484,323.812660756055,484.5,41.2539237438105
-19.2016109933236,3.75692327346928,323.814136192173,485,41.2448000912096
-1.02597660323764,3.78124927251045,323.812466496083,485.5,41.2443125980453
-23.520626171162,3.75113036974945,323.814938446497,486,41.2331367637773
-9.97802514845898,3.7691815007358,323.814826244607,486.5,41.2283957014191
-1.54070288380101,3.78051065975259,323.813126916541,487,41.2276636358712
3.16045036941108,3.78688409167198,323.810656011004,487.5,41.229165325039
20.7965612023939,3.81051074567671,323.806324442467,488,41.2390468188245
-15.6738329348207,3.76197834330784,323.806823056133,488.5,41.2315993912795
-31.5947445315702,3.74056282599568,323.811423164,489,41.2165871366714
-19.0326842394352,3.75715376535138,323.813217468307,489.5,41.2075437496804
28.3932037147725,3.82042094151498,323.808675258165,490,41.2210347909794
31.9798669726672,3.8254427059309,323.803575051238,490.5,41.2362300366586
-43.2360993778594,3.72546586052104,323.81090962536,491,41.2156863879681
18.858256795782,3.80809933130308,323.807264510568,491.5,41.2246468956943
-24.5293696467955,3.75027138531789,323.809696814622,492,41.2129917565889
0.0220143169887859,3.78301499304027,323.807919082713,492.5,41.2130022166998
3.42297390507239,3.78762760662524,323.805398255448,493,41.2146286440232
-13.4586814966757,3.76508235024008,323.805607217138,493.5,41.2082337465074
-25.9737112939548,3.74823587060177,323.808732516731,494,41.1958923279315
14.3197295882185,3.80202163937065,323.805265418038,494.5,41.202696352768
8.90486435746612,3.79498595055678,323.8019376812,495,41.2069275023775
-24.6215695872568,3.75020322796522,323.804486547332,495.5,41.1952285544361
-21.5570453345677,3.75412309738673,323.80671441916,496,41.1849857163325
21.0273114730151,3.81094664072026,323.802658523355,496.5,41.1949768511949
-42.2802597760748,3.72659660111532,323.809819112976,497,41.1748873700465
9.6686329608197,3.7957553988081,323.807024102197,497.5,41.1794814245917
12.6971604878892,3.79994288652857,323.803335296987,498,41.1855144851171
-16.9336868058253,3.76043649924688,323.804143851258,498.5,41.177468437537
-31.4083779870752,3.74094995956643,323.808664702652,499,41.1625447350618
-39.2886750853295,3.7301998100546,323.815564713021,499.5,41.1438767064912
9.77090117903165,3.79560911053245,323.812704671769,500,41.1485193538183
