curr_dens,Volts_tot,Temp_tot,t_tot,SOC_tot
1.87583681148058,3.89228162246299,281,0,64
1.87583681148058,3.89230717985396,280.999847125152,0.5,64.0008913045583
19.8634945497074,3.9250463484925,280.999108631731,1,64.0103294513769
-24.8585352487144,3.84401400943786,281.002652631036,1.5,63.9985179091134
-16.4415854094708,3.85891124878676,281.004914782992,2,63.9907056836947
-29.103267005769,3.83582628944297,281.009666362618,2.5,63.9768772555591
16.9045243406808,3.91904166681939,281.009045777764,3,63.984909446583
-18.8269115525884,3.85426249027141,281.011467709046,3.5,63.9759638325608
-12.0024499268494,3.86642189888954,281.012991535732,4,63.9702608640166
-3.21021014384907,3.8823005485112,281.01334967781,4.5,63.9687355314735
-31.6752438209489,3.830707569355,281.018656822131,5,63.9536850275981
14.7918451146026,3.91468859961906,281.018034472861,5.5,63.9607133783026
2.58849661732878,3.89269805300308,281.017696974061,6,63.9619433034324
-13.9199189472117,3.86268894892008,281.01936328529,6.5,63.9553292487706
10.8163822716936,3.90758228400688,281.018721002788,7,63.9604686568275
10.6678281175789,3.90747380302558,281.017948527197,7.5,63.9655374793228
-6.41737137810359,3.8764992429857,281.018512848004,8,63.9624882629272
-38.8585971359939,3.81787053607466,281.025690685629,8.5,63.944024586054
22.4973409626648,3.92853560209905,281.025115782257,9,63.9547142059748
4.22181570544814,3.89565239135485,281.024607624184,9.5,63.9567202032766
-28.7340111894283,3.8358961675276,281.029122568337,10,63.9430672271793
-55.9399015324386,3.78735287093976,281.042025436005,10.5,63.916487362173
-34.6943176468991,3.82413269479406,281.048660511497,11,63.900002344247
3.12487923991817,3.8922965733178,281.04854131657,11.5,63.9014871317794
20.960472519717,3.92482252985421,281.047525713231,12,63.9114465080882
-28.8424003743508,3.83469038197884,281.052033486257,12.5,63.8977420308295
-11.6895968363807,3.86540219034092,281.053562026604,13,63.8921877145476
-20.2409596599819,3.84977966158548,281.056448290875,13.5,63.8825702150415
-33.5954552749469,3.82550718428603,281.062467097048,14,63.86660732198
-31.5469561991892,3.82879583907367,281.068121586299,14.5,63.8516177740158
-8.85229326835445,3.86954952811284,281.069281128279,15,63.8474116035789
-60.6017159397996,3.77717261312998,281.084138852918,15.5,63.8186166757241
-9.66016366246011,3.86732996963844,281.085715758616,16,63.8140266453691
-11.6012718943578,3.86377522374538,281.087116880002,16.5,63.8085142967163
12.4648118526624,3.90757316151476,281.086149470165,17,63.8144369567013
-5.71312867243446,3.87469768516847,281.08653714055,17.5,63.811722361489
-0.988549171933461,3.88330900439841,281.086480649417,18,63.8112526519825
12.9038486915815,3.908664383878,281.085436485837,18.5,63.8173839204848
-23.3499903158896,3.84295745402845,281.088780861884,19,63.8062891639068
-21.315284180284,3.84638475558569,281.091967711127,19.5,63.7961611987056
11.1852124539415,3.9053110252041,281.091108737109,20,63.8014758565606
-29.1457232969081,3.83226326963409,281.095787370946,20.5,63.7876272553025
32.2453800952062,3.94326066663893,281.095147403566,21,63.8029486596405
-22.1602152164794,3.84503750288915,281.09811620869,21.5,63.7924192251433
-35.6538248562523,3.82052828396752,281.104677244477,22,63.7754782970102
-10.7474613798145,3.86509280675973,281.106068001503,22.5,63.7703716367407
-20.8613173500745,3.84666509501896,281.109060256268,23,63.7604593740475
-13.0142275234497,3.86070459846867,281.110689864921,23.5,63.7542756590023
-55.3562324807656,3.78496467604249,281.123633525733,24,63.7279731245629
-8.67835572523915,3.86785685841906,281.124930632057,24.5,63.7238496006142
21.2566667295802,3.9223051775488,281.123648283456,25,63.733949713712
-69.286138851477,3.76070096913332,281.141927631014,25.5,63.7010283790827
13.8176542729513,3.90835696528859,281.141264542634,26,63.7075938426465
7.0638342905978,3.89635156804937,281.140268410393,26.5,63.7109502261354
-2.02529933850292,3.87996699690499,281.140118730274,27,63.7099879044019
-62.2576627802722,3.77243359500828,281.155605462062,27.5,63.6804061527903
-48.9062132937115,3.79487736497479,281.166880684459,28,63.6571683473652
-22.9644733595006,3.84066974736095,281.170732661962,28.5,63.6462567693124
14.7827215070397,3.90917810389581,281.169497486352,29,63.6532807849312
-12.1486179474559,3.8604433977486,281.170688151154,29.5,63.6475083645978
7.67422590893203,3.896492705905,281.169727658333,30,63.651154775891
-15.8105190370774,3.85392847923563,281.17156407595,30.5,63.6436424018937
3.44484439972779,3.88886199203508,281.170949588004,31,63.6452792209907
-24.1818552327874,3.83878310637238,281.17449664033,31.5,63.6337892034883
-20.9749842823696,3.84434287739633,281.17757165064,32,63.62382293191
6.76709754106398,3.8946258564203,281.176717267873,32.5,63.627038320822
-36.0238419112389,3.81727217629782,281.183240674025,33,63.6099215789476
-14.1122083704128,3.85639907083413,281.185104238482,33.5,63.6032161578949
-21.3064011827162,3.8432632032349,281.188181695497,34,63.5930924134532
0.98236454692662,3.88361681583706,281.187810697615,34.5,63.5935591843328
-8.76182916834171,3.86597643895154,281.188496283575,35,63.5893959979467
-30.7659146359221,3.82611676922732,281.19373227396,35.5,63.5747775621715
-24.7225007290695,3.83668051392736,281.197709302982,36,63.5630306567606
-12.8603761171235,3.85796026530739,281.199257937643,36.5,63.5569200442683
8.76283628026806,3.89727514583986,281.198147689663,37,63.5610837091841
-8.97200025077342,3.86518956385753,281.198798239458,37.5,63.5568206599299
16.6189955064549,3.9117122334797,281.197315913269,38,63.5647171818222
-23.0286861456733,3.83996511175419,281.200486368087,38.5,63.5537750930402
-25.1652887995889,3.83587469716046,281.204428950748,39,63.541817796713
-6.76537807021558,3.86900618363989,281.204982263634,39.5,63.5386032248082
-40.0452507983235,3.80896700093499,281.212798339339,40,63.5195757090064
-12.9851292935356,3.85725599547713,281.214475709231,40.5,63.5134058199959
10.9235190800071,3.90071184642807,281.213191376222,41,63.5185961341471
23.930935904915,3.92448527935351,281.211495319004,41.5,63.5299669272376
27.9133043018354,3.93202118239341,281.209871913412,42,63.5432299441521
-6.76785097647526,3.86956195866273,281.210023359283,42.5,63.540014197245
-65.0692466641671,3.76587359969902,281.226597568111,43,63.5090965205059
-16.9172460559159,3.8502813521456,281.229179764683,43.5,63.5010582847542
-28.7230501029091,3.82882428291399,281.233908194435,44,63.4874105168213
-8.28740120346213,3.86554772166055,281.234658712555,44.5,63.483472755059
0.408898950218031,3.88136960958392,281.234126018003,45,63.4836670435472
-62.1367817471772,3.76971514810543,281.249699486966,45.5,63.4541427286035
-1.17884705490139,3.87785242424191,281.249826346851,46,63.4535825989871
-20.7379211673734,3.84240280416216,281.252619500164,46.5,63.4437289680361
-45.214119813361,3.79840460215442,281.262251820453,47,63.4222454622004
-22.7298296773561,3.83813750737396,281.265907091447,47.5,63.4114453751804
-7.51559784083145,3.8655947491108,281.266486759595,48,63.4078743360727
-10.2694310193211,3.86060936483612,281.267365112697,48.5,63.4029948121067
10.9476275408342,3.89920803221678,281.265908223766,49,63.4081965814021
-13.8949291152766,3.8542594245083,281.267247790904,49.5,63.4015944006681
-20.1484902182779,3.84283369514309,281.26997564787,50,63.3920208380516
1.44450775246357,3.88192338575327,281.269349439637,50.5,63.3927071964471
-40.2402755895744,3.80672623983873,281.277171381573,51,63.3735870145432
13.7716677454492,3.90402252627176,281.275786711586,51.5,63.3801306275914
-18.231310075535,3.84612943523091,281.277911835661,52,63.3714680138323
-55.0562223111781,3.78036956103943,281.290981244859,52.5,63.3453080293365
-15.022493529513,3.85117310421099,281.293101102391,53,63.338170085952
3.95624374745639,3.8856423983106,281.292144331125,53.5,63.3400498966391
-3.07403018119905,3.87300991126741,281.291826383497,54,63.3385892700559
-30.4332610625047,3.82350555761492,281.296891685756,54.5,63.3241288947499
14.1809409812052,3.90414908667705,281.295340067984,55,63.3308669741282
7.75732933197061,3.89277302617994,281.293856583603,55.5,63.3345528720437
-4.84784934067198,3.87003443154536,281.293711508979,56,63.3322494146275
14.0334676406585,3.90436050548089,281.291987141634,56.5,63.3389174219933
11.3263434825518,3.89970531953005,281.290290587882,57,63.3442991383091
8.14376478569492,3.89413779511269,281.288805885473,57.5,63.3481686511741
-24.7579243039053,3.83462109769875,281.292223741315,58,63.3364049142385
-0.355806894673242,3.87859184537531,281.291734376066,58.5,63.3362358524602
-41.8817141440834,3.80380450514449,281.299888992442,59,63.3163357404169
19.3674222208872,3.91394884503237,281.29829245653,59.5,63.3255381782842
-20.3324888457969,3.84225674024735,281.300692499082,60,63.3158771886514
-7.26217802432011,3.86575722223157,281.301039531621,60.5,63.3124265620638
-3.16180379246299,3.87319133701547,281.300731758437,61,63.3109242298165
-29.1924597689905,3.82610781294697,281.305322964957,61.5,63.2970534217063
11.7323216601766,3.89997250922615,281.303854278875,62,63.3026280387041
-15.2383180473774,3.85121996927968,281.30528766647,62.5,63.2953875462197
-16.0104599434985,3.8496911742721,281.307051378619,63,63.2877801702264
-9.45435139203786,3.86145246380216,281.307690928067,63.5,63.2832879316482
-45.6429630560977,3.79644200338897,281.317184518849,64,63.2616006607863
-11.2548086112235,3.85762013552277,281.318405782801,64.5,63.2562529342913
-22.9514476216247,3.83638643737655,281.321630446234,65,63.2453475454227
-21.8432624604839,3.83818236579079,281.324714032979,65.5,63.2349687111453
-11.7379458946696,3.85631050729793,281.325803556959,66,63.2293914217904
4.61914857242935,3.88600352041184,281.324655732943,66.5,63.2315862119516
-13.5086765528341,3.85321178958893,281.325836348626,67,63.2251675592662
-25.0899197377291,3.83217386705534,281.329561078376,67.5,63.2132460745768
-15.7102723642573,3.84889659057298,281.331386927176,68,63.2057813328233
34.8449816036646,3.94021217780664,281.329747862074,68.5,63.2223379387844
13.5755888522405,3.90251854860256,281.327738040838,69,63.2287883848736
-18.7485360255361,3.84410714764974,281.329788826186,69.5,63.2198800110122
19.8154386767264,3.91384818662977,281.327900645791,70,63.2292953240649
35.6130378498572,3.94244945260872,281.326241714705,70.5,63.2462168722368
-5.22701068748471,3.86928265810706,281.325879463156,71,63.2437332561658
-52.2930758405099,3.7850521392316,281.337394067991,71.5,63.2188861817425
-0.943064333160035,3.87639221547052,281.337115537597,72,63.2184380843741
11.7642481965302,3.89950332095551,281.3353478494,72.5,63.2240278712775
28.3352883410161,3.92955570377245,281.333366028278,73,63.2374913940651
-52.078627671553,3.78550002015672,281.344555262101,73.5,63.2127462147691
-0.303738616318585,3.8775992352516,281.344176554786,74,63.2126018932526
-10.5385001871689,3.85908295711966,281.344755580918,74.5,63.2075945209714
-1.98823209381402,3.87452724917218,281.344203809074,75,63.2066498117531
-38.2178895329505,3.80925903303908,281.351141073014,75.5,63.1884905673357
-24.6755327387226,3.83304074599445,281.354851957572,76,63.1767659787829
-18.4691779722012,3.84399703453695,281.357102035328,76.5,63.1679903420043
7.39160631164356,3.89077078953207,281.35567891816,77,63.1715024664908
-17.3896763068879,3.84598225250905,281.357455373806,77.5,63.1632397553297
-9.65026755023146,3.85985687697592,281.35802655664,78,63.1586544271161
16.5209235788842,3.90727729588494,281.356051700152,78.5,63.1665043500956
-1.05361562070933,3.87571050479567,281.35520258752,79,63.1660037242418
-41.1907813774115,3.80348548833612,281.36304875944,79.5,63.1464319091594
-3.95361103453295,3.87002300873147,281.362986671841,80,63.1445533494068
-10.928662450658,3.85739304405673,281.363652822449,80.5,63.1393605913811
42.642830517344,3.95375533279481,281.362534213072,81,63.159622348152
-32.0545253241153,3.81989048016821,281.367446454802,81.5,63.1443916285295
2.14057963684738,3.88130885368692,281.366560320924,82,63.1454087257395
12.0589733655017,3.89937429965317,281.364675442257,82.5,63.1511385514165
-15.1393305882136,3.85027513878636,281.365913712009,83,63.1439450928602
-2.29262817580256,3.87342029340217,281.365376272312,83.5,63.1428557497303
-57.7580547750847,3.77445982290253,281.378961886685,84,63.1154119885349
-20.010369625808,3.84064154875175,281.381813024323,84.5,63.1059040539692
6.59547028391571,3.88871781479417,281.380397589483,85,63.1090378941262
1.22442649613043,3.87914110651662,281.379296954904,85.5,63.109619680831
42.8679031352989,3.95395348893395,281.378095742105,86,63.1299883809399
-8.68022760479221,3.8618775911165,281.378076285491,86.5,63.125863967567
43.5475433500591,3.95566284160702,281.377105997585,87,63.1465555989767
-27.8542962674433,3.82782607084364,281.380809162473,87.5,63.1333206197516
10.846486436019,3.8974605374243,281.379175931375,88,63.1384743318134
-25.157371451198,3.83250102036555,281.382408011854,88.5,63.1265207974172
5.66898629177421,3.88797620160628,281.381095042133,89,63.1292144183609
-62.2196613346238,3.76707307445886,281.396229053367,89.5,63.0996507231504
-23.0348845107193,3.83535534136192,281.399702865975,90,63.0887056892129
-12.4066067477295,3.85433615786289,281.400673351747,90.5,63.0828106854051
10.778805204016,3.89629503541444,281.398854274237,91,63.0879322387044
12.9317916343974,3.90039646761776,281.396784640016,91.5,63.0940767843063
-32.0578811224825,3.81932870734277,281.401770712208,92,63.0788444701748
-19.2600229902881,3.8419514918071,281.404097611618,92.5,63.0696930630919
33.7863336467266,3.93750691062809,281.402260426284,93,63.0857466520827
2.36155362709316,3.88144991462039,281.400842267051,93.5,63.0868687451665
9.17636591592295,3.89386886843617,281.399031280693,94,63.0912288988423
-4.1837728830586,3.86982119016545,281.398468202035,94.5,63.0892409776018
9.16636436855349,3.89399502183585,281.396706724109,95,63.0935963790387
-1.25802445868219,3.87526770646953,281.395789650454,95.5,63.0929986282496
21.7835438553997,3.91691836976816,281.393628765841,96,63.1033490872095
1.23165642719045,3.88010819943644,281.392385354446,96.5,63.1039343092187
16.1662242915051,3.90715000231238,281.390315281342,97,63.1116156966999
22.3914877691744,3.9185709491729,281.388125538974,97.5,63.1222550204364
-27.5489078399134,3.82871165372787,281.391735163376,98,63.1091651466362
19.1558134568769,3.91270880162972,281.389819185555,98.5,63.1182670385206
1.39323116224907,3.88088294772458,281.388577608766,99,63.1189290328252
2.1195503517244,3.88222775465033,281.387364546058,99.5,63.1199361379627
0.171881659551186,3.87873996003758,281.38634133225,100,63.1200178075971
-4.86800067568357,3.86962628608232,281.385915022938,100.5,63.1177047752666
16.2832477990576,3.90783532707552,281.383914769212,101,63.1254417665109
1.40509339628459,3.88116436297163,281.382699191649,101.5,63.1261093971604
-2.37509046997214,3.87434381195901,281.381966403997,102,63.1249808720408
13.0767592180476,3.902278475161,281.380071697227,102.5,63.1311942990439
25.4146377672969,3.92463871792575,281.378012922535,103,63.1432700736258
-30.0111832684266,3.82502016188011,281.38215513982,103.5,63.1290102487405
-46.6343326192264,3.79517221416952,281.391552015687,104,63.1068519282622
-8.58024756569108,3.86262063853208,281.392028681799,104.5,63.1027750204421
-1.41782017178117,3.87552566743576,281.391242001835,105,63.1021013426605
46.2378489988082,3.96086357878213,281.390590973183,105.5,63.1240712737991
-18.7143440116388,3.844898675253,281.39216188393,106,63.1151791462857
-9.87136478599294,3.8606324243532,281.392552214228,106.5,63.1104887636384
12.3852991838139,3.90080410582307,281.390693432304,107,63.1163736431493
-13.4183999662019,3.85429693691537,281.391451743606,107.5,63.1099978854177
-9.49691044414067,3.86123176121421,281.391752654739,108,63.1054854248901
-13.3717636858361,3.85412736575705,281.392656963937,108.5,63.0991318264044
17.652193047248,3.91009280972936,281.390649462122,109,63.1075192724922
18.8185552033271,3.9124427636904,281.388469841237,109.5,63.116460915992
-25.6140236756001,3.83246146910593,281.391615568678,110,63.1042904031217
-7.24743271369164,3.86526487797532,281.391683975515,110.5,63.1008467827739
3.05338157888301,3.88385343753255,281.390429135079,111,63.1022975981661
11.769905389269,3.89968261047207,281.388522702584,111.5,63.1078900730867
-30.6388556967244,3.82332218832236,281.392938542751,112,63.0933320094138
-8.15231039060549,3.86342703362272,281.39318724296,112.5,63.0894584361014
-7.07131676863775,3.86531490298075,281.39310708156,113,63.0860984973103
-11.828020346086,3.85665212708501,281.393747576258,113.5,63.0804784090464
-2.45469584057603,3.87350756935648,281.393098982176,114,63.0793120594053
-6.45482154694781,3.86627041744718,281.392899538895,114.5,63.076245048548
-44.3252374224859,3.79837241235793,281.401476453014,115,63.0551838955108
-4.22273751009721,3.86973937711055,281.401330098837,115.5,63.0531774602132
-40.2456561211461,3.80502287179297,281.408701342733,116,63.0340547217477
-5.5714121945141,3.86684257135798,281.408700997582,116.5,63.0314074631726
-5.84534262758634,3.86634879621943,281.408447418423,117,63.0286300464504
17.2257917054363,3.9080833326241,281.406304895508,117.5,63.0368148877821
-45.2368651070086,3.7960433955345,281.41509914639,118,63.0153205745117
-7.11849773707217,3.86378520246558,281.415355292977,118.5,63.011938217666
-35.4826676394885,3.81272230147194,281.42140928635,119,62.995078614948
29.3625610459745,3.92920487594791,281.419466163976,119.5,63.0090302467432
13.9306621754433,3.90194079067981,281.417217749845,120,63.0156494060539
1.35701395362165,3.87942792764748,281.415941409578,120.5,63.0162941917384
-17.4639200669009,3.845429681768,281.417526344462,121,63.0079962036272
-40.9091442554278,3.80331239581565,281.425188279694,121.5,62.9885582085281
-9.11543602092009,3.85986410713023,281.425686510854,122,62.9842270057145
-24.7029308761626,3.83167881007242,281.428955791561,122.5,62.9724893989264
25.5498660939629,3.92219046968197,281.426815322478,123,62.984629427298
0.688585382482506,3.87773928314017,281.425534564915,123.5,62.9849566088984
-14.7325529335054,3.84988020090709,281.426613909916,124,62.9779564308959
-24.7478990951125,3.83168981124128,281.429897413008,124.5,62.966197457442
-13.3159970002045,3.85203947251849,281.430939857221,125,62.9598703565177
19.5229806368357,3.91133504231485,281.428720181656,125.5,62.9691467080241
-9.64606969058933,3.85889887124913,281.428825876531,126,62.9645633744251
-24.7446956576458,3.83158123719188,281.432063431667,126.5,62.9528059230856
-22.62341877023,3.83512585999629,281.434969451448,127,62.9420563972477
0.891198074041418,3.87743197838391,281.433961820393,127.5,62.9424798503438
13.295214092653,3.89995530985036,281.431829974508,128,62.9487970762619
8.70989357273852,3.89189942197464,281.429898560283,128.5,62.9529355854305
-6.33218751476215,3.86482339304954,281.429558325407,129,62.9499268441791
20.01414191628,3.91240508703393,281.427312455245,129.5,62.95943657115
-20.5442019841352,3.83941568944635,281.429386186178,130,62.9496749859409
-2.2780379826544,3.87220440508699,281.428714578141,130.5,62.9485925753466
-13.8428814145452,3.85128966738454,281.429638509045,131,62.942015125097
-5.97424558194714,3.86539390934246,281.429401185926,131.5,62.9391764600881
-10.02247954731,3.85803838174558,281.429714462608,132,62.9344142752058
-43.9335191891469,3.79724576043701,281.438296957692,132.5,62.9135392472327
-10.1626547928109,3.85718967581524,281.438980258086,133,62.9087104580304
-22.4401585816023,3.83496134568151,281.441745157793,133.5,62.8980480083393
31.7630033769396,3.93250704584444,281.439697911153,134,62.9131402112003
6.02428721938543,3.88671828080014,281.437860273201,134.5,62.9160026535118
-40.9575476017539,3.8023331426144,281.445357401453,135,62.8965416595447
-12.2324250044491,3.85330573304861,281.446336640786,135.5,62.890729418257
3.55080131730909,3.88180574662872,281.44494751557,136,62.8924165828228
-4.61909132989397,3.86711803804323,281.444389157504,136.5,62.8902218198604
-29.6027371572162,3.82206254066419,281.448792118033,137,62.8761560682967
7.90153721163488,3.88947687887663,281.447167790638,137.5,62.8799104866398
-42.507848272873,3.79897483493974,281.455222372638,138,62.8597128667326
-63.7876378963491,3.76144107882432,281.471692259424,138.5,62.8294041468759
18.1037826000499,3.90685636026903,281.469813315391,139,62.8380061659076
-38.9470483225361,3.80434673875635,281.47681015243,139.5,62.8195004614203
-16.6688101862026,3.84385073983435,281.478640118975,140,62.8115802700645
8.45727696793367,3.88925828357469,281.476795962123,140.5,62.8155987483594
-39.2847810546124,3.80342748875156,281.48395847406,141,62.7969325700389
-9.38463741204726,3.85671309680425,281.484455404814,141.5,62.7924734560843
-15.7721825734112,3.84513402482859,281.485841564926,142,62.7849792976719
7.15527147691047,3.88657173774723,281.484073976034,142.5,62.7883791275738
13.0598586007818,3.89742933003646,281.481755920885,143,62.7945845242424
-6.47500791198452,3.86231295647252,281.481352223598,143.5,62.7915079218262
-44.6344882784445,3.79389614980542,281.490271910131,144,62.7702998281299
-22.7595832513974,3.83235698709296,281.493445588465,144.5,62.7594856036881
-32.4777352319524,3.81472007358273,281.49890660589,145,62.7440537957205
-0.833904322405941,3.87151235304286,281.498086903434,145.5,62.7436575657717
-4.88716158220687,3.86426006366823,281.497546254841,146,62.7413354291293
-14.3345667672922,3.84718229097321,281.498597994986,146.5,62.7345243544016
-21.3433799160183,3.83443265253,281.501176367044,147,62.7243830395011
-9.05120717183811,3.85647657761693,281.501430523375,147.5,62.720082355049
-4.1278908665626,3.86538549659423,281.500833730104,148,62.7181209861694
-13.7866982164471,3.84793059642724,281.501773541812,148.5,62.7115702313873
-14.9532518811216,3.84573403167638,281.503010389055,149,62.7044651881978
-36.4726653676126,3.80698599851076,281.509558927905,149.5,62.6871351876912
-5.87203221575222,3.86170497211669,281.509454526962,150,62.6843450894012
-18.8766339217519,3.83819608811461,281.511450535891,150.5,62.6753758497768
-33.7018788547367,3.81142127581772,281.517272238289,151,62.6593623895118
32.4034554224582,3.93024775386794,281.514952025057,151.5,62.6747589034003
12.0647862190685,3.89428002913446,281.5124745024,152,62.6804914910569
10.3274162381543,3.89137284343495,281.510210884828,152.5,62.6853985667212
-44.9216001185639,3.79226232622483,281.519105318565,153,62.6640540517272
-9.83930836560295,3.85454645015814,281.51965919747,153.5,62.6593789007
0.457220179645587,3.87316969075326,281.518429249606,154,62.6595961490383
0.658623770081331,3.87362736363846,281.517100784405,154.5,62.6599090943675
11.9756159187867,3.89418634344088,281.514786201192,155,62.6655993127227
-2.95417954609749,3.86739853910606,281.513826251989,155.5,62.6641956332133
-5.63151790228466,3.86257607236916,281.513328663368,156,62.6615198153887
-15.1333524202098,3.84537803941795,281.514450984687,156.5,62.6543291973611
-39.6400408488212,3.80134660090425,281.521834261443,157,62.6354942172174
-41.7287858425899,3.79718049472442,281.530194801407,157.5,62.6156667691135
5.88988476669117,3.88242674584433,281.528657763759,158,62.6184653500497
8.06679777058883,3.88654089062039,281.526549700162,158.5,62.6222982920088
-25.9202858086224,3.82529327052556,281.529971255289,159,62.6099822585721
-46.6337839998464,3.78820716356312,281.539848807409,159.5,62.5878241987706
-0.938572294052143,3.86966544986267,281.539097150568,160,62.5873782357962
-3.89414957463315,3.86440574747004,281.538338539955,160.5,62.5855279291783
27.1305920844805,3.92040009946906,281.535616644046,161,62.5984190400919
11.5819118074993,3.89289535001595,281.533134209433,161.5,62.6039221897923
-1.08081166030442,3.87020897852272,281.531894816455,162,62.6034086417301
37.8418481353609,3.94007719759401,281.529682629557,162.5,62.6213892099377
-11.1767768428244,3.85253664267637,281.52977273339,163,62.6160785602663
26.8901131828485,3.92105362539928,281.527223718964,163.5,62.6288554075404
-9.62385670460314,3.85563050107496,281.527089176764,164,62.6242826284499
-10.5199251265633,3.85391726682137,281.527322206139,164.5,62.6192840821157
-43.9750537219825,3.79399728398192,281.535876037816,165,62.598389318994
-39.0142662031318,3.80219531535188,281.543264834965,165.5,62.5798516759057
6.69274305923407,3.88401097605926,281.541580013155,166,62.583031735258
-0.241654999063044,3.87163257869285,281.540246789524,166.5,62.5829169127954
-3.70452466003773,3.8654316584091,281.539396526398,167,62.5811567065262
28.727065917975,3.92383580546726,281.536765826259,167.5,62.5948063825751
-27.3785257477342,3.82320659972608,281.540273714116,168,62.5817974658894
-57.5298015074929,3.76977370069572,281.553933660885,168.5,62.5544621593189
5.09490659110269,3.88082007200201,281.552560259069,169,62.5568830060795
-0.324227472135505,3.87116764493483,281.551224584265,169.5,62.5567289492756
-29.1783467012492,3.81919791246768,281.555432494201,170,62.5428648469947
-39.6205644542311,3.80028949373161,281.562925827439,170.5,62.5240391210672
-10.3495074794121,3.85236003802791,281.563437250832,171,62.5191215487413
-56.0209853250642,3.77106533539526,281.576619726032,171.5,62.4925031567408
9.27233959140022,3.88722357914544,281.574830121167,172,62.4969089123443
-0.701033791153407,3.86940879183511,281.573494561857,172.5,62.4965758158778
-24.2286234091873,3.82698264958369,281.576528643064,173,62.485063576459
-17.3621442128371,3.83912889240976,281.578224695165,173.5,62.4768139471827
-21.7120816375874,3.83116031161095,281.580823668207,174,62.4664974435221
-22.4567361672164,3.82963791632349,281.583646799197,174.5,62.455827116985
-10.5303633739961,3.8509939971911,281.58403322012,175,62.4508236109136
-26.3788085830203,3.82237496041887,281.58772700372,175.5,62.4382897102102
51.1386719743699,3.96095560963708,281.586545353306,176,62.4625882692074
-17.1977718337573,3.83947532011028,281.587692169059,176.5,62.4544167415281
16.4623631961418,3.90015676961607,281.585075866489,177,62.4622388395199
27.4752952231964,3.92015670075358,281.582132961306,177.5,62.4752937362579
-32.8155247672751,3.81205113963285,281.587062215218,178,62.459701427467
-12.5520414940238,3.84806162000529,281.587792532681,178.5,62.4537373202855
-25.3434559201606,3.82492718641322,281.591091804635,179,62.4416953677847
-18.6865282086972,3.83663978879911,281.592998014956,179.5,62.4328164569605
-62.4865110369374,3.75917844710539,281.608814133865,180,62.4031259680147
-3.38471268846929,3.86341898726046,281.60842117221,180.5,62.4015177205226
-8.07734813448225,3.85499469902435,281.608176841908,181,62.3976797655541
-2.69005335664587,3.8647530245374,281.607146262632,181.5,62.3964015857018
16.8629440773242,3.9001370235275,281.604342351002,182,62.4044140198482
-0.720723524616539,3.86869304929636,281.602877143111,182.5,62.4040715677976
21.6036339705112,3.90900348708925,281.599960649493,183,62.4143365425089
-20.1636936241914,3.8339904380013,281.601785069783,183.5,62.4047557559884
0.948128054607853,3.87192992939869,281.600364334979,184,62.405206259386
-2.08339737925005,3.86652756194216,281.599161164879,184.5,62.4042163323468
-14.2411018945813,3.84458797926062,281.599926470066,185,62.3974496674881
-29.6353186669666,3.81679619585818,281.60430891033,185.5,62.3833684348079
-6.46857546190795,3.85820277954755,281.603981736819,186,62.3802948887728
22.6854184828981,3.91077626491378,281.601080987729,186.5,62.3910738737972
6.99312830832452,3.88290990211922,281.598775185886,187,62.3943966613123
8.60438052574809,3.88596277942682,281.596429894337,187.5,62.3984850359174
7.78405204072622,3.88464281971719,281.594146182718,188,62.4021836311379
-17.803671181533,3.83857907940472,281.595507804273,188.5,62.3937242101583
-40.5539823953903,3.79776289832399,281.60301754582,189,62.374454970349
21.0867157529231,3.90807585147055,281.60043405206,189.5,62.384474331177
-44.0593158707413,3.79146234349212,281.608816596958,190,62.3635395308639
-22.6986639219496,3.82893363763612,281.61174858043,190.5,62.3527542522642
-19.5541807954766,3.834373558283,281.613786099799,191,62.3434630759909
-43.0308579638714,3.79231762029379,281.622282847678,191.5,62.3230169478345
12.2084747923907,3.89113785846236,281.62001745533,192,62.3288178091701
-11.8036435325081,3.84798641622963,281.620251732641,192.5,62.3232093035581
-52.8740458738084,3.77480999183091,281.632175542293,193,62.2980861810076
-23.0293687831216,3.82706229125888,281.635381950462,193.5,62.2871437678702
-6.12186421847462,3.85741666772332,281.634941677719,194,62.2842349618112
21.2894931331904,3.90692092841676,281.631932505607,194.5,62.2943506723869
-51.583040856897,3.77669297381609,281.643144677654,195,62.26984097135
13.9024825078147,3.8934491460499,281.640806372818,195.5,62.2764467410813
21.9605608065234,3.90819365495905,281.637655547713,196,62.2868813097113
0.153563227542147,3.86927011829956,281.635975010329,196.5,62.286954275336
30.8200782928785,3.92440729365859,281.633013331937,197,62.3015984469929
27.1139532420782,3.91825836989737,281.629876497898,197.5,62.3144816519542
6.5452089951071,3.88173815387749,281.627518348865,198,62.3175916104411
-41.8440676065153,3.79504302608508,281.635129225256,198.5,62.2977093861642
-0.967027797919026,3.86779411310162,281.63404542896,199,62.2972499025466
-11.4974848845015,3.84881757244378,281.634208635337,199.5,62.29178686833
-5.82378018635081,3.85897579953787,281.633528169933,200,62.2890196970098
-20.7853356120386,3.83197707172877,281.63558849889,200.5,62.2791435370677
-10.9667217961388,3.84946372710931,281.635828568788,201,62.2739326951299
-7.72140861747167,3.85525532323281,281.63544965112,201.5,62.2702638649552
-25.1903675977157,3.82375426925183,281.638583631608,202,62.2582946524277
9.55228191181631,3.88618235061078,281.636291522712,202.5,62.2628334227288
-28.6860082640389,3.81744583458909,281.640187407563,203,62.2492032552393
2.0441012749003,3.87252861545079,281.638629228881,203.5,62.2501745107199
13.0836291907891,3.89254639917508,281.635899717044,204,62.2563912019932
19.5943836879221,3.90446660128636,281.63285987305,204.5,62.2657014806858
-38.3330139590028,3.80067187021556,281.639347808577,205,62.2474875348546
-0.671820215146929,3.86782688886245,281.638192286606,205.5,62.2471683192297
-10.32839112863,3.85043815921727,281.638157125483,206,62.2422607803458
-20.9926045648266,3.83114872133346,281.640310553551,206.5,62.2322861364838
-40.0834940443271,3.79687870854667,281.64775358204,207,62.2132404493893
-16.297632153963,3.83894162354586,281.649223883034,207.5,62.2054966234135
32.0716827951484,3.92582736794122,281.64632989877,208,62.2207354954148
-11.2814557898558,3.84839081226291,281.646270179527,208.5,62.2153751075029
-0.0952468365173633,3.86852381866702,281.644796672724,209,62.2153298509331
-16.8453792490389,3.83834309858942,281.645977573022,209.5,62.2073257627214
-6.88710735165597,3.85616512066803,281.645498480091,210,62.2040533511033
-11.1605999153166,3.84842840452606,281.645655815528,210.5,62.1987503879051
1.73580852255925,3.87166153765823,281.643970893435,211,62.1995751579698
43.2288292222222,3.94577668523508,281.64170706609,211.5,62.2201153522431
30.9320358941108,3.92470449390579,281.638622956955,212,62.2348127205958
-19.2473293697766,3.83495928176271,281.64003013264,212.5,62.2256673448914
-26.939540965842,3.82093658317717,281.643558372896,213,62.2128670119879
14.0288980623056,3.89441917169946,281.640994526184,213.5,62.2195328481168
-5.84031948919912,3.85881827694074,281.640107523393,214,62.2167578181407
16.828587702338,3.89963595601727,281.637277955524,214.5,62.2247539278427
38.5988810135506,3.93857148005757,281.63473753811,215,62.2430942005037
-47.7004590227514,3.78493971814085,281.643955742962,215.5,62.2204293096685
-15.1073669158499,3.8422551057695,281.645120077044,216,62.213251038663
-8.60337690673133,3.85383069873166,281.644845758816,216.5,62.2091631409278
11.5701730870808,3.8901589171687,281.642275177215,217,62.2146607129708
-4.60085585747759,3.86119169033877,281.641212257675,217.5,62.2124746146
1.70626004532304,3.8725572771527,281.639467407062,218,62.2132853446947
18.8342668551922,3.90343102006626,281.636539837072,218.5,62.2222344535918
-15.4362580842578,3.84197965087516,281.63722794261,219,62.2148999098253
3.26343669059914,3.87553600065163,281.635406215298,219.5,62.2164505329819
6.75421424601459,3.88190641042248,281.63313754035,220,62.2196598003914
-23.6756109055734,3.82721049631121,281.635647984391,220.5,62.2084103250693
-7.70509682331955,3.85566701305708,281.635308432858,221,62.2047492454497
-22.7195654866896,3.82858507738894,281.637737760639,221.5,62.1939540354637
-51.8143404697946,3.776865532481,281.649033134378,222,62.1693344323298
16.0046147283885,3.89750511387017,281.646588024366,222.5,62.176939030967
0.685316948394755,3.8701880275309,281.644828880879,223,62.1772646595698
17.8176491658862,3.90109602686186,281.641898592348,223.5,62.1857307221939
25.1551225450985,3.9144798563386,281.638807324912,224,62.1976831880214
-12.0113817020838,3.84799155840292,281.638831056277,224.5,62.191975975541
-6.81820000488635,3.85722968885782,281.638246026831,225,62.1887363052743
-18.7726431640915,3.83564265658252,281.639782396826,225.5,62.179816476897
2.59062710953334,3.87396035858921,281.638053415586,226,62.1810474143311
28.5236146716152,3.92053517126936,281.635104557471,226.5,62.1946004204447
1.68114901280211,3.87280076514318,281.633187673819,227,62.195399219023
10.8836904922111,3.88942297941483,281.630640178904,227.5,62.2005706086059
18.5536687145413,3.9033464077771,281.627726442428,228,62.2093863911921
16.4659392260426,3.89985463097048,281.624857017069,228.5,62.2172101883358
-40.3781651403597,3.79817026557738,281.631724157555,229,62.1980244881606
7.43830415116171,3.88334871741993,281.629755471059,229.5,62.2015588011429
-10.3628512984569,3.85137788712912,281.629593919207,230,62.1966348884965
28.0045411743077,3.92018801662749,281.626793249999,230.5,62.2099412566449
-9.99733965209272,3.85231749794695,281.626454209809,231,62.2051910169931
-44.225038060207,3.79117349384987,281.634773223758,231.5,62.1841774737202
-34.5903804056651,3.80759472295666,281.640555877898,232,62.167741841613
-25.5678311240108,3.82326394302188,281.643905473637,232.5,62.1555932771507
9.2228436032773,3.88566631335985,281.641628295459,233,62.159975514717
-24.0449707922509,3.82591140858079,281.644255241854,233.5,62.1485505379074
22.336129896367,3.90912361090051,281.641411184223,234,62.1591635583301
-14.1873064149045,3.8437252690717,281.641858315282,234.5,62.1524224544136
-7.07390178287152,3.85641392787598,281.641336522256,235,62.149061287352
-14.5786604668447,3.84284432037213,281.642052959393,235.5,62.1421342314123
4.10723013480667,3.87642154105163,281.64013201438,236,62.1440857833375
22.7098680765345,3.90993377690958,281.637113850209,236.5,62.1548763855954
1.00334293016933,3.87126490581895,281.635292126014,237,62.1553531243617
-9.30853873330894,3.85270868609277,281.635004131533,237.5,62.1509301687225
8.99652786628085,3.8856332416074,281.632644377877,238,62.1552048722822
-60.7002242263138,3.76191392936682,281.646947284218,238.5,62.1263631381785
20.1531789298842,3.90507719271987,281.644484193415,239,62.135938928638
-31.3634841269456,3.81278018595219,281.648877017492,239.5,62.1210365574972
6.74706918437748,3.88096823014198,281.646836126017,240,62.124242429928
-64.624763070313,3.75453178940639,281.662919787543,240.5,62.0935359497338
-29.6421043248101,3.81482019811408,281.667718552131,241,62.0794514928457
-49.2878210353138,3.7798041972659,281.678361478172,241.5,62.0560323663603
-18.2228753220385,3.83444301076789,281.680304833992,242,62.0473737603775
13.6549574063997,3.89185516970328,281.67757017307,242.5,62.0538619184647
8.31480095475813,3.88251531550154,281.674999692393,243,62.057812699229
-9.46133488064887,3.85061628378343,281.67469212018,243.5,62.0533171424437
-14.4889964246002,3.84150319691465,281.675422611181,244,62.0464326904069
-13.1312957051483,3.84384367942507,281.675941050401,244.5,62.0401933503716
15.3157881790912,3.89506727124432,281.673093789458,245,62.0474706528179
-11.7152233541873,3.84659521779241,281.673127162025,245.5,62.0419041600865
32.4116844410257,3.92573651470128,281.670191601891,246,62.0573045839963
3.28622536660237,3.87407255198627,281.668010065493,246.5,62.0588660352007
16.8882917549891,3.89862696300708,281.66503781642,247,62.0668905133055
-30.5161936140734,3.81364309358976,281.66917444755,247.5,62.0523907325668
-19.1615242342929,3.83359772423418,281.670978934199,248,62.0432861272045
12.7743441601699,3.89096819774262,281.668339187657,248.5,62.0493558615804
-20.3583630863283,3.83148587892928,281.670068898572,249,62.0396825777926
12.1853981582176,3.88992286272889,281.667477676077,249.5,62.0454724742569
18.0288261288694,3.90061536998756,281.664414398737,250,62.0540388776935
-31.9756666137833,3.81101398588009,281.668936481948,250.5,62.0388456278164
3.029140951943,3.87355043551675,281.667207702291,251,62.0402849252656
-30.3296147093491,3.81365375012814,281.67142067974,251.5,62.0258737975628
-35.7699489804179,3.80362578314829,281.677487255009,252,62.0088776930089
28.8678884468593,3.91923896373861,281.674630799968,252.5,62.0225942809348
-57.3949610802586,3.76587088678454,281.687665708133,253,61.9953230438435
-26.3298239866498,3.81979299129109,281.691494171824,253.5,61.9828124181893
-29.2550485189984,3.8143029953523,281.69579189121,254,61.9689118710112
18.0198003118165,3.89914094503297,281.692899001705,254.5,61.9774739858274
-19.4128554252338,3.83200213844704,281.694437002718,255,61.9682499603563
21.0634315036058,3.90473784449098,281.691385543429,255.5,61.9782582576646
44.9284358067784,3.94722713417935,281.689021911148,256,61.9996060206383
-46.4649701734045,3.78482949371708,281.69785956308,256.5,61.9775281727892
-21.7091122239385,3.82816038899016,281.700368633361,257,61.9672130800466
-52.6162961352814,3.773268954317,281.712026372986,257.5,61.9422124273801
-24.7515372947519,3.82186083982848,281.715423258824,258,61.9304517252342
13.7597051299313,3.89105927820368,281.712639250621,258.5,61.9369896542413
-4.53859933983418,3.85833736968656,281.711454162176,259,61.9348331370779
-30.2927895756769,3.81205269083522,281.715782112106,259.5,61.9204395068511
-26.5702416731954,3.81838244654616,281.719390837303,260,61.9078146466437
0.87455410996575,3.86758710707938,281.717781130895,260.5,61.9082301913542
-19.3612131184544,3.83118363373915,281.719413532703,261,61.8990307037443
-17.7279359712225,3.83396167143185,281.720860246482,261.5,61.890607268378
-18.0396532181655,3.83326585330091,281.72236873779,262,61.8820357204459
-19.5126869029339,3.8304783125257,281.724211197024,262.5,61.872764260011
-23.5883949635876,3.82299916526963,281.727027201605,263,61.8615562253761
-24.5654062926259,3.82103931960226,281.730138848482,263.5,61.8498839634451
-24.6359542093433,3.82069800495045,281.733295619895,264,61.8381781806452
-8.64196742151176,3.84931663617566,281.733085861704,264.5,61.8340719466126
1.9293128988431,3.86843313517755,281.731192791838,265,61.8349886603536
16.4566339855509,3.89473547537352,281.728014348597,265.5,61.8428080361089
-26.6505911636259,3.8173661454653,281.731286654799,266,61.8301449978113
-14.4967735233396,3.83894839552083,281.732139393391,266.5,61.8232568504832
-5.84554032464988,3.85448091596008,281.731351608189,267,61.8204793398251
-23.3776027948652,3.82289998227612,281.733988970146,267.5,61.8093714631675
-2.22684841842656,3.86083773972794,281.732742938476,268,61.8083133753138
-21.4272589419252,3.826268507136,281.734894672655,268.5,61.7981322052629
-14.8411341493832,3.8379436437976,281.735784379832,269,61.7910804348553
-13.10066347119,3.84099351071609,281.736277982346,269.5,61.7848556497374
-25.2689408432174,3.81902543213786,281.73947243408,270,61.7728491031031
-8.93566217716138,3.84822341397762,281.739304401146,270.5,61.7686033198982
-8.34481818828293,3.84928591503972,281.738892527069,271,61.7646382764342
-22.7133259895195,3.82337790273239,281.741425014659,271.5,61.7538460311476
-11.7974867234006,3.84285374363057,281.741752201949,272,61.7482404509458
-32.2025767889704,3.80614795377159,281.746835202015,272.5,61.7329393846147
1.26284961255506,3.86611124026899,281.745212361458,273,61.7335394280775
-6.33128342260733,3.85251338829979,281.744390848878,273.5,61.7305311164059
-4.2225861284219,3.85635064330755,281.743290535774,274,61.7285247530374
-23.4387539292568,3.82173939572213,281.745961875657,274.5,61.7173878203956
-9.58365240308676,3.84650376321958,281.745885785898,275,61.712834144394
-30.2113093764974,3.80937996676701,281.750386380495,275.5,61.698479229514
-33.8970306517536,3.80250273080611,281.756171448307,276,61.6823730428001
9.09566724832845,3.87963492230087,281.753718420801,276.5,61.6866948524741
-14.0724550549937,3.83800808536156,281.754240437209,277,61.6800083202239
-8.5463567642778,3.84791765797476,281.753900448174,277.5,61.6759475156306
-18.5221726013197,3.82990874757661,281.7554831413,278,61.6671466984343
-15.2214089809745,3.83572540277324,281.756450778842,278.5,61.6599142402991
-13.9940622804591,3.83785368925435,281.757143681215,279,61.6532649564049
4.68764766988768,3.87155175249522,281.754938549493,279.5,61.6554922939377
-9.70088113098408,3.8457137195772,281.754649016817,280,61.6508829166624
0.042811835301535,3.86330123701247,281.752960020569,280.5,61.6509032587219
-2.42892117432532,3.85893258623472,281.751532429696,281,61.649749155923
4.18848415742574,3.87094674076533,281.749292636966,281.5,61.6517393157273
13.7640038792156,3.88833226545163,281.746200619453,282,61.6582792872867
-33.3724680442566,3.80377364277736,281.751313980424,282.5,61.6424223466907
33.5713582198755,3.92353759525749,281.748236725619,283,61.6583737900276
-25.9300409228359,3.81723508582169,281.751189827523,283.5,61.6460531214447
-44.424936706345,3.78412257916302,281.760106893057,284,61.6249445962557
17.2428423227539,3.89423203504155,281.757200033216,284.5,61.6331375391946
-38.2419905342931,3.79484526524111,281.763775179148,285,61.6149668431775
-35.172684728542,3.79984457947396,281.769934033261,285.5,61.5982545289549
-24.9436577603215,3.81773899500855,281.773271861794,286,61.5864025406984
13.3281993090935,3.88656579158319,281.770362037233,286.5,61.5927354395542
-22.0222762580497,3.82307344182744,281.772545108485,287,61.5822715468044
-68.6553684429075,3.74115125105998,281.791270831113,287.5,61.5496499229692
9.25881604358087,3.87856526301749,281.789111854246,288,61.5540492528539
-43.8180154500901,3.78350321690105,281.79775394499,288.5,61.5332291065254
-2.37268310319643,3.85736009992497,281.796672911228,289,61.5321017252669
-35.8903433690436,3.79716658117382,281.802839953793,289.5,61.5150484152745
-23.2647589227642,3.81938956997906,281.805825275098,290,61.5039941564247
-14.0065669543251,3.83591432925212,281.806589197145,290.5,61.4973389309301
10.63297492196,3.88041094320938,281.803711671185,291,61.5023911929166
3.74887578564287,3.86825031315381,281.8013383471,291.5,61.5041724726396
6.72063373896195,3.87377327526617,281.798687538386,292,61.5073657842587
28.8832263983388,3.9136461500691,281.795026846543,292.5,61.521089660018
6.54378662901786,3.87409590593905,281.792256797307,293,61.5241989426671
28.8834454020185,3.91422751948522,281.788670255115,293.5,61.537922922486
-21.2983653632103,3.82450643003006,281.790439038014,294,61.527802996267
1.32821996639129,3.86506214686452,281.788569346632,294.5,61.5284341004777
16.1453897509476,3.89179994883004,281.785271946086,295,61.5361055884192
-40.6157251634314,3.79025757882083,281.79244158355,295.5,61.5168070115107
-7.92655274114352,3.84824585668724,281.792097852608,296,61.5130407070294
-24.3609529117817,3.8186440476491,281.794880106453,296.5,61.5014655911983
9.59102685811096,3.87958271225315,281.792187626905,297,61.5060227711749
-17.2845879086069,3.83132766059772,281.793208397145,297.5,61.4978099928054
-48.8183375096895,3.77514315647888,281.80356928248,298,61.4746139415916
17.065564666163,3.89252914165376,281.800599852715,298.5,61.4827226509861
5.91758791993909,3.8728021442649,281.797933660591,299,61.4855343950859
-14.1771964402672,3.83670854384912,281.798332477805,299.5,61.4787980949275
35.3714825414848,3.92540261805656,281.795030776126,300,61.4956048680049
8.84739862456028,3.8786470413466,281.792022682046,300.5,61.49980871275
-20.9937196057564,3.82506925879101,281.793794130581,301,61.4898335390758
-50.4507599179486,3.77267695809331,281.804654038899,301.5,61.465861841748
21.2512245408803,3.90026206542337,281.801552153746,302,61.4759593689878
-1.36523232085719,3.85997596147274,281.799703075802,302.5,61.4753106783431
-11.8509307154915,3.8411161094597,281.799669901424,303,61.4696797042085
-48.6962953707522,3.7754626368629,281.809845247744,303.5,61.4465416413625
-35.7002031910548,3.79773184797914,281.816177758978,304,61.4295786765463
12.5517964247524,3.88410737947209,281.813312081556,304.5,61.4355426672831
-10.5007544569204,3.84280614576501,281.812963585632,305,61.4305532298997
2.54380856238491,3.86630207040981,281.810820561015,305.5,61.4317619214836
10.8666875164737,3.88140799260504,281.80777909023,306,61.4369252320963
-19.764023456975,3.82643379448995,281.809291069946,306.5,61.4275343490043
-19.3633963629549,3.82696531147305,281.810963807999,307,61.418333824025
-3.98134613572342,3.85451935679235,281.809768622286,307.5,61.4164420859287
4.19875930080279,3.86931055495776,281.807393153221,308,61.4184371279712
-45.5309291258161,3.78045087244069,281.816357258868,308.5,61.3968030900729
-24.1241955405161,3.81789307583649,281.819461624032,309,61.3853404695948
-8.04290893966544,3.84663329870429,281.818977596192,309.5,61.3815188784225
-23.7302849145947,3.81838245442957,281.821641209808,310,61.3702434247247
-12.5859717770962,3.8382257633092,281.821989697917,310.5,61.3642631955565
48.4144116763741,3.94688688938503,281.819439237349,311,61.3872673212604
26.966272016678,3.90994576359286,281.815587648491,311.5,61.4000803554327
3.998488044008,3.86922445922261,281.813026182585,312,61.401980238513
-9.93681202911774,3.8442090855404,281.812558961153,312.5,61.3972587585838
9.58000472238846,3.87928992934865,281.80970706487,313,61.4018107013886
-47.9570624771408,3.77664629303805,281.819323593312,313.5,61.3790238853267
-5.41674445892389,3.85189042830202,281.818587194973,314,61.3764501171836
15.3982675622349,3.88935957878396,281.815290910029,314.5,61.3837666097394
-13.5548170637954,3.83750629206007,281.815427693311,315,61.3773260333732
4.73407257194014,3.8703525925446,281.813044310377,315.5,61.3795754297154
-57.2524661316421,3.76023798063684,281.826250637108,316,61.3523718991519
-21.9630346467038,3.82170732751837,281.828902774357,316.5,61.3419361550758
5.00694411833113,3.87011514879031,281.826544917403,317,61.3443152064347
-22.999749300385,3.81982085889097,281.828849605939,317.5,61.3333868670055
-24.1510950197406,3.8175366937958,281.831683563101,318,61.3219114652298
-24.1904416968634,3.81723886943385,281.834563305261,318.5,61.3104173678658
-46.27281273133,3.77782806481456,281.844161586735,319,61.2884308236966
-6.85595301916042,3.84773670866604,281.84368725174,319.5,61.2851732150712
-16.4639094272683,3.83043557444278,281.844669618378,320,61.2773503823871
-0.410305384276578,3.85931562305265,281.842912907681,320.5,61.2771554256312
-18.3188157436408,3.82711050632912,281.844232210339,321,61.2684512335214
13.8606682384965,3.88499667347733,281.841050039342,321.5,61.275037135187
-13.8926379394746,3.83524656048626,281.84130931255,322,61.2684360431061
-25.6833841545749,3.81396442464835,281.844476510015,322.5,61.2562325735784
-1.87422597471677,3.85661258269861,281.842995822745,323,61.2553420344099
-14.0936497374388,3.83463932372852,281.843414270199,323.5,61.2486454314985
-24.2088406757296,3.81636180342811,281.846226742708,324,61.2371425918528
-25.5444580132957,3.81374588855589,281.849496326275,324.5,61.2250051331328
-53.7310846407806,3.76371632094356,281.861996050744,325,61.1994747882936
-20.0814829576551,3.82271707537455,281.864316226448,325.5,61.1899330642019
6.21613674560791,3.87008294771929,281.861775324465,326,61.1928866638872
-14.8756111222123,3.83220085290419,281.862334702163,326.5,61.1858185117331
-15.4861108280867,3.83102516119442,281.863184769822,327,61.1784602804168
-56.9921471198339,3.75738305337963,281.876959740585,327.5,61.1513804405286
-17.8240608625742,3.82608443716364,281.878817270688,328,61.1429113313844
-38.5754151660577,3.7888494540837,281.885997468938,328.5,61.1245822085296
-10.9591149022449,3.83803053357723,281.88621919449,329,61.1193749810102
-18.6403947865062,3.82417024980755,281.887795794124,329.5,61.1105179904987
22.5022561597494,3.89824908000533,281.884075387725,330,61.1212099458772
-5.56732499190878,3.84813516212547,281.882776072213,330.5,61.1185646293379
-19.4767869055876,3.82307375821099,281.884412001242,331,61.1093102268001
-44.349295447209,3.77859167767432,281.89345683759,331.5,61.0882376425835
-47.181959713026,3.77310960958321,281.903883463882,332,61.065819116888
6.0030566973906,3.86803314165626,281.901575773355,332.5,61.0686714715091
-16.4411293863766,3.82768966064982,281.902487830095,333,61.06085946277
-21.8805771200368,3.81780845947734,281.904845644679,333.5,61.0504628984182
17.085345570876,3.88797649753081,281.901340779254,334,61.0585810067169
5.41037880009881,3.86731450765011,281.898529198877,334.5,61.0611517502149
26.2266739906379,3.90479825470023,281.894554683845,335,61.0736133641101
-12.9951444087547,3.83471265066096,281.894503759901,335.5,61.067438716414
-36.3977036537831,3.79270324213634,281.900707430757,336,61.0501443339936
-13.6688126173579,3.83303074618513,281.901316478909,336.5,61.0436495925978
-35.2272791223421,3.79430695506127,281.907244763394,337,61.0269113378286
-10.110549373773,3.83903963268965,281.907168964956,337.5,61.0221073065355
3.3785739137246,3.86340732910876,281.904767957547,338,61.0237126371864
45.1633399818915,3.93779770731023,281.901457940395,338.5,61.0451720149663
7.1463616747502,3.87103173055952,281.898316432995,339,61.0485676113724
-14.7463127697805,3.83172545979944,281.898676274372,339.5,61.0415608953785
-27.3892572737286,3.80890715363387,281.902208038527,340,61.0285468796042
-13.0738484993044,3.83434049225479,281.902549124342,340.5,61.0223348356301
-0.852488225231362,3.8563195242734,281.900698161786,341,61.021929775533
-38.8250831056063,3.78829059394198,281.907528024628,341.5,61.0034820228639
-46.6147577931236,3.77412340661444,281.917460283778,342,60.9813330033716
-50.983871062252,3.7659335396446,281.929227839895,342.5,60.9571079980853
14.162039498054,3.88203581007833,281.926144586981,343,60.963837096417
-28.1242975398272,3.80614663356891,281.929800913516,343.5,60.9504738259869
-16.9151572151911,3.82603833711498,281.931026474419,344,60.9424365827487
25.0802169259586,3.90153825304655,281.927119024267,344.5,60.9543534571435
-22.4413820652371,3.81648284996865,281.929163460253,345,60.9436904261136
10.1615428066823,3.87508829145385,281.926098217556,345.5,60.9485186869553
0.824884847251308,3.85850059609589,281.923810330559,346,60.9489106312971
2.33381472339159,3.86133014809405,281.921391027595,346.5,60.9500195442304
33.5359269516468,3.91717393274265,281.917475452829,347,60.965954152387
-2.28162326584956,3.85364399196032,281.915471795457,347.5,60.9648700382441
-26.8622578825558,3.80947374273578,281.918688275217,348,60.9521064264264
21.3904858442943,3.89590714228333,281.915040395418,348.5,60.9622701237263
-1.94915367143613,3.85435768569325,281.913048709179,349,60.9613439826348
-30.035599006734,3.80394150039749,281.917107164331,349.5,60.9470725566023
-16.3858422919794,3.8280599684233,281.918091427198,350,60.9392868175466
-1.97857132701279,3.85389809045983,281.916379494999,350.5,60.9383466986451
-36.1787632595803,3.79260966462945,281.922306441676,351,60.9211563458345
14.5674214577737,3.88334722754871,281.919051111439,351.5,60.928078061555
-33.4215510033839,3.79740313782295,281.924028756001,352,60.9121977991727
-7.36618142224201,3.84379211955321,281.923330901953,352.5,60.9086977553319
-26.8793184689287,3.80870347219014,281.926673904343,353,60.8959260371702
-34.4393255716265,3.79495516635296,281.932383332272,353.5,60.8795621788236
-14.6924761400512,3.82998029344247,281.933131552256,354,60.8725810433244
29.3817392722889,3.90903557793716,281.929198754254,354.5,60.8865417876609
-6.29619335935033,3.84555483303903,281.927835369805,355,60.8835501490459
2.02999779063495,3.8605773466137,281.925488105064,355.5,60.8845147032507
22.9807354170123,3.89824435971506,281.921553535392,356,60.8954340082261
-23.3907202347507,3.8153116678465,281.923700745813,356.5,60.8843198988122
-36.1493321933783,3.79232046813065,281.929777997475,357,60.8671435301836
-12.4423782902921,3.83434820517268,281.93003131909,357.5,60.861231529514
-4.86037572437698,3.84795837820498,281.928716250858,358,60.8589221201819
-11.66692709102,3.83571645501502,281.928533655016,358.5,60.853378575438
-12.6750780701723,3.83384049831286,281.928605486598,359,60.8473560073815
8.32575857874337,3.8716243238259,281.925621340566,359.5,60.851311994665
24.3372576117453,3.9004492429955,281.921620914968,360,60.8628758516655
-15.8071622191622,3.82874459871479,281.922032152719,360.5,60.8553650726614
-15.4978902943453,3.82915903193498,281.922673011595,361,60.8480012443274
6.74333381114051,3.86909924288956,281.919875300625,361.5,60.8512053418943
-38.6222180621348,3.78792135130703,281.926453156123,362,60.832853980626
10.8956198467568,3.87630569052322,281.923484525897,362.5,60.8380310384462
9.04789363779575,3.87320995705307,281.920275622501,363,60.8423301484713
-24.9968228660731,3.81215937580155,281.922914408753,363.5,60.8304528987951
-7.17451583247409,3.84393661862868,281.92207577767,364,60.8270439249304
-18.6592098573759,3.8232493350579,281.923348179653,364.5,60.818177994431
-6.11593463382386,3.84567421461808,281.922286472711,365,60.8152720058164
2.51730852447918,3.86124305134915,281.9198878613,365.5,60.8164681058975
-44.4863325786672,3.77728632820448,281.928483221606,366,60.7953304084369
28.9836701013837,3.9081902634161,281.924872600678,366.5,60.809102010059
31.3263480715991,3.91276257590832,281.920798727472,367,60.8239867359894
-33.2977985664957,3.79754323017205,281.92551138658,367.5,60.8081652746235
-15.9089857907577,3.82824309517153,281.926383992388,368,60.8006061141116
-16.0575243982551,3.82784293580424,281.927141963143,368.5,60.7929763754251
6.3452877897478,3.8680639769051,281.924380213621,369,60.795991341277
13.4914255659924,3.88104825171288,281.920854924773,369.5,60.8024017971495
-21.4743971914524,3.81841254669349,281.922572971112,370,60.7921982293418
19.6466025159475,3.89207734478265,281.918946075341,370.5,60.80153331983
-47.4201867790429,3.77256427079083,281.92832785091,371,60.7790016004556
-10.253736272776,3.83813159660055,281.928249381265,371.5,60.7741295338543
-3.3027222631931,3.85061199693842,281.926656014,372,60.7725602441433
0.141098085777291,3.85685799392173,281.924521782511,372.5,60.7726272869512
-0.819505076210235,3.85520770971057,281.922492106192,373,60.7722378988096
-9.09059240635655,3.84036995299017,281.921765716634,373.5,60.7679185004487
-4.81235549649015,3.848032366762,281.920394647816,374,60.7656319079457
9.25368502890666,3.87335568501984,281.917284198605,374.5,60.7700287998269
12.8776542289,3.88003706073977,281.913807567089,375,60.7761476220204
4.32977970010545,3.86491506122332,281.911074982423,375.5,60.7782049184543
-24.8630694784831,3.81255752936727,281.913651854054,376,60.7663912217499
-38.921807858423,3.78729179002052,281.920530202648,376.5,60.7478975102785
-0.114528131661285,3.8563324239165,281.918762940005,377,60.7478430921942
2.98526013516863,3.86199440193919,281.916265680725,377.5,60.7492615396571
-7.34505761860116,3.84350276414833,281.915220262705,378,60.7457715327994
14.071001676726,3.88198288804819,281.911782418953,378.5,60.7524573744764
23.1934332970916,3.89848956162993,281.907858348015,379,60.7634777429286
-39.0837578419052,3.78739015042748,281.914332046621,379.5,60.7449070808623
-15.3394513411898,3.82924125357969,281.915140902745,380,60.7376185348558
-28.5783977641361,3.80539444922055,281.918905033887,380.5,60.7240394985355
-34.0787969814263,3.79529486245577,281.924404316335,381,60.7078469454825
-2.84431455034095,3.85095975983113,281.922984548344,381.5,60.7064954683666
4.71749138146686,3.86463858094588,281.920308479981,382,60.70873698615
-6.26895749850122,3.84499678155691,281.919082645997,382.5,60.7057582886644
5.32315492201696,3.86587175815183,281.916370719064,383,60.7082875877043
36.2995551325623,3.92111136546569,281.912626561781,383.5,60.7255353348182
-21.266213189226,3.81873211800065,281.914140316341,384,60.7154306857166
3.01635540012599,3.86216880913331,281.911808989973,384.5,60.7168639081062
-4.00455978077685,3.8496309085245,281.910222833083,385,60.7149611400378
36.5733830228728,3.92197117962329,281.906620449961,385.5,60.7323389965757
-18.2865007910953,3.8244911422371,281.907432279281,386,60.7236501589276
28.1217035970432,3.90740509049246,281.903753225442,386.5,60.7370121968447
-45.129139593777,3.7770924267792,281.912106808309,387,60.715569069392
-41.8157116786541,3.78230047640541,281.920065313983,387.5,60.6957003184448
-34.1949907863945,3.79524071615438,281.925682759045,388,60.6794525558621
-17.9317642032901,3.82391369892317,281.927032326694,388.5,60.6709322714356
2.30647049438494,3.86021168263709,281.924746859474,389,60.6720281917484
-8.29606999223224,3.84123469848034,281.92386611017,389.5,60.6680863110079
21.5624756838336,3.89479777747547,281.920067651957,390,60.6783317293439
-25.049275517301,3.81149331593663,281.922599146313,390.5,60.6664295567709
-33.9771790489662,3.79531704251869,281.927981938091,391,60.6502852875163
-7.4625181637956,3.84245097229,281.927278201105,391.5,60.6467394692369
-4.56642105497726,3.84766524841745,281.925862327842,392,60.6445697325753
-5.74675164754035,3.84556717262522,281.924609299994,392.5,60.6418391613938
-0.683846288329946,3.85469772925426,281.922612082583,393,60.6415142315758
-22.3356987675753,3.81582086950846,281.924667472859,393.5,60.6309014160041
-8.21909181501525,3.84098448874705,281.923985796787,394,60.6269961114731
-39.2045521326725,3.78555677482557,281.93090112072,394.5,60.6083680539547
-24.7168047840338,3.81087732705592,281.93397773464,395,60.5966238549742
2.09614632174149,3.85892068302468,281.931787889733,395.5,60.5976198396781
-14.1745050652005,3.829729323785,281.932054739145,396,60.5908848183276
-3.62687935839122,3.84865178494522,281.930564906815,396.5,60.5891615052524
-13.3290378067578,3.83121696360964,281.930700536579,397,60.582828207984
-26.6500818681548,3.80722175345166,281.934024304528,397.5,60.5701654116784
-21.1079878070546,3.81689212583922,281.936101055861,398,60.5601359434259
6.60536641491143,3.86664650510777,281.933360047891,398.5,60.5632744857332
-10.4017104374377,3.83618561451419,281.932864320879,399,60.5583321091525
-1.03320754283074,3.85303759398178,281.930964687677,399.5,60.5578411802045
-23.1116814951502,3.81337596370909,281.933277374883,400,60.5468596561513
0.0871213783214486,3.85493180999041,281.931336594489,400.5,60.5469010519066
-10.0706858745669,3.83671748830184,281.930825558558,401,60.54211596177
-10.548163985759,3.83581819501838,281.930484267308,401.5,60.5371039977313
-13.3642617324834,3.83070030572384,281.930696674945,402,60.5307539638016
6.67589556687224,3.86673126594482,281.927890902345,402.5,60.5339260180616
-36.2499206815963,3.78986789974284,281.933806981402,403,60.5167018547755
17.6348086852226,3.88618169729136,281.930363998295,403.5,60.5250810406772
8.08448173886278,3.86937949839021,281.927200792949,404,60.5289223851805
-15.1195271248518,3.82778078187336,281.92759636456,404.5,60.5217383362471
-15.6418810476293,3.82671830200922,281.928292589507,405,60.5143060906531
-12.0361739056067,3.83308598489988,281.928275575749,405.5,60.508587098148
7.3724627974105,3.86797752162576,281.925393018794,406,60.5120901265866
8.24409122404662,3.86971855594088,281.92228982282,406.5,60.516007309596
-10.4016917968302,3.83632983238301,281.921760322523,407,60.5110649418724
2.26425896667882,3.85907933294575,281.919436112794,407.5,60.5121408053621
23.4344073814101,3.8970721368205,281.915545103891,408,60.52327567274
-13.0072498141717,3.83205310217156,281.915394981272,408.5,60.517095273156
6.36965371486831,3.86680790807401,281.912643770294,409,60.5201218164862
-51.8073203704561,3.76329375708599,281.923754082328,409.5,60.4955055489552
14.1191044374267,3.88024816288118,281.920714727029,410,60.5022142466767
-33.9129875246465,3.79432935599723,281.925792351376,410.5,60.4861004780488
-32.2206870153344,3.79694196080359,281.930834564601,411,60.4707908066368
-18.1734296372433,3.82172404447291,281.93227650518,411.5,60.4621556947895
17.2749713089516,3.88534473779611,281.928693105874,412,60.4703639038282
-7.82763771685318,3.84053786896751,281.92765477212,412.5,60.4666445988574
-3.44917571235327,3.84840730640145,281.926084296927,413,60.4650057217356
33.1394925005846,3.91378264936323,281.922237725061,413.5,60.4807519639154
-6.37834611566071,3.84367100008551,281.920848296945,414,60.4777212903877
-10.1321052967504,3.83688622015628,281.920351622056,414.5,60.4729070167898
-11.9938768422465,3.83346473380141,281.920240333941,415,60.46720812175
-25.297981430688,3.80950061173267,281.923127442497,415.5,60.4551877764698
1.87678916578127,3.85809414192556,281.920979543725,416,60.4560795335395
22.8316729678987,3.89570765317981,281.917098240938,416.5,60.4669280114369
-21.55174591193,3.81642841775487,281.91878660417,417,60.456687691356
-51.9961817217422,3.76240905350673,281.930259344349,417.5,60.4319816862836
-1.979541498798,3.85079596380576,281.928907159277,418,60.4310411064046
-48.5658922154278,3.76778487778746,281.939049457185,418.5,60.4079650046663
17.9646310100026,3.88614814170674,281.935710006441,419,60.4165009057682
-20.2398179254005,3.81779484562912,281.937187048521,419.5,60.4068839487577
-44.0708793934741,3.77524951382726,281.945920907699,420,60.3859436540325
-25.3678339071798,3.80792533579157,281.949276665479,420.5,60.3738901183222
-34.9002032836229,3.79069735502736,281.955178379973,421,60.3573072737593
-2.8736460280772,3.84786601341722,281.953787895162,421.5,60.355941859781
-27.6345248587087,3.80339596573489,281.957383139645,422,60.3428113050225
12.4636095603977,3.87533197069428,281.954132917381,422.5,60.3487333937379
-12.1504198770803,3.8312682887097,281.953940851121,423,60.3429601172169
4.98494356428375,3.86211241732204,281.951269669012,423.5,60.3453287150044
-27.4827484332885,3.80385700957901,281.954696600119,424,60.3322702768709
-26.7618808227398,3.8048736431808,281.958243750996,424.5,60.3195543592504
-23.1421486060332,3.81111040699645,281.960870385253,425,60.3085583587382
-57.2252542446716,3.75079355898116,281.974854516936,425.5,60.2813677579129
-11.4411288435591,3.83134681833342,281.975245421271,426,60.2759315012901
-5.59542030190041,3.84190337803962,281.974071316193,426.5,60.2732728352538
-12.6579573975437,3.82921737260895,281.974149544885,427,60.2672584020914
0.923431830526777,3.85370169324431,281.971974817944,427.5,60.2676971710689
-20.9271209450567,3.81443305120704,281.973818883793,428,60.2577536417731
18.1330723923846,3.88460830635292,281.970096754516,428.5,60.2663695778605
11.0758689083907,3.87230236956775,281.966579184334,429,60.2716322810893
5.48954317163213,3.86249585695692,281.963650960194,429.5,60.2742406395678
6.89451300492589,3.86517831340576,281.960614239588,430,60.2775165699848
-11.6780286482334,3.83189172128106,281.960308173254,430.5,60.2719677503318
-3.47803211430341,3.84659736869772,281.958730655665,431,60.2703151620799
-41.3539883803506,3.77887021755774,281.966373631696,431.5,60.2506657991295
-19.7588542241302,3.81685145467537,281.968277238223,432,60.2412773722004
-17.0946164095302,3.82148608247299,281.969367132417,432.5,60.2331548588593
-31.5503662269117,3.79546515569743,281.97416910468,433,60.2181636906191
3.63682911251005,3.85845207234063,281.971809109487,433.5,60.2198917313238
-34.786552845805,3.78957032982276,281.977410899903,434,60.2033628878087
20.4910370745734,3.8885069466172,281.973704816509,434.5,60.2130992116913
16.3428007701259,3.88145984588704,281.969793816132,435,60.220864499552
33.1284537598358,3.91151815603153,281.965659331521,435.5,60.23660549667
-6.25382377995277,3.84163885049006,281.964197147865,436,60.2336339899764
-0.753751596957088,3.85152642668895,281.962151825012,436.5,60.2332758446249
44.7209055211212,3.93223603467075,281.958814781938,437,60.2545249995062
-6.12735093289984,3.84254692333306,281.957262124461,437.5,60.2516135864329
-10.4582660103516,3.83471382064532,281.956750169807,438,60.2466443374507
-52.6185555229569,3.75986705143382,281.968290003359,438.5,60.2216426112354
-42.5848925971037,3.77667811336176,281.976787145345,439,60.2014083836888
4.19681076344672,3.859923546246,281.974441743476,439.5,60.203402499883
-7.71344842129825,3.83862413031458,281.973404169733,440,60.1997374519986
-5.73378877931078,3.84218046577003,281.972120661648,440.5,60.1970130401288
-61.3648155461451,3.74377101935148,281.987379500927,441,60.1678555252124
-2.48238659448195,3.84734567670017,281.986147912298,441.5,60.1666760182993
23.0252571952867,3.89316385181614,281.982069032548,442,60.1776164778142
0.0527878611686834,3.85239628844109,281.979691400459,442.5,60.1776415599861
1.90021387268597,3.85580492562527,281.977219423145,443,60.178544447314
-8.86209864009833,3.83652732820406,281.976374540677,443.5,60.1743336178511
-50.6961630864646,3.76212105622123,281.987321148802,444,60.1502453171165
-40.6048364180518,3.77915170429608,281.995238102299,444.5,60.1309519139995
6.83739529192119,3.86377999162073,281.992552235723,445,60.1342007049139
-45.8741660632947,3.76966800404356,282.001752538072,445.5,60.1124035778573
-1.06532608564591,3.84926760873762,282.000115640698,446,60.1118973877717
20.7552490555268,3.88852871259063,281.996054693042,446.5,60.1217592520752
4.03969750620219,3.85894508877224,281.99316336595,447,60.1236787158469
10.5782152632621,3.87083009602342,281.989720354354,447.5,60.1287049587612
31.7546769957134,3.9086879245916,281.985559765844,448,60.1437932053391
-12.4027852360633,3.83018938450599,281.985142238416,448.5,60.137900017324
9.31228982962472,3.86913747195218,281.981952644606,449,60.142324755298
10.1315540406005,3.87078272328334,281.978544643873,449.5,60.1471387669663
-60.6062263116198,3.74547435800203,281.993086139461,450,60.1183416960067
-9.37350315032918,3.83517024692429,281.992922218354,450.5,60.1138878725007
-54.2361199168309,3.75556043798644,282.005247837787,451,60.0881175599623
5.32531665375821,3.86099551908241,282.002846326347,451.5,60.0906478861498
-20.2480344845217,3.81513876502521,282.004340721724,452,60.0810270250381
-45.5530956763318,3.77001555301801,282.013602779566,452.5,60.0593824546952
-1.98415781877415,3.84736910415431,282.012064877012,453,60.0584396813701
-2.89732907900355,3.84581840962329,282.010245877577,453.5,60.0570630143812
28.9267855830531,3.90281042827722,282.006036259991,454,60.0708075873033
-17.1616943777044,3.82068841963692,282.00663396995,454.5,60.0626532018406
0.705223447090766,3.85271261761498,282.004401575899,455,60.0629882890237
-52.4037865315604,3.75824170238564,282.015925135016,455.5,60.0380886103744
-19.6950201500929,3.81547795023699,282.01786243008,456,60.0287305142294
-18.4393589238496,3.81758796580424,282.019172167807,456.5,60.0199690459827
11.3232418567929,3.8710499852365,282.015782841913,457,60.0253492885598
-5.90990327936663,3.84029237268722,282.014328151648,457.5,60.0225411958199
-14.0641268028144,3.82562446497775,282.014525070598,458,60.0158586207418
-22.4404156067523,3.81048602422372,282.016708962628,458.5,60.0051960489251
-3.33624814151538,3.84467882745531,282.01511827505,459,60.0036108293805
-61.6251645850224,3.7414945424321,282.030585383885,459.5,59.9743296095215
15.050373419352,3.87711300513974,282.027342566555,460,59.981480800046
-4.95747534072506,3.84144432396961,282.025706833728,460.5,59.9791252537952
-9.73573465113982,3.83287482807084,282.025047820793,461,59.9744993158568
-18.8995339256675,3.81635692801477,282.026353526201,461.5,59.965519195287
-44.3367577453903,3.77094340388655,282.035234276126,462,59.9444525683641
7.82373614425313,3.86389698898912,282.032405229727,462.5,59.9481700195011
-47.4227081877298,3.76528497449833,282.042200816266,463,59.9256371020785
-9.03584834195243,3.83322965066606,282.041863474958,463.5,59.9213437153801
-9.58205361837905,3.83226211993804,282.041238755602,464,59.9167907990416
-8.02379861113023,3.83507735975507,282.040322497828,464.5,59.9129782881491
-7.33427862068033,3.83634100993793,282.039264194516,465,59.9094934029363
-19.7429510397759,3.8140073539552,282.040778881955,465.5,59.9001125324112
-10.661516700406,3.83022165391168,282.040446601916,466,59.895046708788
-11.4064818916212,3.82886032005355,282.040178163622,466.5,59.8896269146774
1.36515875037153,3.85186821383188,282.03778665653,467,59.890275570365
-19.1172123892334,3.81508289952878,282.039071861423,467.5,59.8811920197923
-27.4928870265306,3.79991500881202,282.042687042651,468,59.8681287643024
-28.9167683717823,3.79711209639291,282.046819392542,468.5,59.8543889510621
-62.8994823199399,3.73729735788099,282.063387441654,469,59.8245022386577
30.7432507443867,3.90322341913374,282.059540456468,469.5,59.8391099056763
-33.4692779610125,3.78859472306905,282.064559903375,470,59.8232069658124
-18.9150188704603,3.81433554731234,282.066168541382,470.5,59.8142194875653
-24.0404242399649,3.80500872233902,282.068923569895,471,59.8027966710517
-16.8999657212126,3.81767484048006,282.069985098732,471.5,59.7947666460575
-24.5415624347842,3.80384722271697,282.072869377472,472,59.7831057135443
11.2369860474084,3.86817545150358,282.069439017831,472.5,59.7884449716416
-14.7790716596946,3.82154002016808,282.069698380145,473,59.7814226902491
8.53907853671237,3.86353579678033,282.066437513681,473.5,59.7854800365898
-15.4577902647732,3.82049762490239,282.066835517738,474,59.7781352617998
-12.8779012968141,3.82506074715296,282.066883239222,474.5,59.7720163222118
3.47117270705879,3.85450801193128,282.064185488625,475,59.7736656512138
41.857259923279,3.92278207120945,282.060124553558,475.5,59.7935541438249
1.83044147675745,3.85234680255944,282.05727280947,476,59.794423878773
14.7544842573095,3.87563922238036,282.053383466604,476.5,59.8014344774522
-9.59923222558614,3.83212760168643,282.052462378381,477,59.7968733986921
-44.6065739555206,3.7696595723704,282.061176704824,477.5,59.7756785684966
-4.82477119980904,3.84016828863383,282.059971524269,478,59.7733860766676
-24.2089563103456,3.8053375334692,282.062484576164,478.5,59.7618831820782
8.37219420120233,3.86374505077432,282.059326267626,479,59.7658612332649
-31.4560592859803,3.79239152817182,282.063727001324,479.5,59.7509148750027
-5.42989158030507,3.8387919796978,282.062491628597,480,59.74833486
-13.7612586841427,3.8238130586617,282.06258573972,480.5,59.7417961928211
-8.31948004131404,3.83354145699991,282.061690864241,481,59.7378431887871
16.6980891779033,3.87850627797424,282.057734986541,481.5,59.7457772920668
15.1223532272048,3.87598852127528,282.053721225213,482,59.7529626838237
-7.24045698865186,3.83608183881974,282.052380705592,482.5,59.7495223779942
5.41894465983608,3.85884457595203,282.04940109941,483,59.7520971915636
-1.69838062263854,3.84618676312433,282.047244330435,483.5,59.7512902053795
-3.08900893892686,3.84373207554297,282.045349221435,484,59.749822461634
-1.02565408277585,3.84747599934986,282.043164191708,484.5,59.7493351217153
-15.8627314212602,3.82083649115173,282.043610828864,485,59.7417979389842
-2.82640443762841,3.84415738400814,282.041803583378,485.5,59.7404549718651
-15.0084800444448,3.8222738329232,282.042096508516,486,59.7333236869932
-28.3008544160659,3.79833548658905,282.045744602284,486.5,59.7198765254979
-18.4058842550971,3.81575311331601,282.047053721107,487,59.7111309627525
-23.840759252413,3.80585392746898,282.049604164177,487.5,59.699803017132
63.6260495806419,3.95999523066676,282.048247395767,488,59.7300349582403
6.33946986388766,3.86083281829861,282.044814544746,488.5,59.7330471597026
4.64152834554388,3.85791717879885,282.041829223238,489,59.7352525836212
-27.89839262074,3.79963543499848,282.045091329031,489.5,59.7219966519975
16.4122537414091,3.87880205611342,282.041389341348,490,59.7297949404633
4.52932552338721,3.85780094073544,282.038359201363,490.5,59.7319470511693
-13.9557990949317,3.82468688694124,282.038320488768,491,59.7253159480419
-18.1546381467559,3.81702120949826,282.039340338195,491.5,59.7166897649783
-16.4982442940117,3.81981678799902,282.040052991061,492,59.7088506180695
-28.9194586917194,3.79744266016597,282.043842051056,492.5,59.6951095265226
6.0429718696103,3.8599124988576,282.04100582838,493,59.6979808468526
7.68987639203908,3.86302640099131,282.037712935673,493.5,59.7016346944787
-9.57467293186582,3.83215988515619,282.036839468984,494,59.6970852850762
12.2261459456925,3.8712657098588,282.033276432217,494.5,59.7028945428668
-4.81360361487321,3.84089748367211,282.031558183263,495,59.7006073573199
23.2100974156683,3.89104020852321,282.027443842916,495.5,59.7116356437343
-14.4193487892787,3.82399202832402,282.027385335046,496,59.7047842847973
-15.9269043437381,3.82114438696524,282.027924494731,496.5,59.6972166102783
-35.5910677593453,3.78590809147243,282.033618509248,497,59.6803055012031
-33.9090550242215,3.78846364554448,282.039066421633,497.5,59.6641936011041
-22.5320235844769,3.80837361853468,282.041412595036,498,59.6534875017227
-18.7197763220548,3.81500835607512,282.042746781558,498.5,59.644592793045
-11.8505427715337,3.82721476025555,282.042580244184,499,59.6389620032422
-23.7481970003065,3.80579254961461,282.045050191692,499.5,59.6276780386102
14.5590642695659,3.87443536131004,282.041414357838,500,59.6345957834095
