curr_dens,Volts_tot,Temp_tot,t_tot,SOC_tot
17.2147092836582,3.76424708190334,305,0,27
17.2147092836582,3.76441701182384,304.998053017725,0.5,27.0081795755149
-11.7072878191245,3.71887785553913,304.999945458334,1,27.002616853356
-3.96339895149961,3.73105136439611,305.000704942585,1.5,27.000733642871
24.4330723060247,3.77566627265134,304.99836267259,2,27.0123430262591
-29.290819438014,3.69107305984922,305.004401566568,2.5,26.9984254825156
22.4592278791572,3.77254568571481,305.0024317312,3,27.0090969929906
-29.0116903471079,3.69143764490248,305.008410208062,3.5,26.9953120775383
24.7548713025884,3.77604798976398,305.006307316599,4,27.0070743638393
-23.717328586547,3.69977769929784,305.010850624162,4.5,26.9958050663455
-8.6951967766496,3.72338750368916,305.012573787543,5,26.9916735403651
14.010379294449,3.75922047254752,305.010939480965,5.5,26.9983305772945
-18.819308028159,3.70737426676397,305.014389501059,6,26.9893885760897
-43.1932851575436,3.66869562521906,305.025218911005,6.5,26.9688652705919
-2.0731584350352,3.73338395575314,305.026003635846,7,26.9678802085909
-4.3834911384141,3.72972588427225,305.026674223632,7.5,26.9657973911471
-28.1283753870574,3.69198322849719,305.032712332959,8,26.9524321831265
-28.837966004297,3.69059351742695,305.039248019517,8.5,26.9387298128603
16.6694904554946,3.76249347937667,305.037501454512,9,26.9466503274464
-0.0702241684735849,3.73626929593908,305.037249183046,9.5,26.9466169604067
-7.39015795369111,3.72466609459337,305.038412939535,10,26.943105524108
2.24743544799314,3.73992317260478,305.038057878936,10.5,26.9441733938965
0.246300222211813,3.73679576645958,305.037897324529,11,26.9442904235386
4.05087059469856,3.74284730373046,305.037208410865,11.5,26.9462151962075
8.53698283343269,3.74999353924385,305.035917846515,12,26.950271546774
0.712805205211497,3.73771009732008,305.035627170864,12.5,26.9506102364322
-37.4584831268167,3.67718035629683,305.044344700698,13,26.932811824251
-15.1871426786717,3.71209675537201,305.047534862107,13.5,26.9255956477621
1.3071978193968,3.73820258076432,305.047382398899,14,26.9262167632918
-24.3131107868051,3.69751073050116,305.052314542084,14.5,26.9146643796642
-31.7258238960762,3.68553512498942,305.059623012764,15,26.8995898426473
14.3183907938216,3.75833365967681,305.058048080846,15.5,26.9063932313552
4.79110846709068,3.74347439917473,305.057058431291,16,26.9086697283242
-18.0298421914966,3.70727114599021,305.060379118038,16.5,26.9001028421051
-38.8102929815126,3.6741826542784,305.069803463989,17,26.881662116969
5.8317306608707,3.74471631010963,305.06924849087,17.5,26.8844330659602
3.68127120597088,3.74141044331998,305.0684635554,18,26.886182223342
-11.7553429203426,3.71693687556652,305.070392601106,18.5,26.8805966677839
-25.942113764415,3.69427506038073,305.075895782143,19,26.8682702627859
17.5522269577839,3.76306954731875,305.073909525874,19.5,26.8766102099492
25.3588086275891,3.7754453853947,305.070981105202,20,26.8886594572946
-23.2038826525743,3.6989164310665,305.075335198523,20.5,26.8776341238272
-2.80212164807492,3.73116369103233,305.075858354002,21,26.8763026946846
-0.903963002529462,3.73417882905537,305.075833401486,21.5,26.8758731763279
-43.9411917794586,3.66594118502245,305.0867514601,22,26.8549945027207
-3.69870599077001,3.7293485265382,305.087678537264,22.5,26.8532370611944
-3.45761081071642,3.72974000220576,305.088065440255,23,26.8515941761324
-14.8827557857584,3.71154625152783,305.090711218038,23.5,26.8445226291888
19.3262398123231,3.76564380032663,305.088409332325,24,26.8537054992193
1.81400358225747,3.73823967587672,305.087709428732,24.5,26.8545674236957
13.2715149895111,3.75639399741435,305.085769856485,25,26.8608733889761
16.025512519827,3.76086372371486,305.083476483213,25.5,26.8684879172066
-7.78846728114806,3.72333565349891,305.084436302343,26,26.864787224083
-37.2490790056231,3.67649484437274,305.093147652583,26.5,26.8470883103478
7.09036173419411,3.74654344971571,305.092342991213,27,26.8504572983613
-4.67987011504504,3.72796030345801,305.092808209651,27.5,26.8482336563366
-7.47384478487753,3.72349067897239,305.09390914007,28,26.844682456209
28.0283537712675,3.77935872902181,305.091064423609,28.5,26.8580001389217
5.32727108673583,3.74406622182372,305.089788909077,29,26.8605313937587
-13.0878095247135,3.7148642594244,305.09190319813,29.5,26.8543127161983
22.1189956163737,3.77039887252432,305.089429940062,30,26.8648225651871
-1.84596730879165,3.73285421114268,305.089268120223,30.5,26.8639454531342
-5.45359618548264,3.72710441602057,305.089959877818,31,26.8613541748795
-40.4108356270118,3.67160583378752,305.099640238566,31.5,26.8421529513104
11.9246211648584,3.75421166924054,305.098303579356,32,26.8478189394894
-40.9723215175516,3.67045820928327,305.10801127981,32.5,26.8283509256907
-12.2720427685112,3.7155707135342,305.110494923043,33,26.8225198600076
12.9509245851808,3.75552268950354,305.108665272455,33.5,26.8286734966382
-17.3025103990167,3.70764120796993,305.111627961332,34,26.8204522023907
-27.4015297702303,3.69142734019588,305.117514075862,34.5,26.8074323553351
14.2872173405838,3.75742079282249,305.115707313744,35,26.8142209319651
-41.3300567925023,3.66935226163233,305.125542446342,35.5,26.7945829401175
-16.4859732573551,3.70835112125419,305.128952346787,36,26.7867496237964
-6.17638774239633,3.72467579052385,305.129879793652,36.5,26.7838149108648
-25.9590008668938,3.69313365545371,305.135251270292,37,26.7714804819538
46.2713375966811,3.80623100613592,305.132406288507,37.5,26.7934663252121
-20.6421019645073,3.70191452919271,305.135838753728,38,26.7836582227909
16.4701179734559,3.76065322616551,305.133697278096,38.5,26.791484005468
-15.6410042875071,3.70989432565809,305.136189955555,39,26.784052176467
-14.4730309178564,3.71161995827879,305.138766614103,39.5,26.7771753104467
-25.0115057623302,3.69471707718319,305.143928265365,40,26.7652910841868
-22.1078444587079,3.69911594953104,305.148464157506,40.5,26.7547865336746
14.8357319053102,3.75767104746519,305.146436349982,41,26.7618357372039
-53.495264973564,3.64964023820202,305.160724184874,41.5,26.7364174421673
4.06057440715088,3.74034496925172,305.160364237839,42,26.7383468256062
-28.5921896625357,3.68840706365724,305.1663255619,42.5,26.7247612360601
-15.7015029284795,3.70870724606033,305.169329998801,43,26.7173006611073
13.0562278759926,3.75436469919582,305.167332434051,43.5,26.7235043326357
12.990387718576,3.75443514739812,305.165045853,44,26.7296767201888
45.4006931489169,3.80464589532847,305.16166961281,44.5,26.7512488764142
0.250646000514488,3.73488096519508,305.160792060757,45,26.7513679709545
-19.9211680693661,3.7027605145826,305.164394064559,45.5,26.7419024205415
-46.6914584618414,3.66021379673312,305.176420547308,46,26.7197169566979
-5.09449193242379,3.72576844999894,305.177416720665,46.5,26.7172963069626
1.76213305799352,3.7366811913973,305.176735269151,47,26.7181335851401
13.517951757213,3.75535007415994,305.174488089262,47.5,26.7245566449422
30.9742432681398,3.78273071832313,305.171043253385,48,26.7392740681443
24.8125399954601,3.77348947555881,305.167722676125,48.5,26.7510637557461
-2.26830724070633,3.73106415608174,305.167404302651,49,26.7499859687176
21.651089889921,3.76877457873037,305.164606700933,49.5,26.7602734921266
5.85658609859124,3.74414127820107,305.163117514143,50,26.7630562511883
-11.2232663346542,3.71705119584409,305.16465527835,50.5,26.7577235120176
-36.0511330557808,3.67749855843903,305.172865136975,51,26.7405938027458
-14.9266501388107,3.71067639070988,305.175698064446,51.5,26.733501399384
-29.7416026485046,3.68697359834412,305.182089520627,52,26.7193696658304
-16.6366480116536,3.70755156460909,305.185241161878,52.5,26.7114647563438
0.271606462879886,3.73437843542325,305.184902299251,53,26.7115938102556
-13.6018550371882,3.71231050492071,305.187005266794,53.5,26.7051308837788
8.19696025051071,3.74690197856914,305.185500041327,54,26.7090256724886
-35.2354787776433,3.67792237873644,305.193306132556,54.5,26.6922835216502
27.5164896170616,3.77700520925259,305.190436622506,55,26.7053579919198
-26.0325914336587,3.69252412738858,305.195323973347,55.5,26.6929885964236
34.1080049535962,3.7872433339167,305.192163964203,56,26.7091950276555
-8.19189627862283,3.72110069394718,305.192782885608,56.5,26.7053026450937
-8.04281240277254,3.72127215976331,305.193788602065,57,26.701481099791
14.3163249647977,3.75668099668205,305.191531838691,57.5,26.7082835069195
-45.784050519547,3.6615143441478,305.202764221368,58,26.6865291982969
-21.568695084597,3.69936169840007,305.207297762199,58.5,26.6762808248103
0.927947775444226,3.73505839653183,305.206857043655,59,26.6767217395407
28.6183625152096,3.77864360786004,305.203487480851,59.5,26.6903197651274
34.9638414845181,3.78869709456027,305.199764213236,60,26.706932847405
-1.77341641291672,3.73147967389422,305.199192194567,60.5,26.7060902079372
7.30824042002747,3.74587153675567,305.197645752088,61,26.7095627210893
-19.419082580652,3.70343310900448,305.200942935192,61.5,26.700335736783
-13.7732984283942,3.71223570177279,305.20323702695,62,26.6937913489151
-6.55358824675829,3.72362263062549,305.203992210125,62.5,26.6906774090236
24.0802586572985,3.7719500354844,305.200955959101,63,26.7021191528754
-26.3680138560116,3.69228079117019,305.205891502577,63.5,26.6895903812906
-1.89772923707766,3.73099969478725,305.205962525741,64,26.6886886745382
3.77016139292916,3.74000931035506,305.204869380931,64.5,26.6904800681254
-44.6316596824616,3.66321335215323,305.215771531463,65,26.6692733184375
-3.48161232150011,3.72812021412011,305.216338754405,65.5,26.6676190290488
-2.46694757418407,3.72974104434183,305.216219172883,66,26.666446857992
-28.0753795771306,3.68893252262187,305.221931996105,66.5,26.6531068309501
-9.15210637837144,3.71884884614718,305.223346585754,67,26.6487582042025
-22.8502695047276,3.69694173223494,305.227719031656,67.5,26.6379008901538
-39.8553915491025,3.66975392956622,305.237381827605,68,26.6189635860448
-3.41986571685413,3.7274220868602,305.237842982739,68.5,26.6173386355782
12.1072976139439,3.75211502099775,305.235609769647,69,26.6230914225398
-20.0663131830797,3.70104576177417,305.23902720807,69.5,26.6135569063721
-24.2380972505516,3.69422773649161,305.243898463385,70,26.6020401654541
-43.575319592552,3.66335564364828,305.254899514487,70.5,26.5813353361525
-35.7001648695866,3.67538782582109,305.263530777125,71,26.5643723895448
6.37498692162671,3.74224064686998,305.26232367275,71.5,26.5674014669502
4.51560699527047,3.73942102837359,305.260885352694,72,26.5695470592925
-12.2016775965672,3.71284386139277,305.262512456163,72.5,26.5637494276471
-33.8073795988479,3.67829981066002,305.270097547617,73,26.5476858386643
-13.9000777194669,3.70977739339932,305.272560084192,73.5,26.5410812115691
-8.80987028367041,3.71785385612055,305.273664955432,74,26.5368951984292
-8.79809581218152,3.71785305557814,305.274703011411,74.5,26.5327147799337
-18.3717791876205,3.70250923829334,305.277908644056,75,26.5239854222238
-29.1836384451345,3.68511275233342,305.28417486725,75.5,26.5101188055689
27.3952889000197,3.77479834141098,305.280852107611,76,26.5231356872727
-6.64606527476932,3.72127415088762,305.281062197852,76.5,26.5199778068871
5.4549555170486,3.74056306630674,305.279573527872,77,26.5225697310286
-7.89788506071018,3.71936106072516,305.280239049038,77.5,26.5188170480063
16.3398498582637,3.75785742078735,305.277486912739,78,26.5265809337401
-3.36186707094269,3.72678049579308,305.277178430307,78.5,26.5249835413517
-3.84274151291151,3.72601266170118,305.277159720069,79,26.5231576612935
41.7001471079428,3.79729512059406,305.273405456933,79.5,26.542971501692
-26.4667848867234,3.690335688774,305.278147355688,80,26.5303957990152
-9.28479833344601,3.71751131830491,305.279439692433,80.5,26.5259841236359
-44.1974402045897,3.66189382837764,305.290377053136,81,26.5049836934942
-14.4375048163809,3.70879237701822,305.293029239322,81.5,26.4981237077142
-18.2198269191015,3.70264789082972,305.296201081979,82,26.4894665501812
-0.148446123287259,3.73141953997325,305.295672204369,82.5,26.4893960159506
-14.9940039665985,3.70773482394397,305.297901210379,83,26.4822716093925
2.14097871701171,3.73502656212032,305.296957057483,83.5,26.4832888962257
-18.6378831266267,3.70187883327423,305.300032372783,84,26.4744330991303
-35.1215543868186,3.67543894304474,305.308060908824,84.5,26.4577450795085
17.0641616293196,3.75833928761646,305.305472747446,85,26.4658531222495
24.7747563844006,3.77063602087757,305.301736887465,85.5,26.4776248569545
12.7595554662566,3.75203694553296,305.298961926957,86,26.483687564477
24.115903510725,3.770015208784,305.295366400099,86.5,26.4951462449942
37.1953486061113,3.79045049877375,305.291307439041,87,26.5128196287101
-19.4151667622234,3.70156657408513,305.294160588846,87.5,26.5035945050063
13.864252044867,3.75434501536944,305.291776473429,88,26.5101821095188
-2.15849248010025,3.72906582696171,305.291227187106,88.5,26.5091565010146
-8.52096923291154,3.71889753536109,305.29202624609,89,26.5051077593163
16.9878556983638,3.75931474049604,305.289225887824,89.5,26.5131795452658
10.154866180877,3.74871166690495,305.286879045762,90,26.5180046337063
10.2327333791995,3.74893486784263,305.284599723988,90.5,26.522866720775
-39.2410793340061,3.67032460934309,305.293455096222,91,26.5042213073433
-1.14873124885089,3.73058623174875,305.293345252213,91.5,26.5036754872634
-37.0913857566945,3.67330666703507,305.301661877515,92,26.4860515015341
-28.8021673580122,3.68609287587704,305.307891378416,92.5,26.472366141008
-20.5239156142373,3.69904046924982,305.311757721544,93,26.462614194875
-4.94405803640272,3.72379898267031,305.312059043887,93.5,26.4602650238613
-23.3850298729011,3.69430863821365,305.316389680297,94,26.4491536182248
11.1440188349517,3.74923002181907,305.314261907294,94.5,26.4544487029166
-40.3924406312195,3.66724070557173,305.323619732568,95,26.4352562197366
19.9087149371052,3.76286014499887,305.320822320103,95.5,26.4447158530391
4.96323037519395,3.73947422730814,305.319020250394,96,26.4470741337967
-26.6508761360292,3.68905956642026,305.324112764746,96.5,26.4344109600944
0.988015413641774,3.73300632838738,305.323420471136,97,26.4348804159855
-6.4733595272826,3.7211441982031,305.323735092787,97.5,26.4318045967999
-31.1489828583914,3.68168005330813,305.330284289082,98,26.4170041460165
-12.3528025718381,3.71144001027303,305.332203895119,98.5,26.4111347072829
23.874235947887,3.76888592434829,305.328745764729,99,26.4224785593677
-27.5366638645623,3.68738842866152,305.333896824314,99.5,26.4093945032969
-26.0584203596125,3.68949325876121,305.339212532151,100,26.397012835177
-3.88319382869653,3.72476730436103,305.339327769785,100.5,26.3951677341859
-21.1679969221048,3.69710793853218,305.343035564695,101,26.3851097525801
8.23954718347131,3.74396070513283,305.341161407669,101.5,26.389024776487
-24.1523000550599,3.69231472065415,305.345529119997,102,26.3775488021383
-32.2613162031978,3.67916420493414,305.352658926451,102.5,26.3622198257527
7.61452138024518,3.74266005688155,305.350980791067,103,26.3658378684168
-71.2373630873758,3.61802055618291,305.373112541436,103.5,26.3319894088665
18.3261708178416,3.75912674391295,305.370712884668,104,26.3406970957426
-37.2798119492065,3.67062435426971,305.378993997963,104.5,26.3229835792378
-58.925824413176,3.63620506534991,305.396240134921,105,26.2949849518648
9.26088074404557,3.74425376935046,305.394597072677,105.5,26.2993852627927
-10.3232861919714,3.7131048394179,305.395517135534,106,26.2944801495214
-8.42827167203106,3.71612453010648,305.396240392139,106.5,26.2904754531036
-49.5099814423053,3.65055414074863,305.409269683395,107,26.2669507670181
8.78341506715149,3.74324226344365,305.40751403579,107.5,26.2711242099521
-11.2438102859453,3.71135271669664,305.408612992438,108,26.2657817093154
4.03361957504816,3.73580380183028,305.407045931417,108.5,26.2676982851558
-37.1013215103652,3.67002447414766,305.415403721112,109,26.2500695784494
30.2840847719902,3.77702215152898,305.411577070015,109.5,26.2644590725855
-23.5273324360429,3.69180115552912,305.415485940822,110,26.2532800518333
-5.73462944843915,3.7201737910707,305.415761743994,110.5,26.2505552405193
-32.8842254623319,3.67664790035081,305.422823656762,111,26.2349302885676
-61.3800171208939,3.63140131117799,305.441089252898,111.5,26.2057655506173
25.6192656411944,3.76920878565281,305.437739537457,112,26.2179385542096
-7.3532715307504,3.71712709867128,305.437769812835,112.5,26.2144446445085
-28.8122611129505,3.68266980028777,305.443584292397,113,26.200754487931
-10.5513435955246,3.71176598271597,305.444894469469,113.5,26.1957410130996
-15.1245811704483,3.70438548049813,305.447034045852,114,26.1885545627346
-4.54490000444319,3.72131497991055,305.446916583701,114.5,26.1863950518081
-35.6422675209912,3.67144275075458,305.454867956099,115,26.1694596151471
-17.4387748619159,3.70032317071553,305.457895009276,115.5,26.1611735747893
-26.9304172777257,3.68497516336693,305.463292182685,116,26.1483775770096
-23.8777746890636,3.68967924464496,305.467934694423,116.5,26.1370320434906
-21.9174091425936,3.69267288724399,305.47199490094,117,26.1266179783897
-9.89270506262388,3.71190197075595,305.473046477395,117.5,26.121917455902
35.5111565979137,3.78383935210335,305.468472058567,118,26.1387905951592
-63.8422034654456,3.62658385835594,305.487064809105,118.5,26.1084559484521
6.20664498546206,3.73760880274756,305.485669396395,119,26.111405038124
20.0757682188978,3.75977655141141,305.481736588354,119.5,26.1209440468555
-39.9114095950898,3.66405442204153,305.490828676303,120,26.1019801257511
0.522130074393212,3.72859298908313,305.489991283385,120.5,26.10222821605
-13.277957424222,3.70648758389419,305.491475141909,121,26.0959191896444
-62.584901780779,3.62799110515023,305.510056581869,121.5,26.0661819503001
-2.59653725651734,3.72305286402717,305.510086270495,122,26.0649482046576
-25.3364328784163,3.68650352141777,305.514781613516,122.5,26.0529095891577
-27.7266940050343,3.68248300802012,305.520467208895,123,26.039735240195
-48.6058635031708,3.6489484575424,305.533474321194,123.5,26.0166401460844
-2.5104891074415,3.72252309155504,305.53324773942,124,26.0154472862519
2.53568531069553,3.7307205549842,305.53151344797,124.5,26.0166521180698
-19.8931281465671,3.69470834376694,305.534610700575,125,26.0071998908366
-13.6653094104992,3.70463813935675,305.536384346464,125.5,26.0007068139907
-57.7628328585823,3.63414499381622,305.552984135842,126,25.9732607824872
-7.660672218128,3.71377771384075,305.55390259188,126.5,25.9696208112352
-0.378315779499419,3.72555078678459,305.552691091451,127,25.969441054352
12.0403516889457,3.74554245660071,305.549472504664,127.5,25.9751620319324
-12.7972405772245,3.70584225278963,305.550632142863,128,25.9690814183154
-5.78291852146386,3.71710447853115,305.55051325278,128.5,25.9663336624304
-21.4725232935631,3.69181724678851,305.554081348494,129,25.956130985006
0.177419899454732,3.72658307612428,305.552915474876,129.5,25.9562152861371
-39.1581230574468,3.66335823433828,305.561973487511,130,25.9376092894111
2.30670637579379,3.72977367893592,305.560651585375,130.5,25.938705321803
-18.0729701484823,3.69702765073678,305.563208783237,131,25.9301179433191
-9.44667830120476,3.71084880246324,305.563915328534,131.5,25.9256293506129
0.486270276792592,3.72684435906837,305.562524099165,132,25.9258604021157
-8.04610268194359,3.71318281494311,305.562697872421,132.5,25.9220372934356
-22.0533882792771,3.69056965014285,305.56642739234,133,25.9115586177973
-6.84388885687871,3.7149637374913,305.56660653909,133.5,25.9083067414631
-1.12356003141428,3.724191638735,305.565467025241,134,25.9077728814965
4.05534001121258,3.73257634710717,305.563365252457,134.5,25.9096997778102
-27.6721254092371,3.6815587982791,305.568569065882,135,25.8965513571361
-37.6317634759999,3.66533664092878,305.577415105034,135.5,25.8786706107326
10.1804949732632,3.74198833896854,305.57482056817,136,25.8835078767033
-20.5986402853076,3.69260600889666,305.577931997987,136.5,25.8737204251151
-3.69867265742448,3.71975219623228,305.57742390559,137,25.8719629994271
-40.5587019624008,3.66042660860023,305.587009373646,137.5,25.8526915171138
-6.26109167297436,3.71532154573938,305.58727687551,138,25.8497165570781
19.0690260748959,3.75591694569479,305.583226603832,138.5,25.8587772119056
-13.2794052523122,3.70429163865425,305.584347798802,139,25.8524674975639
-14.0147144390836,3.70303314347508,305.585998031879,139.5,25.8458084007889
7.05973596043294,3.73690920766488,305.583520821003,140,25.8491628369546
10.670106241958,3.74281644263294,305.580307700399,140.5,25.8542327419016
-6.56759741963812,3.71529863713595,305.579997056896,141,25.8511121455465
8.76942698725824,3.73992741047543,305.577201550652,141.5,25.8552789420391
59.2277799715035,3.81790858277296,305.572685165378,142,25.8834210437078
34.6496205257095,3.78135929574642,305.567270958814,142.5,25.8998848237801
-9.33033073473106,3.71199596062733,305.567293590461,143,25.8954515136633
-33.8259950772913,3.67252364592126,305.574394014945,143.5,25.8793790795291
-12.9771887489834,3.70569668848734,305.575991349502,144,25.8732129634713
-0.929911609955091,3.72499502137319,305.574828408594,144.5,25.8727711156242
-6.09383151762112,3.71671903736274,305.574522283765,145,25.8698756293135
-8.8336754755761,3.71228250034475,305.574850230053,145.5,25.8656783051277
-11.022673331345,3.70870438056852,305.575695439243,146,25.8604408777971
-2.45143299211233,3.72243831771647,305.574792926926,146.5,25.8592760784997
-14.6796945715822,3.7027575179359,305.576424708037,147,25.8523010161675
-53.7041930929516,3.64022891154667,305.591044764678,147.5,25.8267834488573
-10.6759651255782,3.70860201921374,305.592406491777,148,25.8217107600595
-28.1851129027943,3.68031814220194,305.597861724088,148.5,25.8083185931872
3.51755671502707,3.73121591134566,305.596080826579,149,25.8099899615679
-19.797783170925,3.6937296752833,305.59896321195,149.5,25.8005830375353
-52.0620483611374,3.64192389038055,305.613087443309,150,25.7758457359047
-33.3744638860729,3.67121171128872,305.620793418089,150.5,25.7599878469838
-8.18114825819803,3.7116384260167,305.621298577468,151,25.7561005713479
26.4467430908605,3.76697703702264,305.616560324075,151.5,25.7686667511579
6.82393295694009,3.73616886632205,305.613608153996,152,25.7719091454389
-2.67027477400153,3.72103862267016,305.612474857557,152.5,25.7706403633875
2.71580309538759,3.72973645721661,305.610477187285,153,25.7719307782377
28.8088689659647,3.77120654119511,305.605565999012,153.5,25.7856193230353
25.8479554595539,3.76688324433922,305.600622103514,154,25.7979009886798
-20.7788591152213,3.6925960062769,305.603452166824,154.5,25.7880279060476
-25.4205438679689,3.6849189947859,305.608104317252,155,25.7759493251797
-10.5879406479122,3.70861688569486,305.608991788041,155.5,25.7709184612453
-25.1210498875828,3.68510361300666,305.613458396013,156,25.7589821850536
4.07354456942396,3.73197008008551,305.611499018459,156.5,25.7609177312699
-15.3448316824848,3.70077245989079,305.613168072707,157,25.7536266287922
-15.4488748733135,3.70049828182439,305.615088051541,157.5,25.7462860901537
-30.4578316154137,3.67618143626608,305.621252913252,158,25.7318140401403
-29.767167267038,3.67702310307943,305.627414869684,158.5,25.7176701595488
-14.5900531678398,3.70128886579345,305.629319177345,159,25.7107376903629
-24.784595226416,3.68473555578094,305.633784112112,159.5,25.6989612807285
12.7928973452833,3.74513806717831,305.630514897545,160,25.7050398306573
13.460343277033,3.74639819907509,305.626751232286,160.5,25.7114355177686
11.9433995727905,3.74416870948789,305.623184999378,161,25.7171104285151
6.96944800045706,3.73638360665303,305.620329689458,161.5,25.7204219643231
10.1466920098218,3.7415757447938,305.617086829024,162,25.7252431688031
16.9236200081867,3.75249366012977,305.613023975298,162.5,25.7332844331406
-32.9490381983469,3.67255089825677,305.619540810623,163,25.7176286853933
18.8502783948662,3.75545283705768,305.615772679493,163.5,25.7265854021794
-14.310747440806,3.70250896735885,305.616998682473,164,25.7197856452135
-24.7361849451366,3.68556777140865,305.621357669724,164.5,25.7080322377422
-8.81582382384863,3.7110543919641,305.621814577514,165,25.7038433957755
-7.46661851583346,3.71319423140303,305.621787832666,165.5,25.7002956292123
-23.0966339025635,3.68792295596853,305.625617421307,166,25.6893212550283
1.01706667143689,3.72666492476075,305.624113994131,166.5,25.6898045146353
-43.1219718431582,3.65563399808543,305.634403651706,167,25.6693150936854
-11.9056213393648,3.70549305115908,305.635809399595,167.5,25.6636581332806
12.8506145531089,3.74527829162418,305.632372191385,168,25.6697641075621
-15.9690024179155,3.69907684850003,305.63407506575,168.5,25.6621764301275
5.67606098108099,3.73388844357739,305.631692945509,169,25.6648734126125
-45.2951640393239,3.65192142461474,305.642751855364,169.5,25.6433513985827
-43.9561793090268,3.65359124441002,305.654010006562,170,25.6224656036453
-12.4930319111638,3.70391076729398,305.655559846512,170.5,25.616529534889
12.4606243034525,3.74408189289567,305.652116928289,171,25.6224502051584
-11.9355035030927,3.70498933806295,305.652827726975,171.5,25.6167790462325
22.8123212229189,3.76065374813418,305.648313047289,172,25.627618329141
-31.3003535328617,3.67395323036024,305.654280296078,172.5,25.6127459545253
-9.29212240600957,3.7092498434894,305.654883998595,173,25.6083307991102
-41.6224265457492,3.65705030222075,305.664780765179,173.5,25.5885538876657
-2.86741805918992,3.71925267861697,305.664169459091,174,25.587191432909
38.5343051758633,3.78487507897138,305.658748132619,174.5,25.6055010223368
-38.3097149615597,3.66254716559619,305.66690253202,175,25.5872981470328
8.72662168305818,3.73808488707051,305.664261176689,175.5,25.5914446045693
59.9215880008966,3.81729917377321,305.659405445218,176,25.6199163693811
-1.30463931735588,3.72275657169898,305.65741863459,176.5,25.6192964695245
-12.2831293485355,3.70504698547726,305.658275165169,177,25.6134601360488
23.1763747972511,3.76171702141228,305.653770103807,177.5,25.6244723991485
-16.0496814087708,3.69913706425805,305.655284209197,178,25.6168463870614
15.9122428175384,3.75035222970983,305.651507777408,178.5,25.6244070951508
-22.829393648898,3.68824476577967,305.654887934673,179,25.6135597002727
-20.6082141452676,3.69161229070285,305.658107326509,179.5,25.6037676996614
-13.0072001057162,3.70371974433335,305.659373609796,180,25.5975873236964
9.46104603832944,3.73981902002892,305.656331990743,180.5,25.6020827432382
-7.56276981738215,3.7125768596515,305.656028656637,181,25.5984892903483
-13.9183001530742,3.70226848243182,305.657357284387,181.5,25.5918760048571
-5.41994376578648,3.71590122383599,305.656870145598,182,25.5893007165622
-48.1825007419205,3.64706323404536,305.66907621621,182.5,25.5664067834249
-11.1640618154004,3.70616024505363,305.670288261663,183,25.5611021753036
4.19884455484281,3.7309134248816,305.667985346643,183.5,25.5630972578546
18.6356315672614,3.75406909997639,305.663638755284,184,25.5719519851207
-9.3159902124066,3.70946200613036,305.663613899279,184.5,25.5675254889085
-16.0623825645456,3.69849746950467,305.665487081768,185,25.5598934418625
4.98623893102735,3.73235627066674,305.66312522676,185.5,25.562262655144
-1.87608310152758,3.72141061896539,305.66171795766,186,25.5613712335609
22.9545342572974,3.76107851729307,305.657089616009,186.5,25.5722780890456
-16.0507936675666,3.6988149928244,305.658607012246,187,25.5646515484683
13.3301425144529,3.7459631142565,305.655108635155,187.5,25.5709853706389
-7.41378717987048,3.71281568572874,305.654727664671,188,25.5674627069047
16.1830467522867,3.75062070542338,305.650821604559,188.5,25.5751520875843
-9.55498194049073,3.70951194885099,305.65087748377,189,25.5706120343637
-16.3808802417112,3.69840784959673,305.652823636497,189.5,25.562828653028
-42.2258848984421,3.65665528369151,305.662857356001,190,25.5427650081229
-33.7838573396605,3.66975845479196,305.670337854672,190.5,25.5267125957503
11.1563679048903,3.74197455167183,305.667291235542,191,25.5320135481072
-2.44432000572026,3.72029379883893,305.665920196185,191.5,25.5308521285479
22.3547508177118,3.75995022313121,305.661325369922,192,25.5414739967083
1.16397635240465,3.72640975060136,305.659193795634,192.5,25.5420270605048
-52.4261235338456,3.64027142053799,305.67297146439,193,25.5171167684207
-4.70645736787679,3.71649908429918,305.672820338579,193.5,25.5148804934529
12.1835918132653,3.74366116526915,305.669281139931,194,25.5206695316317
-27.0502758861414,3.68055833595205,305.673938772945,194.5,25.5078165829896
-24.7653177152514,3.68400460996332,305.678392144417,195,25.4960493330718
-6.19379969292625,3.71386580082142,305.678165007016,195.5,25.4931063468455
-34.54064191247,3.66802128423767,305.685445851974,196,25.4766943480018
1.58988834091175,3.72615208649643,305.683838980506,196.5,25.477449784038
-33.4722464623327,3.66952223990896,305.690687033941,197,25.4615454336896
-27.3795400766845,3.67905965245219,305.696045515655,197.5,25.448536035045
-13.0807293664016,3.70202235520079,305.69740478888,198,25.4423207216244
9.31690904131436,3.73815419555379,305.694270306367,198.5,25.4467476544185
20.3978234820518,3.75597753575477,305.689603390761,199,25.456439687828
-14.4692800667291,3.70018065840223,305.69073111443,199.5,25.449564604026
-47.8523279526117,3.64627009517205,305.702969615785,200,25.4268275526123
17.9895056220337,3.75192392546093,305.699203168733,200.5,25.4353752728954
11.2005989097348,3.74133941177595,305.695473179054,201,25.4406972416307
3.14974054127219,3.72857928970644,305.693028480286,201.5,25.4421938420197
39.1605073851573,3.78548591579916,305.687505375029,202,25.4608009716599
8.24910044813242,3.73727567488111,305.684039573142,202.5,25.4647205348041
27.0054377717016,3.76711435824717,305.678981807641,203,25.4775521785994
-57.4836883616807,3.63210968324296,305.694509807203,203.5,25.4502387827073
-35.8529302533233,3.66590792234759,305.702821378991,204,25.4332032495707
-25.0241349261663,3.6830340520747,305.707419989992,204.5,25.421313022559
-26.3827054109605,3.68062778964275,305.712293655768,205,25.4087772702763
3.64263138255089,3.72902893055254,305.710156820091,205.5,25.4105080679317
7.61854238376142,3.73552697093248,305.707044884833,206,25.4141280211773
-33.6643472691454,3.66891954104722,305.713817766551,206.5,25.3981323940591
-6.4913089425866,3.71261504635294,305.713691423844,207,25.3950480462022
8.34918840655121,3.73655754592539,305.710573365696,207.5,25.399015166177
-15.6900885937034,3.6978569457487,305.712078972439,208,25.3915600147496
-21.0269619665711,3.68909376712819,305.715275696664,208.5,25.3815690459553
-44.8914980119324,3.65043483304994,305.726441638132,209,25.3602388339886
-1.1316086853375,3.72079071376354,305.725378516771,209.5,25.3597011497011
5.01173479895513,3.73077536048865,305.722682648621,210,25.3620824773537
-44.8770140242558,3.6502361117612,305.733541489299,210.5,25.3407591474591
-37.0489986517196,3.66236712117023,305.742208117116,211,25.3231553019784
-1.76553634554312,3.7192758598497,305.741133306788,211.5,25.3223164067275
-10.1658837926372,3.70572227933756,305.741405217317,212,25.3174860832647
-11.780700432176,3.70307778696612,305.742150474051,212.5,25.3118884790755
16.4630847736493,3.74860454200783,305.737955934013,213,25.3197109199251
-18.0929217039715,3.69303753712604,305.739986882402,213.5,25.3111140614522
-4.22360303150264,3.71543045026771,305.739143073143,214,25.3091072149018
-13.4770838930355,3.70043793647236,305.740215512966,214.5,25.3027035734805
-5.36004244838277,3.7135433246587,305.739550183934,215,25.3001567473189
-0.0350918835561078,3.72218146765019,305.73774014038,215.5,25.3001400733973
-3.54130475526189,3.71657033653168,305.73654776879,216,25.2984574211265
14.8883356926506,3.74626146133843,305.73246516515,216.5,25.305531619365
-48.2948718552781,3.64446527334055,305.744515729905,217,25.2825842930515
11.7675725420441,3.74105049652764,305.741365458489,217.5,25.2881756595189
29.9776818012383,3.77006657482152,305.735826597341,218,25.3024195661696
-4.3835630623343,3.71555055260827,305.734491782526,218.5,25.3003367145512
-32.8569882025951,3.66939166642153,305.741091134417,219,25.2847247043936
8.14627810962275,3.73548292320059,305.738248353634,219.5,25.2885954114654
35.1131297483269,3.7782373417066,305.732571369912,220,25.305279428117
-3.86078060408027,3.71664650749482,305.731084883564,220.5,25.303444976778
10.0197222009946,3.73899873590588,305.727657590528,221,25.3082058515061
-23.1838823993357,3.68545478336317,305.731085309557,221.5,25.2971900211665
-60.3911756073641,3.62560424941341,305.748598381758,222,25.268495131629
24.0164592670651,3.76066059543349,305.744326139947,222.5,25.2799065611767
-14.697855856641,3.69872830050447,305.745352610683,223,25.2729228695032
-3.45958233473699,3.71685335473952,305.744276709503,223.5,25.2712790476709
-9.04176509314201,3.70782390570654,305.744251715154,224,25.266982849626
-24.7684641019807,3.68225549101372,305.748372627148,224.5,25.2552141047014
2.52544876517006,3.72631292617617,305.746305504089,225,25.2564140726209
6.97331296684233,3.73356397067105,305.743200120093,225.5,25.2597274448691
-17.762615661323,3.6936387507584,305.745183796066,226,25.2512875314352
-0.531733734268023,3.7214502928017,305.743582923682,226.5,25.2510348779537
-0.951940054035163,3.72081847085882,305.741863452368,227,25.2505825632832
-37.7816919503066,3.66117947517429,305.750096974849,227.5,25.2326305783093
-21.4856959044438,3.6871910414079,305.753657782531,228,25.222421641914
-33.712471312124,3.66720029495925,305.760794994812,228.5,25.2064031486389
9.86302393866673,3.73755571839172,305.757658073896,229,25.2110895681295
1.24769337575078,3.72383926159596,305.755398690573,229.5,25.2116824101008
-27.6514365764078,3.67700073987134,305.760290875084,230,25.1985438197333
-42.8140871401867,3.65225690188783,305.77076263128,230.5,25.1782006903144
17.5130388973534,3.74948422563661,305.766755628706,231,25.1865220172562
-38.5949719277824,3.65893767937468,305.775146074296,231.5,25.1681836019987
-20.7058172559272,3.68758758058063,305.778510687453,232,25.1583452252331
14.7674305502061,3.74491715061302,305.774505805862,232.5,25.1653619753482
-44.0402432212358,3.64992058917469,305.784949718314,233,25.1444362374116
10.6694279598713,3.73820510677806,305.781770281225,233.5,25.1495058200726
-20.1962466656746,3.68833065084935,305.78437289801,234,25.1399095659624
-9.87552793019997,3.70499330490321,305.784698563983,234.5,25.1352172051956
-35.9378406034574,3.66259670098472,305.792474322787,235,25.1181413268745
3.26244707481454,3.72600944837051,305.79032884175,235.5,25.1196914798148
-25.4021619697514,3.67950612593098,305.794527836048,236,25.1076216331128
-34.8774758899082,3.66391850785128,305.802155225339,236.5,25.0910495874795
-54.4622974864732,3.63209832457555,305.817566054646,237,25.0651718065849
-24.1706436797188,3.68051748653207,305.822200043004,237.5,25.0536871162561
-8.64354371305685,3.70572083169558,305.822275673758,238,25.049580133248
3.18685683935229,3.72499019956036,305.819737723374,238.5,25.0510943694598
-22.4699617313597,3.68331839669148,305.82308013625,239,25.0404177587909
-25.6533821488599,3.67797758635551,305.827687469876,239.5,25.0282285447274
-2.16381770872676,3.71612805740186,305.826357955118,240,25.0272004059388
-17.4535699025117,3.6912644682859,305.828345396932,240.5,25.018907335712
48.4978266730292,3.79621030695872,305.822373960111,241,25.0419510960826
-9.08233933954766,3.70544516094572,305.821741829162,241.5,25.0376356191695
13.3057344254832,3.74166395993885,305.817654066911,242,25.0439578438276
9.30299436164351,3.73541814552006,305.813890458702,242.5,25.0483781650565
-21.6300980215021,3.68532489037098,305.816831380247,243,25.0381006159415
12.9474548662263,3.74125391968314,305.812956682946,243.5,25.0442526039339
-11.4124155488724,3.70199151428881,305.813185458184,244,25.0388299904438
-13.6854574700419,3.69821946414261,305.814240225697,244.5,25.0323273402399
-13.8182067150567,3.69791478040566,305.81536009573,245,25.025761614183
16.7765764629277,3.74734257536718,305.810926901224,245.5,25.0337330107253
-10.3522114380473,3.70371686288363,305.81086869648,246,25.0288141536125
11.0037315430912,3.73825830831228,305.807137281401,246.5,25.0340425807453
-6.15266692071438,3.71066114583725,305.806198796257,247,25.031119138771
8.06789406479016,3.73367474321806,305.802856572911,247.5,25.0349526016348
-30.9012537096119,3.67050771470376,305.808620953681,248,25.0202698594485
-4.44819238277124,3.71326964818325,305.807815851671,248.5,25.0181562991844
45.1114071406434,3.79179337118034,305.801861119705,249,25.0395910010554
0.254741386156097,3.72142180364941,305.799341286395,249.5,25.0397120415197
3.54375921468629,3.72677192025738,305.79666825263,250,25.0413958600278
-4.64466155508509,3.71357390157686,305.795495867113,250.5,25.0391889473635
25.510877717247,3.76191796414191,305.79025614258,251,25.0513104503934
-28.1523137031934,3.67565009428345,305.794912271094,251.5,25.0379338680729
-6.50424126516679,3.71056260878472,305.794507336188,252,25.0348433754181
10.9028868141442,3.73866914185766,305.790799680993,252.5,25.0400238861405
9.49809767545311,3.73655430100781,305.7871145291,253,25.0445369107815
7.3064763065795,3.7331514354333,305.783775441342,253.5,25.0480085857144
-36.5512435770282,3.6621364730135,305.791373507118,254,25.0306412487425
13.1191860096321,3.74224988014245,305.787754274403,254.5,25.0368748348515
-4.8285315903364,3.71345846526457,305.78653528809,255,25.0345805562715
-23.4566270273072,3.68315450440296,305.790122059825,255.5,25.0234351312205
27.5884337535714,3.76517117959782,305.784971030334,256,25.0365437857733
-2.26516246426215,3.71772081709331,305.783106300806,256.5,25.0354674929865
4.25872377009936,3.72827696046026,305.780379844118,257,25.0374910271688
13.9456740008459,3.74391050654652,305.776214184857,257.5,25.044117319354
-52.1008703565214,3.63737321359487,305.789629406992,258,25.0193615714379
-38.8631588428982,3.65802563665299,305.798842816136,258.5,25.0008957270681
11.1668799432799,3.73880739302537,305.795481885286,259,25.0062016742239
0.392682345238972,3.72159557303681,305.793254563706,259.5,25.0063882573862
-1.52975945734279,3.71853303988479,305.791504704727,260,25.0056613916114
-20.8827844533256,3.68709307881943,305.79432816447,260.5,24.9957389288162
19.0484566829163,3.75149017656011,305.789820279429,261,25.0047898100895
-5.19045816621954,3.71269914066519,305.788613023704,261.5,25.0023235619625
36.693013057907,3.77939295395448,305.782874863632,262,25.019758260756
-10.4451538540708,3.70456520106719,305.782652841024,262.5,25.0147952420197
9.1268364205698,3.73614454087735,305.779274963382,263,25.0191318617374
-17.4078463761144,3.69327896729852,305.781024010139,263.5,25.0108605170612
-25.6480829815273,3.67972141189693,305.785388900609,264,24.998673820899
-4.43486137921027,3.71397494167775,305.784534417639,264.5,24.9965665948662
-47.6296216374231,3.643958458669,305.796416676723,265,24.973935362441
-16.6955838070606,3.69357344619988,305.798715472208,265.5,24.9660024495892
2.66489199393209,3.72493907174741,305.796387343215,266,24.9672686740107
-48.1393039236246,3.64260962717923,305.808457329183,266.5,24.9443952658578
5.15721785921664,3.72863460367564,305.806100338738,267,24.9468457198405
-18.7127212186492,3.68994759648665,305.808272144559,267.5,24.9379543633979
-20.7486457650699,3.68649476870423,305.811286826595,268,24.9280956366502
-38.2723333915884,3.657849623741,305.819953257621,268.5,24.9099105232132
-26.5733057238281,3.6765031640532,305.824970639773,269,24.897284207121
-14.725034613045,3.69564042745235,305.826487460328,269.5,24.8902876014513
-13.4195990908815,3.69770733324781,305.827521792448,270,24.8839112739551
-56.6009465174123,3.62766598859794,305.843512382891,270.5,24.8570173131785
21.3962583088389,3.75350448346339,305.839050806622,271,24.867183753267
27.800091018053,3.76392963650538,305.833155926024,271.5,24.8803929768477
-17.6101996741401,3.69101233615539,305.834772271624,272,24.8720254839267
-8.38932636113107,3.70593682770359,305.834599041361,272.5,24.8680392923879
-42.0992135719521,3.65102809122612,305.844516608412,273,24.8480358354107
-40.0861386747816,3.65386762141546,305.854172882788,273.5,24.8289888917191
-36.9548285789403,3.65857537897717,305.862701303343,274,24.8114297911835
16.3311824472626,3.74501165971726,305.858446703464,274.5,24.8191895585937
4.52825357893488,3.7262307447266,305.855292101395,275,24.8213411599649
-10.9163832216491,3.7012027485639,305.855429401999,275.5,24.8161542364195
-4.41761315842177,3.71177245566694,305.85427718921,276,24.8140552058852
-42.0111207129962,3.65051049675731,305.864143925526,276.5,24.7940936062627
-38.8482081855848,3.65522502038431,305.873366554874,277,24.7756348657032
-12.9527853959749,3.69717279771621,305.874545493654,277.5,24.7694803449077
2.67687528793659,3.7226542946987,305.872001185335,278,24.7707522631958
-15.8690563803085,3.69249169070254,305.873400842435,278.5,24.763212075158
-12.1237567911326,3.69854032099409,305.87405728817,279,24.7574514676123
-19.0903180521543,3.68709557603681,305.876502056907,279.5,24.7483806958938
-35.4450675400187,3.66025444553839,305.884209182904,280,24.731538958877
-0.290342937526647,3.71744500676671,305.882490818223,280.5,24.7314010023224
9.59657627312459,3.73359048939399,305.87863254598,281,24.7359608191056
-2.69744186858242,3.71379774361822,305.876853151541,281.5,24.7346791285991
-56.0086003181188,3.62711169875251,305.89248182949,282,24.7080666213393
-12.9459096496305,3.6965718854834,305.893877048932,282.5,24.7019153675572
31.4986913025132,3.76823081367094,305.887884838399,283,24.7168819824378
-17.5597145783735,3.68941444670532,305.889404390764,283.5,24.7085384775288
-11.0050216760104,3.70003058206628,305.889763671325,284,24.7033094373889
-34.248194670903,3.66196976815128,305.896905954098,284.5,24.6870363949607
-45.7528383216628,3.64296945973827,305.908681180651,285,24.6652969168256
52.4407403513748,3.80010020420768,305.902794811058,285.5,24.6902141540961
-4.26926861292196,3.71098741039809,305.900893241487,286,24.6881856095278
-12.9404941545628,3.69682760484591,305.901531612515,286.5,24.6820369289202
9.76216634624553,3.73374617061683,305.897739929403,287,24.6866754258882
-16.2156731991224,3.69157007079126,305.899067514184,287.5,24.6789705427402
-4.54863682631968,3.71054457849441,305.897903903048,288,24.6768092562614
26.5100077507738,3.76060648276508,305.892168636141,288.5,24.6894054962981
-4.41444929438727,3.71111924536287,305.890520970515,289,24.687307969075
-40.4323671083626,3.65232873681463,305.89969770284,289.5,24.6680965148145
-30.3895405247246,3.66825933876153,305.905857850191,290,24.6536569133383
7.14815634790895,3.72932960235806,305.902675455569,290.5,24.657053362484
-45.1905034475268,3.64409445378137,305.913611548201,291,24.6355810779733
5.97825294542594,3.72719240003876,305.910804054286,291.5,24.6384216470825
-44.5714851193667,3.64480504350399,305.921534836898,292,24.6172434893606
-27.4692351596263,3.67223177569079,305.926851881755,292.5,24.604191472064
21.6339367681125,3.75199092628283,305.92168386187,293,24.6144708451609
-53.5798519925791,3.62997464849328,305.9359817207,293.5,24.5890123585707
6.06884097328564,3.72676134710365,305.933226456319,294,24.5918959706149
34.4674328652277,3.7722426539631,305.926751622727,294.5,24.6082731841526
-38.5795574731892,3.65438095777357,305.934867445544,295,24.589942093079
13.0733932219801,3.73834311451772,305.930834482906,295.5,24.5961539207278
30.235955924998,3.76588082274342,305.924548799244,296,24.6105205464245
-24.9496006236857,3.67690512281231,305.928086682276,296.5,24.5986657344142
-42.2324875022438,3.64849762827687,305.938194017492,297,24.5785989522795
-8.03388538112573,3.7040011765129,305.938065136876,297.5,24.5747816486544
30.8275146242017,3.76661552865405,305.931932642487,298,24.5894293536869
-17.6653486702501,3.68862178763468,305.933363331087,298.5,24.5810356566999
-18.0881602933313,3.68779301183401,305.935433902711,299,24.572441060613
-20.1491106891714,3.68428193194684,305.938095135687,299.5,24.5628672031796
20.603193380703,3.7504131190939,305.932923030137,300,24.5726568181727
-37.1054550582257,3.65672003803753,305.940596129477,300.5,24.5550261474095
-19.8055712867527,3.6846505430021,305.943409938996,301,24.5456155228508
-14.7568190876974,3.69279339179408,305.94462664285,301.5,24.538603814776
-10.8484927845462,3.69912498181287,305.94479482389,302,24.533449149397
-35.2846164999267,3.65904574984672,305.952224598118,302.5,24.5166836507516
-0.898373011398516,3.71508976434772,305.950445566237,303,24.5162567884813
-19.2855697719977,3.6850233107288,305.952673951015,303.5,24.5070932428356
16.7145437580692,3.74361227204287,305.947865270618,304,24.5150351645151
9.99584662804862,3.73301603259032,305.943583785472,304.5,24.519784694756
9.9297834667342,3.73307058203986,305.939393499402,305,24.5245028350611
-4.39008004605944,3.70992535982901,305.937797471394,305.5,24.5224168868954
-6.32750095858262,3.70676375859432,305.93678022372,306,24.519410372463
8.82078899322102,3.7314251407014,305.932952659491,306.5,24.5236015736319
-7.96010317968154,3.70422750493295,305.93216319745,307,24.5198193276472
34.8734992328223,3.77300141494784,305.925894620858,307.5,24.5363894837704
-0.230282629489686,3.71722873956344,305.92324131056,308,24.5362800648934
-0.926626918666959,3.71612327809523,305.92107027476,308.5,24.5358397777685
15.3005687539021,3.74241726216445,305.916349162,309,24.5431098486992
-40.1487112866373,3.65228672297519,305.925093277245,309.5,24.5240331736079
-25.3382732850764,3.67600872203847,305.929539488448,310,24.5119936836381
25.5460719696136,3.75839093138532,305.924030556352,310.5,24.5241319092301
1.74044204823345,3.72040966612734,305.921093939029,311,24.5249588809163
-17.8961085347228,3.68837557665861,305.922857408982,311.5,24.5164555382939
-12.4399955991173,3.69716144908519,305.923441529372,312,24.510544669761
-4.32667112049783,3.71035327111389,305.922103214009,312.5,24.5084888503698
-10.6887759067042,3.69995307914234,305.922106844116,313,24.5034100745247
-48.8507684957544,3.63762403351214,305.934615153725,313.5,24.4801986137158
-32.4488842120566,3.6637599273788,305.941538675332,314,24.464780514321
-8.10122546873707,3.70340226350742,305.941281744335,314.5,24.4609312140283
-8.53301366279534,3.70269217156407,305.94081821352,315,24.4568767494147
-14.4912593353851,3.69290533088533,305.941826971062,315.5,24.449991222155
32.8985235635601,3.76934732635285,305.935637324343,316,24.4656229678548
-32.16331369645,3.66430251541401,305.941461201563,316.5,24.4503405573966
-9.20563782927787,3.70163753845908,305.941441548786,317,24.4459664951602
-4.76839236761495,3.70887705540616,305.940136500509,317.5,24.4437007917543
-3.39387064587152,3.71114241995476,305.938490186488,318,24.4420881928554
-14.2833141595233,3.6933255907985,305.939372058813,318.5,24.4353014708233
14.194742821138,3.73966221375222,305.934862116536,319,24.4420461081511
-65.6665367249816,3.61006652664645,305.954638745116,319.5,24.4108446288176
-0.948531723813031,3.71466708952767,305.953291609182,320,24.4103939336164
2.64259371246655,3.72060201891762,305.950395321601,320.5,24.4116495630012
18.8819678577412,3.7469632330781,305.945096912917,321,24.4206213370473
-0.754221631772641,3.71541746139598,305.942649731426,321.5,24.4202629683586
2.52692785161816,3.72081369205403,305.939791217104,322,24.4214636390666
13.7875758705203,3.73913741771992,305.935151079201,322.5,24.4280148108664
-5.76593975918516,3.70754035708816,305.933804722657,323,24.4252751224466
-4.5596596934084,3.70949513976096,305.93241206509,323.5,24.4231085984484
-2.58993495742666,3.71271164249725,305.930600165348,324,24.4218779898907
1.24909654099192,3.71899400651897,305.928022785259,324.5,24.4224714985764
-17.4597947209103,3.68843344700403,305.929675315227,325,24.4141754706249
-25.6627874879051,3.67483639043151,305.933930769649,325.5,24.401981787611
-17.0736194901059,3.68869785128296,305.935818943759,326,24.3938692509639
-38.6418653409858,3.6532483177398,305.944493475533,326.5,24.3755085542838
-33.3199229205561,3.66156233079212,305.951593681074,327,24.3596765805229
15.5064348244906,3.741136448802,305.947107714057,327.5,24.3670444687936
11.7251479488219,3.73526427236924,305.942580464429,328,24.3726156771998
-41.005756910523,3.64921136673309,305.951797514018,328.5,24.3531317765617
-4.56988648654839,3.70854734603622,305.950841486878,329,24.3509603932989
-13.3755775488888,3.69412309408435,305.951499286387,329.5,24.3446049826548
-2.38322092529146,3.71208913003627,305.949724927044,330,24.3434725943463
9.13460155587017,3.73090778827155,305.945758926948,330.5,24.347812903671
-26.8891010905742,3.67207408030271,305.950114039356,331,24.335036537293
-19.5489256887516,3.68389421973265,305.952708875992,331.5,24.3257478579855
-24.0886930957744,3.6762894977866,305.956554470567,332,24.3143021065071
14.5136606715515,3.73926074101782,305.952059197721,332.5,24.32119827777
21.2507421836712,3.75028889956905,305.946377436078,333,24.3312955758176
-20.106765081169,3.6831958085786,305.948561296501,333.5,24.3217418389155
-11.7800944551604,3.69671274624903,305.948994246054,334,24.3161445226564
-8.52801104135558,3.70198915584351,305.948547020337,334.5,24.3120924350402
-5.69918295589375,3.70660342880662,305.947422126424,335,24.3093844661403
5.90246438283689,3.72556327606581,305.944017079232,335.5,24.3121890242858
-13.5524071709721,3.69383869463161,305.944599659992,336,24.305749592981
-24.0330155372104,3.67652352866182,305.948336009654,336.5,24.2943302967153
1.50868411170677,3.71825143596841,305.94593168901,337,24.2950471485318
5.20522614740021,3.72435972423235,305.942568297264,337.5,24.2975204136705
-39.5635793822161,3.65109512778503,305.951331271564,338,24.278721764221
10.8679143262187,3.73332644329332,305.947558925849,338.5,24.2838856577528
-6.53493355588494,3.70510715274169,305.946409508721,339,24.2807805816446
-26.8862590339859,3.67165222363995,305.950952053368,339.5,24.2680055656709
-29.9016688409725,3.66646201963311,305.956741947938,340,24.2537977766065
-16.4841824150837,3.68827029520481,305.958545635939,340.5,24.2459653112047
22.8873774626718,3.75231142677395,305.953001489024,341,24.2568402571134
-9.65730635245603,3.6997336865444,305.952449130245,341.5,24.2522515844104
38.6360861956076,3.77735771898928,305.94593899179,342,24.2706095351275
-11.94053899714,3.69641820727488,305.945787193605,342.5,24.2649359835846
-56.5373013658467,3.62351917045441,305.961649641491,343,24.2380722638254
-17.7389999076071,3.68623184178062,305.964144610602,343.5,24.2296435714256
-21.5585095089742,3.6798274397764,305.967203982033,344,24.219400037619
-12.3278506084868,3.69487001534314,305.967790414267,344.5,24.2135424548201
2.5740914558827,3.71927980774861,305.965000171389,345,24.2147655353322
3.56816625162725,3.72100471342903,305.96186385873,345.5,24.2164609508529
-45.1722561809059,3.64115120451817,305.972842504903,346,24.1949973365378
-31.7236066279104,3.66268159937506,305.979515120065,346.5,24.1799238530567
4.81195991002059,3.72250298302263,305.976540226578,347,24.1822102575966
-37.7263553746935,3.65271730027809,305.984708383347,347.5,24.1642845658172
10.6588302539426,3.73185591047763,305.980843967442,348,24.1693491129743
2.19814805786875,3.71825568875478,305.977838452584,348.5,24.170393563841
-47.9051519806083,3.63610009154214,305.98998214457,349,24.1476314130709
-12.9253958686789,3.69306527536888,305.991062919036,349.5,24.1414899064194
9.11420988741803,3.72917882562437,305.987101199246,350,24.1458205266352
-18.7126000139914,3.68366596264325,305.989020295943,350.5,24.136929227783
-38.6150714622085,3.65078936895899,305.99780316844,351,24.1185812622243
-25.2252830459389,3.67244959598263,306.002276796783,351.5,24.1065954596087
-31.2343747246949,3.66235914425048,306.008555280837,352,24.0917544348482
5.33022317933653,3.72237115731565,306.005415783672,352.5,24.0942870923732
2.51558866719426,3.71791660841095,306.002355034723,353,24.0954823752634
7.71966319243204,3.7265345439286,305.99841120753,353.5,24.0991503760988
15.0453434612111,3.73858133774702,305.993343869352,354,24.1062991766368
-20.7752126819533,3.68008154159907,305.995768542808,354.5,24.0964278266087
-3.89980409580595,3.70773409210405,305.994315421071,355,24.094574833243
-20.7846833219597,3.6799322645321,305.996956656344,355.5,24.0846989832368
-9.06647349565961,3.69910847900137,305.996684649728,356,24.0803910449853
-44.9020361400568,3.64011775487247,306.007777259773,356.5,24.059055825823
-1.63521584058016,3.71092365073736,306.006158162313,357,24.0582788524085
20.4413352187837,3.74691482264127,306.000514554492,357.5,24.0679915604359
4.78388092039082,3.72180729971151,305.996890011024,358,24.0702646232334
6.20485647251573,3.72423956692252,305.993186696397,358.5,24.0732128630927
21.1044912791629,3.74846751209608,305.987456989232,359,24.0832406699687
-18.8491844257853,3.68347025948767,305.989242858924,359.5,24.0742844729824
8.73787367409917,3.72860605825887,305.985416280494,360,24.0784362769066
-15.5332744502272,3.68892907142668,305.986423163685,360.5,24.0710556357777
-6.4885417710636,3.70370981082525,305.985479667305,361,24.0679726027434
-8.55164916806908,3.70030168402577,305.984908789447,361.5,24.0639092834625
-15.1113017381986,3.68945719634453,305.986008513313,362,24.0567291428246
13.943826470312,3.73694452178105,305.981382782313,362.5,24.063354557155
-22.3433060118201,3.67764408679465,305.984269036145,363,24.0527381269984
-30.6298123923836,3.66379703535098,305.990213121164,363.5,24.0381843602548
-8.15767827519558,3.70057508724784,305.989855583542,364,24.0343082363901
10.0050290438544,3.73032042946691,305.985698344396,364.5,24.0390621296592
-49.9193999358397,3.6321254651856,305.998577122865,365,24.0153429082244
-12.1389284917915,3.69369778251769,305.999459453347,365.5,24.0095750918394
-24.0904086204508,3.67391082712914,306.003207559784,366,23.9981285252289
9.78735159316688,3.72948072143728,305.99923800484,366.5,24.0027789889764
6.41310305510813,3.72415548784643,305.995437748557,367,24.0058261772768
26.0372091384185,3.75595437918407,305.989229370753,367.5,24.0181977668771
6.43563699066167,3.72464599254698,305.985294905498,368,24.0212556621854
10.1817423912804,3.73085377198511,305.980970007258,368.5,24.0260935208672
-34.0925503061149,3.65826681105008,305.987674524566,369,24.0098944329169
4.03176387998803,3.72067200085497,305.984833691425,369.5,24.0118101270231
-43.3129259827579,3.64291880843729,305.995055247042,370,23.9912299741427
25.2074823869007,3.75461470355001,305.989519304041,370.5,24.0032073187686
-27.2284238675818,3.66924467290799,305.993793926516,371,23.990269723047
-15.8386693818541,3.68778667526897,305.995309373959,371.5,23.9827439734029
-7.64280981474308,3.70120146346891,305.994625562517,372,23.9791124894785
16.072335869156,3.73994239657484,305.989603844992,372.5,23.9867492658409
-48.0427642534756,3.63499752584834,306.001606522753,373,23.9639217285481
-8.30088043572883,3.69988262856209,306.001499809972,373.5,23.9599775621236
-23.2659307713922,3.67515660278081,306.004924902504,374,23.9489227464695
7.77573550234048,3.7260935712237,306.001258441866,374.5,23.9526173900837
-0.162851100819578,3.71325086682608,305.99868179794,375,23.9525400113227
-33.0233844908542,3.65912396591165,306.005183502385,375.5,23.9368489379069
-21.1615274630624,3.67838715510503,306.008295643827,376,23.9267940302669
19.9922090401501,3.7456969100568,306.002917885865,376.5,23.9362933358236
23.3301031870163,3.75131034528071,305.996783439959,377,23.9473786430248
-7.08354261589159,3.70209749917625,305.995531633276,377.5,23.9440128951179
-50.333755980905,3.63096022677203,306.00874570309,378,23.9200967922542
-25.8227144835396,3.67063111071474,306.013515647497,378.5,23.9078271198689
-10.4306734385233,3.69586654296253,306.013610488606,379,23.9028709815075
11.4235585251185,3.73171222989642,306.009192497123,379.5,23.9082988895869
-17.8392838730699,3.68379707869227,306.01079849825,380,23.8998225472236
10.1260667931538,3.7296727587193,306.006673570013,380.5,23.9046339516243
-25.789689193,3.67071932791049,306.010656820563,381,23.8923799712181
7.41610575736359,3.7252229610338,306.007063985338,381.5,23.8959037366253
-34.7841963230046,3.65582249849634,306.014102186633,382,23.879376012813
-9.48459525547252,3.69728812766678,306.014078632353,382.5,23.8748694038519
-6.01279990549815,3.70299539187039,306.012919068508,383,23.8720124197418
-9.73344934018638,3.69686424321651,306.012596491959,383.5,23.8673875676698
-33.2632536505687,3.65794164126626,306.019322945706,384,23.8515825203336
-39.4054333557577,3.64751753013961,306.028626346027,384.5,23.8328590140274
12.4034561715382,3.73258515091155,306.02438544905,385,23.8387525208377
4.8838849917068,3.72051820538831,306.020756406427,385.5,23.8410731006069
-9.4979533017269,3.6969622601221,306.020244193769,386,23.8365601445652
-40.883445180304,3.64508809087554,306.029779682031,386.5,23.8171343603911
-5.55886335692798,3.70307858444759,306.028905080507,387,23.8144930644008
-8.85950016705588,3.69765236970666,306.028353871193,387.5,23.8102834696033
50.2814302246005,3.79237082147581,306.021357066929,388,23.8341747098644
-14.2670942106882,3.68932669051789,306.021606819814,388.5,23.8273956947471
2.94559255621352,3.71759828656258,306.018626105431,389,23.828795294145
-16.3603396738886,3.68585028740068,306.019882991454,389.5,23.8210216726678
48.7063755470863,3.79036346342019,306.013059309904,390,23.8441645251134
-24.101169681821,3.67353978484,306.016096288465,390.5,23.8327128453805
-36.8938570738197,3.65221146536073,306.024201092524,391,23.8151827154783
7.15684432496339,3.72447439946073,306.020758461784,391.5,23.8185832927195
14.5360159933012,3.73661275434833,306.015693624395,392,23.8254900861218
-14.2779492842474,3.68954527696593,306.016253596546,392.5,23.8187059132122
-26.5850948420586,3.66909336659969,306.020722092785,393,23.8060739955162
-23.9071716757008,3.67327395456775,306.024524964959,393.5,23.7947144940081
-71.3891644497403,3.59565223519706,306.047943868957,394,23.7607939059841
-11.2603946506868,3.69329511456082,306.048863677461,394.5,23.7554435252802
-38.2764722189346,3.64856009104464,306.057459383312,395,23.7372564452778
21.5622025033658,3.74673203317763,306.051953936456,395.5,23.7475017338121
-11.7419823058935,3.69249750910022,306.051777076446,396,23.7419225265549
-15.1700015191904,3.68677338475351,306.052862353187,396.5,23.7347144946943
2.13244995493926,3.71528674298395,306.049976225864,397,23.735727729083
0.117164241364407,3.71207253107885,306.047291439926,397.5,23.7357833997159
-22.0299649679331,3.67551192072481,306.05019689507,398,23.7253158536727
-4.73277225677826,3.70398838762224,306.048826791215,398.5,23.7230670751757
0.818430357655696,3.71316946373463,306.046081021153,399,23.7234559526643
5.44453949537943,3.72084850879778,306.042412708158,399.5,23.7260429276293
-50.5153437970962,3.62867961033377,306.055647186228,400,23.7020405432473
-10.3417660562302,3.69447024067781,306.055989990707,400.5,23.6971266492616
-32.4690664150132,3.65776896937103,306.062445719438,401,23.6816989602856
6.11130664187737,3.72133397417197,306.059025963568,401.5,23.6846027499081
6.73535459186144,3.72250545319078,306.055043262088,402,23.687803056146
-23.2168642397119,3.67314418541864,306.058238823176,402.5,23.6767715544726
30.2432726654532,3.76044260602705,306.051789078158,403,23.6911416567212
-23.1819239097178,3.67344455601989,306.054716165182,403.5,23.6801267569587
17.4316422237898,3.7401006954309,306.049510783497,404,23.6884094082407
-9.89375865182888,3.69552907430664,306.048888898366,404.5,23.6837083851398
-16.2991829644645,3.68486930779953,306.050234216043,405,23.6759638222957
-40.325144457899,3.64501038543315,306.059592664493,405.5,23.6568033149175
-16.52140178157,3.68400498184848,306.061410764666,406,23.6489531647198
-3.28258209450478,3.70584158550585,306.059632576771,406.5,23.6473934446175
-16.544130031813,3.68391789359294,306.060986358861,407,23.6395324950833
-0.0485848872839849,3.71112796917416,306.05852766292,407.5,23.6395094099561
-5.96348406513931,3.70143472047446,306.057158536017,408,23.6366758582859
-24.8971160845488,3.67004698453909,306.061022742854,408.5,23.6248459843239
-23.8318417795812,3.67160732141424,306.064798820101,409,23.6135222758439
-18.5773260273411,3.68014790807323,306.066992548572,409.5,23.6046952524767
-2.70317299833579,3.7063601607662,306.065110764813,410,23.6034108388218
-3.66726430739484,3.70482307949997,306.063251975351,410.5,23.601668336823
-10.8127195612479,3.69302690464943,306.063094583898,411,23.5965306691043
-21.9158641819734,3.67454989880559,306.066111217821,411.5,23.586117338092
-21.7017422449583,3.6747402484284,306.069209693273,412,23.5758057471977
44.7035037567873,3.78234862595665,306.062112819902,412.5,23.5970466336242
-0.329182053642738,3.71059523268718,306.059085624022,413,23.5968902226491
-9.50545170647244,3.69547582039945,306.058546620317,413.5,23.5923737037375
-1.32571249565215,3.70896115727705,306.056262913429,414,23.5917437909524
13.905259323907,3.73397441442299,306.051254441929,414.5,23.5983508800888
-23.4932607295258,3.6724932016221,306.054431470391,415,23.5871880485206
-31.9311627972487,3.65829578055371,306.060820630549,415.5,23.5720159446485
-20.6299673296846,3.6767363181588,306.063703327325,416,23.5622136080036
-1.3733340912141,3.70851790291203,306.061561932791,416.5,23.5615610677997
-26.4067652369797,3.66705624184911,306.065863094258,417,23.5490138834818
0.350584658567129,3.71122026932659,306.063437365676,417.5,23.5491804639126
-13.5168559158836,3.68833273136017,306.063929949164,418,23.5427579247999
13.7059508622919,3.73313677320031,306.059055819945,418.5,23.5492703124467
7.208599807904,3.72272592649874,306.054909629404,419,23.5526954813249
40.568666406401,3.77629190378165,306.047678487498,419.5,23.5719716982475
13.5599188500958,3.73368449653806,306.042358509607,420,23.5784146987294
20.63866366231,3.74530156048007,306.036440683879,420.5,23.58822116744
-9.36697454109672,3.696441930323,306.035657324171,421,23.5837704460051
-9.71648261287216,3.69578776108996,306.035281798576,421.5,23.5791536556799
-16.0436761318345,3.68523707935255,306.036545791161,422,23.5715304970023
21.1878060924001,3.74616281297747,306.030896583717,422.5,23.5815978909427
-42.0850002251497,3.64234655113211,306.040427669414,423,23.5616011874426
44.5564121663142,3.7828876017205,306.033826347262,423.5,23.5827721832452
-14.9117749551943,3.68737421735882,306.034234154881,424,23.5756868478325
-14.9361198081643,3.68719991439948,306.035250815192,424.5,23.5685899449538
-2.07118816924909,3.70834952454284,306.033218464417,425,23.5676058191253
-19.8022501934079,3.67903393629271,306.035449753579,425.5,23.5581967725853
-0.834639563453373,3.71024699973504,306.033224985174,426,23.5578001932865
13.3337348277729,3.73349169850442,306.028363154534,426.5,23.5641357223461
21.7585186551311,3.74728291204231,306.022370152901,427,23.5744742905729
-13.964390506664,3.68905293493901,306.02274599489,427.5,23.567839105233
-14.4246762698817,3.68816835156094,306.02363341462,428,23.5609852149416
-35.2612154378516,3.65356200935065,306.031022347671,428.5,23.5442308353195
-10.2936870873408,3.69455457642554,306.031138757638,429,23.5393397860738
-2.59677591135746,3.70723106396424,306.029177694572,429.5,23.5381059270343
-9.68183351063036,3.69554766938402,306.028744090872,430,23.5335056002429
18.3287453289351,3.74143155027492,306.023347123002,430.5,23.5422145103988
-13.7755889407918,3.68897336941315,306.023726923257,431,23.5356690341932
-32.7120302417794,3.65749426832801,306.030236261008,431.5,23.5201259008645
-23.9868393626418,3.67162135264987,306.034145031483,432,23.5087285452253
-0.718718773810288,3.70997924941495,306.031960993625,432.5,23.5083870457328
-78.1190127014952,3.58320484175174,306.058708764853,433,23.4712687678105
-61.283926690794,3.60926639934797,306.078142763291,433.5,23.4421496872637
56.4818699932594,3.79972247974573,306.071677012391,434,23.4689870687857
5.49949043662103,3.71967954951472,306.067417728723,434.5,23.4716001537108
14.1119366338654,3.73388351783803,306.062266822141,435,23.4783054456479
-19.7006763282103,3.67832395215403,306.064271150294,435.5,23.4689446619677
-30.0538858496542,3.6609788174778,306.06992991042,436,23.454664546935
-5.82221162832702,3.70093293372362,306.068850997841,436.5,23.4518981209157
-12.3090023504088,3.69018619630922,306.069056838089,437,23.4460494938735
-30.9076706538458,3.65923115235296,306.074944383698,437.5,23.4313637026738
-18.6353956774925,3.67934384487642,306.077204175694,438,23.4225090874908
8.51944411792188,3.72417292093495,306.073141352738,438.5,23.4265571045301
6.42123162595046,3.72089489086878,306.069136995608,439,23.429608155124
-11.2331288993005,3.69185191238855,306.068929437641,439.5,23.4242707297521
-4.21856954819868,3.70342805736211,306.067255182989,440,23.4222662748632
25.3370501262829,3.75170253092024,306.06093256916,440.5,23.4343051836486
-21.7353885802879,3.67472128366896,306.063432672628,441,23.4239776056855
-12.7444351102193,3.68946570511099,306.063940565908,441.5,23.4179220826057
-5.83442761913702,3.70085076340762,306.062653992863,442,23.4151498521538
-34.3072086915618,3.65358521094601,306.0696456802,442.5,23.3988487691919
38.5149578862104,3.77236912551678,306.062866913757,443,23.4171491657477
-14.4346154545992,3.68676943605823,306.063177543214,443.5,23.410290552849
-8.1894620562845,3.69702653764358,306.062454746661,444,23.4063993269089
10.0693754553095,3.72709119566319,306.05806083928,444.5,23.4111837943993
30.570538095857,3.76029699515624,306.051244566808,445,23.4257093969388
-4.65840521511478,3.70338057504305,306.049249538424,445.5,23.4234959539693
-34.811974942726,3.65338556585887,306.056332333143,446,23.4069550311355
4.89990507541006,3.71879931544069,306.053149263663,446.5,23.4092832228534
12.2822009738583,3.73098321335178,306.048309207431,447,23.4151191152115
22.5306942860542,3.74773779345691,306.042174460857,447.5,23.4258245829763
-11.1402857503858,3.69287062306171,306.041784440417,448,23.4205312720611
12.9297282035686,3.73238491927372,306.037071363055,448.5,23.426674837223
-0.253817313257816,3.71095071563872,306.034346510176,449,23.4265542358323
-16.7880248044995,3.68362374441205,306.035679334783,449.5,23.4185773996062
14.4716285607843,3.73494585716866,306.030837735919,450,23.4254535992961
2.14208843479318,3.71496896390701,306.027648385767,450.5,23.4264714134121
19.1048480733888,3.74267633520077,306.02205969126,451,23.4355490890756
-35.0292310536745,3.6537758599027,306.028930108793,451.5,23.4189049369198
2.72703290517309,3.71587319414461,306.026209607837,452,23.4202006876184
-26.191030581245,3.66809012091263,306.030308127004,452.5,23.4077560097024
8.44839610421467,3.72509522690911,306.026477270198,453,23.4117702682516
-5.73400630123343,3.70189018425519,306.024982666168,453.5,23.4090457530262
-27.407778874113,3.6659426254223,306.029580608525,454,23.3960229367065
-35.0188233420393,3.65307155009178,306.03706440938,454.5,23.3793837297789
-5.51209527546993,3.70167457843251,306.036035032382,455,23.3767646556599
-4.14915890125495,3.70393774003218,306.034336988183,455.5,23.3747931812657
-21.6585053521908,3.67490498114885,306.037163237391,456,23.364502134397
10.4020815745858,3.72773349936001,306.032942378951,456.5,23.3694446873237
-1.29321241740003,3.70868093881814,306.030470019488,457,23.3688302169629
2.07427175811442,3.71427440757043,306.02746021317,457.5,23.3698158079597
23.4396531306368,3.74912816783484,306.0213932439,458,23.3809531678574
-25.9411629182774,3.66824347425264,306.025223785455,458.5,23.3686272146543
-12.7424269375474,3.68989675926408,306.025830405437,459,23.3625726457585
-11.9685743931642,3.69109254985431,306.026081041227,459.5,23.3568857731868
-27.7957759586497,3.66473436473305,306.03092570682,460,23.3436785999082
5.23712978746323,3.71922052299199,306.027651872088,460.5,23.3461670240734
-22.3350562258844,3.67367256439564,306.030592723503,461,23.3355545138056
20.1874830640871,3.74353039490377,306.025107429504,461.5,23.3451466038873
-12.5868358591749,3.68996719812401,306.025165071002,462,23.3391659641502
-26.668255768836,3.66648985889279,306.029656616242,462.5,23.3264945325089
-15.1080065004152,3.68545605162545,306.030917802353,463,23.3193159576045
-6.06008812772673,3.70037804058193,306.029780190306,463.5,23.3164365044781
9.24933827229689,3.72561867498961,306.025571184648,464,23.3208313309962
2.60076679359547,3.71485178820649,306.022362599147,464.5,23.3220670863049
-6.18443364868362,3.70041564123702,306.02105829111,465,23.3191285503579
-10.3442116821542,3.69350266963909,306.02084368747,465.5,23.3142134943322
-6.7358835704313,3.69942850685231,306.019818248967,466,23.3110129367499
-22.152333125781,3.67380434902272,306.022857676029,466.5,23.300487247431
-12.3639978749338,3.68988716387956,306.023356233023,467,23.294612489245
-4.07484981699506,3.70357064272506,306.02175919398,467.5,23.2926763228398
7.71407693282167,3.72302955132279,306.017797938741,468,23.2963416693618
-19.4253299310469,3.67824453646359,306.019880992168,468.5,23.2871117166246
-32.3782681434139,3.65655939953463,306.026418480294,469,23.271727170481
15.9222305269133,3.73615915122699,306.021570037447,469.5,23.2792926242343
18.4405345939497,3.74046491296144,306.015881830264,470,23.2880546511011
21.9717915665036,3.74639631094226,306.009817230638,470.5,23.2984945560309
-15.8718311728404,3.68449907673122,306.010746261533,471,23.2909530495495
-17.3166551685444,3.68195914844243,306.012489122087,471.5,23.2827250344095
22.1143583153233,3.74663049954063,306.006801589356,472,23.293232679983
51.3037175420229,3.79264388277936,305.999676723199,472.5,23.317609660443
29.2710538025755,3.75884937948204,305.992858173439,473,23.3315178125375
-36.0417327510766,3.65205378195534,306.000001171821,473.5,23.3143925698239
-15.4347253958573,3.68577941969395,306.001460502041,474,23.3070587543149
-2.19912000617757,3.70755647107562,305.999522570273,474.5,23.3060138416265
6.82474445336099,3.72241383044706,305.995752586734,475,23.3092566214903
-1.30564851789233,3.70914566472509,305.993394592416,475.5,23.3086362421117
20.9188874445701,3.7454374318449,305.98774380308,476,23.3185758592567
-48.0370718101983,3.63217361315316,305.999631554262,476.5,23.2957510267304
14.2231459250828,3.73438424957826,305.995323186855,477,23.3025091598036
-60.308740084707,3.61183390923385,306.012720874524,477.5,23.2738534395352
-45.4078270960033,3.63545045818733,306.024687546998,478,23.2522778936122
-26.6459406429167,3.66602349552951,306.029645043259,478.5,23.2396170650113
12.0500597478262,3.72987410997996,306.025248382406,479,23.2453426553796
-15.7013000841069,3.68422954917213,306.026228673891,479.5,23.2378821768083
-10.4286147555003,3.69289065053381,306.026146763565,480,23.2329270166309
-43.948355143827,3.63721434367867,306.036897810945,480.5,23.2120449393485
-18.1027927871222,3.67966638325087,306.039246657068,481,23.2034433906267
-36.9443454336945,3.64821433522053,306.047449988836,481.5,23.1858892711615
-11.9669560729346,3.68945143137171,306.048036482563,482,23.1802031675353
23.0983259930012,3.74707197269128,306.042023124687,482.5,23.1911783457166
5.89888178187137,3.71935322753673,306.038033682424,483,23.1939812015879
-9.98244501584232,3.69319388051622,306.037577363133,483.5,23.1892380391281
-24.1542602642802,3.66955791690699,306.041270421741,484,23.1777611333853
-12.2088981523527,3.68924855598511,306.04173548607,484.5,23.1719600708901
-2.59064536091816,3.70517051870787,306.039777995222,485,23.1707291247839
-12.4742315242079,3.68879320625744,306.040054881881,485.5,23.1648019890384
-22.6978398196891,3.67169417202039,306.043345175017,486,23.1540171020112
-7.8654181604038,3.69622086068878,306.042716255724,486.5,23.1502798456486
14.2916594778694,3.73276320210112,306.037726212071,487,23.1570705329618
17.1965738276037,3.7376992332356,306.032141631416,487.5,23.1652414914081
1.47709855691274,3.71216325303103,306.029050009912,488,23.1659433353365
0.766541054681603,3.7110533558905,306.026265519014,488.5,23.1663075576035
28.2726723856774,3.75586600094724,306.019779857377,489,23.1797413283967
-10.7129647698936,3.6924307245372,306.019294937914,489.5,23.1746510592042
11.3748912093042,3.72880065429477,306.014842964999,490,23.1800558429904
-8.22491403239849,3.6966409576875,306.01392568269,490.5,23.1761477720307
32.2309873999403,3.76248847445997,306.007349626103,491,23.1914623376742
-9.08812825718457,3.69553926970452,306.006445197014,491.5,23.1871441101547
3.93993295387943,3.71700067481737,306.003231642483,492,23.1890161707622
-38.9355640287857,3.64601149362795,306.011777024796,492.5,23.1705159230414
-12.1541496715673,3.69005454439585,306.012437102043,493,23.1647408743072
4.65894916045544,3.71780438632949,306.009112483201,493.5,23.1669545757325
-17.126179337585,3.68180600128111,306.010570018941,494,23.1588170652544
3.57990537090121,3.71599113680272,306.007504588916,494.5,23.160518058622
-9.46602493590721,3.69448801957456,306.006987566177,495,23.1560202733551
-53.5796112028657,3.62138768656151,306.021737777926,495.5,23.1305619011763
-27.549511886412,3.66379282938511,306.027130970992,496,23.1174717403631
-11.6260352288348,3.69008229355121,306.027522086447,496.5,23.1119476254027
20.1019600129228,3.74227691535029,306.021892179632,497,23.1214990791748
25.153881014236,3.75067616581634,306.015460760684,497.5,23.1334509550886
-4.97986397314862,3.7016954703826,306.013670345777,498,23.1310847708707
-2.3099082431364,3.70610813673712,306.01161476766,498.5,23.1299872171104
18.2701693967776,3.73987810763317,306.006168655941,499,23.1386682948904
-8.10499352443093,3.69675946906084,306.005172146766,499.5,23.1348172042046
-25.5077361599486,3.66777137211482,306.009258357285,500,23.1226971938868
