curr_dens,Volts_tot,Temp_tot,t_tot,SOC_tot
2.49572379077105,3.84848439518366,294,0,55
2.49572379077105,3.84851347077244,293.999768457654,0.5,55.0011858440869
35.4129027748692,3.90096478807313,293.998985271539,1,55.0180122980035
19.2036158009047,3.87564226601268,293.997733542983,1.5,55.0271369031894
-0.177292076011838,3.84481472109648,293.997635270093,2,55.0270526627936
37.421492121828,3.90464133136392,293.997075823513,2.5,55.044833498685
-29.6200826126097,3.79812028324847,294.001562161972,3,55.0307595054217
-7.89851918918739,3.83242396792066,294.002700219841,3.5,55.027006521093
-1.39778007319961,3.84274644005836,294.002892597312,4,55.0263423653717
9.7891195043047,3.86065020517891,294.002156586696,4.5,55.0309936691429
-12.9236703708758,3.82434182999676,294.00369283993,5,55.0248529823623
-43.0583718340223,3.77634897220923,294.011984340916,5.5,55.0043937809804
-7.39043054399468,3.83257942897522,294.013187489999,6,55.0008822151603
-32.3545893770376,3.79266709811389,294.018704734105,6.5,54.9855089199914
-15.7870224608918,3.81872831754159,294.021071896835,7,54.978007710401
2.71230921406732,3.84826257851752,294.020886928479,7.5,54.9792964651323
-32.8555514421259,3.79145859164449,294.026472837271,8,54.963685137652
8.71711726006732,3.85763022657092,294.025962659453,8.5,54.9678270791583
-43.9714953396401,3.77374231361767,294.034482300876,9,54.9469340068032
11.0263988627241,3.86102214230351,294.033917093726,9.5,54.9521732043214
15.6427046897411,3.86857155677259,294.032690171077,10,54.9596058412692
-26.8895011920255,3.80067122300436,294.036790778363,10.5,54.9468292847829
-2.53005504162781,3.83938409056979,294.037195209046,11,54.9456271281894
50.3192928408064,3.92318317800934,294.03741139031,11.5,54.9695363588866
-45.7445979628016,3.77125800227229,294.046093157543,12,54.9478007961611
-31.9303586546706,3.79248709324969,294.051859158332,12.5,54.9326290743777
-24.9303308974589,3.80328727837253,294.055932905881,13,54.920783418385
-3.89234802884422,3.83674471284572,294.056440998981,13.5,54.9189339677723
1.15943622208931,3.84486310221262,294.056212460749,14,54.9194848743242
4.39333353421636,3.85010890922156,294.055650184999,14.5,54.921572368386
-8.18877659812479,3.83000444217921,294.056463153386,15,54.9176814681416
-0.401482796717595,3.84244442080003,294.056423007155,15.5,54.9174907034415
-47.2749071173165,3.76791248484325,294.065979607699,16,54.8950280137524
-27.1282745886433,3.79919330828226,294.070706526253,16.5,54.8821380039978
6.14022109063531,3.85225376879881,294.070196431323,17,54.8850555323314
-19.2753245165105,3.81161692265707,294.072811508196,17.5,54.8758968547226
6.10664946343191,3.85216905914687,294.07222594461,18,54.8787984314851
14.1961422641236,3.86524216619712,294.07095345023,18.5,54.8855437337586
-36.2513748280965,3.78479408983091,294.077287113044,19,54.8683188795342
-3.06977015680942,3.83739876657885,294.077755283207,19.5,54.8668602771032
4.22598615536183,3.84912631060671,294.077177946408,20,54.8688682559957
-4.68247963079942,3.83492044644959,294.077488448876,20.5,54.8666433740586
-24.0615409992152,3.80387928600007,294.081104368933,21,54.8552105239091
20.6787133989557,3.87530141905039,294.079846433491,21.5,54.8650360222669
27.3069643000661,3.88609430636889,294.078283642936,22,54.8780109365043
-7.54408285747793,3.83069492537564,294.078799202072,22.5,54.8744263627304
3.3658683881507,3.84812642647568,294.078328759602,23,54.8760256563461
9.69606040106302,3.85832352222662,294.077308790225,23.5,54.8806327430498
-26.6724268749274,3.80022798340218,294.081306199591,24,54.8679593295059
-35.3481274022132,3.78617979229088,294.087693998007,24.5,54.8511636536316
-1.89780266179289,3.83922701074262,294.087984660376,25,54.8502619119914
-51.9372001863565,3.75982913598227,294.099048468492,25.5,54.8255839320176
-46.9553743987779,3.76702552837278,294.109113985257,26,54.8032730684184
-34.3735229008539,3.7863580599846,294.115616216445,26.5,54.7869404762352
11.2781494590466,3.85913649362966,294.114686820821,27,54.7922992931428
-15.2189423774885,3.81682751579982,294.116484650012,27.5,54.7850680070152
-24.4838219864764,3.80191632014083,294.120296505413,28,54.7734345098976
-15.7200566596703,3.81573255645263,294.12247628059,28.5,54.7659651191325
-28.6995269444221,3.79490598032204,294.127254571756,29,54.7523285282371
7.90704362505089,3.85333035849241,294.126463579283,29.5,54.7560855629546
-17.9506909693796,3.81200465198993,294.128764989433,30,54.7475562854682
-18.8101572626808,3.81050168408717,294.131439864308,30.5,54.738618632253
4.48339140882512,3.84774930224275,294.13082900413,31,54.7407489173474
-3.78443626689634,3.83459753300484,294.130920860849,31.5,54.7389507410485
8.12252817243095,3.8537292002592,294.129885525675,32,54.7428101633288
-16.2137747021162,3.81483476240973,294.131829756496,32.5,54.7351061822523
-27.8574578003275,3.79611464542645,294.13635805987,33,54.7218697008237
-4.40813095756219,3.83339756769589,294.136789597723,33.5,54.7197751757607
-9.34720974285438,3.82548917539101,294.137701221161,34,54.715333845577
-12.7099928258116,3.82005641401317,294.139180825436,34.5,54.7092946877614
-18.7162026070607,3.81035895906948,294.141760128552,35,54.7004016771358
33.131975037863,3.89308848451141,294.140293300093,35.5,54.7161443473903
-22.4750952332972,3.80465397550439,294.143252837819,36,54.7054652975361
-4.7713444911915,3.83280567109235,294.143650406946,36.5,54.7031981914276
-16.6500725221572,3.81375986390535,294.145744231318,37,54.6952869032798
-19.0390474357543,3.80980545640523,294.148391089974,37.5,54.6862404928137
-59.2913417837748,3.74630096487063,294.162294097071,38,54.6580681897263
0.981451417764072,3.841180809261,294.162375536809,38.5,54.6585345267322
17.6314400089875,3.86795025663667,294.160684306642,39,54.6669121120062
-12.7271038241903,3.81954765375829,294.161917011569,39.5,54.6608648238934
14.8184962598655,3.86363663077271,294.16045899143,40,54.6679058378994
26.7614940222008,3.88285948254848,294.158585548107,40.5,54.6806215717315
-15.2641245674512,3.81597512257605,294.160151730696,41,54.6733688172695
-26.3950021755912,3.79806240126154,294.164245287436,41.5,54.6608272221746
-28.3133632435151,3.79475296196054,294.168906544458,42,54.6473741171052
-19.3913984848915,3.80871839071979,294.171696846565,42.5,54.6381602869072
14.0351106822598,3.86215489287764,294.170302057611,43,54.6448290749648
-7.03943567209731,3.82858577534669,294.170653774128,43.5,54.6414842844886
12.0924173975587,3.85923428296236,294.169268887469,44,54.6472300011099
-35.3439023041127,3.78359255198737,294.175313581422,44.5,54.6304363327925
-1.97912415075495,3.83651932285292,294.175412797748,45,54.6294959512167
-4.78639100323716,3.83205179064967,294.175562811378,45.5,54.6272216957524
-22.2938502263514,3.80401508139888,294.17869334325,46,54.6166287645306
-69.7490091987348,3.72971442817479,294.196614133454,46.5,54.5834874968837
-20.5828449488463,3.80582694131773,294.200129636888,47,54.5737075504555
11.4903885445463,3.85714553541414,294.198800506361,47.5,54.5791672128435
18.7200722377186,3.86890417849969,294.19688476636,48,54.5880620621256
48.6291452177592,3.91623970097884,294.195952051199,48.5,54.6111682185515
-60.1531767529882,3.74469650634691,294.209462154959,49,54.5825864142581
5.02267074836255,3.84721473936136,294.209010465312,49.5,54.5849729381311
-38.1873939214879,3.77834190796896,294.215846405441,50,54.5668281837148
-1.05366442731673,3.83722481909492,294.215772491156,50.5,54.5663275346705
10.1853975325776,3.85529828238044,294.214325831961,51,54.5711671300941
12.2222789880382,3.85872339374236,294.212679766614,51.5,54.5769745504984
-4.76465397783373,3.83168667983545,294.212621564244,52,54.5747106233898
-22.3533733104928,3.80352292957481,294.215664163538,52.5,54.5640894097524
8.61946080109642,3.85292928376623,294.214508132426,53,54.5681849497559
-29.1527480542821,3.79264492755851,294.21895783433,53.5,54.5543330106817
-21.4176204552691,3.80467893182639,294.222045622051,54,54.5441564203613
-64.3354737904939,3.73724912075768,294.2377962094,54.5,54.513587396076
-14.0506383031349,3.81563010028834,294.239911595937,55,54.5069112300635
-50.2971847600099,3.75814828813712,294.250708556569,55.5,54.4830125040291
14.4470486413268,3.86081930443058,294.249358080435,56,54.489877024561
-26.2728961503643,3.79584380725998,294.253171884681,56.5,54.4773934481894
14.9902460729071,3.86174443706059,294.251539130204,57,54.4845160691829
-42.8089956879236,3.76974497945323,294.259678268507,57.5,54.4641753589695
-24.8898890898544,3.79770459767048,294.263689115862,58,54.4523489189167
-45.0664248323589,3.76559290224646,294.272941395826,58.5,54.4309355904062
6.23878367504264,3.84703326711041,294.272066429201,59,54.4338999507884
2.80132737486716,3.84169429964649,294.271053847933,59.5,54.4352310025318
21.8104171699237,3.87220355878134,294.268877565709,60,54.4455942303571
20.4506998575082,3.87034255383238,294.266633762932,60.5,54.4553113879961
10.2197746358339,3.8542906587715,294.264894395127,61,54.460167317713
65.3473630919764,3.94063624375819,294.265933176262,61.5,54.4912171415761
9.8483671438667,3.85458063473187,294.264047742104,62,54.4958965968853
-18.377863209384,3.80952293575183,294.266019311056,62.5,54.4871643483502
-50.8040472551371,3.75815496459392,294.276632404838,63,54.4630247864128
5.02136973034193,3.84624920851569,294.275892523271,63.5,54.4654106921066
-9.9074031576709,3.8224335114688,294.276465440661,64,54.4607031858136
-14.3302001806853,3.81528707561339,294.277885329271,64.5,54.4538941858711
14.9574854252088,3.86205911444654,294.276099686357,65,54.4610012406307
-42.5553250989166,3.77061195244584,294.283933795058,65.5,54.4407810620919
-14.784488821179,3.81422876902575,294.285753679093,66,54.433756206733
-31.6373559646514,3.78726946818735,294.290920236295,66.5,54.4187237052867
-44.9756516699938,3.76595212262402,294.300018864949,67,54.397353507678
2.79750061138457,3.84160983973031,294.299390220667,67.5,54.3986827411333
21.0687177863422,3.87091713408902,294.297159881072,68,54.4086935502208
-14.8411334771011,3.81376535150546,294.298426249552,68.5,54.4016417801327
-23.5032591257341,3.7998221080714,294.30168203182,69,54.3904741978228
20.2113551240154,3.86955395101687,294.299690114004,69.5,54.4000776307226
3.04798554579435,3.84241971340405,294.29846262921,70,54.4015258821877
18.7824331881187,3.86763409614383,294.296326733142,70.5,54.4104503622985
26.7576436653498,3.88052409248456,294.294005502174,71,54.4231642666321
24.6378160758959,3.87747414914633,294.291676566322,71.5,54.4348709340986
50.5532307367092,3.91829155562361,294.290748140295,72,54.458891320474
-14.0853721185627,3.81648887621415,294.291627891513,72.5,54.4521986506763
0.495283554482951,3.83963495172484,294.290925401428,73,54.4524339848413
11.6300325257298,3.85743132123901,294.289202315065,73.5,54.4579599991188
-1.68213924193698,3.83627856267867,294.288548592474,74,54.4571607300328
2.95369448932055,3.84367346740929,294.287506770589,74.5,54.4585641790673
-8.9986134881379,3.82458439105261,294.287873329354,75,54.4542884845235
-7.95117019123663,3.82616376759914,294.288185411419,75.5,54.4505104830517
8.2651892225932,3.85202695674198,294.286746398123,76,54.454437690783
-46.2057399198288,3.76556821087216,294.295532033696,76.5,54.4324830162852
19.4368489055338,3.86945143742028,294.293863937208,77,54.4417184422674
4.97021890344174,3.84661906798288,294.292475293883,77.5,54.4440800436268
-2.05617021573536,3.83545044910237,294.29190475371,78,54.4431030535846
6.52653998631912,3.84917288188578,294.290540777796,78.5,54.446204141485
-20.7603513464938,3.8056409417292,294.292912840067,79,54.436339852826
-26.1696455331724,3.79681573259021,294.296668539492,79.5,54.4239053360235
0.0393916156436322,3.83841869169293,294.296116318443,80,54.4239240529643
23.2166998379394,3.87541726694838,294.293963917661,80.5,54.4349554765221
10.145148270299,3.85489157382821,294.292162939558,81,54.4397759474937
-16.7452605562986,3.81202272857826,294.293740906463,81.5,54.4318194307161
-21.6829933514177,3.80397520758756,294.296493760429,82,54.4215167483655
5.80657044825402,3.84770780077717,294.29533787464,82.5,54.4242757424723
4.38015186186163,3.8455202962078,294.294087204834,83,54.4263569732576
14.6396585932609,3.86196992960552,294.29215939364,83.5,54.4333130124798
21.8149431264521,3.87354832772644,294.289971382532,84,54.4436783908151
-21.7603076449162,3.80424606082352,294.292414775259,84.5,54.4333389725492
2.1908722979386,3.84227795709631,294.291601819485,85,54.4343799663359
-1.93060716632988,3.8357234390019,294.291036566043,85.5,54.4334626376232
-40.1280927333875,3.77497647304732,294.298110039273,86,54.4143957594451
-27.561760995503,3.7943771152025,294.302384809973,86.5,54.4012997784632
-17.6207170591981,3.8099380748302,294.304475758467,87,54.3929272882028
-19.0992826202054,3.80743337935662,294.30676280383,87.5,54.3838522569665
-12.7887555381023,3.8173589166232,294.307924059072,88,54.377775675019
-37.7575661362828,3.77758462848087,294.31457340033,88.5,54.3598351534346
-5.1687800966263,3.8291202069795,294.314762846486,89,54.3573792056504
0.951507055898039,3.83893993349337,294.313895588479,89.5,54.3578313145817
-34.3804686568433,3.78264372908036,294.319531808102,90,54.34149542212
-18.8174474549811,3.80705132955759,294.321952592588,90.5,54.3325543049672
36.3887862603723,3.89486609523645,294.31999292005,91,54.3498444502848
17.6518193588906,3.86569845520458,294.317642089182,91.5,54.3582317188144
-51.7208547590918,3.75577724821354,294.328203324713,92,54.3336565354507
15.2782413888056,3.86162767911627,294.326625609244,92.5,54.3409159975256
-23.3733372702481,3.80006722878229,294.329486782353,93,54.3298101476337
-12.0492895825156,3.81793338774154,294.330522589416,93.5,54.3240849232097
-32.2704140543598,3.78564644192381,294.335700530582,94,54.3087516239767
-25.4690243907764,3.79613528281317,294.339472998364,94.5,54.2966500075704
7.90338476357638,3.84930737695058,294.338061468135,95,54.3004053037786
-37.8328072711955,3.77651294622663,294.344576709323,95.5,54.282429031341
-13.8927140569424,3.81421361705595,294.34608822704,96,54.2758279030929
-3.4977338567495,3.8307932441736,294.345766221607,96.5,54.2741659535507
-26.9186234878057,3.7933990536889,294.349610481773,97,54.2613755595947
2.72417840858761,3.8405816862173,294.348668288071,97.5,54.2626699539781
-3.33842299180615,3.83097648386886,294.348178489026,98,54.2610837010527
-10.3753443954781,3.81973683802355,294.348755368973,98.5,54.2561538523066
-23.6388003874566,3.79849646164932,294.351905349193,99,54.2449218675158
-13.2011888531187,3.81497207541246,294.35313997139,99.5,54.2386493177253
7.59956475467544,3.84821828209582,294.351603695818,100,54.2422602537433
-47.5579520882814,3.76064692619868,294.361041079013,100.5,54.219663075131
-2.52124146442518,3.83171157673349,294.360903296313,101,54.218465106312
-38.9223912890176,3.77375972320496,294.367863722134,101.5,54.1999711176234
-13.0564116330674,3.81453810339814,294.369233445197,102,54.1937673587828
38.8212977943539,3.89705846836673,294.367094823122,102.5,54.2122133128598
13.3344066422872,3.85724184317425,294.364767981656,103,54.2185491611324
-43.5412805535138,3.76687051856775,294.372838011682,103.5,54.1978605054929
4.67390285644692,3.84317883603866,294.371805643278,104,54.2000813121724
-34.4187672671788,3.78090044794174,294.377395740626,104.5,54.1837272221118
-9.22305039870439,3.8207259444969,294.37802977932,105,54.1793448862866
15.8101272821141,3.86075273817902,294.375847882091,105.5,54.1868570741414
-54.4765578055875,3.74943652243974,294.387496660411,106,54.1609725174508
11.2954951863944,3.85326436826242,294.386000381732,106.5,54.1663395761873
8.57078933570573,3.84911215763233,294.384104117845,107,54.1704119899259
-27.1396313125935,3.79218431515193,294.387824036216,107.5,54.1575165840198
20.9773646794503,3.86880773415649,294.385581858093,108,54.1674839866446
1.91863768334552,3.83868822227821,294.384241734196,108.5,54.168395628053
17.9370827123832,3.86432752677538,294.381881797705,109,54.1769184395711
3.73148600176611,3.84189744571346,294.380381546568,109.5,54.1786914565319
-9.24959945008204,3.8212000966376,294.380615388953,110,54.1742965059151
12.5022540329855,3.85591289741046,294.378626788063,110.5,54.180236956566
-37.3540846709049,3.77662502106366,294.384820115794,111,54.1624881493499
-50.6768132787242,3.75537885193311,294.395573127517,111.5,54.1384090426837
-17.6113120587999,3.80704842917544,294.397814157869,112,54.1300410212127
-9.13934686962891,3.82048609274444,294.398223193333,112.5,54.1256984571504
-24.7560922577231,3.7955166049567,294.40154274359,113,54.1139355907122
-5.45167591068865,3.82617521434866,294.401464336301,113.5,54.1113452248768
1.76429884512559,3.83775500183362,294.400299997028,114,54.1121835321289
12.6521562985093,3.85524991888237,294.398143906848,114.5,54.118195208897
18.8105465948699,3.86524879699388,294.3956281078,115,54.1271330471035
-11.8295803202439,3.81654655528751,294.396146618421,115.5,54.1215122176173
-13.9331981960535,3.81309296990111,294.397263533143,116,54.1148918533154
-11.6911010480405,3.81657147970125,294.398020424547,116.5,54.1093368223067
-19.1863392304148,3.80451917519303,294.400135777774,117,54.1002204260897
-11.3165468012125,3.81693933609132,294.400886759325,117.5,54.0948433646707
30.6226280164361,3.88371125831766,294.39841956966,118,54.1093937177553
-10.4757059601718,3.81862222924055,294.398636905508,118.5,54.1044161821745
-8.64710493588736,3.82147133847833,294.398863214843,119,54.10030750705
-52.2206348676357,3.75252344648646,294.4098346241,119.5,54.075494852982
-27.2520321675072,3.79119339064242,294.41414692185,120,54.0625460397679
19.0835550414177,3.86499242217775,294.411877789987,120.5,54.0716135980392
-14.5160449353493,3.81157444972367,294.412856445119,121,54.0647162938925
-35.9211601230378,3.77744113404512,294.418957704162,121.5,54.047648341308
-16.7883581929751,3.80751055646935,294.420850637919,122,54.0396713466723
-28.3649985967643,3.78895586741035,294.425074717641,122.5,54.0261937070456
-23.092436099377,3.79711000045897,294.428208557851,123,54.0152213274494
-0.613012291798308,3.83291633161891,294.427427050393,123.5,54.0149300544311
34.2796948214236,3.88846439283242,294.424813896167,124,54.0312180641674
22.0828678494144,3.86964641259305,294.42198953496,124.5,54.0417107470344
-43.2602995425749,3.76595276544086,294.429824049691,125,54.0211555996266
19.6969781088389,3.86572483869481,294.427659107382,125.5,54.0305146260965
-27.4337021240474,3.79076049265472,294.431266505895,126,54.0174794923351
44.3414531360251,3.90446211848265,294.429429885013,126.5,54.0385483502746
-18.1622050413978,3.80582594636729,294.430858937651,127,54.0299185717982
-24.5992661606743,3.79540040445205,294.434082809741,127.5,54.0182302213383
25.9176581066854,3.87573853962428,294.431617246195,128,54.0305450062214
10.641942581445,3.8517997999703,294.429356953364,128.5,54.0356015291946
22.6470755992942,3.87102310731999,294.426698133433,129,54.0463622955837
4.09103017047844,3.84175533353021,294.425015855228,129.5,54.0483061500898
16.9250900152978,3.86226550303766,294.422597122327,130,54.0563481129017
15.4545978187764,3.8601196636737,294.420170824336,130.5,54.0636913707999
-16.3384336964841,3.80955212311115,294.42137642083,131,54.0559281579559
-32.1810295474766,3.78421105565387,294.426297224448,131.5,54.0406373298046
10.239958667956,3.85149595124793,294.424542072214,132,54.0455028499719
1.76287141146589,3.83810578474827,294.423178060327,132.5,54.0463404789783
-12.1712076481854,3.81587984028115,294.42377191794,133,54.0405573251402
26.5842774660399,3.87751027559954,294.421286278781,133.5,54.0531888544597
27.4247099453277,3.87913568427315,294.418575109362,134,54.0662197155841
-48.4999504463658,3.75903249458721,294.427746945236,134.5,54.0431749461019
-21.2938572223776,3.80132250042037,294.430507355938,135,54.0330571619276
-40.7432774581839,3.77035845518729,294.43784133525,135.5,54.0136979784989
11.9658006273008,3.85383434394045,294.436019918922,136,54.0193835331147
-14.1201349953337,3.81234150071069,294.436869500354,136.5,54.0126743457231
-3.99401099767166,3.82841905448734,294.436362458536,137,54.010776589913
-17.1499412804819,3.80740152372548,294.437892076598,137.5,54.0026277889388
32.6746463277292,3.88655561100929,294.435441809373,138,54.0181531592868
-2.75432365155416,3.83067130311611,294.434432670953,138.5,54.0168444413799
0.952454766135507,3.83659335064727,294.433227223201,139,54.0172970006161
15.2821614638411,3.85948320778583,294.430874395154,139.5,54.0245583253161
-12.7952326803131,3.81485742608469,294.431446482033,140,54.018478665752
-39.8365076280923,3.77185989287043,294.438391070926,140.5,53.9995503343451
16.0969187304447,3.86045631281294,294.436337380682,141,54.0071987912631
2.59065792435564,3.83914004131065,294.434816690815,141.5,54.0084297433389
13.2246148150621,3.85616034206625,294.432552637549,142,54.0147134239839
1.46803384624603,3.8375769533278,294.431176966327,142.5,54.0154109608116
3.00952144393647,3.8400751890973,294.429730295175,143,54.0168409360444
18.7560675967998,3.86520191618183,294.427249973942,143.5,54.0257528885347
-3.64780940093714,3.82971156039073,294.426444471408,144,54.024019630542
-18.2405653436887,3.80638830788561,294.428127899931,144.5,54.0153526191388
47.1030585824792,3.90963194037753,294.426631942556,145,54.0377336549327
-26.0719482085828,3.79430214054642,294.429577203654,145.5,54.0253455590503
-20.6465768659245,3.80262247719078,294.431918998908,146,54.0155353303781
12.4927556148226,3.85529100777048,294.429905392558,146.5,54.0214712678521
7.58195998081057,3.8476241838054,294.427976934326,147,54.0250738389552
-26.6036578447612,3.793212865402,294.431305118543,147.5,54.0124331010415
7.19352057702407,3.84683182127575,294.42971909407,148,54.0158511050176
-2.04821832326187,3.83218046514831,294.42878867161,148.5,54.0148778933199
30.5887863684703,3.88401236413344,294.426289935238,149,54.0294121665329
-8.22932582480007,3.82265741603014,294.426032309179,149.5,54.0255019993084
-9.58584241540998,3.82040483068113,294.426252250574,150,54.0209472827216
-3.74323532878299,3.82964321714598,294.425668393256,150.5,54.0191686830638
35.845709741502,3.89239324477698,294.42337021163,151,54.0362007853715
-16.8234163537187,3.80915357421656,294.424492066881,151.5,54.0282071328377
-22.2894140357859,3.80026572880089,294.42707093522,152,54.0176163094735
-3.50711974544702,3.82998599918308,294.426568780031,152.5,54.0159499002228
5.85828536394297,3.84492574602384,294.424908084847,153,54.018733466691
-38.5593483587388,3.77438057234574,294.431267007897,153.5,54.0004119779857
-15.3297991717083,3.81077590929909,294.432750913394,154,53.9931280182111
-37.8570969111103,3.77492616574118,294.439171768692,154.5,53.975140204542
-18.6660400966283,3.80495323334684,294.441304706734,155,53.9662710286519
-10.9732769915785,3.81708986532179,294.441866716766,155.5,53.9610570720105
-29.8609362343475,3.78695652148099,294.446219846397,156,53.9468686370593
-42.1101803642545,3.76737229841024,294.454115316038,156.5,53.9268599692066
-11.430906148874,3.81564622217243,294.455007489596,157,53.9214285699011
-20.7089108555164,3.80079380351045,294.457337669161,157.5,53.9115887232104
-26.7120170704125,3.79109317974818,294.461088730933,158,53.8988964983704
-7.89716016411908,3.82091239950011,294.461250435336,158.5,53.895144159783
-53.1234693906512,3.74939948158242,294.472571219952,159,53.8699025235558
12.2340604657396,3.85261859116098,294.470768004147,159.5,53.8757155419336
-26.6186014826131,3.79077476707552,294.474222064632,160,53.8630677035448
-12.4371875213722,3.81318871343579,294.475112494483,160.5,53.857158169271
5.03881677774428,3.8411155926258,294.473482410652,161,53.8595523649359
-6.97449423425814,3.8220338734582,294.473193617324,161.5,53.8562384314081
-21.7412822242473,3.79844097125077,294.475682155241,162,53.8459080530779
7.41037025352644,3.84488646526335,294.473911852005,162.5,53.8494290932583
28.1368345225899,3.87795431720134,294.471039266032,163,53.8627983206403
-34.1168307758878,3.77920502407019,294.47615830007,163.5,53.8465876958158
-50.8989495878863,3.75256868198721,294.486902283633,164,53.8224030409997
-12.6871331499133,3.81245430428744,294.488071456453,164.5,53.8163747449676
-41.3113319129153,3.76696269284104,294.495650530364,165,53.7967456502536
-33.2682491322805,3.77925658088857,294.501297098812,165.5,53.7809382293124
-37.1341478841624,3.77287521952226,294.507949583347,166,53.7632939251422
-24.2325151895675,3.79303173548318,294.511356288657,166.5,53.7517798365426
-25.7969497825166,3.79039251828084,294.514995819062,167,53.7395224062645
-2.3938154184945,3.82766607489773,294.514293966479,167.5,53.7383849839786
-14.2210990683148,3.80881426347091,294.515264141054,168,53.7316278234703
4.62053364693867,3.83894628332515,294.513602195962,168.5,53.7338232717501
29.797505432382,3.87910850130058,294.51056941353,169,53.7479815675322
6.18595188315782,3.84200616433866,294.508427781945,169.5,53.7509208248688
-39.0301632937083,3.77010735160646,294.515094442524,170,53.7323756282721
15.7450987992443,3.85702722743294,294.512797604936,170.5,53.7398569178191
-16.0291415962983,3.80649738082515,294.51388598859,171,53.7322406652315
9.55866760704838,3.84730590922014,294.511780411192,171.5,53.736782469698
8.75707078913367,3.8461956041339,294.509539598193,172,53.7409433951385
-17.8716079650145,3.80378683837339,294.511011857307,172.5,53.7324516939709
27.174450924436,3.87544218483943,294.508222385285,173,53.7453636444286
12.0964481661077,3.85187386349789,294.505638612566,173.5,53.751111276271
-1.29580847761685,3.83066516196562,294.504418061566,174,53.7504955723912
-20.0548211010226,3.800726339616,294.506371858152,174.5,53.7409665166906
-1.98692380391167,3.82939989073847,294.505502507055,175,53.7400224291066
40.7834953474936,3.89711423227725,294.503009791151,175.5,53.7594007220804
-17.1219892114801,3.80574228244543,294.50407648251,176,53.7512652025422
-23.7438717587036,3.79502927595657,294.506928994739,176.5,53.7399832930504
-81.0519795589731,3.70628639819015,294.529355189004,177,53.7014714148355
20.4992957603449,3.86453536593144,294.527319008471,177.5,53.7112116628357
-1.38679498502452,3.82995338309344,294.526011896667,178,53.7105527266831
8.7453318946025,3.84618743292574,294.523816239165,178.5,53.7147080743835
6.08382747930255,3.84209172199773,294.521780880321,179,53.7175988072717
-1.99298619875051,3.82930401485349,294.520650193155,179.5,53.7166518391385
-27.9657726921617,3.78791225719079,294.5243342394,180,53.7033638918488
13.4195576048417,3.85366532396807,294.52204798397,180.5,53.7097401996329
3.93044049850338,3.83873387400934,294.520191229344,181,53.7116077498967
0.0168512477376339,3.83256850834158,294.518832984132,181.5,53.7116157567733
-2.22461346571025,3.82902695984725,294.517780912083,182,53.7105587308582
16.3448300748276,3.85864505470442,294.51514329718,182.5,53.7183249829437
9.22892763482503,3.84753303319773,294.512820947451,183,53.7227101113398
4.47289576981482,3.8400738470976,294.510964005392,183.5,53.7248354094275
-13.4024339326934,3.81160322861682,294.511554482154,184,53.7184672379626
52.7622156346776,3.91582334162138,294.510198887926,184.5,53.7435372243334
-1.59996353434233,3.83092208085505,294.508758307703,185,53.7427770010654
-16.5860542930837,3.80699435406493,294.50993793436,185.5,53.7348961312029
-28.0211542492679,3.78864636318643,294.513675558586,186,53.7215818693457
-18.4992924809475,3.80347580935465,294.515492982965,186.5,53.7127919236471
-22.6507553632209,3.79669881833909,294.518086457958,187,53.7020294088169
25.424905386293,3.87305333417933,294.515377483035,187.5,53.7141100620617
18.4589045305348,3.86234550197817,294.512487783717,188,53.7228808174107
40.4643490380867,3.89712395216328,294.509937415189,188.5,53.742107467897
27.7056092155036,3.87759827756671,294.506919985372,189,53.755271798414
16.388831464215,3.86000209196462,294.504187239376,189.5,53.7630589577761
-29.7581962788856,3.78674533636402,294.507977387471,190,53.7489193397529
-31.1753023244535,3.78415104361215,294.512545502372,190.5,53.7341063832654
-0.10002911278635,3.83326288677557,294.511511383397,191,53.7340588543953
9.03353194792412,3.84784861837976,294.509339610113,191.5,53.7383511404581
-40.0099646644828,3.77005219255031,294.51595117761,192,53.7193403908759
-23.4060069817266,3.79582868777978,294.51888906115,192.5,53.7082190179584
-58.2312948894302,3.74108216823761,294.531828354884,193,53.6805503965468
-24.2429902954233,3.79367232758682,294.535230137332,193.5,53.6690313306967
-22.7014190413788,3.79593322463829,294.53792748581,194,53.6582447430009
20.8880095127761,3.86527592687863,294.535213517031,194.5,53.6681696884851
-15.7541399163618,3.80715159502323,294.536100451586,195,53.6606841030479
-46.831214099312,3.75793137157469,294.545165514137,195.5,53.6384322342612
-0.0398589515917287,3.83170103361572,294.544250467481,196,53.6384132952656
11.0875338933414,3.84954242467932,294.541817419137,196.5,53.6436815411163
-38.3088624563192,3.77110502807566,294.54808223818,197,53.6254790708806
-57.6568986343834,3.74060518981725,294.56116126504,197.5,53.5980833740631
-15.8652031152067,3.80576666479872,294.562849730019,198,53.5905450169057
-13.201467517325,3.80995511907424,294.56358886839,198.5,53.5842723347078
-13.0206364339679,3.81020051797329,294.56426516726,199,53.5780855744663
-10.4196940268851,3.81431353466708,294.564484866805,199.5,53.5731346529764
-10.2763973674411,3.81452257151373,294.564653367525,200,53.5682518189475
-5.8100899394003,3.82164474993715,294.564115255945,200.5,53.5654911525531
-6.65377430911668,3.82031855193415,294.563661081132,201,53.5623296092169
-8.01218659321016,3.81815541887242,294.56342053894,201.5,53.558522615779
8.36604143298743,3.8443242949257,294.56121167342,202,53.5624977434755
-20.4110715306286,3.7985184037164,294.56310342619,202.5,53.5527994152509
-5.6819554054561,3.82188467307874,294.562628857699,203,53.5500996320279
-4.35422520687425,3.82401953813826,294.561831716831,203.5,53.5480307203024
-26.3492339435249,3.78894852077699,294.565151031458,204,53.535510872
-5.42274134349518,3.82211507379503,294.564698183647,204.5,53.532934254435
-25.5790088507894,3.78996627996697,294.567862218386,205,53.5207803788717
-5.75552031603564,3.82139783832839,294.567452027599,205.5,53.5180456412541
-40.4135979222501,3.76632737247465,294.574558512346,206,53.4988431051794
14.9996916817713,3.85420431850517,294.572152389218,206.5,53.5059702142575
-26.0081673096247,3.78899178059754,294.57525826678,207,53.493612423893
-23.8145194453096,3.79226535468132,294.57822882528,207.5,53.4822969461265
-15.0091676627871,3.80613265122848,294.579358073203,208,53.4751653345326
-20.5757735662246,3.79717384855819,294.581523986806,208.5,53.4653887480745
6.206808005143,3.83986235700352,294.579582761417,209,53.4683379152052
-18.6182751315939,3.80032986102424,294.581142413487,209.5,53.4594914348559
-35.2860286716555,3.77373285684782,294.586933541456,210,53.4427252652166
10.2679509017141,3.84608996824706,294.584766386227,210.5,53.4476040859042
-22.8905389931992,3.79330846129346,294.587206184933,211,53.436727637793
-8.21773541934972,3.81657501596907,294.587128407974,211.5,53.432822977754
-46.3646986798603,3.75607677737596,294.596150666041,212,53.4107927739422
-1.57798906666118,3.82678451783911,294.595350515412,212.5,53.4100429918506
-14.6205822238963,3.8060013104391,294.596196728731,213,53.4030960167724
-19.2694515695915,3.79851136489618,294.598081899821,213.5,53.3939401296965
-17.8301371728178,3.80069349375795,294.599718985908,214,53.3854681333913
23.7758568890763,3.8669968431269,294.596644027215,214.5,53.3967652406298
-10.1684244287939,3.8132116928863,294.596477585628,215,53.3919337099828
-90.7906203347975,3.68854151538946,294.623761991031,215.5,53.3487945129834
4.56085240620932,3.83582943917752,294.622745486961,216,53.3509616036995
-13.9428590028946,3.80638461071261,294.62338852916,216.5,53.3443366490616
-51.6547990829096,3.74672255400258,294.634314890098,217,53.319792852077
-0.800490607664192,3.82692730170127,294.63341395435,217.5,53.3194124986672
-11.7332525793277,3.80953561512064,294.633687606536,218,53.3138374393428
-3.40534839769279,3.822858290882,294.632710904307,218.5,53.3122193867859
-1.93131336692129,3.82529011335329,294.631450856923,219,53.3113017225217
-10.9259273129632,3.81097112416722,294.631564276188,219.5,53.3061102640977
-44.2295965478225,3.7580942737722,294.639947351593,220,53.2850945548577
4.16757545668975,3.83471881673583,294.638332140474,220.5,53.287074779885
5.50316702113754,3.8370069326061,294.636109243097,221,53.2896896117406
-13.6454146208284,3.80652552120556,294.636632555898,221.5,53.2832059879115
-43.7429914058782,3.75873043397863,294.644867462795,222,53.2624214892855
26.7639679659518,3.87050821359065,294.641849875544,222.5,53.2751383986128
16.7247309115492,3.85498758555097,294.638586320618,223,53.2830851607221
12.0251351104607,3.84776277298807,294.635697819296,223.5,53.2887989081396
-11.2244226776837,3.81081877188094,294.635685384092,224,53.2834656195322
17.496098891987,3.85658445021516,294.632696303715,224.5,53.2917788974241
14.3542461606854,3.85183494992737,294.629674090551,225,53.2985993228229
-0.220639192371314,3.82879931199703,294.62801468772,225.5,53.2984944860286
-8.06153398948369,3.81630960858342,294.627563118633,226,53.294664045157
-39.4359001436392,3.76644687037543,294.634237629272,226.5,53.2759260625452
-16.0501505988641,3.80311768337467,294.63558383851,227,53.2682998275222
-24.3459268185247,3.78979090582135,294.638458329516,227.5,53.2567318513449
14.9736837635539,3.85235325935165,294.635712261475,228,53.263846602751
-0.993745917036812,3.82712312889527,294.634140305408,228.5,53.2633744240091
4.93155731816482,3.83663810230842,294.632011344431,229,53.2657176553019
-30.2836117962938,3.78060139585866,294.636096723433,229.5,53.2513283859003
27.1023524304113,3.8716635307881,294.633020849327,230,53.2642060787317
-13.8901861194127,3.80677207753697,294.633355532694,230.5,53.2576061516341
-2.30487588374952,3.82517579628041,294.632183065099,231,53.2565109890011
9.67249911562939,3.84431752194956,294.629638341188,231.5,53.2611068805513
2.08194865681117,3.83236620612128,294.627739277642,232,53.2620961192294
-92.8270116413668,3.68545229983896,294.655560352888,232.5,53.2179893301437
-8.28541253911759,3.8148893039648,294.65619686272,233,53.214052513296
38.9053373427051,3.88969064650499,294.653025331034,233.5,53.2325383987957
-61.618520237095,3.73154662985963,294.666837509016,234,53.2032603360012
-46.0958928546359,3.7548531116863,294.676237975865,234.5,53.1813578553772
-35.7546438565178,3.77064772892742,294.682384514506,235,53.1643690230585
-2.7542813804316,3.82295238244656,294.681437287575,235.5,53.1630603252369
-44.8613393956809,3.75613678976335,294.689882028905,236,53.1417444431478
-12.6964368992798,3.80674039553527,294.690649983492,236.5,53.1357117264358
-16.4291087470142,3.8007559409568,294.691793676108,237,53.1279054293078
2.77737680952235,3.83142340967372,294.689918710038,237.5,53.1292251009312
-16.0172046569533,3.80149820900784,294.690820894324,238,53.1216145201848
-18.2790834788807,3.797809890341,294.692348528892,238.5,53.1129292068754
1.54218188549838,3.82941510857818,294.690631055878,239,53.1136619751715
-3.87893025403686,3.82086041651925,294.689456132172,239.5,53.1118189000195
-23.6874656659407,3.78926705202771,294.692033595289,240,53.1005637919036
-15.3348958767094,3.80241607574669,294.693033122106,240.5,53.0932774104277
-26.2848701480613,3.78488481873828,294.696348947401,241,53.0807881446066
-22.4470150509317,3.79079710432922,294.698889710779,241.5,53.0701224370615
13.7582741232322,3.84851090181903,294.696031007688,242,53.0766596861252
-12.4108208381188,3.80694586515025,294.696142559643,242.5,53.0707626799908
0.321094588510013,3.82726637741134,294.694506160068,243,53.0709152482038
-6.73102916763626,3.81607815689321,294.693755034708,243.5,53.0677169971929
24.6949266995674,3.86612999907664,294.690292292448,244,53.0794508007934
-17.7483686433128,3.79884035313865,294.691312795701,244.5,53.0710176568354
-16.1365210676133,3.80127698419805,294.69236326338,245,53.063350382852
5.93317089807513,3.83643889996323,294.690123846957,245.5,53.0661695312097
15.3419951084717,3.85155316646905,294.686954870947,246,53.0734592858881
-52.0070145795944,3.74500498522986,294.697435308656,246.5,53.0487481335794
13.9619772654795,3.84908908444155,294.694887832972,247,53.0553821722668
10.3855947320857,3.84362310546138,294.691992365591,247.5,53.0603168914642
-6.10368853059565,3.81747879395242,294.691035156548,248,53.05741672159
-12.0393113526045,3.80798691293509,294.69118762645,248.5,53.0516962383258
-2.80871711826404,3.82266413944242,294.689944562364,249,53.050361675343
-17.6482925017831,3.79899649650165,294.69113651236,249.5,53.0419760826008
8.14810172521466,3.84005739236902,294.688701236553,250,53.0458476561643
-36.5812460186509,3.76899565369798,294.69438315506,250.5,53.0284660635211
-11.0429514504756,3.809221644211,294.694676101995,251,53.0232190010346
6.99582727311641,3.83799807477062,294.692279736452,251.5,53.0265430709639
-1.48439483690373,3.82460754970275,294.690700230002,252,53.0258377602053
-72.710744893012,3.71307006189768,294.709372755582,252.5,52.9912892227425
-54.2352253782512,3.74042828962606,294.721764909114,253,52.9655193352445
-10.7753676349519,3.80857203271085,294.722244346957,253.5,52.9603994153074
-25.0313550696927,3.78581740324076,294.725212966091,254,52.9485057576418
-15.5319224320454,3.80081126609648,294.726247980287,254.5,52.9411257589249
-11.6300748289026,3.80699948211404,294.726444457099,255,52.935599724547
-41.9614532848722,3.75881010111236,294.734071248216,255.5,52.9156617244214
-15.955805628296,3.7997114480955,294.73538291531,256,52.9080803174462
-15.2206609621684,3.80083770560721,294.73626913148,256.5,52.9008482147324
-19.7042942676683,3.7936269880237,294.73807370807,257,52.8914857119869
21.7531252295589,3.85971851017539,294.734647704622,257.5,52.9018217175255
-9.65926913301222,3.80995332139577,294.73415575926,258,52.8972321122066
-28.2123964739573,3.78034252134449,294.737844075371,258.5,52.8838269815353
-19.9662903911931,3.79324904498051,294.73980009974,259,52.8743399912343
12.1654364678797,3.84449662916618,294.736926465149,259.5,52.880120402894
-1.92340127609932,3.82222921380117,294.735296889308,260,52.8792064980627
0.712130424674429,3.82651087208596,294.733430523323,260.5,52.8795448670987
-2.03234762832436,3.82221363605956,294.731902838015,261,52.8785791963677
-22.2718370133715,3.78993837700207,294.734062729012,261.5,52.8679967247322
16.2108347775904,3.85119632321059,294.730955112786,262,52.8756993089024
-63.6554337305067,3.72531939367067,294.745842498535,262.5,52.8454534059043
-15.8859294799853,3.79957776366362,294.747338183352,263,52.837905200607
-3.39404853769012,3.81949287623522,294.746140720631,263.5,52.8362925171827
22.7072435958973,3.86112555582575,294.742528846232,264,52.8470818724177
-10.712564173351,3.80819649668569,294.742163643085,264.5,52.8419917935688
-12.5672553553521,3.80518902326821,294.742396976375,265,52.8360204575154
0.202206981056204,3.82554450137904,294.740665540758,265.5,52.8361165362376
7.15623062545827,3.83672598832873,294.738045029986,266,52.8395168218794
-15.0626986746607,3.80138155622572,294.738583771521,266.5,52.8323597750052
-10.9274406862963,3.80788684480601,294.738559801678,267,52.8271675975013
-0.449604372055862,3.82458773362727,294.736901079601,267.5,52.8269539678168
5.17513038609181,3.83363558345334,294.734494068591,268,52.8294129329434
-1.0264592882859,3.82385599067857,294.732776204578,268.5,52.828925210431
8.50222796806414,3.83910799038157,294.730060399569,269,52.8329650472103
-47.7971024160987,3.7499233314232,294.739131346698,269.5,52.8102542362309
-36.0656523553083,3.76779812424935,294.745245380764,270,52.7931176281085
-45.8974063157115,3.75202441084901,294.754282991486,270.5,52.7713094584373
-29.9108171018787,3.7767668173362,294.758796710465,271,52.7570973225733
12.6573651938481,3.84451264076463,294.755937765672,271.5,52.76311147435
-5.19261826867236,3.81625208001034,294.754739784472,272,52.7606441998495
-28.9123761404241,3.77844579930021,294.758520952659,272.5,52.7469064735795
25.0098382225374,3.86414321114004,294.755044362718,273,52.7587899075072
-6.13771990733866,3.81492805359054,294.753886817596,273.5,52.7558735676118
12.2473509598857,3.84428104617703,294.75084825103,274,52.7616929009728
-18.7089999033343,3.79507138182479,294.752055179174,274.5,52.7528033127145
-24.2289680302039,3.78613687031826,294.754765769697,275,52.7412909095489
3.04648049518291,3.82949603508239,294.752773089153,275.5,52.7427384458886
-7.35569144709882,3.81298605356367,294.751967644642,276,52.7392433863633
-20.6533428060397,3.79174832680873,294.753767491986,276.5,52.7294299428521
-49.909042075382,3.74545856091229,294.763932671488,277,52.7057156429585
-30.6069176238774,3.77528026677319,294.768648064537,277.5,52.6911727546728
8.57440413790013,3.83760051358542,294.76612063698,278,52.695246885986
-7.41174157254066,3.81225020531589,294.765282997782,278.5,52.6917251942228
-12.9761456161143,3.80336575286871,294.765547835011,279,52.68555957381
-35.1485878896893,3.76804276096165,294.771072308504,279.5,52.6688587092093
-1.16402890260151,3.82191828759567,294.769710386951,280,52.6683056204436
-33.1500928287927,3.7709946852102,294.774586766794,280.5,52.6525543415139
-4.02354444103994,3.81717049182092,294.77360995311,281,52.6506425528772
-27.8763475121513,3.7791473116212,294.777134388126,281.5,52.637397095995
-8.70576121866094,3.80953609800091,294.776848415216,282,52.633260550316
-17.6283687439923,3.7952811189143,294.778059863732,282.5,52.6248844243547
-26.1241619645481,3.78164423856393,294.781290505123,283,52.6124715190868
-35.5461694629472,3.7665121201622,294.787136487915,283.5,52.5955817434538
-30.5309721834609,3.77416058807852,294.791733334025,284,52.5810749406722
16.2971998348217,3.84873965345814,294.788538056376,284.5,52.5888185612315
4.46943012074423,3.8301771904801,294.785976300247,285,52.5909422126147
-66.6373980245199,3.71823170513725,294.802356085224,285.5,52.5592794281739
10.6074402070457,3.83950265492562,294.79999122493,286,52.5643195573311
-23.3300680117538,3.7854820041237,294.802289772589,286.5,52.5532342668434
17.6593346128269,3.8508083900378,294.798912003922,287,52.5616251062488
13.0335872736618,3.84374560180211,294.795506433902,287.5,52.5678180200865
-16.4462912873698,3.79688338359344,294.796218819351,288,52.5600035586681
-18.8426157335953,3.79295602108679,294.797692055766,288.5,52.5510504827984
-30.4804276357911,3.77431316232157,294.801981752829,289,52.5365676962775
-14.5651146954714,3.79942111600312,294.802748609644,289.5,52.529647076616
-19.444123879406,3.79157017049697,294.804364486822,290,52.5204081939272
11.4825783034653,3.84089644877778,294.801377161625,290.5,52.5258641452763
-21.0540925685675,3.78913208180898,294.80309573237,291,52.5158602853664
14.1415557861989,3.84520974589187,294.799923228128,291.5,52.5225796508547
-27.0155847020597,3.77976199615775,294.803005214072,292,52.5097431857416
-16.4791296266445,3.79633103642904,294.80409509788,292.5,52.5019131211742
-17.0064372233428,3.79540039905787,294.805193030505,293,52.4938325062061
-3.74687379672334,3.81651771479635,294.803942217908,293.5,52.4920521777289
-10.8082978343092,3.8052766869868,294.80372360904,294,52.4869166109954
-46.7231581963338,3.74831582263527,294.812785833694,294.5,52.4647160850112
-15.0415447394734,3.79805341639622,294.813836090912,295,52.4575690894372
-5.90143071374537,3.81263124059027,294.812900265993,295.5,52.45476502244
-40.6600156769118,3.75736353665025,294.820026049007,296,52.4354454008775
-25.6451509989516,3.78077310714114,294.823386826719,296.5,52.4232600978479
7.69988416465525,3.83393774313501,294.820771553193,297,52.4269187006708
-1.22417933197735,3.81987170978321,294.818923254432,297.5,52.4263370314062
10.4725064593694,3.83864442080633,294.815820987323,298,52.4313130467431
-52.2416005865376,3.73931598278212,294.826579584393,298.5,52.4064904308059
-57.4602850559736,3.73069314226147,294.840028822838,299,52.3791881550032
-13.9813324330174,3.79874151270981,294.841014028348,299.5,52.3725449197008
-25.9092816180904,3.77967080199989,294.844167984064,300,52.3602341149093
-3.61995960228471,3.81517444096948,294.842960610019,300.5,52.3585140897587
11.6110008253047,3.83961496483211,294.839722585958,301,52.3640310611168
6.10826959612223,3.83107296791176,294.836895193627,301.5,52.3669334076858
23.3795064503248,3.85867323640334,294.832912871915,302,52.378042188866
-7.09690342967904,3.81046914704535,294.831776956773,302.5,52.3746700925634
-6.32937422229882,3.81169430096329,294.83075885924,303,52.371662688049
0.931797064058461,3.82331254565755,294.828692068505,303.5,52.3721054317704
16.0829170894497,3.84753276728794,294.825134318235,304,52.3797472358035
-28.1356978060374,3.77726890472665,294.828394015781,304.5,52.3663785485328
2.86657586664877,3.82649053135472,294.826299959475,305,52.3677406031214
-27.5207413184113,3.77810075112307,294.829527732259,305.5,52.3546641126543
-26.6626115870746,3.77922185721228,294.83285881274,306,52.3419953628481
7.63323629661884,3.83377542529746,294.830223971381,306.5,52.3456222979117
-6.80588918782427,3.81087874108672,294.829159097846,307,52.3423884771343
-64.6277635773761,3.71994664364098,294.844699019689,307.5,52.311680571248
28.353020096412,3.86616901574499,294.841306136209,308,52.3251525192858
16.7132393174787,3.84818258371905,294.837473512758,308.5,52.3330938211599
16.1911579437803,3.84760377569829,294.833770350495,309,52.3407870558753
-8.75383368275101,3.80807640205132,294.832918766898,309.5,52.3366276685471
-6.74028491575168,3.81125519203454,294.831945942529,310,52.3334250196639
-48.4458668831307,3.74519757153945,294.841357364506,310.5,52.3104059480068
6.18182923704858,3.83142182122271,294.839087712802,311,52.3133432464666
6.7452651750883,3.83247070087168,294.836222955131,311.5,52.3165482617218
-3.86171147468248,3.81568541532605,294.834675589689,312,52.3147133680792
-15.6066161390139,3.79694999611962,294.835246331701,312.5,52.3072978786197
-8.86374632610852,3.80761562689831,294.834692749738,313,52.3030862662581
-6.95351836937099,3.81064491318128,294.833762902864,313.5,52.2997822994203
-11.2196147706227,3.8038255859483,294.833543645476,314,52.2944512952916
-31.5833974902478,3.77135722564298,294.837926587129,314.5,52.2794444322344
0.0720590786074915,3.82155382952348,294.836201425106,315,52.2794786711324
1.37321742439532,3.82371875575756,294.83400558122,315.5,52.280131155902
6.15499664758206,3.83143995394697,294.831253778646,316,52.283055704847
-19.4141183393486,3.79075528186273,294.832531436042,316.5,52.2738310793017
10.1274399649028,3.83775994979926,294.829591330397,317,52.2786431361654
-19.783506298394,3.79020727462989,294.830913204966,317.5,52.2692429957941
-21.4287742723426,3.7874289386992,294.832878374712,318,52.2590611057334
-21.6635887134644,3.78688807388778,294.834929086836,318.5,52.2487676435037
7.10386388502151,3.83266768089437,294.832290714745,319,52.2521430470692
-18.6403303276154,3.79171606790212,294.833414355019,319.5,52.2432860871854
-16.3628386298838,3.79521820621093,294.834306396946,320,52.2355112783282
1.42203525948586,3.82353967141664,294.832261043077,320.5,52.2361869589104
-48.0692447790424,3.74510725397326,294.841535879329,321,52.213346839386
-30.8634541160449,3.7716763304271,294.846200861404,321.5,52.1986820576906
-12.7142434792453,3.80035327726001,294.846540142714,322,52.1926408801755
-25.6699015552837,3.77964829401185,294.849509061035,322.5,52.1804438169099
6.86482837073154,3.8314545231036,294.846912569311,323,52.1837056426619
-0.478396007732284,3.81990480524894,294.844896091692,323.5,52.183478332621
13.0660840186376,3.84158966043574,294.841514402172,324,52.1896866872992
-26.0524914799879,3.77939739041398,294.844283354565,324.5,52.1773078362887
-11.7884031188994,3.8019299442602,294.844367058832,325,52.1717065721649
4.97508449435135,3.82868058751286,294.841840977652,325.5,52.1740704854117
-35.5954461453481,3.76416757118606,294.847213951874,326,52.1571572959447
-11.4473702809464,3.80226288935319,294.847346083062,326.5,52.1517180737006
-8.9422941154498,3.80623915303688,294.846785882557,327,52.1474691393278
2.57658379749511,3.82465076611225,294.844509793109,327.5,52.1486934040769
23.6475607598479,3.85822874015304,294.84055140186,328,52.1599295513619
-30.3926863768369,3.77252811207884,294.844311235385,328.5,52.1454884551328
-43.4850630067859,3.7516066118824,294.852407837503,329,52.1248265112815
-2.45779029981256,3.81640144402783,294.851153105882,329.5,52.1236586913069
-23.5150188504438,3.7828346552282,294.853470610605,330,52.1124855213595
-5.2547133211214,3.81183710526221,294.852417048096,330.5,52.1099887423718
1.60406182837038,3.82284297214123,294.850217503423,331,52.1107509129457
-10.2492641207653,3.80400089928835,294.849753064737,331.5,52.105880971289
0.404895105484917,3.82100727246994,294.84775360138,332,52.1060733573489
10.4429696037046,3.83710208687664,294.844573571447,332.5,52.1110353382378
14.6127614363709,3.84390964193293,294.841004864147,333,52.117978597266
3.6051415379266,3.82661053694261,294.838414427116,333.5,52.1196915816078
-22.1345208935723,3.78562870438802,294.840285723768,334,52.1091743557777
-20.0245206863466,3.78879528839791,294.841947283393,334.5,52.0996596973303
-27.7673447968401,3.77632153596616,294.845424426815,335,52.0864660331288
-2.98028693566468,3.81563353195384,294.844071299822,335.5,52.0850499486835
8.16194508061245,3.83346746270136,294.841137724659,336,52.0889280999224
-36.702208198194,3.7621836628192,294.846765074169,336.5,52.0714890320547
-13.3566483901189,3.79893651300319,294.847251993314,337,52.0651426156073
-1.17447376666401,3.8183523678027,294.845499619607,337.5,52.0645845639606
7.2320609763649,3.83184124158904,294.842639539788,338,52.0680208804217
-7.58256306786593,3.80834212671246,294.841667613048,338.5,52.0644180227615
-44.7280591209128,3.74940835273328,294.849902550809,339,52.0431654688445
-11.6625840353336,3.80138956800412,294.850172640866,339.5,52.0376239877051
8.37907714725931,3.83337473556336,294.84728359764,340,52.0416053093262
42.9066605017623,3.88779492269247,294.843497404833,340.5,52.0619924250122
13.9392983885687,3.8429061407165,294.839784663991,341,52.0686156878229
-42.0886882458066,3.75408103567977,294.846865243067,341.5,52.0486172319583
7.33175345585087,3.83219430681149,294.844394293879,342,52.0521009173381
4.50412018737672,3.82783146772574,294.841748452505,342.5,52.0542410517193
6.49176136625632,3.83110157915674,294.838921697636,343,52.0573256145455
-26.5379504311697,3.77857233457679,294.841769049673,343.5,52.0447160975339
-18.3222200136898,3.79139097107801,294.843086805249,344,52.0360102878839
-3.10889071385427,3.81554142791497,294.84164032843,344.5,52.0345330973056
34.8088357593971,3.87555981716765,294.837726559204,345,52.0510725285553
-11.071738743975,3.80330673387087,294.837115715038,345.5,52.0458117877757
-8.63009910896957,3.80712392070296,294.836442976088,346,52.0417111929762
32.8225399997559,3.8727540525857,294.832595887763,346.5,52.0573068350574
7.06974514017035,3.83251265584572,294.829540636274,347,52.0606660270886
35.9222714043925,3.87805034943211,294.825711134366,347.5,52.0777345076989
-26.4303943372454,3.77970028429946,294.828226273131,348,52.0651760960053
-48.6246130163427,3.74453960857497,294.837667288713,348.5,52.0420720930565
-30.12228898319,3.77303838449388,294.841959188236,349,52.0277594762495
4.16816864161382,3.82739231890875,294.839698520596,349.5,52.0297399831289
8.08815707062809,3.83374536831919,294.836722590215,350,52.0335830739674
-0.382443119920314,3.82039552612043,294.834663606505,350.5,52.0334013559769
-17.4727670893656,3.79318157699901,294.835519914769,351,52.0250991641996
0.184039195666534,3.82120904671606,294.833616509615,351.5,52.0251866104919
-44.9813047063718,3.74963453918847,294.841708250674,352,52.0038137268409
15.6977543229378,3.84552136148472,294.838614159904,352.5,52.0112725206423
-35.810240156441,3.76382461845056,294.843829846591,353,51.9942572717211
26.5549876159416,3.86257035311929,294.840207665421,353.5,52.0068748839575
-15.0709917559019,3.79677663550522,294.840382466765,354,51.9997138966227
-32.3557127072482,3.76920360385219,294.844906768653,354.5,51.984340067703
-18.987056195447,3.79012600371619,294.846423911715,355,51.9753183608942
19.1505971129827,3.8507484599581,294.842850733979,355.5,51.9844177742308
8.3439865471986,3.83388125951534,294.839731287005,356,51.9883824225402
-27.1922218298627,3.77740529709061,294.842702571479,356.5,51.9754620282302
-28.7500186400155,3.77468128134655,294.846425617491,357,51.9618014461869
18.5070346837165,3.84968400559468,294.842982898974,357.5,51.970595070596
7.61884520809118,3.83267358255214,294.839935915606,358,51.9742151677286
9.18655521288717,3.83530404070485,294.83683512911,358.5,51.9785801628527
-25.6204922993595,3.77999686967552,294.839402646025,359,51.9664065764134
-27.16605891425,3.77730195352479,294.842693766288,359.5,51.9534986134225
-0.278779861337263,3.81992238185592,294.840940792346,360,51.9533661510678
-34.8330399051371,3.76499895059296,294.8460271578,360.5,51.9368152192093
-8.10878797040296,3.80717889860804,294.845521392627,361,51.932962325591
1.99361920966446,3.82330420204045,294.8432965511,361.5,51.9339095944995
-30.2229734212496,3.77205958051946,294.847137259615,362,51.9195491374444
-15.4201294180033,3.79534016411219,294.847917134819,362.5,51.9122222572197
10.4447834315083,3.83653238481845,294.844882632788,363,51.9171850999496
20.5035475184664,3.85265802121961,294.841008160297,363.5,51.9269273681742
-29.8956307384794,3.77274491984272,294.844578974603,364,51.9127224481165
5.36029460933038,3.82865107513565,294.842183516002,364.5,51.9152693940925
-5.39761045273087,3.81161467246725,294.840851984726,365,51.9127047174796
-27.6052327826291,3.77623256872179,294.844070550855,365.5,51.8995880808619
2.30501177525438,3.82367935354927,294.842000370138,366,51.9006833080637
-19.7928770120275,3.78851150623019,294.843351207375,366.5,51.8912787151943
-1.11576717232642,3.81817453769187,294.841639593235,367,51.8907485580077
-24.0141535969918,3.78170732924418,294.843975765449,367.5,51.8793382239999
-9.00794995414549,3.80544201297047,294.843512988406,368,51.8750580932308
6.73917497613184,3.8305574032424,294.840776105846,368.5,51.8782602147258
-1.80503065722139,3.81707726439102,294.838924461885,369,51.877402553738
-23.1823687691382,3.78302173289909,294.841069330142,369.5,51.8663874426004
0.0992724714980806,3.81998036318769,294.839238215925,370,51.8664346119521
-17.9055674715142,3.79131133865916,294.840222479476,370.5,51.8579267749124
-33.9512820617103,3.76570011420123,294.845279058404,371,51.8417948106209
0.313631363826644,3.81998542669591,294.843536601933,371.5,51.84194383268
26.625381761122,3.86180271836465,294.83956283752,372,51.8545948927206
13.2004344510915,3.84094743190448,294.836009789998,372.5,51.8608670840567
-31.2036260523803,3.77044450269126,294.839971977917,373,51.8460406695394
2.15055953713308,3.82327994129302,294.837966004777,373.5,51.8470625087028
0.748540028085872,3.82113179716297,294.835818604094,374,51.8474181777754
-7.86039759698517,3.8074588614315,294.834924272728,374.5,51.8436833069354
-11.987666661604,3.80084249765414,294.83481786227,375,51.8379873626653
-14.8387165425537,3.79622191948572,294.835289693405,375.5,51.8309367409845
13.3025710262553,3.84098860004734,294.832065783794,376,51.8372574625522
-22.9736265009063,3.7833818459776,294.83402641683,376.5,51.8263415353809
-20.3153965508691,3.7874112800102,294.835738702395,377,51.8166886671584
-5.10837859267424,3.81152361531599,294.834623505503,377.5,51.8142614191713
-1.43693640470364,3.81740396327379,294.832838280948,378,51.8135786583045
-11.1651835308429,3.80192379043452,294.832544661406,378.5,51.8082735171997
15.3912265150909,3.84418518884883,294.829155029734,379,51.8155866641994
28.0343395842029,3.8643331808942,294.825138531443,379.5,51.8289071910733
11.1006118034743,3.83794190160035,294.821786195447,380,51.8341816508979
4.19129568802471,3.82710685078546,294.819200088616,380.5,51.836173146602
-33.645207631616,3.76699952493648,294.823837544955,381,51.8201866136897
-38.4212618994171,3.75912015799329,294.8302467115,381.5,51.8019307368168
13.0196368889952,3.84054391328049,294.827300121246,382,51.8081170221241
-16.738535062911,3.79332184203852,294.827927438304,382.5,51.8001637009672
20.0222572077769,3.85170750876252,294.824371152134,383,51.8096772839218
-4.17590404611771,3.81351855661587,294.822771733689,383.5,51.8076931015621
-43.8100825565926,3.75067915186058,294.830509284118,384,51.7868767245509
-25.4650248857465,3.77915411904307,294.833631125958,384.5,51.7747770085109
-31.1756649360515,3.76988433488592,294.838014917413,385,51.7599638797284
-13.0050793493081,3.79853321563792,294.838367501314,385.5,51.7537845114415
16.7430129044664,3.84589718111078,294.834890303507,386,51.7617399602465
-37.0635932127419,3.76055156968631,294.840503115356,386.5,51.7441291801548
23.4917409330373,3.85649246932085,294.836971005601,387,51.7552912895911
24.4897357821972,3.85837791519216,294.832916587185,387.5,51.766927596651
-22.0005655818523,3.7847702731651,294.834550735093,388,51.756474019737
-47.463827477242,3.74442517801016,294.843690513016,388.5,51.7339215644686
-10.2513088678046,3.80284509433698,294.843706583626,389,51.7290506512497
-3.8163574527807,3.81309923725436,294.842290754858,389.5,51.7272373075874
4.62342318736657,3.82660730858041,294.839735252577,390,51.7294341288334
-17.7440857285575,3.79103219172127,294.840639520474,390.5,51.7210030199039
-41.4325343669367,3.75338641918153,294.847870993095,391,51.7013163357988
18.3105868122266,3.84799270899453,294.844572419087,391.5,51.7100166179288
12.1367117950922,3.83848107707617,294.841137568447,392,51.7157833810495
-15.4444324055164,3.79469958641827,294.841504733921,392.5,51.7084449532512
7.24262303868816,3.83079324613458,294.838784615465,393,51.7118862882802
-11.840400583523,3.80049162187584,294.838513617318,393.5,51.7062603175418
-7.43782471403771,3.80745147692908,294.837662666647,394,51.7027262323642
-5.15119286898741,3.81108605513504,294.836417093741,394.5,51.7002786411578
-23.3380821439657,3.78208934647065,294.838621601901,395,51.6891895427522
-32.9870941826762,3.76658796651986,294.843453532026,395.5,51.6735157126898
-2.35587974015674,3.81509023851814,294.842064620702,396,51.6723963155556
-2.18159716921099,3.81542888117761,294.840349218521,396.5,51.6713597288497
-24.0741347039598,3.78055161875981,294.842726789324,397,51.6599208947967
14.7250093049096,3.84222567003114,294.839473384518,397.5,51.6669174884412
-34.3801392179792,3.76427832451611,294.844337726572,398,51.6505817525126
17.2795552454539,3.84621112734557,294.841031702772,398.5,51.6587921396103
-14.5376744273342,3.79577476184181,294.841199140121,399,51.6518845582025
-19.7924955734553,3.78730165996434,294.842718207623,399.5,51.6424801465737
6.37028412847208,3.82891722670656,294.84012856546,400,51.6455069894453
-22.0130128000126,3.78377141889699,294.841948329584,400.5,51.635047498231
-7.04238305545893,3.80748724011123,294.841148213839,401,51.6317013073045
-24.4782214216863,3.7796746326272,294.843670697264,401.5,51.6200704712973
-42.7591325553875,3.75058589399851,294.851441928948,402,51.5997534535698
12.0362548006585,3.83736228446768,294.848562979192,402.5,51.6054724845123
-34.3235194363602,3.76371303097855,294.853489533139,403,51.5891636514938
-6.15061507039422,3.80829025475078,294.852684968755,403.5,51.5862411844569
-1.55001747069553,3.81567551710342,294.850909996692,404,51.5855046930796
-81.38122505994,3.69117167762999,294.873703722545,404.5,51.5468363737425
-29.6375990049283,3.77009065518498,294.878521808051,405,51.5327540575589
-59.1898889452162,3.72359211708885,294.892367958439,405.5,51.5046299598254
6.3762696624806,3.82692964104292,294.890150929282,406,51.5076596467256
3.15377914326152,3.82199431745714,294.887605444397,406.5,51.5091581660578
-16.4013479257103,3.79086937144505,294.888288668827,407,51.5013650594944
1.11789231859049,3.81883675039804,294.886197451928,407.5,51.5018962264451
-37.3211769955082,3.75767909890648,294.892139805792,408,51.4841630553232
11.6054289182143,3.83539819259331,294.889132500979,408.5,51.4896773791875
-12.6218811172877,3.79692755372981,294.888972428509,409,51.483680087683
-35.976912226678,3.75971451897089,294.894635443588,409.5,51.4665856444657
-36.4716913887718,3.75862090678369,294.900738741719,410,51.4492561067456
-35.4050250703371,3.76000583444673,294.906578388642,410.5,51.4324333959232
-1.89075864650542,3.81324003718095,294.905090229813,411,51.4315350012495
-26.5721655398322,3.77388445329863,294.908164946633,411.5,51.4189092269162
-12.623094067239,3.79599949984792,294.908385200977,412,51.4129113590781
10.496413808831,3.8329675751781,294.905181123421,412.5,51.4178987340009
-18.0173309153949,3.78760761834925,294.906116046957,413,51.4093377925194
-21.4766883491041,3.78199108926452,294.908083825766,413.5,51.3991331360673
11.2889569923519,3.8342478422374,294.90489530962,414,51.4044970881783
-26.1531560466753,3.77466173950972,294.907690332093,414.5,51.3920704063615
0.179018995822915,3.81656305521048,294.905781177472,415,51.3921554673039
-4.27976271215803,3.80953831420849,294.904259722172,415.5,51.3901219364604
-4.95764522283547,3.80850609937091,294.902880733845,416,51.38776630949
-18.8773293265038,3.78628806015746,294.904104885142,416.5,51.3787967394437
-31.2720875193538,3.76643747430902,294.90850327622,417,51.3639377954349
-32.7907094290644,3.76377166822726,294.913487498227,417.5,51.3483572776612
13.3360501835958,3.83716205086051,294.910235960179,418,51.354693906863
-9.8081608829721,3.80044808837874,294.909518944824,418.5,51.3500335555737
-24.3028565596929,3.77728273603686,294.912042788378,419,51.3384860442459
8.36242889048547,3.82932709822602,294.909145602402,419.5,51.3424594554415
1.84171853198972,3.81910953498151,294.906686620814,420,51.3433345486866
-29.8487459082514,3.76862311990896,294.910473440449,420.5,51.3291519059733
-31.6997945681703,3.76543282357046,294.915105601391,421,51.3140897368013
1.01816330483774,3.81742966788949,294.913132606385,421.5,51.314573517474
0.424231298917437,3.81659857032235,294.910915421941,422,51.3147750911334
-0.449376456159837,3.81530397342544,294.908820188394,422.5,51.3145615697432
-27.6912288148978,3.77188024946743,294.912067860378,423,51.3014040720788
11.559132070776,3.834337297085,294.908910895499,423.5,51.3068963979789
-2.17150632977767,3.81264567394503,294.906962612451,424,51.3058646059391
23.8794026311587,3.85410567120015,294.902878081698,424.5,51.3172109129754
0.582770051217906,3.81743829610042,294.90046140428,425,51.3174878163819
-23.0847856901031,3.77971789855874,294.902509643541,425.5,51.3065190718805
-44.7495800566195,3.74528112564367,294.910875685042,426,51.2852562922829
-47.0673385675252,3.74119952367176,294.920348365711,426.5,51.2628922288674
4.07610394716739,3.82208973255281,294.918157903144,427,51.264828991173
-23.4820183670242,3.77819302822979,294.920343393961,427.5,51.2536715014175
-31.2709043612111,3.76564316573406,294.924794831258,428,51.2388131195867
-45.3712129926206,3.74315152449614,294.933638816233,428.5,51.2172549708685
10.4811745784653,3.83171721163782,294.930730404184,429,51.2222351048654
13.1619780527324,3.8362137224914,294.927043181745,429.5,51.2284890236295
-24.458064541941,3.77636978215371,294.929369220475,430,51.2168677651712
6.02428296646797,3.82492084427071,294.926677075827,430.5,51.219730205462
-20.9215339249764,3.78200935933181,294.928225398746,431,51.2097893308409
-17.46170477897,3.7873949897696,294.929278272924,431.5,51.2014923953245
-17.999994086874,3.78644206878594,294.930417519711,432,51.1929396914435
-40.9294098447514,3.74993778582964,294.9376424161,432.5,51.1734920671421
-39.2657474553059,3.75218587164852,294.944665830265,433,51.1548349326434
-8.7100732286364,3.80055656969778,294.944259125255,433.5,51.1506963381112
-15.2647009261073,3.79009670883258,294.944771891599,434,51.1434433097922
-12.9892496190482,3.79369806751734,294.944888853589,434.5,51.1372714630075
-1.83472047718011,3.81154653452269,294.94307318661,435,51.1363996948908
0.707977283838142,3.81571234674097,294.940792664521,435.5,51.1367360905604
-0.929301050932547,3.81320812283256,294.938712868084,436,51.1362945328206
-17.3463920633874,3.78702731952156,294.939542838235,436.5,51.128052388184
5.81583581319375,3.82398505747989,294.936781274401,437,51.1308157847324
2.64327761855996,3.81907661004746,294.934184815652,437.5,51.1320717390754
-3.69433043175009,3.80906067359474,294.932487908067,438,51.1303163765975
17.3045345574905,3.8425617792266,294.928637727094,438.5,51.1385386326247
28.7850806519737,3.86089671717061,294.924256311938,439,51.152215874396
14.9638220259474,3.8394603333978,294.920353040455,439.5,51.1593259399938
-18.5320746691753,3.78626471379688,294.92120816602,440,51.1505204178263
0.711444796765075,3.81683197250734,294.919086620864,440.5,51.1508584610859
20.0217023723864,3.84756909316991,294.915122863331,441,51.1603717804103
2.02346278829098,3.81925001651288,294.912517252996,441.5,51.1613332295063
59.2852113433487,3.9084999891696,294.910115513381,442,51.1895026197128
-8.46250264503915,3.80326075745883,294.908768095116,442.5,51.1854816584354
-21.5059884765987,3.78239270167634,294.910403998009,443,51.1752630800168
2.5138925864008,3.82046989785396,294.9080976023,443.5,51.1764575570137
47.3423221270823,3.89078096524237,294.904621822166,444,51.1989522789698
-25.8580658078258,3.77589244218884,294.906819394199,444.5,51.1866658093896
-13.036745709056,3.79600513467367,294.906903873199,445,51.1804713948201
-29.7790124139633,3.76927320200748,294.910582388966,445.5,51.1663218860026
-23.0494032676612,3.77965147108314,294.912825338,446,51.1553699534724
-14.2671925340808,3.79344067591063,294.913155051675,446.5,51.1485908916366
-17.348458086717,3.7884325846395,294.914019329908,447,51.1403477653282
23.280806891783,3.85293572334821,294.910110140244,447.5,51.1514096493765
-11.00093062934,3.79876148986743,294.909424820289,448,51.1461825530988
-6.98701303188149,3.80509925865424,294.908347173884,448.5,51.1428626712596
-8.36699725309654,3.80287581681265,294.907462171328,449,51.1388870894047
10.6003435551108,3.83307013217175,294.904218466419,449.5,51.1439238465852
10.1659107201051,3.83254427486777,294.900864185192,450,51.1487541828425
-34.1021943536933,3.76226202863406,294.905516836561,450.5,51.1325505125194
-1.91055707180615,3.81314902938223,294.903927469787,451,51.1316427106166
7.7593881407256,3.82859509864132,294.900891035041,451.5,51.1353295867759
-20.7366646833878,3.78330044219374,294.902268453667,452,51.1254765528436
-21.7529708875994,3.7815018620932,294.904151582589,452.5,51.1151406206407
-10.2704210307365,3.79963410404031,294.903758041857,453,51.1102606262704
-15.541678377904,3.79117668111624,294.904242177525,453.5,51.1028759920122
-9.55656324103303,3.8006313756937,294.903670486951,454,51.098335187436
-11.7960867778688,3.79702353169074,294.903442361387,454.5,51.0927302724188
-22.6763892164014,3.77961409613662,294.905488418874,455,51.0819555776537
-31.7052174687774,3.76509578702979,294.909924707738,455.5,51.0668908317884
-21.9468455577146,3.7803254489506,294.91205131188,456,51.0564627799639
-16.8594257026627,3.78829223640988,294.912971759092,456.5,51.0484520175745
-22.8591161247055,3.77863288455198,294.915167959882,457,51.037590500051
-53.9611720224236,3.72950261073202,294.926795124327,457.5,51.0119508291069
-11.1089628684932,3.79674997331164,294.926990940087,458,51.0066724012707
19.8869920756927,3.84617045543343,294.923076506822,458.5,51.0161217129475
0.325924302599889,3.81537214950355,294.920689314285,459,51.0162765760011
-31.4844703846923,3.76471751108484,294.924872945923,459.5,51.0013167181949
-22.4567361907877,3.77880185114259,294.927131603392,460,50.9906463916465
9.12223848577107,3.8291071781421,294.924108490537,460.5,50.9949808266538
4.66490902164927,3.82219680374793,294.921265996651,461,50.9971973599094
11.6440600255642,3.83344143572799,294.9177831119,461.5,51.0027300393587
24.5701602448758,3.85407088553036,294.913567701781,462,51.0144045601319
-27.340369087361,3.77181368739384,294.916390158555,462.5,51.0014137735975
-6.96650576095556,3.80404817122997,294.91548925582,463,50.9981036357957
-21.0073217725846,3.78162542753703,294.917102293389,463.5,50.9881219990469
-13.4451751537495,3.7935303573406,294.917295234243,464,50.981733519075
-23.7293628568898,3.77705521733799,294.91962137085,464.5,50.9704585034932
-16.3308647066518,3.78867167247046,294.920432940957,465,50.9626988870576
-29.5757923242302,3.76748246736832,294.924277910456,465.5,50.9486459383412
-69.1118486886598,3.70571063252396,294.942011226623,466,50.9158074177476
-13.5416180221817,3.79213767232661,294.94286991226,466.5,50.9093731129108
-21.0711205864473,3.7800850565252,294.944668714547,467,50.8993611621319
-28.4705903114079,3.76818239369661,294.948365709762,467.5,50.8858333505628
-3.74539483260573,3.80752138243788,294.946991466033,468,50.8840537248159
4.28499528303768,3.82045132060229,294.94426790337,468.5,50.8860897419174
4.26841083328141,3.82058271718292,294.941475267666,469,50.8881178789114
-7.96369029579573,3.80117111858975,294.940440668685,469.5,50.8843339285072
-18.1966620146233,3.7848146839009,294.94148838417,470,50.8756877777872
-10.885443353648,3.79640062933953,294.941185258326,470.5,50.8705155553315
-19.9761131558934,3.78184741253186,294.942660790976,471,50.8610238977403
1.87832040735846,3.81668188315307,294.940389751418,471.5,50.86191638238
22.6903198082525,3.84986095020902,294.936211838784,472,50.872697696271
-20.2986276726811,3.78169217069046,294.937429666438,472.5,50.8630527957872
-9.73299776669569,3.79842394870924,294.936921717628,473,50.8584281582806
-14.3890186081917,3.79095674300619,294.93718551919,473.5,50.8515912107404
-18.6208870209311,3.78412224370259,294.938377119779,474,50.8427434893509
-13.9034699584111,3.79154376335234,294.938646425872,474.5,50.8361372504322
16.7466672017921,3.84038964897179,294.934911069254,475,50.8440944355779
27.8569440533898,3.85815347844305,294.930526979751,475.5,50.8573306728995
-65.1674008124611,3.71172571228382,294.945856728612,476,50.8263663581804
-2.86531250542508,3.80914011915324,294.944750948016,476.5,50.8250049038784
8.69693348792948,3.82765693553956,294.941537988923,477,50.8291372550579
-0.756349160086052,3.81275373651432,294.93933477065,477.5,50.8287778754733
-34.1907708150541,3.75952672238258,294.944227363527,478,50.8125321180116
3.58202365032124,3.81945684792525,294.941881019832,478.5,50.8142341178806
-36.4515642761252,3.75577508695808,294.947408248742,479,50.7969141435655
-3.79495080296088,3.80748637958345,294.946088670802,479.5,50.7951109712809
13.7812502843374,3.83556502761611,294.942445119243,480,50.8016591374761
-24.3719465590714,3.77491658255314,294.944655615102,480.5,50.7900787980093
-26.9605169295924,3.77059986430756,294.947880844981,481,50.7772684983689
-46.8852142546669,3.73893627446066,294.957061463238,481.5,50.7549909713883
12.0163819719463,3.83221755311448,294.953980798229,482,50.7607005597488
-49.7104821671159,3.73435022850738,294.963767501454,482.5,50.7370806056694
-15.7718373221495,3.78760602711755,294.96477125161,483,50.7295866113033
-28.6767387404547,3.76695847497091,294.968428068293,483.5,50.7159608482315
-8.20861050870516,3.79946615589715,294.967746709837,484,50.7120605238971
-8.64742044896508,3.7987972678032,294.966926224127,484.5,50.7079516988565
15.4366210822288,3.83726821896263,294.963146207066,485,50.7152864151016
-4.54879580376861,3.80565782804226,294.961422219115,485.5,50.7131250530846
-28.9979553918295,3.76665451469655,294.964987062963,486,50.6993466638015
20.375614094825,3.84517227875188,294.961127785751,486.5,50.7090281444124
0.714395717310797,3.81421141448562,294.958603569841,487,50.709367589803
-8.28371207944658,3.79991272959976,294.957599686237,487.5,50.7054315809294
11.5580106044499,3.83156905897239,294.954147216641,488,50.7109233739642
-20.5547919401527,3.78050285547362,294.955465520169,488.5,50.7011567569336
17.1100960005208,3.84042140422911,294.951738074931,489,50.7092866254081
-6.72197258580591,3.80271109603961,294.950334211225,489.5,50.7060926776354
-37.1111736672457,3.75433407110485,294.95609538905,490,50.688459289673
-9.32278798492916,3.79820713443354,294.955661515676,490.5,50.6840295634966
-18.4453435080379,3.78361073477563,294.956724559419,491,50.6752652516725
-6.08744066214884,3.80325109304684,294.955548450594,491.5,50.6723728019791
28.6654743459531,3.85843644264606,294.951269564509,492,50.6859932127697
-15.7554267170817,3.78821916602235,294.951427573879,492.5,50.6785070159088
-50.3292333197699,3.73346001005056,294.961555316094,493,50.6545930619892
5.46431992328746,3.82154411998266,294.959146168544,493.5,50.6571894356319
-18.2592332334438,3.78378319308623,294.960028927838,494,50.648513554174
0.812304664310956,3.81415877345062,294.957828869679,494.5,50.6488995210371
-8.54648570661251,3.79929337716915,294.95687045462,495,50.6448386551769
14.7322428231811,3.83640575406605,294.953178276409,495.5,50.6518386858303
6.07809622188948,3.8228762814284,294.950067390261,496,50.6547266955094
-14.0307409283949,3.79089443558204,294.950051612201,496.5,50.648059983742
-7.66359617079027,3.80097831874705,294.949075599272,497,50.6444186231728
-3.85097001217999,3.80705710657474,294.947437673996,497.5,50.6425888333402
-7.98226998550165,3.80048181038481,294.946424336674,498,50.6387960547895
5.0903696814041,3.82133737199417,294.943628160265,498.5,50.6412147458357
4.74384496906721,3.82090432648547,294.940761683868,499,50.6434687855361
-27.1063854162233,3.77020442045218,294.943666001449,499.5,50.63058917643
-10.8824514776107,3.79582867182001,294.943397751872,500,50.6254183755653
