curr_dens,Volts_tot,Temp_tot,t_tot,SOC_tot
0.00502086128092039,3.7281360167009,293,0,25
0.00502086128092039,3.72813607166182,292.999999231063,0.5,25.0000023856641
17.8085340660203,3.75923109452022,292.998021187904,1,25.0084641172451
6.06005706639245,3.738950982805,292.997020196065,1.5,25.0113435556128
21.0950298144875,3.76513258326692,292.994818887336,2,25.0213668668702
-46.286410362833,3.64743426364588,293.006943869626,2.5,24.9993738617814
1.37715171385895,3.73049502994568,293.007260621744,3,25.0000282159302
23.9965711159433,3.76985667785502,293.004913914045,3.5,25.0114301956156
25.3973556009292,3.77249577968224,293.002357024401,4,25.0234977585697
-34.2635368115947,3.66834754513238,293.010227369426,4.5,25.0072174263177
-38.1004917579221,3.66123711537658,293.020046191035,5,24.9891139634968
-41.1197129077644,3.65553946123712,293.03102641137,5.5,24.9695759166242
-16.505494255597,3.69828013905844,293.034718013666,6,24.9617333248935
-35.6298434497173,3.66449238498798,293.043593906791,6.5,24.9448037915346
-22.7660406715324,3.68672376478286,293.048829714349,7,24.9339864988472
20.4455671894975,3.76246560208341,293.04669761512,7.5,24.943701217697
-31.7847947295516,3.67094114325196,293.053936418126,8,24.9285986606667
11.1768446333888,3.7463296193795,293.052674411287,8.5,24.9339093425488
-0.460467632973375,3.72606072520122,293.052505972496,9,24.9336905511818
-19.3532195117484,3.69271364436484,293.056385290227,9.5,24.9244948617371
16.1216814748067,3.75495533501187,293.054506837841,10,24.9321550846824
-20.2201605061634,3.69121782090388,293.058435308843,10.5,24.9225474679019
-22.6921324767784,3.68665293824294,293.063408457026,11,24.9117652927208
-2.96439819921054,3.72130426746178,293.063996783235,11.5,24.9103567578145
-1.70050477411419,3.7235430711839,293.064144619677,12,24.909548762339
10.6176251203759,3.74520431526328,293.062571716004,12.5,24.9145937308616
-39.3445864799854,3.65739059951699,293.072393717217,13,24.8958991359711
-35.8541631806678,3.66304773807393,293.081637689834,13.5,24.8788630170086
24.4924014991769,3.76869698833668,293.079320581704,14,24.8905005906849
-0.51875671726377,3.72537201442797,293.078975858084,14.5,24.8902541032378
-7.45708656348894,3.71314482732195,293.080115145422,15,24.8867108657853
5.10421263405079,3.73525349085529,293.079227917231,15.5,24.8891361343157
7.00215733923297,3.73867002041377,293.077967678646,16,24.8924632119782
-8.94866485380374,3.71065029008147,293.079325112039,16.5,24.8882112505466
-56.3332420822224,3.62768913647955,293.096014320584,17,24.8614444896319
11.031652429981,3.74519426968036,293.094960522032,17.5,24.8666861833845
30.8835735517643,3.77960349038519,293.091926098855,18,24.8813605248372
-26.8599414777484,3.67889192759369,293.097488908109,18.5,24.8685980136601
1.20072443419529,3.72819065597771,293.09734478524,19,24.8691685383213
-27.000691372261,3.67840468262795,293.103234426778,19.5,24.8563391497795
23.1867400197933,3.76633554922261,293.100815745615,20,24.8673563379185
21.7712298063455,3.7641632149906,293.097997337678,20.5,24.8777009458535
-19.9707545763276,3.69111046197233,293.101707992985,21,24.8682118343933
-7.53857867406739,3.71288397833554,293.103010368718,21.5,24.8646298759342
-32.6472398033204,3.66850464112031,293.110704988562,22,24.8491175278065
-35.3953617560406,3.6633298119727,293.119640176772,22.5,24.8322994085115
-4.78652823830269,3.71702245519329,293.120587587668,23,24.8300250878398
-1.09099444262188,3.72355480755208,293.120510977526,23.5,24.8295067014249
-30.3194219943638,3.67191116446183,293.127438857348,24,24.8151004167944
-45.4671042213656,3.6451067564535,293.140043564532,24.5,24.7934967053232
19.7009378297931,3.75931482203264,293.137907669141,25,24.802857613256
-24.2108170016274,3.68221650914095,293.142812453824,25.5,24.7913538345584
-10.078966667603,3.70702814162894,293.144646620661,26,24.7865648097999
-11.282443071192,3.70484233326702,293.146576210364,26.5,24.7812039527809
40.9439571164507,3.79539832027256,293.143586027614,27,24.8006584892238
-24.507634667278,3.6818798523392,293.148344226413,27.5,24.789013677502
-32.0175561681443,3.66838834185335,293.156041814781,28,24.7738005237877
-16.7848564109991,3.69497736539079,293.159498859659,28.5,24.7658251930249
-5.62408256473158,3.71463422111695,293.160292364574,29,24.7631529081038
17.2170176382238,3.75478667384706,293.157808703636,29.5,24.7713335804343
-33.0702387341902,3.6663244574991,293.165392882083,30,24.7556202442073
-16.7219320510159,3.69486836081672,293.168831395337,30.5,24.7476748119777
-29.1537216022245,3.67273565283977,293.175559494167,31,24.7338224103218
35.7663883337729,3.78613148497143,293.172546469008,31.5,24.7508168230331
24.6943222891332,3.76768617538313,293.169193680268,32,24.7625503394478
-19.1000839304587,3.69104367664807,293.172558852879,32.5,24.7534749274686
-50.0144937510611,3.63664391328378,293.186724211465,33,24.7297105221722
7.04354262368071,3.73660242673587,293.18579577078,33.5,24.7330572640679
-43.2208386318718,3.6480077629284,293.197053534766,34,24.7125208665266
11.0407961779193,3.74334198140163,293.19550720105,34.5,24.7177669049345
-27.8688134224683,3.67469390993802,293.201486122686,35,24.7045250278778
-15.1347754670749,3.69698783398132,293.204411370415,35.5,24.6973337336889
-11.1997502590209,3.70386836660874,293.20626098935,36,24.6920121681903
-6.90295865673057,3.71143503711386,293.2071430713,36.5,24.6887322248187
5.36985286716591,3.73313672659783,293.205854399618,37,24.6912837124046
-9.37620086362521,3.70714807394035,293.207067704824,37.5,24.686828607079
-36.2446677137702,3.65954848883604,293.215985993888,38,24.6696069397425
-21.7437667067907,3.68478423001403,293.22073367986,38.5,24.6592753809095
15.2142598499583,3.74997728383785,293.218396891749,39,24.6665044421324
-8.74094510418654,3.70793905886411,293.219360054589,39.5,24.6623511788171
8.89163476932023,3.73908138960415,293.217583675723,40,24.6665760423828
-20.6832766927018,3.6868478171487,293.221478680583,40.5,24.6567483757742
22.5166385227445,3.76280043575793,293.218573595079,41,24.6674471649378
7.11186526623528,3.73620366884318,293.216731208185,41.5,24.6708263703626
-6.76247521808252,3.71178826336779,293.217340404119,42,24.6676131777491
1.79574645946689,3.72689813841841,293.21655418161,42.5,24.6684664273468
-32.1995885873579,3.6667460851427,293.223915417315,43,24.6531667808607
13.7809784006528,3.74771166155242,293.221849918943,43.5,24.6597148178703
-16.5170412743493,3.69436275667881,293.224581576255,44,24.6518667395693
5.50196238713323,3.73322742085726,293.223329019387,44.5,24.6544809990426
-24.2753649147864,3.68056222276466,293.228220956384,45,24.6429465503801
-30.8248904514498,3.66873956873351,293.235457378788,45.5,24.6283000922243
-41.7394013834592,3.64924255705335,293.246609833413,46,24.6084676001422
5.66135953048814,3.73271866443378,293.245591446924,46.5,24.6111575972275
24.5523075733,3.76580889615549,293.242198175714,47,24.6228236352972
-13.2125144401159,3.69971365633129,293.244007573498,47.5,24.6165457041498
34.5200593530147,3.78301786113288,293.240574387832,48,24.6329479231826
-17.4662547142517,3.69249040008639,293.243314870853,48.5,24.6246488257629
-16.1498347624814,3.694654504259,293.246236047658,49,24.6169752257725
-41.4860967383239,3.64977923009128,293.257029693565,49.5,24.5972630914867
16.2034161597087,3.75126097987765,293.254739883513,50,24.6049621506979
-2.77923713102323,3.71806669071725,293.254415144013,50.5,24.603641595142
-4.72334762316614,3.71463074469771,293.254639720063,51,24.6013972947632
-21.3457283066584,3.6851006452781,293.258772681224,51.5,24.5912548640239
7.07138567682938,3.73529234720227,293.257261682847,52,24.5946148355567
-2.50574590249084,3.7184856523607,293.256964688889,52.5,24.5934242294598
-7.34644848515086,3.70990910222425,293.257701351501,53,24.5899335617313
-36.9454633902263,3.6574387262161,293.266746204927,53.5,24.5723789110686
-21.6251032304016,3.68412129304506,293.271358491119,54,24.5621037352305
-39.0362850718771,3.65316248345298,293.281385832599,54.5,24.5435556298686
-47.7636423410119,3.63748956684942,293.295056218453,55,24.5208607174563
-24.9795008365921,3.67710647445421,293.300841080753,55.5,24.5089916983488
30.6854911518409,3.77495984744334,293.297290295911,56,24.5235719208755
-20.2494882142129,3.68577736237352,293.300780761941,56.5,24.5139503690237
-10.4582726447227,3.70304381870324,293.302337501687,57,24.5089811168892
1.72579864573816,3.72465374119774,293.301391994076,57.5,24.5098011307572
-26.7183349445649,3.67416170371424,293.307014726083,58,24.4971059039769
-4.53980371052692,3.71338390904059,293.307386399531,58.5,24.4949488145564
-43.0276728117106,3.64516459937506,293.318729843428,59,24.4745041998263
0.330751343930151,3.72165451606774,293.318391566529,59.5,24.4746613564503
-43.6729833578988,3.64367057264208,293.329962476008,60,24.4539101221743
21.8216156825165,3.75911602497163,293.326973040435,60.5,24.4642786709771
-27.3943168033539,3.67230474594502,293.332602244988,61,24.4512622511654
9.0866182496899,3.73692034875859,293.330681328849,61.5,24.4555797612042
-21.284297838981,3.68310486722158,293.334608221764,62,24.4454665191746
16.0533645515381,3.74915358622799,293.331812219585,62.5,24.4530942813083
-33.1949801110303,3.66205094975628,293.33933767907,63,24.4373216741698
-20.452457578082,3.68434030421248,293.343509987724,63.5,24.4276036813493
3.74101712264662,3.72726064480775,293.342246877298,64,24.4293812270257
6.99953804128792,3.73313363990745,293.340232701646,64.5,24.4327070601278
3.47261215997165,3.7270286564965,293.338717549551,65,24.4343570730864
2.53308669614287,3.72545356573349,293.337389679265,65.5,24.4355606701716
19.2798424701463,3.75495891567711,293.3340577332,66,24.4447214944877
3.33888522724671,3.72720383092233,293.332462561855,66.5,24.4463079670445
8.63397433959782,3.73662131742221,293.330263383651,67,24.4504104031613
-17.8244385880907,3.68977807236572,293.333175946147,67.5,24.4419411145407
-27.3915918264319,3.67259930010161,293.339109553826,68,24.4289259895028
-9.79424441557813,3.70363600220503,293.340493276811,68.5,24.4242722506282
10.1162607211892,3.73888496670511,293.338213024395,69,24.4290789956701
-18.9491337389815,3.68743234555319,293.341416293228,69.5,24.4200753077305
-18.4958491599563,3.68806388016224,293.344819415406,70,24.4112869981272
-31.231272609132,3.6652688335799,293.352021856406,70.5,24.3964474473381
0.801697844005941,3.72197760169973,293.351346517993,71,24.3968283743667
-1.12797909417511,3.71862037195767,293.350641252766,71.5,24.3962924146808
-16.1646632235507,3.69187609756977,293.353235326726,72,24.3886117689417
-13.1760622797811,3.69707625992464,293.355256401005,72.5,24.3823511580518
-16.5179101626605,3.69102461593379,293.358078375315,73,24.3745026668982
-36.1475760387194,3.65601465018898,293.366968351543,73.5,24.3573271327072
-19.2024088053682,3.68575557940275,293.370804040128,74,24.3482031010257
-39.0082067900122,3.65043802128361,293.380816342943,74.5,24.3296683370698
-49.6489311336606,3.63136445444323,293.395359460756,75,24.3060776289869
-22.9561522494635,3.67804690259669,293.400491608469,75.5,24.2951700047126
-16.3116654672462,3.68976743199857,293.403403635607,76,24.2874195108027
17.8738040698451,3.75042925732596,293.400130048681,76.5,24.2959122554503
0.742545669129981,3.72045227233294,293.398824964198,77,24.296265076301
2.67178610779586,3.72396647775173,293.39735334973,77.5,24.2975345764632
-17.0689398792509,3.68883943836412,293.400105632531,78,24.289424263335
7.36077131824113,3.73225984914878,293.398098559208,78.5,24.2929217365629
-27.3211016869644,3.67057949645245,293.403756432402,79,24.2799401049409
-38.6213935972145,3.65027039145947,293.413706334154,79.5,24.2615891354174
-45.3068103330975,3.63809103710281,293.426449920874,80,24.2400615876469
-54.874119914262,3.6208870590576,293.44345258212,80.5,24.2139881291726
-56.464308844379,3.6175137396906,293.46142485614,81,24.1871590918371
-15.4542410496369,3.68963593567985,293.464539269179,81.5,24.179816003458
7.91771525652425,3.7313956195526,293.462273604137,82,24.1835781088052
-17.4211919091987,3.68628896165524,293.465055954377,82.5,24.1753004229939
4.37727143264278,3.72521617541648,293.463351155815,83,24.1773802851422
-22.996677736336,3.67637023510383,293.46773284495,83.5,24.1664534051678
-3.95651322223709,3.71032663985306,293.467618595352,84,24.1645734664396
23.002699482118,3.75804754651876,293.463563445298,84.5,24.1755032076488
-5.74220473350047,3.70752865897398,293.463317850238,85,24.1727747969352
13.5389813748807,3.74180779713012,293.460197040051,85.5,24.179207848968
18.0942990325307,3.75000506564364,293.456426297592,86,24.1878053618791
19.0686753971347,3.75194455650991,293.452552013289,86.5,24.196865850082
-6.54366528414955,3.70684322313775,293.452493779124,87,24.1937566250899
10.9248220550559,3.73785723333538,293.449741774238,87.5,24.1989475583502
14.6837420225204,3.74462359168446,293.44639083302,88,24.2059245438302
-7.43619561516537,3.7055763164371,293.446561838773,88.5,24.2023912327196
2.64361138488184,3.72348603101262,293.445039624992,89,24.2036473456517
-11.4657901110651,3.69838606117531,293.446237429073,89.5,24.1981993712186
27.2637604411935,3.76660141323665,293.4421745535,90,24.2111537571263
-16.7563471221724,3.68918488545708,293.444441884451,90.5,24.2031919725628
37.5084531765568,3.78421279929855,293.4402460502,91,24.2210141280317
-4.58594100422868,3.7111997616697,293.439631148687,91.5,24.2188351164589
-16.2432124031086,3.69035684660974,293.442054897802,92,24.2111171480479
-21.2888778285799,3.68118218340124,293.44598119492,92.5,24.2010017298344
-18.8437926362725,3.68532803148462,293.449303870997,93,24.192048094759
19.8884467570321,3.75386537505491,293.44578095095,93.5,24.2014980976282
11.61418467146,3.73961644849396,293.442717889145,94,24.2070165817919
13.415887493603,3.74293153031304,293.439537690629,94.5,24.2133911457213
-12.1376048369883,3.69773860216071,293.4407631787,95,24.2076239582714
-21.9914167065436,3.68002937074705,293.444831206466,95.5,24.1971747284489
7.64410862356694,3.7326053980758,293.442714856548,96,24.2008068295028
-1.32732191966558,3.7168009175474,293.441730557369,96.5,24.2001761519993
-25.8511426591334,3.67305941586686,293.446826123165,97,24.1878929719558
-10.5340321796407,3.70013377896094,293.448114963892,97.5,24.1828877226501
5.89842086522118,3.72932303434136,293.446108026583,98,24.1856903595166
6.63623997501415,3.73073102490648,293.443827751284,98.5,24.1888435714075
-5.45372888942224,3.70934244981097,293.443650254871,99,24.1862522300985
12.0676602973581,3.74038973574549,293.440783395905,99.5,24.1919861833744
-27.364290924664,3.67038093490173,293.446203013887,100,24.1789840303701
-10.0567601549057,3.70097922229993,293.447398737953,100.5,24.1742055570443
33.6053319350694,3.77752029551983,293.443139167226,101,24.1901731430046
-7.03197492388227,3.70671970534341,293.443043446378,101.5,24.1868318975057
-17.8814484289226,3.68728852523712,293.445912661564,102,24.178335520638
-22.5803970603594,3.67871982571542,293.450219455205,102.5,24.1676064365815
30.7494567700918,3.77261494518876,293.446154532699,103,24.1822170523956
3.06259411686119,3.72461905085105,293.444200917735,103.5,24.1836722451286
0.426630217532836,3.71999097676643,293.442940408476,104,24.1838749586351
-12.4679223180991,3.69702838051748,293.444361182033,104.5,24.1779508207112
17.0282082602451,3.74919619660796,293.441054998715,105,24.1860417801955
-1.48336930209128,3.71671424463071,293.440008870535,105.5,24.1853369567203
-6.46524985101913,3.70783977263604,293.440115425625,106,24.1822649908504
4.1921819040556,3.72674325277421,293.438345640086,106.5,24.1842569076404
11.7791364794524,3.74020645339202,293.43544200605,107,24.1898537687169
-22.3757168334445,3.67961788516856,293.439339576065,107.5,24.1792219385464
-28.4149000129411,3.66861701420707,293.445446762077,108,24.1657205882432
11.0752583093931,3.73861523468347,293.442957427567,108.5,24.1709830013457
18.3274400966274,3.75147790866318,293.439300261414,109,24.17969129132
-30.6778465119428,3.66470722129035,293.445682436026,109.5,24.1651147011467
16.2113419923338,3.74769497248728,293.442661336189,110,24.1728175263202
-21.5064326883526,3.68091218206713,293.446274726104,110.5,24.1625987368343
-2.24502300596499,3.71506763311187,293.445763056144,111,24.1615320133185
-7.8487106144771,3.705082436483,293.446165808174,111.5,24.1578026955527
-3.86401114439123,3.71213458878796,293.44580991531,112,24.1559667092211
16.2064691655843,3.74762763073315,293.442480197892,112.5,24.1636672190692
-11.4375445670188,3.69882005734328,293.443503581069,113,24.1582326655168
-16.5134730803798,3.6896466196192,293.446059196126,113.5,24.1503862826445
-21.3637532915597,3.68082395472062,293.449995131324,114,24.140235287327
-27.6926693355882,3.66932437783231,293.455898181903,114.5,24.1270771051987
19.2934708863431,3.75254299598248,293.452507124469,115,24.1362444050618
0.415061846212154,3.71949698564982,293.4510772388,115.5,24.1364416218523
-11.8994986424602,3.69756493313281,293.452362268544,116,24.1307875706492
-45.8569764800206,3.637132905388,293.464663942982,116.5,24.1089986112294
-29.3848574262022,3.66573977034156,293.47146069517,117,24.0950363853009
-1.62407920350403,3.71508196825076,293.47089418717,117.5,24.0942647034637
4.00685454855868,3.72515373406464,293.46902168015,118,24.0961685618918
-56.5672203801235,3.61776434900805,293.485817829409,118.5,24.0692906261018
2.57657743206027,3.72214696267424,293.484839034173,119,24.0705148878264
19.0334321609081,3.75129101063548,293.481018221627,119.5,24.0795586301925
3.76614334871022,3.72462823622205,293.478956902086,120,24.0813481146045
-16.5749970201645,3.68838404733936,293.48134359584,120.5,24.0734724986094
-29.4454808588415,3.66523984321909,293.487752388127,121,24.0594814674342
15.9615615103942,3.74586437132853,293.484577912699,121.5,24.0670656093189
-30.5072646698031,3.6633081694885,293.490982193607,122,24.0525700711713
11.2461408405675,3.73751388390803,293.488350323602,122.5,24.057913679172
-0.161388574309735,3.71744368796745,293.487012825103,123,24.0578369953309
0.141526145266067,3.71802815408679,293.485735522082,123.5,24.0579042415314
-17.1659354565268,3.68712477988958,293.488302774861,124,24.0497478409186
-28.2053112835178,3.66723309788649,293.494309149101,124.5,24.0363460767782
-14.931557133242,3.69069907552123,293.496637065271,125,24.0292513418561
40.3434195229023,3.78750517252465,293.492162345616,125.5,24.0484205326383
-11.2861462316954,3.69764327541777,293.492875677907,126,24.0430579160612
4.22599657269236,3.72524225323864,293.49101031629,126.5,24.0450658999035
8.58272162876637,3.73304940134557,293.488343286003,127,24.0491439832757
-27.6762165411476,3.66846644022457,293.493846485656,127.5,24.0359936186988
-14.0259440424434,3.69258212142749,293.49590684997,128,24.0293291861735
-45.9495912874759,3.63565466303915,293.508312707376,128.5,24.0074962207935
-8.16321516848797,3.70249787114426,293.509232429154,129,24.0036174660719
5.56018931684287,3.72697581180857,293.507081704239,129.5,24.0062593920926
-7.24850719374023,3.70423657293717,293.507173541276,130,24.0028152612051
3.1768261242734,3.72283012763778,293.505398309218,130.5,24.0043247313189
4.81241715192606,3.72582416846997,293.503253423224,131,24.0066113531175
31.3455572723169,3.77228456388487,293.49866064961,131.5,24.0215052063067
6.70138085239565,3.72964656157871,293.495999940736,132,24.0246893699097
-5.27178783484852,3.70842251803677,293.49565721339,132.5,24.0221844779604
-0.290856754859126,3.71727625672001,293.494480689984,133,24.0220462772652
-19.1111742285908,3.68364645092588,293.497525645035,133.5,24.0129655957268
-10.8841501213437,3.69818258171735,293.498699967368,134,24.0077939877509
-25.9570639611344,3.67111908389706,293.503876680452,134.5,23.9954604791614
-23.1078352548622,3.67594555441026,293.508389793295,135,23.9844807826508
29.8126725223843,3.7694301353994,293.50410899451,135.5,23.9986462850813
21.4515878932501,3.75532793026472,293.499817712228,136,24.0088390150425
-38.4731408297192,3.64908316986996,293.508854462093,136.5,23.9905584878765
-37.8978386020567,3.64964820798935,293.518410381319,137,23.9725513157779
-0.589312697987593,3.71592901370282,293.517637415505,137.5,23.9722713036304
10.3264089708225,3.73537926866808,293.514702592728,138,23.9771779006913
19.2172108950635,3.75116028533946,293.510714251332,138.5,23.9863089655912
-11.8758994169401,3.69620962811022,293.511690948009,139,23.9806661275689
7.54932036578152,3.73076606200887,293.509278670261,139.5,23.9842531899469
-5.79132993303682,3.70711755748625,293.509007357769,140,23.9815014373765
4.28830923324257,3.7250603315633,293.507026535941,140.5,23.9835390291027
-15.8703304166911,3.68911942627681,293.509141455928,141,23.9759982357061
31.2706796986826,3.77215400729759,293.504771169188,141.5,23.9908565107884
-9.28448663111395,3.70115186704419,293.505042522218,142,23.9864449835145
-30.3491312834076,3.66340370653321,293.511541139219,142.5,23.9720245825043
-24.0698945557644,3.67427337428799,293.516347335144,143,23.9605877631592
-24.2850669888109,3.67364483224599,293.521156475748,143.5,23.9490487045526
3.9511310413709,3.72394583654296,293.51941161761,144,23.9509260859356
1.54666982541777,3.7197582569877,293.51775896138,144.5,23.951660986678
-33.6359646467536,3.65689306035814,293.525305359345,145,23.9356788455734
-18.3659318014282,3.68383285956886,293.528543265738,145.5,23.9269522662513
-10.0807345726215,3.69854335516743,293.529491458907,146,23.922162401472
-26.7004210522844,3.66868838845852,293.53490857411,146.5,23.9094756864843
4.14884552129176,3.72370810790605,293.533128771535,147,23.9114470119759
-52.3340327692419,3.62312910779873,293.548083230253,147.5,23.8865804768528
-23.859061561412,3.67307674194201,293.553200690426,148,23.8752438348833
-43.5513180574294,3.63775426448082,293.564903606874,148.5,23.8545504099201
0.854588132630843,3.71684648233132,293.563859449014,149,23.854956467789
3.38198192214521,3.72146354569876,293.56182675102,149.5,23.8565634177564
-39.5343639242511,3.64467819795601,293.571619066787,150,23.8377786500426
-38.6927659675496,3.64575659334882,293.581659857877,150.5,23.8193937679108
-19.4366925781354,3.67987726687386,293.585297923056,151,23.8101584162076
13.3241359317212,3.73845097410026,293.581975750077,151.5,23.8164893843482
-5.6027655930912,3.7049034722145,293.581510007666,152,23.8138272281941
-4.44483536078895,3.70699990175745,293.58098720722,152.5,23.8117152630202
-16.2540288551219,3.68578627322552,293.583274185674,153,23.803992155168
-3.0823879028315,3.70936312245113,293.582586190418,153.5,23.8025275574103
0.558837801310425,3.71593011731534,293.581042981723,154,23.8027930893993
-38.4709538351193,3.64597538319374,293.590445181364,154.5,23.7845136013847
9.00750308530325,3.73072678614939,293.587921608381,155,23.7887935198238
-29.2384156703365,3.66226730473251,293.593961726709,155.5,23.7749008757499
-8.08427700636429,3.7000470877179,293.594495098763,156,23.7710596285254
-9.4003536464593,3.69766608542237,293.595077900115,156.5,23.7665930469961
19.2179931642318,3.74864493020852,293.590974630299,157,23.7757244835915
3.12178048339586,3.72039457429855,293.588730505571,157.5,23.7772077987486
-34.0121477268903,3.65381980346101,293.596428857909,158,23.7610469141137
-19.2359984419629,3.67998143029923,293.599865504183,158.5,23.7519069223038
2.02125277880531,3.71805704107002,293.598196413103,159,23.752867321313
-8.53524231902553,3.69919780814533,293.598447831524,159.5,23.7488117977525
0.283525113056033,3.71500814102454,293.596972048175,160,23.7489465148154
20.3270995794189,3.75062050840067,293.592669363388,160.5,23.7586049437362
-22.9274447379536,3.67363610141261,293.596541127183,161,23.7477109598467
-1.94467417413575,3.71115660515057,293.595657153854,161.5,23.7467869471901
-20.5657248575593,3.67769687190688,293.599062631706,162,23.7370151353796
-24.2963671564781,3.67079941504724,293.603809638379,162.5,23.7254707074941
-18.2032538831766,3.68154242781333,293.606821883579,163,23.7168214246453
-6.58313837750326,3.70233722294971,293.606846176403,163.5,23.7136934439982
2.19008632831422,3.718087010752,293.604982035936,164,23.7147340643312
-14.9953553761248,3.68727727683198,293.606811531992,164.5,23.7076090156504
6.37070553374026,3.72554473810386,293.604341552061,165,23.7106360587527
28.3479854266725,3.76430030321303,293.599405782713,165.5,23.7241056145653
12.8820759053099,3.73759314561066,293.595632335416,166,23.7302265377201
10.7979724446815,3.7340751853488,293.592273380685,166.5,23.7353571983408
16.3238123962681,3.7439778653648,293.588298983255,167,23.7431134638686
1.11132362626216,3.71717504964158,293.586428844681,167.5,23.7436415097027
-37.2631233731217,3.648402279259,293.595206839387,168,23.725935922781
-49.6333643202617,3.62604340157258,293.609447894487,168.5,23.7023526112753
9.88567258870418,3.73197475214091,293.606895172358,169,23.7070497922803
-8.83264276097196,3.69863958917377,293.607092580692,169.5,23.7028529587893
30.1384605092539,3.76753454861938,293.602245854098,170,23.7171732595029
-17.6487886109466,3.68312867803197,293.604463358021,170.5,23.7087874310343
19.1531978111981,3.74865820055082,293.60046167464,171,23.7178880800936
-48.3723825432248,3.62838856453226,293.613457888754,171.5,23.6949039245479
1.17399530977294,3.71653124812818,293.612267639352,172,23.6954617488557
-10.7534285280355,3.69517721704465,293.612984827341,172.5,23.6903522532935
-2.24230853940584,3.71040524477662,293.611966485154,173,23.6892868195576
-0.34819602464083,3.71382700983518,293.610491073425,173.5,23.689121374087
0.296838564432088,3.71502597700601,293.60887768543,174,23.6892624170413
-34.9466194277161,3.65176646036835,293.616858009997,174.5,23.6726575178303
25.3486370565875,3.75901772598201,293.612528465136,175,23.68470193215
49.7705601899187,3.8006583936141,293.607498421029,175.5,23.7083504323242
-0.166411549488059,3.71482350893917,293.605543737566,176,23.7082713618146
-12.1176420805118,3.69339036588432,293.606568383933,176.5,23.7025136596759
-48.4492275778135,3.62836595118124,293.619858959721,177,23.6794929911835
48.7840864740772,3.79899844044496,293.615550933238,177.5,23.7026727680049
-28.1091299826142,3.6646334857676,293.620660551038,178,23.6893167044454
-26.9655718975084,3.66636305228251,293.626181521094,178.5,23.676504002935
33.5202901754007,3.77338751843954,293.621409585473,179,23.6924311812715
-1.71650285492095,3.711883689093,293.619826153128,179.5,23.691615584302
-34.8648166956019,3.65240840028339,293.62767983229,180,23.6750495536896
-6.34459969813832,3.70322549579059,293.627752752704,180.5,23.6720349147847
-14.2612918024047,3.68895874013782,293.629361539013,181,23.6652586566838
3.39860410062476,3.7205447448877,293.627298499889,181.5,23.6668735046855
-17.8330547812374,3.68249724544292,293.629753518645,182,23.6584001220776
-31.1622619866983,3.65838400470829,293.636562597428,182.5,23.6435933617114
14.184699615627,3.73935591864014,293.633137144306,183,23.6503332270063
-3.54820651915115,3.707947677933,293.632066044074,183.5,23.6486472953598
10.4093476786684,3.73288204747562,293.628813551434,184,23.6535933007786
-15.5478639457122,3.68653337400766,293.630578025986,184.5,23.6462057274455
-0.391898640302491,3.7136391464242,293.629202832258,185,23.6460195166609
-8.46974084846067,3.69917205615659,293.629342815345,185.5,23.6419951161485
43.6889712595426,3.79036999621723,293.624349706771,186,23.6627539470819
4.06327812291661,3.72210857526934,293.621657292414,186.5,23.6646846151924
-0.271084449249875,3.71442539774203,293.620060096866,187,23.6645558093156
12.305512697673,3.7368241322217,293.616582978749,187.5,23.6704027782479
-15.2314326067723,3.68774216575354,293.618226294575,188,23.6631655573832
-43.7489957513182,3.63657472835886,293.629573058376,188.5,23.6423782057902
-52.4388978349075,3.62070665812518,293.645032695625,189,23.6174618439921
1.32423300919882,3.71631084691636,293.643792358217,189.5,23.6180910537987
-18.6469865435315,3.68046707048761,293.646492830884,190,23.6092309312113
3.03257435069387,3.71929957956638,293.644501596346,190.5,23.6106718600413
-68.0635709830477,3.5928786619038,293.66694529039,191,23.5783314289891
28.7324838535581,3.76399054803022,293.662701374188,191.5,23.5919836793721
-40.6384962608855,3.6406338605099,293.672496737632,192,23.5726742827682
4.09294944112112,3.7205997558646,293.670540487451,192.5,23.5746190492165
-10.9644166658099,3.69365180291658,293.671164437596,193,23.5694093025622
-24.2357704743368,3.66965889386645,293.675631590546,193.5,23.5578936672128
-33.5643604676875,3.65266462934925,293.683390749169,194,23.5419455488605
-16.8898203349839,3.68236611103592,293.686007823233,194.5,23.5339203444503
2.61637378516751,3.71741117215553,293.683979268929,195,23.5351635154268
-31.4717906782414,3.65608595341165,293.690701074594,195.5,23.5202096823878
9.04264535512858,3.72873446174225,293.687793452335,196,23.5245062986895
6.59185275212285,3.72453536887498,293.684809666824,196.5,23.5276384199749
-8.1268966929963,3.698234951632,293.684711243186,197,23.5237769219904
20.1722589910357,3.74869348647331,293.680231307423,197.5,23.5333617783482
-17.1445991601472,3.68222789013322,293.682269284875,198,23.5252155156845
7.12821027015307,3.72573636594494,293.679495755758,198.5,23.5286024874439
-2.13787096287056,3.70926710467538,293.678102373693,199,23.5275866772613
1.51644948422145,3.71585088335548,293.676111044301,199.5,23.5283072187974
-5.16011869940065,3.70391765622411,293.675403500658,200,23.5258553864793
-22.5382859512674,3.67256652521153,293.679246512673,200.5,23.515146311532
29.3408206466434,3.7647735597838,293.67433616944,201,23.5290876133683
27.8804839100989,3.76259196162621,293.6690368965,201.5,23.5423350356616
-24.3517408837627,3.66986545464573,293.673059610718,202,23.530764296929
-7.79983443074227,3.69942582339319,293.673217924887,202.5,23.5270582027
-8.74562227148139,3.69767012654356,293.673402848915,203,23.5229027170269
-7.08207447142241,3.70060642403285,293.673222892717,203.5,23.5195376667093
14.8135965063774,3.73969538901408,293.669336930612,204,23.5265763525956
1.91615272065673,3.71693887863707,293.667123277929,204.5,23.5274868132731
-12.5671116873646,3.69094960893489,293.66812543686,205,23.5215155454836
-12.5088311255479,3.69094215549808,293.66927601024,205.5,23.5155719697247
22.1065657705172,3.75255427793086,293.664760544673,206,23.5260759126677
-44.1341593293148,3.63440886533608,293.675886788105,206.5,23.5051055504574
16.0460358755138,3.74174864785362,293.672303960164,207,23.5127298303681
-18.1770573036431,3.68066667154726,293.674644229621,207.5,23.5040929948337
-35.7378498553403,3.64891337566826,293.683015829652,208,23.487112142191
6.9717859015028,3.7253670762685,293.680492545692,208.5,23.4904247888536
-25.9738932763053,3.66620331130861,293.685263326584,209,23.4780832838087
6.32098607254154,3.72410400613385,293.682711203638,209.5,23.4810867026906
-36.2221113700177,3.64767559506703,293.691013215625,210,23.4638757530092
-40.4917458328938,3.63963861619651,293.701488545497,210.5,23.4446360849257
-10.2793080741374,3.69363523743636,293.702440737625,211,23.4397518678734
21.0845195561722,3.74963419622073,293.697830093359,211.5,23.4497701851777
-8.01405373424651,3.69800569599454,293.697533456,212,23.4459623045671
29.2074009918854,3.76401824400264,293.692389421692,212.5,23.4598402120049
-17.7205085540954,3.68084405164271,293.694467675913,213,23.4514203057786
-11.9905801901574,3.69102409474785,293.695516906121,213.5,23.4457229771443
-23.0157401697359,3.67102378579144,293.699560984733,214,23.4347870396476
35.9419086525296,3.77550607337179,293.694364663591,214.5,23.4518648509036
-4.59785385225734,3.70452840327467,293.693177468608,215,23.4496801789367
32.2285012258742,3.76954961744901,293.687939283329,215.5,23.4649935632737
-12.8930125601755,3.68996641752255,293.688692876595,216,23.4588674435633
-27.9003568816378,3.66278604042116,293.694229034341,216.5,23.4456105786203
-21.9372589386181,3.6732224577003,293.698109912617,217,23.4351870818814
26.7818014660832,3.75996666977095,293.693270139925,217.5,23.4479124648029
-40.8422211167234,3.63945463672643,293.70304883349,218,23.428506268258
36.6240871285076,3.77680123692516,293.698083613985,218.5,23.4459082168705
29.7891106913652,3.76550896673877,293.692578041087,219,23.4600625238883
-56.1696642274244,3.61283235216018,293.708734619065,219.5,23.4333734870521
27.5296782075289,3.76137489104076,293.704289311679,220,23.4464542238853
-6.63888284582183,3.70112201835612,293.703568622853,220.5,23.4432997562334
9.03632338886855,3.72916348124396,293.700339359836,221,23.4475933686505
27.1152744708972,3.76105339553314,293.695204520262,221.5,23.4604772013942
-26.9323229225784,3.66499329276434,293.69994600729,222,23.4476802981467
-15.1126886399427,3.68597718106225,293.701836445927,222.5,23.4404994985219
13.767918836369,3.73759073307532,293.698087569248,223,23.4470413302746
-1.25861353969067,3.71097147713081,293.696389112697,223.5,23.4464432995834
-18.3013777576528,3.68028864238826,293.698847735972,224,23.4377473931392
4.16542550973783,3.72052774976781,293.696512380361,224.5,23.4397265966184
-30.6804884353841,3.65790064092398,293.702745289936,225,23.4251487511342
19.1488583221949,3.74688066749895,293.698599850136,225.5,23.4342473382838
12.6978308593985,3.73574216353947,293.694647257408,226,23.4402807173365
-6.67231936398255,3.70127046780413,293.69407864607,226.5,23.4371103623105
-20.9654028941331,3.67545304812376,293.69735814113,227,23.4271486433324
-7.81005963193432,3.69896108943337,293.697408557056,227.5,23.4234376905953
0.475316101679134,3.71381160409411,293.695606068852,228,23.4236635372177
-22.408087482964,3.67262336822286,293.699253064298,228.5,23.4130163261209
-4.1999978039227,3.70523873937325,293.698539380834,229,23.4110206956032
-18.1649595058965,3.68004541850781,293.701024328596,229.5,23.402389608342
-14.6951176550357,3.68614194662854,293.70273655012,230,23.3954072177259
-8.3320123958462,3.69750980065495,293.702842575736,230.5,23.391448258939
-56.7642600467486,3.61074076123583,293.719837940248,231,23.3644766996782
-11.6187217674129,3.69092835906268,293.721289749145,231.5,23.3589560597117
-54.8793744863368,3.61328124452302,293.737572071495,232,23.3328801045255
-35.8960877894669,3.64643720247895,293.746597808113,232.5,23.3158240650696
-2.28409920508816,3.70686797419032,293.745608936696,233,23.3147387744833
-28.3721831254762,3.65972762460599,293.7512841548,233.5,23.3012577211251
3.79259966771619,3.71765249628517,293.749019911489,234,23.303059776267
25.8125831076463,3.75679150794318,293.743728452465,234.5,23.3153246347252
4.16401127984422,3.71880931053578,293.74083627883,235,23.3173031662326
-25.1821958265738,3.66591445451267,293.745321502274,235.5,23.3053378365253
-34.2852461747918,3.6492497852604,293.753269792595,236,23.2890471890613
-21.4256405065018,3.67212034739394,293.757084265755,236.5,23.2788667880106
-7.46283690350183,3.69724910012875,293.757008586536,237,23.275320818282
26.4158682590157,3.75762543401635,293.751767328364,237.5,23.2878723279042
-29.422966411734,3.6578915713722,293.757435438058,238,23.2738919944769
33.5419935636097,3.77002249589531,293.752126088212,238.5,23.2898294851864
-25.6072581243409,3.66497582595351,293.756444003336,239,23.2776621869703
-2.62282012660161,3.70630278318318,293.755333130007,239.5,23.2764159530122
-31.1376367563896,3.65476164073454,293.761858557335,240,23.2616208933334
13.7454215751274,3.73537566976563,293.758093885315,240.5,23.2681520355041
-18.3680536589145,3.67777125689093,293.760409248957,241,23.2594244479805
-3.13816579127748,3.70518067100085,293.759311857285,241.5,23.2579333473383
-12.4820830968377,3.68830404835894,293.760212806825,242,23.2520024809152
-10.9564688133449,3.69098360043532,293.760835758827,242.5,23.246796510686
17.9115790262926,3.74270946881895,293.756354272805,243,23.2553072041181
-56.7641524633217,3.60896915862287,293.773141096218,243.5,23.2283356959757
-12.2847604444885,3.68817336400275,293.774677744857,244,23.2224985874841
23.6708399192789,3.75246772536231,293.769627822919,244.5,23.2337457958704
-14.4199470696011,3.68459247681595,293.770748943464,245,23.2268941526603
3.240135267857,3.7164000449079,293.768346546718,245.5,23.2284337041372
-16.5170235638764,3.68078068027858,293.770229950851,246,23.2205856342513
39.575983444814,3.78003218359227,293.764634591955,246.5,23.2393901774957
-34.2286487133402,3.6491816765435,293.771792638703,247,23.2231264223366
-19.0068942504761,3.67629867178947,293.774801405344,247.5,23.2140952894686
7.66409598165635,3.72429777468093,293.771704894118,248,23.217736887523
20.9441047731009,3.74799298787823,293.766714320309,248.5,23.227688486691
-65.4749996730905,3.59369467026536,293.78764910197,249,23.1965780162589
-10.0715790798966,3.6920457107049,293.788715268897,249.5,23.1917925017154
9.8806278160358,3.72795666110911,293.785143352036,250,23.1964872856949
4.60989217882448,3.71868864893346,293.782205956575,250.5,23.1986776776772
6.74645625798146,3.72262547978967,293.778975845481,251,23.2018832588759
-14.1951935083992,3.68495757681326,293.780153942561,251.5,23.1951384074039
9.44784744108697,3.72747018828316,293.776718739879,252,23.1996275556274
-13.0864355184625,3.68701176802947,293.777582146456,252.5,23.1934095309265
-33.9520732747274,3.64915614658592,293.785166317878,253,23.1772771906898
0.573691196673183,3.71127304544252,293.783457915387,253.5,23.1775497802752
-5.0364909195502,3.70121087844949,293.782495093755,254,23.1751566897427
-12.2717132725912,3.68810629525679,293.783308087208,254.5,23.1693257806197
-10.2693587766003,3.69165075050539,293.783703619401,255,23.1644462909799
15.5160646655212,3.7379360493958,293.779410487164,255.5,23.1718187548731
28.3815508356823,3.7607140948021,293.773793521577,256,23.1853042593022
-38.2229473192662,3.64170105081166,293.782495843273,256.5,23.1671426116758
-6.84602059658077,3.69799676018428,293.782392589836,257,23.1638897224446
-39.6238378984695,3.63869959011243,293.792044484836,257.5,23.1450624411388
10.9835734711933,3.72966256305212,293.788667175307,258,23.1502812901563
-57.8325009098215,3.60606778768861,293.806045355973,258.5,23.1228021558523
-21.7369034426251,3.67011510663096,293.810205705467,259,23.1124738581018
3.70294574794667,3.71605492929015,293.807712970241,259.5,23.1142333141504
17.6812797854896,3.74113514926063,293.802943061752,260,23.1226345808127
5.71960958757659,3.72006218136441,293.799698386855,260.5,23.1253522554342
-8.70708337019251,3.69413502218157,293.799482825072,261,23.1212150815344
-27.0156744759312,3.66087705619265,293.804621267877,261.5,23.1083785737653
-18.9194876281563,3.67528996166066,293.807487794741,262,23.0993889721863
-17.7289077521032,3.67729394506558,293.8099186523,262.5,23.090965075078
-28.5580134038148,3.65749785209342,293.815725254794,263,23.077395724394
44.8959249980501,3.78768260887996,293.810067073173,263.5,23.0987280398449
-0.878590741200322,3.70805990407393,293.807786261936,264,23.0983105771276
2.63535978510819,3.71443491360434,293.805243292996,264.5,23.0995627693091
-35.2567207402332,3.64590761487667,293.813110199142,265,23.0828105253442
-6.47708040324425,3.69769298634791,293.812834174154,265.5,23.0797329381831
-0.384895841303976,3.70870646997241,293.810914418556,266,23.079550054781
-22.4248853754626,3.66878481000833,293.814494090407,266.5,23.0688948621594
11.4607156531964,3.72985105588852,293.810763658716,267,23.074340425462
-7.40600745713313,3.69604866246337,293.810167374849,267.5,23.0708214582659
-54.0514700878569,3.6118955324391,293.825992012873,268,23.0451388821625
-28.3839286510975,3.65732516682921,293.832222989059,268.5,23.0316522479134
-17.2416358348732,3.67731161345004,293.8346287567,269,23.0234598782377
-33.7198164398782,3.64726345155197,293.842277304777,269.5,23.0074378949224
0.54098349353019,3.70919952271894,293.840459171319,270,23.0076949434305
-22.5039117216283,3.6674018842239,293.844094512246,270.5,22.9970022014111
-9.46336745839048,3.6909639272541,293.84434934735,271,22.9925056788457
36.8079620288924,3.77316455394492,293.838329457185,271.5,23.0099949956854
13.9608831575778,3.73369255626168,293.83361500788,272,23.0166285145071
-1.74449469652059,3.7056791543737,293.831710387386,272.5,23.0157996172036
-17.5329808150228,3.67704286242751,293.833823958038,273,23.0074688148522
-10.5843102157562,3.68952278184912,293.834268232136,273.5,23.002439675919
-18.1864135702247,3.6756308466572,293.83668144222,274,22.9937983947511
-21.4043864399615,3.66962035306004,293.840147795397,274.5,22.983628092578
-8.73849027758822,3.6924809966049,293.840193195264,275,22.9794759956745
-21.4446537980933,3.66932476478396,293.843572201576,275.5,22.9692865604512
14.25617178693,3.73375635048911,293.839362758663,276,22.9760603857749
-20.6578492747397,3.67082372131473,293.842249649457,276.5,22.9662448010133
-26.529591253856,3.65995684754371,293.847387949639,277,22.9536392558679
-6.13759769171267,3.69682918396708,293.846878927554,277.5,22.9507229740433
-26.3009023727181,3.66012413568191,293.851785306227,278,22.9382260905047
-57.8836435926062,3.60306318881607,293.869861295176,278.5,22.910722655736
-15.1882078195739,3.67951113419184,293.872096387102,279,22.903505973145
13.1252936148502,3.73075367288124,293.867869604422,279.5,22.9097424612848
2.53072512235087,3.71192697150412,293.86507237491,280,22.9109449362674
-67.9179233498581,3.58502953151812,293.887884892379,280.5,22.8786737097423
-21.5317124721247,3.66748611082238,293.8921298594,281,22.8684429085577
-16.0967212087214,3.67726505303284,293.894097181887,281.5,22.8607945454921
-12.5929872035199,3.68358390440043,293.895025864098,282,22.8548109829415
3.52286736000077,3.71288073481507,293.892256146713,282.5,22.856484874677
-15.019377216756,3.67925260985817,293.893609933929,283,22.8493484120097
19.0575513715679,3.74079091569825,293.888588367417,283.5,22.8584036146277
-1.09576808045927,3.70486144929392,293.886399770889,284,22.857882960017
24.9128331792978,3.751449988939,293.880722735198,284.5,22.8697203019624
0.395900909530697,3.70797786903926,293.878187715787,285,22.8699084144267
-7.8499364341621,3.69305655765543,293.877686568197,285.5,22.8661785142121
20.9509663259701,3.74482018446781,293.872474014319,286,22.8761333736495
-17.6545586493164,3.67546039938745,293.874342883361,286.5,22.867744803545
-4.05984518628649,3.70005554947002,293.873178752143,287,22.8658157665956
-16.5337701025181,3.67734548573552,293.874989213244,287.5,22.8579597395857
3.3892774633052,3.71342936837058,293.872317565065,288,22.8595701560322
4.16403514394722,3.71492332321141,293.869294142209,288.5,22.8615486988787
6.08374318229511,3.71848289289336,293.865939057355,289,22.8644393917131
-2.69329305166104,3.70272570059402,293.864234104,289.5,22.8631596725185
-31.1640607895642,3.65092534472256,293.870673045336,290,22.8483520574505
-16.8404764432,3.67666681048462,293.872907237656,290.5,22.8403502988088
-50.9933952049021,3.61467365636879,293.887566690014,291,22.8161207681227
-18.321928873393,3.67327154626909,293.890528999335,291.5,22.8074150968081
-6.47591079151425,3.69476710881645,293.889921214589,292,22.8043380653884
-42.4901334418469,3.62919352174423,293.900866370192,292.5,22.7841488626897
-11.2773139178208,3.68559564343258,293.901758724061,293,22.7787904427898
-30.6595224687927,3.65014599409259,293.908239517175,293.5,22.7642225592924
4.09734257869753,3.7132944896626,293.905547373058,294,22.7661694131417
3.12753725883627,3.71167616895558,293.9026343884,294.5,22.7676554636328
-0.244355556887774,3.70567559276723,293.900393631496,295,22.7675393579991
-47.218862926752,3.62025391949916,293.913273106954,295.5,22.745103297728
16.0388033285974,3.73464391720722,293.908948802784,296,22.7527241410912
-10.7377409994602,3.68642507982502,293.908983816305,296.5,22.7476220994641
8.3587348389297,3.72108253240956,293.905306005014,297,22.7515937554298
7.48512704346707,3.7196710479386,293.9015792924,297.5,22.7551503163267
-4.57089936629752,3.69795893142924,293.900208813055,298,22.7529784517938
-5.0539146435646,3.69708704250839,293.899074995975,298.5,22.7505770823724
-60.1818240178785,3.5972283217854,293.917983419486,299,22.7219816663204
42.7519326221305,3.78105719567346,293.91222824494,299.5,22.7422952629969
-16.6708490779073,3.67582809318966,293.91360287447,300,22.7343741028609
7.09522850890897,3.71894036458856,293.910186238811,300.5,22.7377454033242
-24.5646468860078,3.66141890117854,293.914276998629,301,22.7260735022255
-12.7116030657273,3.68284086408605,293.915236934032,301.5,22.7200335793039
-6.95959887275789,3.69326545701223,293.914608370233,302,22.7167267233126
-25.3025541196213,3.65972751073965,293.919115301508,302.5,22.7047042053175
-16.6036108437056,3.67539426986956,293.921173135201,303,22.6968149934535
-5.55859058117456,3.69546774462737,293.920262701971,303.5,22.6941738270727
-0.754509760266192,3.70423440423872,293.918172688783,304,22.6938153214796
-11.721065769341,3.68428832287055,293.91860140275,304.5,22.6882460527226
-27.4627130899418,3.65542617004516,293.923903857807,305,22.6751971343898
-15.223781124194,3.67755507315806,293.925606098317,305.5,22.6679635491299
-13.7937205785674,3.68007388055807,293.926762747332,306,22.6614094576698
-21.9526979803224,3.66504682193571,293.930307531965,306.5,22.6509786250645
5.02630442333498,3.7141518499012,293.927273585131,307,22.6533668754796
-19.2490248041099,3.66996869921985,293.929770185236,307.5,22.6442206941889
-9.51185832725896,3.6876522194997,293.929844915261,308,22.6397011311691
-35.429144540519,3.64020309344716,293.938042874637,308.5,22.6228669599715
-28.6380805788803,3.6522280357883,293.944111666049,309,22.6092595653395
2.36370913548533,3.70873245746538,293.94163442132,309.5,22.6103826826138
-50.7320361718334,3.61198056963179,293.956170530976,310,22.5862773367694
-39.5384502480421,3.63163961003061,293.966628530095,310.5,22.5674906274374
-3.99966687359095,3.69639505587857,293.9656181679,311,22.5655901842357
-14.1302297530617,3.67787727160618,293.966739803841,311.5,22.5588762003163
-13.4235643240273,3.67911475419913,293.967776087406,312,22.5524979887381
3.71174512790039,3.71042674920761,293.964801667414,312.5,22.5542616258153
-48.0069967737343,3.6160019488428,293.978143455762,313,22.5314510834538
-28.4251027475685,3.65114604004673,293.984357964406,313.5,22.5179448853175
20.243511693567,3.73968901550879,293.979045079538,314,22.5275635974233
-3.52159379644411,3.69702907419388,293.977197400891,314.5,22.525890310822
-12.0948861348942,3.68135486748444,293.977709572777,315,22.5201434211792
-34.1239892714556,3.6408592258581,293.985480243902,315.5,22.5039293949928
3.72950238693195,3.70996650345616,293.982716148795,316,22.5057014694383
-4.94779158277846,3.69425277641752,293.981346355836,316.5,22.5033505244286
-54.1460887631487,3.604392900976,293.997606334974,317,22.4776229902264
3.59599950041024,3.70936370967363,293.995124336282,317.5,22.4793316307256
11.3557016503476,3.72358061550028,293.990579321787,318,22.4847272965858
-14.1622924042207,3.67719487269641,293.991476667725,318.5,22.4779980780857
-21.1580876214673,3.66424098956539,293.99473892195,319,22.4679448048878
-18.077122610687,3.66973990339382,293.997143912211,319.5,22.45935545336
7.91472844970585,3.71723063311138,293.993388555497,320,22.4631161395248
-49.7642337400295,3.61189240014936,294.007458059703,320.5,22.4394706453656
11.622675992297,3.72364214431231,294.003495503037,321,22.4449931641835
-7.10899937807187,3.68971639643851,294.002520230095,321.5,22.4416153204866
14.8239756115588,3.72963184416122,293.997568977629,322,22.4486589380086
2.77961594376281,3.70807510431052,293.994389611444,322.5,22.4499796735575
-14.4859274737993,3.67653936802015,293.995430608598,323,22.4430966797338
-41.5494152230027,3.62681362238214,294.006118260287,323.5,22.4233544596464
5.64385636901637,3.71289868210397,294.00303827469,324,22.426036140098
20.588438826248,3.73994277183407,293.997258624703,324.5,22.4358187444591
26.881306424063,3.75135416965984,293.99081075483,325,22.4485914071985
-31.9812682915844,3.64479507456752,293.99723638306,325.5,22.4333954956821
23.7524569540847,3.7458891097656,293.991615320904,326,22.4446814844328
-51.121034076379,3.61004922927282,294.005960338564,326.5,22.4203913060894
-53.9846493836709,3.60423368465213,294.022645502831,327,22.3947404798684
-14.9854497682102,3.67485911037944,294.024534894541,327.5,22.3876201378408
3.54497715800139,3.70878223395601,294.021460681107,328,22.3893045350551
0.403806222982686,3.70317991093114,294.018811963693,328.5,22.3894964037321
-5.52574123701376,3.69240752328465,294.017514431631,329,22.3868708457294
7.28711346453056,3.71581715880446,294.013661831217,329.5,22.3903333204007
-26.9357995023885,3.6532155196554,294.018504129231,330,22.377534765255
-9.42686585092176,3.68517155404126,294.018489348647,330.5,22.3730555864419
-29.6490071018234,3.64792683019839,294.024490585192,331,22.3589678496968
19.8641020467702,3.73809284606754,294.019118954646,331.5,22.3684062851679
-21.2594749550707,3.66341442931303,294.021968906977,332,22.3583048377407
-41.4223048888368,3.62624156870929,294.032673427033,332.5,22.3386230141759
-2.09839411494002,3.69806328531511,294.031087341223,333,22.3376259614322
-15.790175476536,3.67294408399794,294.032516647121,333.5,22.3301232536852
13.5071835649866,3.72642436884807,294.027756844962,334,22.3365411969768
7.24420152526297,3.71532415325843,294.023690273926,334.5,22.3399832820242
16.0196738067827,3.73131366721494,294.018376295001,335,22.3475950359881
-3.90224505843017,3.69538254412584,294.016529105946,335.5,22.3457408827981
-12.6638952997275,3.67930117340171,294.017070791189,336,22.3397236282392
-33.6213937540076,3.6406731519517,294.024521786624,336.5,22.3237484104998
-33.3195023887883,3.64085418255165,294.032162159979,337,22.3079166365547
20.5413813468164,3.73896893207965,294.026737426801,337.5,22.317676881537
-35.0401531516039,3.63772016959732,294.034399945482,338,22.3010275397424
-26.9118288005458,3.65226827121587,294.039754710091,338.5,22.2882403742845
-8.82036675165748,3.68537289836929,294.03956249486,339,22.2840493737439
36.0538369550776,3.76595801213717,294.032709865112,339.5,22.3011803677745
-21.3492216129282,3.66280586419292,294.035413049515,340,22.2910362771895
7.17871486179479,3.7149693467813,294.031711745664,340.5,22.2944472462245
-12.9594924987302,3.67822895865621,294.032199870047,341,22.2882895385466
4.10550015196971,3.70944225673445,294.02896200042,341.5,22.2902402684698
13.5359710167486,3.72664047495195,294.023999419677,342,22.2966718901298
14.6434995688104,3.72883651350311,294.018814583458,342.5,22.303629754393
-21.0836511467237,3.66376840705279,294.02159645458,343,22.2936118497137
-13.0562591280387,3.6783339988444,294.022425222331,343.5,22.287408163336
-5.0723858430372,3.69291234128044,294.02113891446,344,22.2849980173172
3.83394827541176,3.70920324950594,294.017887667628,344.5,22.2868197192654
-21.7552798421752,3.66232589158345,294.021009716679,345,22.2764826899618
-33.9933089409159,3.6396157299096,294.028703826166,345.5,22.260330756583
23.885998568884,3.74486913360649,294.022974942111,346,22.2716801976816
-5.89445583825416,3.69133016346637,294.021506082308,346.5,22.268879444799
-1.61643091873341,3.69916397778071,294.019363279064,347,22.2681113970472
-46.1198982213818,3.6175463564826,294.031748262391,347.5,22.2461975102643
6.66746841058831,3.71385198306063,294.028469301568,348,22.2493655603579
-7.87766831390081,3.6873831743778,294.027641611148,348.5,22.2456224833304
-4.24909088182732,3.69402565198568,294.026101465111,349,22.2436035262185
7.39326229990843,3.71531082653592,294.022188092842,349.5,22.2471164375484
25.4103871712196,3.74773815716072,294.015898100837,350,22.259190192458
-19.0062540771675,3.66741344126211,294.017944138424,350.5,22.2501593637685
-4.3448886105069,3.69419581269715,294.016560998229,351,22.2480948883302
-35.0878558725221,3.63766572832592,294.024435104799,351.5,22.23142288057
13.0710114347013,3.72555975389034,294.020002855063,352,22.2376335765118
-42.1880246849268,3.624536993899,294.030552473756,352.5,22.2175879209012
-36.4274910182019,3.63456103809802,294.039485449687,353,22.2002793850036
5.40538548451503,3.71112428354299,294.036282272316,353.5,22.2028477559258
-13.2390370976716,3.67704364374473,294.036873334659,354,22.1965572225278
17.8579991817082,3.7336958922804,294.031496098169,354.5,22.2050424574769
-32.3276720259988,3.64208982700474,294.038130281637,355,22.1896819520974
-19.7434204227341,3.66492583103494,294.04106879419,355.5,22.1803008585448
16.0650792071174,3.73030738464543,294.035977369109,356,22.1879341869015
-0.51313462370371,3.70045277607824,294.033348636326,356.5,22.1876903707943
8.29543211363188,3.7165783221072,294.02922211824,357,22.1916319484466
-5.71101615802946,3.69113195378284,294.027840526836,357.5,22.1889183569963
-16.3938801826224,3.67144557614417,294.029429486908,358,22.1811287987338
-8.28692159090968,3.68624758180815,294.02895094997,358.5,22.1771912648596
-11.4974877773493,3.68029859038959,294.029212451889,359,22.1717282292685
-6.87181774776612,3.6887456121967,294.028332091307,359.5,22.1684630825114
-0.0626619225991938,3.70123331936142,294.025859073446,360,22.1684333086755
23.2232145103171,3.74334564914805,294.019809878915,360.5,22.1794678276823
-70.1209605497704,3.57394761909076,294.043750293074,361,22.1461498272128
-13.1014198704063,3.67685703978691,294.045286410599,361.5,22.1399246826915
5.98776665383905,3.71184487862765,294.041667789983,362,22.1427697722427
10.3946772511664,3.71999368597562,294.037108649578,362.5,22.1477088070024
-12.6421978358694,3.67798344790844,294.037462357484,363,22.1417018620015
5.99200348813261,3.71209601073915,294.033854822238,363.5,22.1445489646861
-0.482432239327129,3.70039821121305,294.031316003962,364,22.1443197368283
23.294796270623,3.7433964687374,294.025254844832,364.5,22.1553882679351
12.3575174578109,3.72412519594906,294.020298159064,365,22.1612599469485
-6.48320283799187,3.68995334924546,294.019059545825,365.5,22.1581794507102
-24.3642967550353,3.65698223715798,294.023101508936,366,22.1466027460507
-22.5066693873992,3.6601426761772,294.026772212021,366.5,22.1359086937254
-48.3265968931766,3.61258700102085,294.040400614198,367,22.1129462932484
10.5530371621563,3.72010281412561,294.03647628574,367.5,22.1179605727786
1.75301907902282,3.70427100528337,294.033428939136,368,22.1187935204456
-20.3209361952413,3.66371943940109,294.036118487936,368.5,22.1091380200591
-8.25096112866177,3.68580846689133,294.035668874003,369,22.1052175728118
13.8788158697687,3.72619457880446,294.030757381725,369.5,22.1118120973312
-9.43434741291832,3.68383376083078,294.030235440909,370,22.1073293636512
-16.1660792707274,3.67136052274684,294.03179925374,370.5,22.0996480450766
-6.2221707546324,3.68956359480112,294.030806257637,371,22.0966915783298
-13.4623807775407,3.67620633866101,294.031575632388,371.5,22.0902949230993
-39.7433562397027,3.62768230120928,294.041459142612,372,22.0714108526092
4.19647960895913,3.70818174918194,294.038516010168,372.5,22.0734048114552
-14.3455303545697,3.67419556801263,294.039427010035,373,22.0665885273749
-1.51174536192382,3.6977553985298,294.037328414226,373.5,22.0658702210043
-9.22118854188733,3.6836161089976,294.036917746349,374,22.0614887698411
-16.7644302224794,3.66964202387598,294.038676167868,374.5,22.0535231445894
-8.32438474984402,3.68510215629369,294.038214149341,375,22.0495678100813
-15.2751172695786,3.67223683919641,294.039535117362,375.5,22.0423098324328
-2.55144462213266,3.69560622110718,294.037681380954,376,22.0410975125722
-31.6778161081386,3.64186336632041,294.044342310739,376.5,22.0260457864736
-2.9536354455694,3.69461163334076,294.042779946433,377,22.0246423654938
8.71972021158831,3.71602945011777,294.038576789144,377.5,22.0287855437935
4.91221207524042,3.70925948251277,294.034936243268,378,22.0311195831869
-16.071366344037,3.6707536852788,294.036338397902,378.5,22.0234832674947
17.5524383056791,3.73215898087049,294.031023445964,379,22.03182331508
-0.764000191891442,3.69912969689784,294.02844428473,379.5,22.0314603001049
-11.8193206357933,3.67881285462518,294.028711684531,380,22.0258443455115
-25.0014046353615,3.65436223578831,294.033095458566,380.5,22.0139649188058
12.3522563943792,3.72278743372913,294.028601433916,381,22.019834098023
7.00535522702953,3.71328032488297,294.024574594138,381.5,22.0231626951631
-69.2385241350522,3.57403805517938,294.048306306669,382,21.990263984684
25.2894870089999,3.74557476234824,294.042858485797,382.5,22.0022802938365
-31.2517879698386,3.6425363399586,294.049053205959,383,21.9874309951662
14.7251488762776,3.72675514648567,294.044250693693,383.5,21.9944276551282
18.2045565570768,3.7332403018461,294.038516782538,384,22.003077556943
21.0050835927687,3.73849874164844,294.032471733073,384.5,22.0130581302198
19.7728810314042,3.73656961942197,294.026568293663,385,22.0224532219916
-23.812488107387,3.65713196880839,294.030150750785,385.5,22.0111387094161
24.459173228343,3.74492765878596,294.024260035768,386,22.0227604946672
26.8316815999047,3.74941408044482,294.017730393912,386.5,22.0355095781529
34.8549131966931,3.76373125669794,294.010808562127,387,22.052070903114
40.0638850943852,3.77306216636766,294.003793243086,387.5,22.0711072730086
11.4392507211683,3.72309535016767,293.99894596534,388,22.0765426372408
-23.9577841702734,3.65844603868198,294.002573375342,388.5,22.065159087187
-15.3927214356104,3.67390838577638,294.004029971929,389,22.0578452298754
20.6262863053693,3.73926366557935,293.998538370154,389.5,22.0676458174803
-48.3659859434897,3.61361920907433,294.011451719472,390,22.0446647012813
-26.0355052952482,3.65382364466794,294.016542519261,390.5,22.0322939212627
-19.0963942853201,3.66632617695347,294.019136206852,391,22.0232202624198
9.1166201614693,3.71790260739948,294.015115991825,391.5,22.0275520278783
-18.0412612467377,3.66825351136893,294.016998837398,392,22.0189797158908
2.36026923661181,3.705595833913,294.014169980087,392.5,22.0201011986959
-10.6952470592611,3.68170396479821,294.014083469158,393,22.0150193480802
27.3829920504894,3.75055264217221,294.007874903918,393.5,22.0280303869314
9.35053323031284,3.71866619250607,294.003389047904,394,22.0324732962715
-25.0785811490769,3.65564553059617,294.007461755119,394.5,22.0205571991166
13.7718097101235,3.7265374366867,294.002859922411,395,22.0271008796195
14.0435690505773,3.72721477909833,293.997823854992,395.5,22.0337736866739
12.5157522353394,3.7246464587055,293.993016824283,396,22.0397205510007
-3.96217472499604,3.6948233308346,293.991225847328,396.5,22.0378379222074
-6.77095374546317,3.68964428559576,293.990251520613,397,22.0346207010184
-40.3711100914424,3.6278373012498,294.000124030741,397.5,22.0154383530523
14.6052174333052,3.72808440919996,293.995624569722,398,22.0223780275446
36.772769747519,3.76735350455593,293.988814303483,398.5,22.0398506227587
-41.1582068355443,3.62668306217383,293.99854477225,399,22.0202942854821
-28.9952594654175,3.64844355447283,294.004562536342,399.5,22.0065171771694
3.98666495217667,3.70877474338945,294.001586516317,400,22.0084114425033
-5.01771256738916,3.69238749815357,294.000109033844,400.5,22.0060272745118
5.04409145361269,3.7107820392532,293.996669382576,401,22.0084239764409
-46.2461967330961,3.6167480382877,294.008920211011,401.5,21.9864500788732
20.6786483858492,3.73859707873416,294.003744314882,402,21.9962755463401
-10.3001976647474,3.68255994269291,294.003391623513,402.5,21.9913814035911
-37.0136440095702,3.63328820707976,294.012026666471,403,21.9737943568818
36.9819509013909,3.76704659897411,294.005650718341,403.5,21.9913663445989
-5.42305635650696,3.69156900279574,294.003961204623,404,21.9887895773554
-8.98913536747084,3.68498620772299,294.003527846268,404.5,21.9845183863442
-31.951899300923,3.64260707233896,294.010219413376,405,21.9693364295147
-9.54305079532913,3.68356678609344,294.010251129231,405.5,21.9648020453821
17.8411726287372,3.73340684032527,294.004924693132,406,21.9732792851883
5.92846504908225,3.71213681289122,294.001088292784,406.5,21.97609619756
8.82541638244779,3.71750876361578,293.996889791484,407,21.9802895974346
21.708311033216,3.74078447048883,293.991030773207,407.5,21.9906043094911
-24.8054521691337,3.65622510625356,293.994898833548,408,21.9788179896726
-3.47671631156269,3.69521988340466,293.993405978568,408.5,21.9771660266249
19.167074164679,3.73628011128059,293.987938363125,409,21.9862732690387
-19.6142584114695,3.66578377136074,293.990203714795,409.5,21.9769535468638
-15.2892902662335,3.67354538153249,293.991627778542,410,21.9696888349107
-3.64680927138461,3.69482917939451,293.990069624428,410.5,21.9679560521298
25.0141502818576,3.74659860528797,293.984053325859,411,21.9798415349341
-70.4466772663576,3.57348415509833,294.007916487567,411.5,21.9463687700456
17.1281881737011,3.73213448777884,294.003496142702,412,21.954507235023
4.43040520408651,3.70941199253923,293.999935328983,412.5,21.9566123437025
-30.0427561665554,3.64610347372678,294.005786767465,413,21.9423375169429
23.8179944179225,3.74411107003447,294.000107535372,413.5,21.9536546458439
-7.35694836972432,3.68794085758297,293.998991280104,414,21.9501589890914
-19.4216337966186,3.66565756409671,294.001469906198,414.5,21.9409307925738
17.9876624890339,3.73382450959812,293.996273546857,415,21.9494776370916
7.98433953074554,3.71603056944357,293.992109735144,415.5,21.9532713989874
-2.3014095064366,3.697388423063,293.989998302576,416,21.952177883405
7.30721017517024,3.71493459342718,293.986161837773,416.5,21.9556499070359
-14.0711283497151,3.67587467415298,293.986945754575,417,21.9489640051702
0.946565123201964,3.70333119532884,293.984409428839,417.5,21.9494137659403
-22.2827756878802,3.6606488523654,293.987693742352,418,21.9388260967896
-3.05426014840753,3.6958314931584,293.98609452096,418.5,21.9373748639448
-14.1979194986381,3.6753328508925,293.987042272609,419,21.9306287172176
5.20613326965739,3.71083031799792,293.983704314268,419.5,21.9331024133758
-17.2320697395431,3.66972330063113,293.985431762979,420,21.9249145890338
-26.5724891681787,3.65232564519745,293.990363378766,420.5,21.9122886609284
-12.3745877872634,3.6782503627519,293.991108027923,421,21.9064088709416
-20.2427830953935,3.66363183846924,293.993956690836,421.5,21.8967905050294
-11.4888808297125,3.67961412576415,293.99439348585,422,21.8913315590327
-17.5578906433575,3.66833069205361,293.996431774169,422.5,21.8829889207672
-6.95879368326471,3.68775539858498,293.995689337667,423,21.8796824473619
34.4825834680963,3.76230631497886,293.989061380122,423.5,21.8960668597142
-36.8542945149844,3.63310626816539,293.997229610225,424,21.8785555279764
-42.6086494123654,3.62212028584786,294.008552515879,424.5,21.8583100123703
-17.6525185704487,3.66761969432853,294.011019065474,425,21.84992241161
-17.6911989348175,3.6674107161625,294.013176668534,425.5,21.8415164318602
-8.7173653115515,3.68387277587001,294.012857200717,426,21.8373743724921
-11.7435665352917,3.67825551071781,294.013223131651,426.5,21.8317944124877
17.0527693398489,3.73086948982847,294.00797491041,427,21.8398970421782
-17.4157774671887,3.66798594649407,294.009665130191,427.5,21.8316219290411
-20.5607827978327,3.66201493131188,294.012687703873,428,21.8218524654522
9.24401125699863,3.71671080374969,294.00866392934,428.5,21.826244760837
11.961450622769,3.72181258761574,294.003908556388,429,21.8319282485465
-30.0306188716843,3.64473998998016,294.00976942345,429.5,21.8176591888271
-55.4084171577708,3.59795447754976,294.026853355451,430,21.791331858819
-10.8351613128351,3.67931758438218,294.027584721563,430.5,21.7861835278937
18.14804854739,3.73230069333867,294.02213905982,431,21.7948065799067
-19.310937069241,3.66388934704121,294.024389201417,431.5,21.7856309809803
43.3680209094744,3.77658627592273,294.017574512115,432,21.8062373122356
-30.6341066449822,3.64341753214387,294.023350648182,432.5,21.7916815050763
-26.2658804800738,3.65114322231353,294.028372879536,433,21.7792012622031
23.6893302504179,3.74234912442461,294.022533792396,433.5,21.790457256277
-7.50287880811255,3.68596789183013,294.021441108253,434,21.7868922606225
-33.5302604081923,3.6378070957704,294.02877933702,434.5,21.7709603449261
-15.8144301030013,3.67021167852779,294.030549980222,435,21.7634461125844
-21.6948491569121,3.65919245786506,294.033897738418,435.5,21.7531377969434
10.6918998329082,3.71868253697984,294.029595965223,436,21.7582180571232
-4.51847567083919,3.69100542528386,294.0279073481,436.5,21.7560711017287
-12.711300294068,3.67587239225937,294.02845131926,437,21.7500313226691
8.30747141506942,3.71446658193934,294.024446434522,437.5,21.7539786207999
9.78628802264616,3.71731411793425,294.019989822344,438,21.7586285791915
5.09866868395642,3.70893304743756,294.016333313549,438.5,21.7610512135118
-18.6887090137106,3.66518519846918,294.018490105835,439,21.7521712664773
-14.1437727572617,3.67342135355955,294.01959702078,439.5,21.7454508475944
-15.4383896423277,3.67090907565161,294.021023729308,440,21.7381152910173
-13.0790368334544,3.67515284332126,294.021807168166,440.5,21.7319007818043
-52.0653426199436,3.60320327922156,294.037119559267,441,21.7071619149055
5.16670334292229,3.70816258565898,294.034162153787,441.5,21.7096168759194
-4.2881728012219,3.69091309661599,294.032477408127,442,21.7075793490189
17.9366082412476,3.73150789258715,294.026972858535,442.5,21.7161019350919
-18.1229071413336,3.66561319353047,294.028847346801,443,21.7074908290273
-0.991493447836431,3.69714347124296,294.026685225358,443.5,21.707019720547
-6.18842758226412,3.68760968377894,294.025517936287,444,21.704079286881
5.7793408907941,3.70961108164626,294.021887706876,444.5,21.7068253428535
-23.1993988252062,3.65622031915373,294.025477653873,445,21.6958021398784
14.102880294564,3.72467034196483,294.020713341201,445.5,21.7025031286924
-9.12089448775797,3.68232092979909,294.020127398733,446,21.6981693322863
30.6854120888728,3.75438756300776,294.013599278305,446.5,21.7127495172463
-14.2951441209446,3.67311977984679,294.014242788152,447,21.7059571742036
-24.9835148532653,3.65318636174133,294.018623445087,447.5,21.6940862478346
-0.335431097399775,3.69852191821947,294.016422964894,448,21.693926867624
-11.1441847025179,3.67861962853544,294.016513197476,448.5,21.6886317041202
-28.1642486332519,3.64700082648873,294.021976224744,449,21.6752494509133
-30.1135111567275,3.64308955814248,294.028368976577,449.5,21.6609410048939
-1.84490209470945,3.69516223814438,294.026551520537,450,21.6600643989778
-12.0449941935675,3.67634641561237,294.026910277857,450.5,21.6543412155095
-0.794721219899952,3.69707961043075,294.024645458161,451,21.6539636034265
-3.97603297922182,3.69127114805625,294.022967790242,451.5,21.6520743898785
-47.2649238951665,3.61124743211732,294.03601872054,452,21.6296164437211
6.72765546032229,3.71049272685346,294.032709296917,452.5,21.6328130917138
-4.47435754409452,3.69003636008165,294.031059677991,453,21.6306870990636
-42.6267538470691,3.61938892102934,294.042124561061,453.5,21.6104329811285
-24.7138418561868,3.65203366653738,294.046873713457,454,21.5986901899843
-62.925772385434,3.5816076082925,294.067931093609,454.5,21.5687909858455
-2.37221561394092,3.69264521419766,294.066653787464,455,21.5676638267148
2.97474320828701,3.70259933413538,294.063428632181,455.5,21.5690772770559
-12.4189289747535,3.67421784264021,294.063821682938,456,21.5631764183374
36.1314772879938,3.76219529655733,294.056816425316,456.5,21.580344303201
10.7632349312159,3.71743669828103,294.051865878337,457,21.5854584582793
-16.3771317656963,3.66754570926721,294.053272157972,457.5,21.5776768580334
-44.266168846896,3.61573894217007,294.065163863351,458,21.5566437714518
16.9902489681591,3.72835721396759,294.060152211497,458.5,21.5647166945644
-2.44344838383427,3.69307436020121,294.057877943133,459,21.5635556891566
-40.9456173264356,3.62169748221905,294.068196968426,459.5,21.5441003638642
-24.4782894544738,3.65174420556628,294.07280844615,460,21.5324694955312
-0.418008839986415,3.69623691203355,294.070522586351,460.5,21.5322708784755
-15.7720876866188,3.66781883763987,294.071879863794,461,21.5247767651487
-5.63609369220533,3.68655243199072,294.070687395802,461.5,21.5220987731359
5.84302347499325,3.70776032940715,294.066925934593,462,21.5248750879119
-4.81715234846252,3.68823599040847,294.065300023003,462.5,21.5225862161829
23.0448500465584,3.73909470417513,294.059119688035,463,21.5335359852485
-13.9682661667154,3.67161215503039,294.059707245813,463.5,21.5268989583873
-32.32452082148,3.63737522106465,294.066730927658,464,21.5115399503037
-33.1735796837308,3.6354391284171,294.07434310442,464.5,21.4957775115862
-2.12874716500293,3.69282511011801,294.072543705435,465,21.4947660365795
-10.1785210906449,3.67794567063414,294.072350136598,465.5,21.4899297084999
-5.11810460878212,3.6873026505449,294.070964752827,466,21.4874978391926
-4.29686806561552,3.68884288928063,294.069328233145,466.5,21.485456180734
-34.1544248216622,3.63332746227646,294.076985601471,467,21.4692276930846
-13.2393170587928,3.67190421288004,294.078024711704,467.5,21.462937026663
-12.3987015640643,3.67339515799615,294.078566676836,468,21.4570457790062
-32.4476421406108,3.63596888463195,294.085704114136,468.5,21.4416282697821
-42.21499602648,3.61751316197325,294.097080119028,469,21.4215697987286
-0.995087295278789,3.69381307488765,294.095126552039,469.5,21.4210969826304
9.16886127241532,3.71264304274184,294.09066240801,470,21.4254535704721
-37.1896950782417,3.62669775933835,294.099430170845,470.5,21.407782873032
-12.7860941413814,3.67180686284557,294.100378401311,471,21.4017075556481
-28.0094489106786,3.64331550244198,294.10591304198,471.5,21.3883988555869
45.6850632695604,3.77697594836742,294.098698637753,472,21.4101061303809
-22.3150642556884,3.65440049133257,294.101649133164,472.5,21.3995031193051
-12.0207007321145,3.67340512439682,294.102150885467,473,21.3937914788841
10.7661568541728,3.71550639817685,294.097522969197,473.5,21.3989070223152
-13.0688530707628,3.67160150851348,294.097947036287,474,21.3926973519209
-10.9169139556806,3.67552616894125,294.098034737735,474.5,21.387510176197
-14.9457219913225,3.66795378493542,294.099236130729,475,21.3804087108374
7.30088327842227,3.70912344140021,294.095241190322,475.5,21.3838777282409
-22.7272397016439,3.65349546869879,294.0986658218,476,21.3730788718488
2.06984039905002,3.69945101553148,294.095773283889,476.5,21.3740623572838
-10.959153311938,3.67535462973021,294.095709517864,477,21.3688551115141
13.2351586463291,3.71998724078641,294.090703627784,477.5,21.3751438020644
-4.68913539390929,3.68719924705297,294.088929470927,478,21.372915757639
-23.5898174845167,3.65197648454689,294.092760508135,478.5,21.3617070470928
-40.4501574721235,3.62036715239161,294.103201962917,479,21.3424871397344
18.9574429222191,3.73000582025235,294.097757450057,479.5,21.3514947757855
-33.4697009783708,3.63321807767001,294.104918653447,480,21.3355916349247
-6.09922133783226,3.68393737601114,294.104009274603,480.5,21.3326935876389
-46.3478137544525,3.60897909788728,294.116839203125,481,21.3106714067058
-4.09426346630789,3.68720130321605,294.115611368278,481.5,21.3087260158979
0.137160571482793,3.69510865680076,294.112881489396,482,21.3087911877944
-28.4818354122539,3.64178477798592,294.118403599647,482.5,21.2952580331115
-8.4320856980671,3.67899633524223,294.118015080909,483,21.2912515244578
-62.9453373921017,3.57782914337922,294.139071264181,483.5,21.2613430239988
1.108617951534,3.69607918436021,294.136876401917,484,21.2618697842305
-4.9982252476485,3.68484124838176,294.135248415358,484.5,21.2594948756463
33.584706903953,3.75506241192533,294.127955511242,485,21.2754526616153
-35.2304162019216,3.62890689508681,294.135677002799,485.5,21.2587129162616
-42.7282529780074,3.61456568909927,294.147306470546,486,21.2384105709768
-1.58064607481927,3.69097244369062,294.14538224941,486.5,21.2376595264068
-50.8328875911309,3.5991711463308,294.160319839834,487,21.213506260973
-6.33396911737303,3.68167091380777,294.159648395637,487.5,21.2104966731925
-6.88138350014673,3.68068346063715,294.158534547604,488,21.2072269812646
-10.3510553225445,3.67421417368928,294.158344096477,488.5,21.2023086734805
-7.2545486774676,3.67998282634388,294.157367086872,489,21.1988616719799
-3.5082148630214,3.68698880253833,294.155422541826,489.5,21.1971947423837
50.9846916834642,3.78443798261383,294.147788230418,490,21.2214201375884
17.2743724154822,3.7259958374349,294.141522619068,490.5,21.2296280620626
-30.0284288197298,3.63847029670457,294.147317242342,491,21.2153600429471
-12.9897877499553,3.67001152296753,294.148098458646,491.5,21.2091879404694
0.287373101312026,3.69467682778573,294.14534773527,492,21.2093244859053
-8.07096751047953,3.67919026148426,294.144440785186,492.5,21.2054895626927
-48.7070858500791,3.60336677562275,294.158318192037,493,21.1823463727463
18.287105835986,3.72728015564089,294.152900500553,493.5,21.1910354978817
-2.29645377292531,3.68971375541622,294.150393680365,494,21.1899443370179
-14.2544548074173,3.66743131220305,294.151207859062,494.5,21.1831713275177
-12.0661383575516,3.67142267888187,294.151537530541,495,21.177438097392
0.440680752206601,3.69467651483521,294.148737406209,495.5,21.1776474870153
-17.5505153274842,3.66116402759984,294.150516329063,496,21.1693083531338
-18.7949460619648,3.6586840263519,294.152894868351,496.5,21.1603779275263
-44.6159309685462,3.6102911887543,294.16511089365,497,21.1391786513426
-18.42462476091,3.65873211013574,294.16775615116,497.5,21.1304241840389
-21.7364339252306,3.65238032130252,294.171130023305,498,21.1200961093798
-4.0458896815993,3.685373023031,294.169458207415,498.5,21.1181737033937
-23.7158974868145,3.64853960018305,294.17332804542,499,21.1069050858875
-60.1773878967794,3.58051555024262,294.193238315163,499.5,21.0783117776601
-33.324532089184,3.62958664304702,294.201459628366,500,21.062477613851
