curr_dens,Volts_tot,Temp_tot,t_tot,SOC_tot
15.0622505170946,3.97658550663535,303,0,75
15.0622505170946,3.97676405621763,302.999578935611,0.5,75.0071568339319
-5.54843657283242,3.94518091346141,302.999900355646,1,75.0045204922319
-53.5664415193006,3.871957970472,303.008970825067,1.5,74.9790683776331
-8.00518952850007,3.94072034211785,303.009941518367,2,74.975264708853
3.78078548677907,3.95882117257223,303.009757224635,2.5,74.9770611504824
2.7821864437613,3.95734866044796,303.009559880257,3,74.9783831074054
18.5234447435356,3.98163931808317,303.009107419111,3.5,74.9871845290605
2.99600100776082,3.95794623718744,303.008840248979,4,74.988608080053
24.742479908252,3.99144069711279,303.008595786329,4.5,75.0003644785783
-58.0903093763176,3.86520051985799,303.018771375978,5,74.9727628464857
11.3639728143293,3.97048888108992,303.018692045048,5.5,74.9781624423924
-47.8594706049424,3.8799843306785,303.026203274433,6,74.9554219971449
-7.55249893960462,3.94096599321202,303.027052765723,6.5,74.9518334244664
0.106450712613459,3.95272103303133,303.027019344446,7,74.9518840045621
6.45354966494326,3.96253904646947,303.026633029262,7.5,74.9549504110842
-21.0467203880595,3.92031586197193,303.028755081642,8,74.9449500540686
-2.77424327453799,3.94820176568972,303.028995111262,8.5,74.9436318713455
17.9812541066706,3.98017255285231,303.028478304855,9,74.9521756709181
-0.482577034678696,3.95195970745478,303.028352632238,9.5,74.9519463742607
8.73299955070851,3.96616791395289,303.027900447332,10,74.9560958622433
-8.91035083867605,3.93909821200378,303.028493942447,10.5,74.9518621057303
-13.7202079029355,3.93160697246412,303.029702389942,11,74.9453429438453
16.7304071529187,3.97835782499397,303.029241554375,11.5,74.9532924030228
3.43484067810365,3.95808710442912,303.028902482942,12,74.9549244688478
11.9271230903262,3.97121310183791,303.028376580147,12.5,74.9605916458175
-58.2594488760406,3.86428601169325,303.038708918457,13,74.9329096470287
-36.7288506686233,3.89600475426461,303.044135671239,13.5,74.9154579199812
-6.07632752807489,3.94258270936497,303.044732215956,14,74.9125707506976
14.5915661703119,3.97440831948149,303.044153410933,14.5,74.9195039387872
-22.0668057426532,3.91819308252228,303.046379505653,15,74.9090188878362
7.96247166950523,3.96418339573792,303.046010248078,15.5,74.9128022592097
-0.790191585558429,3.95081962065597,303.045904312205,16,74.9124267993841
4.51405830231217,3.95901165145291,303.045545053338,16.5,74.9145716558643
18.6644293555763,3.98086851879603,303.044949248677,17,74.9234400664103
7.4211359326625,3.96379040966178,303.04440052576,17.5,74.9269662219071
-26.1243083320943,3.91231564033892,303.04727045178,18,74.9145532470926
-45.5236404450103,3.88254681210502,303.054439945848,18.5,74.8929226724138
-30.5372747130519,3.90477711768007,303.058526563858,19,74.878412874983
4.0789456649364,3.95766147707736,303.058336633722,19.5,74.8803509875319
-32.9522002755423,3.90089522648652,303.062568962804,20,74.8646937373225
-25.0878517855487,3.91256930561081,303.065603329022,20.5,74.8527732352212
-10.9552750608836,3.93404049991506,303.066587014318,21,74.8475678322039
-10.3170088225772,3.93496123923185,303.067405002301,21.5,74.842665701627
-37.4817981082422,3.89331806136907,303.072728868438,22,74.8248562113237
-8.06444401584672,3.93800449591455,303.073493081256,22.5,74.821024387752
-39.3624918519338,3.89006829955714,303.079263516351,23,74.8023212851173
-29.3839335770982,3.90487134577522,303.08319107488,23.5,74.7883594981559
6.01553605489973,3.95905882993895,303.082836677412,24,74.7912177823485
-17.68026276533,3.92270860603938,303.084494905171,24.5,74.7828169989236
-19.4679594477082,3.91983195262304,303.08655497185,25,74.7735667907557
11.2930441626059,3.96706017671067,303.08593607958,25.5,74.7789326848873
36.9851171605815,4.00664840228188,303.085939547248,26,74.7965061770537
31.9601348308019,3.99943011293511,303.08554504022,26.5,74.8116920469983
-4.24608542160708,3.94416883476909,303.085508124529,27,74.8096745179319
-24.1763494153805,3.91352403018037,303.088113703152,27.5,74.7981871165207
-20.2763854771764,3.91923958685827,303.090247314291,28,74.7885527844244
1.31878208851149,3.95225933319193,303.09005242201,28.5,74.7891794042239
-4.40539306420593,3.94349782639804,303.090154085338,29,74.787086180072
-26.6714298616247,3.90929754246545,303.093218816968,29.5,74.7744132402593
29.0225658070353,3.99462142779918,303.092902095604,30,74.7882033231904
-17.585966717607,3.92332806068349,303.094351409068,30.5,74.7798473445677
-30.8967560214867,3.90278748380509,303.098270996114,31,74.7651667394596
-18.0492584964591,3.92212503788501,303.100136206531,31.5,74.756590627576
-34.6276166575762,3.89662571257813,303.104868186569,32,74.7401373026499
7.70109523941725,3.96126957077159,303.104414084649,32.5,74.7437964809154
9.22024448941883,3.96375708699275,303.103650807922,33,74.7481774835118
-3.66699833213577,3.94406077204864,303.103623346151,33.5,74.7464351078913
-38.9637184725817,3.89002385321231,303.109185857698,34,74.727921482576
-27.2032315859902,3.90751751616437,303.112620245683,34.5,74.7149958569763
7.95220107797347,3.96131586096501,303.112079175783,35,74.7187743482744
-16.5728798484026,3.92371719154681,303.113494726277,35.5,74.7108997382542
13.0040797173915,3.9691114819858,303.112741752707,36,74.7170786315656
-32.4191450949184,3.89954911840733,303.116821431118,36.5,74.7016746627234
2.80701169186687,3.95329062421363,303.116555915978,37,74.7030084153722
-27.4061763127767,3.90696167345967,303.119732678396,37.5,74.6899863605101
-14.0929844974868,3.92710545816671,303.121028203689,38,74.6832900736877
-17.4205315783941,3.92189582674103,303.12269096522,38.5,74.6750127016329
22.3830767044238,3.98300127635892,303.121920304509,39,74.6856480288489
12.9558371602986,3.96882282377449,303.120949215329,39.5,74.6918039996914
-1.2732150865685,3.94710533179181,303.120671439224,40,74.6911990310697
15.4974176544307,3.97293180015927,303.119792305131,40.5,74.6985626348287
-25.4180647896852,3.91026112803326,303.122487463438,41,74.6864852318959
-41.2230070524744,3.8859464723213,303.128706175291,41.5,74.6668981047721
1.57385580368985,3.95102746794662,303.128552912406,42,74.6676459229422
-6.52148036986373,3.93863847675137,303.128773566428,42.5,74.6645472391204
-7.48792980562649,3.93712716194322,303.129133866913,43,74.66098934649
-22.6432218441737,3.91382114388551,303.131518734433,43.5,74.6502304112141
14.2703180415621,3.97037385487371,303.130726546293,44,74.6570109581359
11.6509452702373,3.96655502806854,303.12978699139,44.5,74.6625469091118
-54.545420668519,3.86569089578452,303.139293551494,45,74.6366296322063
-9.80281542780973,3.93312313711459,303.140245557484,45.5,74.631971820812
25.995802936286,3.98811631255688,303.139472697048,46,74.64432373624
-10.6789747778961,3.93208140749114,303.139992194285,46.5,74.6392496174048
14.0035584064352,3.96997250275386,303.13911075309,47,74.6459034133868
-6.49793608000264,3.9386260256272,303.139229685018,47.5,74.6428159166431
-12.0218044325949,3.93009125578032,303.140052879464,48,74.6371037517984
-51.0692387414085,3.87058714197459,303.148716282069,48.5,74.6128381840277
-8.19304898540744,3.93533181523265,303.149442777144,49,74.6089452537569
16.6287434791711,3.97349435048908,303.148481510438,49.5,74.616846407402
20.3619179966929,3.97946081357684,303.147433005391,50,74.6265213803068
-20.713390470961,3.91660789771222,303.149300189465,50.5,74.6166794051252
-32.5381876843938,3.89834200788373,303.153542600181,51,74.6012188731524
-87.3821132492453,3.81659508682827,303.175095967737,51.5,74.5596992295616
-18.6776130190141,3.91823045583644,303.177554800886,52,74.550824554793
-6.79436336179133,3.93638639262216,303.177862836176,52.5,74.5475962105162
12.1549147061907,3.96557356413569,303.176858535072,53,74.5533716227569
1.30792594420924,3.94909562248537,303.176269611021,53.5,74.5539930842554
21.0006193359548,3.97944643073717,303.175183321097,54,74.5639715363389
6.59232021937624,3.95759765981405,303.174255317278,54.5,74.5671038797416
-29.2122790176819,3.9027686697062,303.177647919315,55,74.5532236545079
30.5197272078465,3.9941187279758,303.177068031007,55.5,74.5677251142351
-16.8721746019719,3.92174947801393,303.178279184778,56,74.5597082942015
-3.0300719537695,3.94285173459598,303.178163974802,56.5,74.5582685543864
4.92726365247054,3.955096699581,303.177421736044,57,74.5606097455423
16.0371449220769,3.97226074086975,303.176324953742,57.5,74.5682298009131
-17.7497368287929,3.92056148832741,303.177702522721,58,74.5597960068613
-10.4378568085532,3.93160066244555,303.178326714619,58.5,74.5548364553188
-29.3525729941019,3.90255969372659,303.181820763394,59,74.5408895693502
-10.2555520495359,3.93150047758116,303.182516133087,59.5,74.5360166399818
-10.8017656993365,3.93059620154726,303.183147917203,60,74.5308841769947
-33.0370351803009,3.8965095463465,303.187424349338,60.5,74.5151866174488
-0.674030099696617,3.94577555057806,303.187223909119,61,74.5148663517963
18.8844112792519,3.97589191960313,303.18609678603,61.5,74.5238392868351
-12.3894645452071,3.92809167980727,303.186755049534,62,74.5179524281512
-28.589961826135,3.90319247620255,303.190135828978,62.5,74.5043678971625
-20.1003064998891,3.9158844256516,303.192173352167,63,74.4948172290577
-42.3173890724025,3.88188829633095,303.198671989602,63.5,74.4747101059103
-42.0548184887398,3.88185006839206,303.205338389925,64,74.4547277432734
-50.2590943070766,3.86907297690915,303.214242575505,64.5,74.4308471159318
-5.6838412390661,3.93655578032789,303.214624812845,65,74.4281464366544
-4.99402932006475,3.93766178919029,303.214596840258,65.5,74.4257735217666
-19.4962962853698,3.91541990104035,303.216429440895,66,74.4165098493397
6.47991950417499,3.95522641700155,303.215608858006,66.5,74.4195887855008
1.15923874483499,3.94719686895943,303.21496559137,67,74.4201395982213
25.1970229514019,3.98419263648784,303.213799824886,67.5,74.4321119730425
-9.23533654908918,3.93164930373743,303.21402672417,68,74.4277237994484
-7.44781230100032,3.93433923750043,303.214227924659,68.5,74.4241849686652
8.96729545098624,3.95954538515621,303.213222109838,69,74.4284457824319
-4.54721542520569,3.93891822019748,303.213027468122,69.5,74.4262851713324
7.31546491964558,3.95714772324202,303.212078968434,70,74.4297611172081
22.0101075687832,3.97981669658959,303.210865971581,70.5,74.4402192280007
-25.8634141927696,3.90665780447739,303.213503962966,71,74.4279302171335
-2.48947689023267,3.94221679735484,303.213325245893,71.5,74.4267473412637
-10.2917176848937,3.93024236125332,303.213786688877,72,74.4218572277803
-2.00419993452763,3.94289719337812,303.213465361536,72.5,74.4209049314364
-26.4104067236149,3.90550384761928,303.216347733322,73,74.4083560168648
1.5497111326875,3.94812282282509,303.215859654813,73.5,74.4090923626855
-54.1626114130826,3.86336761156224,303.225380548401,74,74.38335697774
-24.6664744869388,3.90739379613795,303.228393396434,74.5,74.3716366932189
21.2003314463503,3.97760164214157,303.227260903524,75,74.3817100385859
7.45286688413136,3.95680962701137,303.226139734308,75.5,74.3852512710562
-6.6199229278845,3.93531761069921,303.226127406934,76,74.3821058122163
-40.6399498352948,3.88335074831529,303.232076377037,76.5,74.362795724946
-26.6805649928699,3.90413391326851,303.235323935993,77,74.3501184445724
-57.2780797324466,3.85769150463334,303.246117641525,77.5,74.3229027436969
31.2409373771997,3.99216176857407,303.245444620729,78,74.3377468867041
12.4143234097685,3.96377323444031,303.244050126794,78.5,74.3436455570868
-11.4065918787129,3.9273760454862,303.244530768534,79,74.3382257107157
42.337284171441,4.00955498804725,303.24439962771,79.5,74.3583422870268
9.35083547344049,3.95971611434994,303.243090937183,80,74.3627853399777
-9.04768089553565,3.93159431373102,303.243270592279,80.5,74.3584863310371
-32.7526827808133,3.89528871744246,303.247370745455,81,74.3429238816395
-25.7184988949623,3.90565079786569,303.250297216975,81.5,74.3307037273298
12.3204478184952,3.96375953450586,303.249193874973,82,74.3365577926903
-18.3253042872077,3.9169107785914,303.250597567299,82.5,74.3278505175467
5.41483056126522,3.95318924610486,303.24972432946,83,74.3304233763006
-29.9682155847949,3.89908732478641,303.253205251275,83.5,74.3161839675261
4.9324501756187,3.95226900735461,303.252434219282,84,74.3185276230605
-43.2826549743046,3.87872737980198,303.258945892826,84.5,74.2979618534611
3.8281715140916,3.95024888488574,303.258333773298,85,74.2997808105789
-33.677976966901,3.89293027833863,303.262631228102,85.5,74.2837787073048
38.0130274619282,4.00232372467077,303.26216979713,86,74.301840611433
-3.33123331496564,3.93953876737115,303.261629576888,86.5,74.3002577746852
-21.7252449443615,3.91134693254985,303.26363226911,87,74.2899350164745
-12.1372579574943,3.92582448530879,303.264355264069,87.5,74.2841679938445
23.5995492088751,3.98056887131226,303.263077649904,88,74.2953813284231
-8.00172545577475,3.93240880055578,303.263046423641,88.5,74.2915793055985
-41.3605999090842,3.88149149817292,303.269106296112,89,74.2719268011778
0.446561426004711,3.94490229280845,303.268684635494,89.5,74.2721389850053
-11.1951291293118,3.9270940747534,303.269142714437,90,74.2668196152382
-31.1301086017503,3.89655193410162,303.272963652435,90.5,74.2520281325649
7.93941213963915,3.95611158613763,303.271992474696,91,74.2558005471942
-6.73157297556602,3.9337339766643,303.271894753285,91.5,74.2526020377927
-37.7364688208015,3.8863687782534,303.277136426757,92,74.2346715406056
19.3690521404182,3.97340563866015,303.275935211825,92.5,74.2438747529297
15.7651658526543,3.96816387057169,303.274432702747,93,74.2513655773446
-42.7754931091794,3.8789229612275,303.280716122474,93.5,74.2310407858939
-0.666746323251559,3.9427320953593,303.280368192003,94,74.2307239811306
18.0366082724568,3.97148366340008,303.278925152422,94.5,74.2392940822555
-16.9039618099884,3.91814113451527,303.280034780761,95,74.2312621585182
0.897550671908409,3.94529771373458,303.279367323237,95.5,74.2316886300536
-10.9060415585702,3.92724090697338,303.279755668024,96,74.2265066203532
-11.3206218380249,3.92652689532687,303.280267726696,96.5,74.2211276226789
-54.3074503821292,3.86124240689354,303.2899078433,97,74.1953234174435
15.0944733417547,3.96643060150023,303.28884281591,97.5,74.2024955620625
24.8361358147101,3.98157138710495,303.287354692027,98,74.2142964612266
-9.58191567334739,3.92913791736774,303.287449625205,98.5,74.2097436104328
-4.62090303850118,3.93668046874503,303.287188308573,99,74.2075479866364
44.5345824016469,4.01172345148688,303.287098221484,99.5,74.2287086100183
-13.6825225631476,3.92332885496735,303.287608849647,100,74.2222073543365
-25.1570739367496,3.90565395442274,303.29018217647,100.5,74.2102539613045
15.5982199429739,3.96783523855091,303.288900650479,101,74.2176654613083
2.24422840743678,3.94757192458101,303.287929731636,101.5,74.2187318072703
-28.9593158162115,3.89988024435751,303.291115641525,102,74.2049717775959
-59.6176728950482,3.85345145963967,303.30242539175,102.5,74.1766444181596
-29.1637510690618,3.89860818922077,303.306214518831,103,74.1627872509988
-26.1591215566558,3.9029250194996,303.309181252265,103.5,74.1503577346677
19.5134161586237,3.97271822715504,303.307786814504,104,74.1596295416087
3.49522870152807,3.94845361123831,303.306672919979,104.5,74.1612903008254
-32.6163909903158,3.89330342198196,303.310661263992,105,74.1457926105227
-12.5122021759373,3.92367630575597,303.311442004378,105.5,74.1398474330079
0.584578146389527,3.94370100455348,303.310700909907,106,74.1401251955315
-18.4099716053108,3.91464947605229,303.312102349588,106.5,74.1313776906801
-3.08887003597652,3.9379896156648,303.311713449483,107,74.1299100129344
-25.8378487200381,3.90318878493943,303.314410860142,107.5,74.117633149511
-27.4641260513797,3.90047375901625,303.317590226332,108,74.1045835598091
-26.0132346858189,3.90244077230833,303.320525665877,108.5,74.0922233616789
3.76172068593323,3.94785767039142,303.319632804905,109,74.0940107446611
-22.8472977521053,3.90718852881767,303.321778235361,109.5,74.0831548426417
-21.6943434107982,3.90876166941478,303.323903815547,110,74.0728467673062
-9.41984011371725,3.92739547238273,303.324222905322,110.5,74.0683709267747
-25.0962575620363,3.90337635084819,303.326872012892,111,74.0564464306657
-16.4988023524249,3.91631457408313,303.328188410849,111.5,74.0486070185952
-0.800973976424502,3.94029929678464,303.327567718191,112,74.0482264355126
6.15442015226612,3.95105345415679,303.326343318487,112.5,74.0511507105356
-8.84087269487529,3.92818168751767,303.326402855366,113,74.0469499665884
-1.96512698998839,3.93870030108889,303.32582713594,113.5,74.0460162357687
-18.5871198822019,3.91326401336323,303.327279766041,114,74.0371845588477
-19.6261377650351,3.91152599748271,303.329015345604,114.5,74.0278591921935
-31.6422656294482,3.89304597859287,303.333033360575,115,74.0128243579181
13.4873142410156,3.96187685450644,303.331678850111,115.5,74.019232860293
-20.5257630056246,3.90995321846101,303.333371593805,116,74.0094800363714
20.4387765683351,3.9725839485722,303.331842517307,116.5,74.019191528655
-34.6149246201261,3.88864787793663,303.336225265007,117,74.0027442343552
-2.16502686604878,3.93789864271349,303.335831349221,117.5,74.001715521035
-20.7963033645191,3.90939778903707,303.337644237568,118,73.9918341497613
-7.98833651536688,3.92884396185061,303.337756373283,118.5,73.9880384886967
-6.31685134214251,3.93139179114606,303.337593074106,119,73.9850370344335
-43.5923507896666,3.87459647589971,303.344337383114,119.5,73.9643241127523
-11.8578987567826,3.92246576065787,303.345121797669,120,73.9586898277503
-25.2385003106107,3.90195016594668,303.347825112558,120.5,73.9466977449465
21.7459282861077,3.97374753127724,303.346266647629,121,73.9570303308547
2.39338333554628,3.94442105388396,303.345129634828,121.5,73.9581675478362
-34.3111900433707,3.88839774397587,303.34955559127,122,73.9418645731335
-16.2110886027183,3.91565825979028,303.350863350524,122.5,73.9341618683581
-19.4061042314722,3.91066387658755,303.352547875984,123,73.9249410507192
-19.6417103226353,3.91016240798747,303.35430048934,123.5,73.9156082847584
-5.08220688721074,3.93233480493488,303.354067312477,124,73.9131934722669
9.48916309334789,3.95472181233958,303.352620150656,124.5,73.9177022516379
-10.061795433516,3.92491413611726,303.352774612124,125,73.9129213857976
9.11513957750071,3.95428311896656,303.351379094056,125.5,73.917252447756
-12.8682487715836,3.92074175468104,303.351893515087,126,73.911138094569
5.46560083197193,3.94876815402607,303.350716253933,126.5,73.9137350768359
-16.3327454882808,3.91547800649606,303.351742502538,127,73.9059745667462
27.138956453423,3.98190537710559,303.350220186713,127.5,73.9188696519927
6.18113845715132,3.95021899434441,303.34879991345,128,73.9218066222282
-53.078271243722,3.86022087620939,303.357988809321,128.5,73.8965864619173
6.52509996782417,3.95030026671165,303.357042030235,129,73.8996868655924
20.8355780969821,3.97233790306035,303.355285624951,129.5,73.9095868982699
-16.9021645608435,3.91483732466665,303.35628110311,130,73.9015558284962
-40.170681111967,3.87931037782629,303.362141128512,130.5,73.8824687144341
14.484029565675,3.96237078078027,303.360743443511,131,73.8893508064661
-36.8830832589071,3.88410505303103,303.365640721599,131.5,73.871825795746
-5.73303817602878,3.93125296391649,303.365558802193,132,73.8691017405256
21.3476547243496,3.97273679169781,303.363834052505,132.5,73.8792450866029
-7.23463435879308,3.929267578376,303.363541730463,133,73.8758075473982
-43.6299590179078,3.87385127196898,303.37021146161,133.5,73.8550767561534
-11.6478061918193,3.92202921997499,303.370892745208,134,73.8495422967117
2.37716229204151,3.94347128975411,303.369871246478,134.5,73.8506718062584
-22.2644608139903,3.90583959701605,303.37185539885,135,73.8400928394268
18.8147061469175,3.96855146143141,303.370218961405,135.5,73.8490326540461
-10.6194151054655,3.92374355891204,303.370337466482,136,73.8439868350114
-24.2800257071495,3.90280021612263,303.372746129979,136.5,73.8324501717717
-26.9640413263551,3.89848822709739,303.375779675149,137,73.8196381975128
13.9777253542424,3.96091673189522,303.374249180702,137.5,73.8262797189104
5.60449117961814,3.94831954751681,303.372853530514,138,73.8289426949776
0.630083312974717,3.94081650802626,303.37185625028,138.5,73.829242079298
-35.319009799858,3.8859975552482,303.376447128528,139,73.8124602386633
12.7596279392262,3.95911176896641,303.375018431488,139.5,73.8185229806215
-10.8812116353377,3.92310103781131,303.375189287316,140,73.8133527688684
-0.0516949464968288,3.93962367673795,303.37433964358,140.5,73.8133282059953
19.866692790953,3.97016238182452,303.372566361591,141,73.8227678724595
-34.8995313739183,3.88677480006261,303.37692270259,141.5,73.8061853471548
-2.730525636672,3.93549384933717,303.376480208598,142,73.8048879368836
-54.6454850486198,3.85675897625813,303.386238174254,142.5,73.7789231143507
-37.2927287469005,3.88221904529451,303.391789763744,143,73.7612034604247
20.0267233242354,3.96947122411446,303.390181387959,143.5,73.7707191654563
-5.83957963255471,3.93017079623806,303.38970383274,144,73.7679444870233
-0.426119430432916,3.93847145164863,303.388827048944,144.5,73.7677420162175
-24.0075870598405,3.90245909572607,303.391112113273,145,73.7563348023023
-1.78420356890814,3.93624377905055,303.390478847352,145.5,73.7554870373133
-38.9944676179714,3.87955241632235,303.395992843817,146,73.7369588015302
-0.336298551984571,3.93814048644751,303.395341808639,146.5,73.7367990091482
-28.5520025750389,3.89507864485915,303.3985345421,147,73.7232325145118
-1.87792758905618,3.93560754558108,303.397939582456,147.5,73.7223402165198
32.3867991178282,3.98801511018057,303.39632833706,148,73.737728816159
1.04506616927789,3.94058641005866,303.395123037328,148.5,73.7382253797378
-17.8443683081224,3.91173745642615,303.396314086157,149,73.7297466215033
-10.7189963864756,3.9224784914653,303.396609455944,149.5,73.724653486386
-50.8762474998307,3.86151984835689,303.405334228953,150,73.7004796184755
-7.17522840528862,3.92732265869132,303.405471617319,150.5,73.6970703060316
41.2919952075586,4.00125120419499,303.404425778469,151,73.7166902129029
4.40418061155689,3.9456076976449,303.402922441663,151.5,73.7187828609576
-14.0852452641104,3.91740002212479,303.403503821762,152,73.7120902514348
-3.4632651005753,3.9335404351491,303.402919049117,152.5,73.7104446797349
-4.43623933014994,3.93206269205799,303.402366893116,153,73.7083367989682
-8.01317772155501,3.9265868379313,303.402216214445,153.5,73.7045293345953
-31.2832098794891,3.89105350652434,303.405938747662,154,73.6896651057929
-20.348915755015,3.907383812196,303.407765761238,154.5,73.6799963109081
-8.36754277351091,3.92553799261426,303.407775947196,155,73.676020469849
-31.6345190750175,3.89001801401576,303.411626860673,155.5,73.6609893163518
-13.5569422859346,3.91728173335862,303.412417226601,156,73.6545477301854
-3.33095500843421,3.93286904315596,303.411823219504,156.5,73.652965025675
10.5248815509244,3.9541329054068,303.410156355873,157,73.6579659270561
-10.0264133639123,3.92285028207938,303.410174518113,157.5,73.6532018730194
1.34024628088283,3.94020534432869,303.409125639865,158,73.6538386915379
6.66403371260801,3.94843397149696,303.407638796377,158.5,73.6570051096335
-28.0721520954711,3.89547822108904,303.410618496951,159,73.6436666161308
-1.8373350641938,3.93528199329536,303.409972285615,159.5,73.6427936056921
7.55909466080366,3.94971316659361,303.408450016523,160,73.6463853123299
-12.7399140964691,3.91878357202807,303.408832803406,160.5,73.6403319374115
-11.7531952146934,3.92019941813939,303.409206561284,161,73.6347474023365
-9.03850520240576,3.92427590177374,303.409227711298,161.5,73.6304527532299
-25.3779770924478,3.89928396905704,303.411795378674,162,73.6183943979813
12.475799459405,3.95694298116936,303.410196383461,162.5,73.6243222787318
-8.34584865064807,3.92527656514508,303.409990663032,163,73.6203567456432
-35.8380447527922,3.88335780896613,303.414755877755,163.5,73.6033282853577
-15.9375048460658,3.91327564383862,303.41592053776,164,73.5957555740061
11.4516352939441,3.95509598450772,303.414281117302,164.5,73.6011968227726
-33.5596707820515,3.88655333902187,303.418428051039,165,73.5852509327262
-0.125987076149453,3.93725719313645,303.417660375939,165.5,73.5851910699202
5.27246038834579,3.94559760559035,303.41624689134,166,73.5876962814335
3.59165634859513,3.94314960910156,303.414921662446,166.5,73.5894028582825
-35.5260357363082,3.88357100648889,303.419537471158,167,73.5725226491972
29.1213724430878,3.98186982651082,303.417951150193,167.5,73.5863596801381
-12.5957378202558,3.91852822794976,303.418197226429,168,73.5803748106309
-5.15533586215289,3.9298157902854,303.417753473345,168.5,73.5779252508797
-36.322501197845,3.88232786791765,303.422594473636,169,73.5606666009343
-9.34595660796786,3.92304047548194,303.422824174685,169.5,73.5562258661781
-30.5316807867006,3.89069494245473,303.426445373113,170,73.5417187267035
-19.2573983981048,3.90757683433752,303.428099495883,170.5,73.5325685666966
-32.719343033939,3.88694974063263,303.432307079325,171,73.5170219586921
-17.1508345434021,3.91036349563229,303.433656203452,171.5,73.5088727332837
0.680155935439204,3.93755976783793,303.432675453323,172,73.5091959096292
-7.55019948540317,3.92505229087969,303.432431519965,172.5,73.5056084295373
9.53260598865021,3.9512066910201,303.430777486854,173,73.5101378508161
-4.24756523288374,3.93029274967023,303.430100577225,173.5,73.5081196186169
-40.889346565531,3.87453071772377,303.436112496604,174,73.4886910303975
-23.134004614331,3.90104069909382,303.438545732038,174.5,73.477698899506
20.418602670225,3.96747052578327,303.436664943019,175,73.4874008061544
18.0645678539577,3.96418435562783,303.43457904033,175.5,73.4959841922849
41.7699737092219,4.0003896398323,303.433352423583,176,73.515831210819
-18.3332512434472,3.90933226608708,303.434359664821,176.5,73.5071201596761
40.0348045315691,3.99809783748632,303.433241764911,177,73.5261427119304
-2.16479090584971,3.93435078830949,303.432191137378,177.5,73.5251141107268
0.0332596946733901,3.93770652812128,303.431135208052,178,73.5251299140831
-2.86991380392283,3.93329153546698,303.430330218833,178.5,73.5237662734724
9.61906555034214,3.95237829876792,303.428663564689,179,73.5283367760441
-2.35795233998817,3.93420490295299,303.427761445571,179.5,73.5272163941133
-15.1995971571461,3.91458270499199,303.428466270971,180,73.5199942998744
-28.6905966774648,3.89390084883861,303.431614645761,180.5,73.5063619521986
-42.1017990687084,3.87333313766211,303.43797641043,181,73.4863572667217
-30.6482500174569,3.89019191367644,303.441819745985,181.5,73.4717947393337
-14.8483365483353,3.91397006606465,303.442727057316,182,73.4647395467036
-56.5669285821601,3.85086499735782,303.453261168712,182.5,73.4378617495615
30.8973547575109,3.98318021631742,303.451764309779,183,73.4525426391593
-18.6638872631183,3.90794414457329,303.452885997142,183.5,73.4436744861887
28.4089039972292,3.97969099095645,303.451039816702,184,73.4571729874827
-49.4794733405227,3.861612874048,303.459082690863,184.5,73.4336627973332
-14.0721040397514,3.91470078552282,303.460004050403,185,73.4269764318681
-21.187625865066,3.90376038137691,303.461798380685,185.5,73.4169091235627
-16.0821291452664,3.91138759447719,303.462803629367,186,73.4092676939215
8.31930212452347,3.94861808099781,303.461186888853,186.5,73.4132206134184
-11.3871496060269,3.91864349419812,303.461307068454,187,73.4078100050504
-42.5834384198744,3.87120087395533,303.467764300222,187.5,73.3875764684567
-44.46406574588,3.86793824644011,303.475036820923,188,73.36644935109
-6.75589505742403,3.92484251033848,303.474960333202,188.5,73.3632392850422
7.33478530942059,3.94644362595104,303.473311712099,189,73.3667244110084
-2.12152545289395,3.9321468498753,303.472341181172,189.5,73.3657163674009
23.9143000968705,3.97197197187859,303.470231382131,190,73.377079255981
8.4016540969219,3.94864415953006,303.468372151814,190.5,73.3810713050481
6.50689212118281,3.94589685246259,303.466700503989,191,73.3841630572581
-18.1791635567701,3.90829512355472,303.467797551852,191.5,73.3755252209368
-7.23628202358126,3.92484652221991,303.467523377773,192,73.3720868988435
-0.346294384481832,3.93535839724853,303.466461468253,192.5,73.371922356938
-7.8197259535552,3.92398316505866,303.466142897792,193,73.3682068112446
0.623256752880426,3.9368598157845,303.465001692231,193.5,73.3685029519224
-24.3303832970413,3.89882646279055,303.46721609277,194,73.3569423612551
37.2433158929709,3.99243540459356,303.465771481129,194.5,73.3746385366451
-38.0066629822595,3.87838515078275,303.470694285213,195,73.3565796566018
-13.2063060214439,3.91565050039014,303.471340645292,195.5,73.3503046753869
38.708334626526,3.99463635486574,303.469910518488,196,73.3686969549728
-9.22968302797523,3.92213720514613,303.469553516135,196.5,73.3643114676513
-2.27745114908584,3.93269131272982,303.468664761152,197,73.3632293358913
-57.846450109476,3.84868158609479,303.479321170087,197.5,73.3357435736199
7.46121187985976,3.94698595996641,303.478046694049,198,73.339288771218
5.60120952947565,3.94429694877519,303.476409469146,198.5,73.3419501880079
-25.3401252255496,3.89719100855822,303.478750715789,199,73.3299098180879
-14.0640998798223,3.91413134601211,303.479407275049,199.5,73.3232272558024
-22.1855948398768,3.90165338814425,303.481313994234,200,73.3126857621677
-39.0450775503347,3.87590840078684,303.486908726262,200.5,73.2941334790564
-25.1367173923371,3.89659554349929,303.489605482439,201,73.282189758444
-9.24455003480276,3.92064544025559,303.489626928987,201.5,73.2777972070587
-7.59942193475731,3.92314952328919,303.489325125353,202,73.2741863389016
13.0095181142277,3.95466170518273,303.487359098193,202.5,73.2803678162693
-13.1799750664693,3.91485466614911,303.487652954476,203,73.2741053462174
-13.7920677751145,3.913838245441,303.4881942164,203.5,73.2675520400875
27.752673081756,3.97715872790264,303.486170578561,204,73.2807387330181
-17.6487100024005,3.90826285516121,303.487053698448,204.5,73.2723529419003
-32.432892571989,3.88564152260214,303.491033926812,205,73.2569424409392
2.63900079202902,3.93880474163996,303.489848184646,205.5,73.2581963631465
22.3951352736605,3.96904811219892,303.487662535019,206,73.2688374199962
-9.10666399396449,3.92127197983577,303.487335840598,206.5,73.2645103852145
-8.12073066981511,3.9227241706475,303.487060295106,207,73.2606518170182
-64.7691667546707,3.8373578786217,303.500157027077,207.5,73.2298767233596
-27.5561072773974,3.89236616100461,303.503562866494,208,73.216783428744
8.25979457164473,3.9468315822495,303.501924830652,208.5,73.220708073205
-2.33653761696548,3.93081378319925,303.500896899133,209,73.2195978664877
9.21225195420683,3.94851810492424,303.499040424139,209.5,73.2239750714281
12.9114949011757,3.95433592470514,303.496961538473,210,73.2301099730296
2.14234330189082,3.93809273870808,303.495501588721,210.5,73.2311279082458
-38.638138077333,3.87611481768581,303.50075434071,211,73.2127689825764
10.2683212873163,3.9501980128787,303.499102670781,211.5,73.2176479792528
-32.3301332961162,3.88543399005865,303.502860479159,212,73.2022863043999
-4.61633698152047,3.92733027058873,303.502331713789,212.5,73.2000928501672
-4.35277947464861,3.9277535851005,303.501577545618,213,73.1980246253819
-54.7948226299019,3.85143290343977,303.511428324535,213.5,73.1719888450417
24.3167209390681,3.97097388712776,303.509581628957,214,73.1835429440346
-2.11298561723134,3.93100794259,303.508427885556,214.5,73.1825389581332
1.00814108112328,3.9358214886204,303.507120202881,215,73.1830179767426
-12.7019218184944,3.91495139341786,303.507357884496,215.5,73.1769826538691
3.09480406225388,3.9390016230469,303.505947896128,216,73.1784531511697
-10.0210989176798,3.91905970792221,303.505807105708,216.5,73.1736916222941
-13.4170036257304,3.91382014695569,303.506218151356,217,73.1673165280341
40.8793193606392,3.99632910091642,303.504797684799,217.5,73.1867403518234
-9.23012121199282,3.92064846425029,303.504364764397,218,73.1823546562986
-34.1634776846918,3.88267572497415,303.508586397499,218.5,73.166121867178
14.7708231512788,3.95688122605039,303.506704861889,219,73.1731402292887
-17.2417041082315,3.90824456794781,303.507525458202,219.5,73.1649478271729
-18.7737093001225,3.90576135938479,303.508797799429,220,73.1560274922206
-15.1831620223207,3.91107485100914,303.509520658035,220.5,73.148813207142
15.9413215169388,3.95848195754264,303.507462079579,221,73.1563877319863
-6.72223768813035,3.92412616583573,303.506830695467,221.5,73.1531936582501
-50.8000210211354,3.85737754135229,303.515403706941,222,73.1290560093792
-23.142697175735,3.89853409281187,303.517755895049,222.5,73.1180597482139
4.42467822347495,3.94043134299805,303.516297475772,223,73.1201621357165
-12.1164684637208,3.91529134277638,303.51642927787,223.5,73.1144049912222
-22.2595996713775,3.89976506146348,303.518304278758,224,73.1038283341643
-27.4808378140255,3.89164611151742,303.521275997213,224.5,73.0907708038622
-25.5521392667636,3.89433813492553,303.523923035282,225,73.0786296953917
-8.70665706344656,3.91981888091125,303.523815498481,225.5,73.0744927240517
-48.2262076181147,3.85990635456981,303.531841324369,226,73.051578023576
-15.4630390718672,3.90903051579175,303.532909330348,226.5,73.0442307548134
-16.3818626850172,3.90756126744509,303.533856771306,227,73.0364469066693
-21.3885164931856,3.89984545420014,303.535672154968,227.5,73.0262841451074
-22.0639612033543,3.89867484594103,303.537654568338,228,73.0158004457403
5.79967788317091,3.94110109320697,303.536053487784,228.5,73.0185561648423
-32.6413553267013,3.8826417446062,303.540016621969,229,73.0030466127258
10.0286251412864,3.94745477893197,303.538222636818,229.5,73.0078117176894
-19.5082048170081,3.90254282959003,303.539512188341,230,72.9985423869193
-17.190418669936,3.90594169994213,303.540603198694,230.5,72.9903743530985
0.460130198041153,3.93280866016035,303.539395780158,231,72.9905929841331
-46.5900792609147,3.86143552609088,303.546935437775,231.5,72.9684556906545
7.71745630712732,3.94356087445135,303.545380236152,232,72.9721226428875
2.30932103326567,3.93548403213449,303.543839673333,232.5,72.9732199176348
23.0791976247799,3.96726676185387,303.541447064847,233,72.9841860069649
-41.7241100886633,3.86898782534329,303.547450517206,233.5,72.9643607805472
2.14895972558236,3.93528576661883,303.546260419587,234,72.9653818595596
4.55529057204431,3.93906967937384,303.544561067293,234.5,72.9675463075681
13.686362729758,3.95312797670394,303.542339318459,235,72.9740493879065
-5.50144563193743,3.92405532413694,303.541531418418,235.5,72.9714353739695
13.3117798323782,3.95276733995685,303.539396226354,236,72.9777604711049
-44.2650865020185,3.86546439310301,303.54605261776,236.5,72.9567278987999
6.77666821994572,3.94256137746273,303.544529599222,237,72.9599478352236
1.45321946964134,3.93458066148813,303.543052584908,237.5,72.9606383329947
16.4121061004007,3.95747283995474,303.54077545381,238,72.9684365513088
-17.8961717050478,3.90538301580774,303.541664481055,238.5,72.959933178671
-7.42544235526205,3.92119170618512,303.541267724899,239,72.9564049769758
-10.9342011442663,3.91581033337108,303.54125710536,239.5,72.9512095872378
-28.2857805397842,3.8893418887148,303.544261665671,240,72.9377695881004
13.7660712819478,3.95318526883386,303.542254304083,240.5,72.944310541987
-44.8087388940247,3.864396225118,303.549074145028,241,72.9230196530458
-7.14851664605814,3.92104185207558,303.548869178315,241.5,72.9196230327043
-24.2314983860193,3.89500653540268,303.551071990475,242,72.9081094272392
19.7208765327224,3.96183937670198,303.548856614118,242.5,72.9174798090541
-6.18695278237536,3.92262094614696,303.548086427233,243,72.9145400761398
-36.3346771748616,3.87679168298341,303.552870246466,243.5,72.8972756407744
14.6744690623403,3.95411002100371,303.550866129773,244,72.9042482202039
-45.6577227865369,3.86267509479343,303.557942723945,244.5,72.8825539362506
-31.6179573207884,3.88334894851291,303.562000423775,245,72.8675306520771
-25.3290178008972,3.89261030697425,303.564635288495,245.5,72.8554955598541
8.10120671531456,3.94343272325525,303.562831271508,246,72.8593448512361
-16.3279433762548,3.90631992416072,303.56354961061,246.5,72.8515866228717
-50.7381925970864,3.85422214884171,303.572395707562,247,72.8274783517996
12.5509389529453,3.94983171040278,303.570541814951,247.5,72.8334419351083
-16.0045070579114,3.90647584237805,303.571184005424,248,72.8258373876308
8.91926848659702,3.94444335145316,303.569243677775,248.5,72.8300753813675
16.9685721357805,3.95689536227144,303.566816001244,249,72.8381380047252
1.48381976917219,3.93354580709284,303.565234420539,249.5,72.83884304224
-5.96932599649343,3.92224745945281,303.564502500092,250,72.836006714774
19.1756319653457,3.96057904069423,303.562143588182,250.5,72.84511802343
-36.2342815997795,3.87654216735817,303.566706561116,251,72.8279012910593
-37.3285515945241,3.87451161431364,303.571959571198,251.5,72.810164615894
-47.8675467096721,3.85830965571791,303.580097643928,252,72.7874203332823
-18.3020064550458,3.90252641089994,303.581563574438,252.5,72.7787241281122
-29.4237535597878,3.88551368322627,303.58495242806,253,72.7647434206713
54.1323278130091,4.01199709176568,303.584442195554,253.5,72.7904644163529
-13.0503747407863,3.91093433476511,303.584397639829,254,72.7842635259439
6.46771924132944,3.94063807311701,303.582556509372,254.5,72.7873366651456
2.50792228000381,3.93473726380155,303.580900355629,255,72.7885283053491
7.61024025973257,3.94260977169861,303.578896049957,255.5,72.7921443138373
20.8978040054887,3.96296980172337,303.576407124888,256,72.8020739131783
-19.1217163159359,3.90228980975532,303.577407199144,256.5,72.7929882225631
-26.2862078623605,3.89122850413081,303.579989082217,257,72.7804983211266
-39.9194639937155,3.8703777767658,303.585765711298,257.5,72.7615305729717
-3.65966536289008,3.92504330215102,303.585035386978,258,72.7597916816142
-6.119859958587,3.92132995262365,303.584317644951,258.5,72.7568838278801
-0.43311961355431,3.93001643800895,303.58299909694,259,72.7566780309347
-3.05706508625808,3.9260796709415,303.581911907418,259.5,72.7552254653227
-11.1487602783233,3.91376915170189,303.581837911631,260,72.7499281277324
-29.7311746085797,3.88545713061577,303.585122374426,260.5,72.7358013490659
7.20439551073066,3.94144372731616,303.58335155609,261,72.7392245202708
37.6174113050959,3.98770772229487,303.581248343105,261.5,72.7570984472349
-31.5118457672783,3.88317384102431,303.584593572317,262,72.7421255820055
12.0296659637546,3.94912529031284,303.582572769532,262.5,72.7478414822597
17.1283562697651,3.9570710239602,303.580111663545,263,72.7559800271079
-40.3040249712496,3.87005977111117,303.585610065052,263.5,72.7368295546616
-9.63129826801698,3.91612215567582,303.585582361232,264,72.7322532397096
5.41397046397507,3.93902290113592,303.583784903068,264.5,72.7348256897879
5.08154048285052,3.93863776487088,303.58192462214,265,72.7372401856372
11.077630158942,3.94788239421937,303.579714547465,265.5,72.7425037257248
-6.61080661303985,3.92109494147413,303.578942188544,266,72.7393625985054
-5.11581527885178,3.92334138520698,303.578101947344,266.5,72.736931816974
-16.9741361176893,3.90526607497258,303.57888063,267,72.7288665498883
-5.66807374977202,3.92234305059994,303.578179871382,267.5,72.7261733625393
-52.4057915041893,3.85171015957475,303.587226832947,268,72.7012727312266
5.28217406030665,3.938499896721,303.585774966905,268.5,72.7037825581947
12.5676199738943,3.94973576847822,303.583478554857,269,72.7097540674968
12.7724871818507,3.95025016936535,303.581147486282,269.5,72.7158229195288
-48.19111224907,3.85801636889647,303.588807076694,270,72.6929248946308
20.88588928405,3.96228877062266,303.586672523894,270.5,72.7028488326875
-36.8096395546848,3.87488767406948,303.591307756022,271,72.6853587187708
14.0906017408872,3.95190859442605,303.589224157551,271.5,72.6920538734255
-7.22440443294795,3.91965134052222,303.588500404109,272,72.6886211949738
-54.6539738007902,3.84803730427234,303.598254086924,272.5,72.6626523390072
-32.8972726791297,3.88004491058298,303.602599084854,273,72.6470211876656
-3.3269649812358,3.92472727805576,303.601742142272,273.5,72.6454403790181
4.30235523295509,3.9364241829447,303.599951592397,274,72.6474846447063
-47.098150422486,3.85860735953082,303.607469211098,274.5,72.6251059410264
-28.5629100058756,3.88604124302775,303.610822632451,275,72.6115342637201
-24.2504148036548,3.89235311872995,303.613151711323,275.5,72.6000116701121
3.86789210601233,3.93504914881697,303.611523552881,276,72.601849500484
7.60610240235147,3.94089572193734,303.609430809587,276.5,72.6054635428677
-3.53846018858307,3.92406959567273,303.608300252069,277,72.6037822421939
16.2565311423044,3.95427492199156,303.605850666173,277.5,72.6115065390088
-10.9316781110991,3.91309597188046,303.605586750483,278,72.6063123480909
37.9505188329095,3.98726354390135,303.603533631767,278.5,72.6243445512208
-22.3588439884766,3.89615631716617,303.604986655429,279,72.6137207381888
2.34520836081833,3.93355748651727,303.603466027835,279.5,72.6148350648131
-3.12762601630911,3.92529583191584,303.602306009611,280,72.6133489721489
-21.0897074806092,3.89796772107613,303.60374564866,280.5,72.6033281898004
-21.0973688578521,3.89776553183846,303.605326625114,281,72.5933037671456
1.92336858682534,3.93265344223778,303.603836889099,281.5,72.5942176564445
10.6766987933545,3.94607793332709,303.601597914177,282,72.5992906938448
-39.4028938193436,3.87019694598538,303.60691905225,282.5,72.5805683942002
-15.6492996386208,3.90575227171764,303.607738070463,283,72.57313262366
10.2759274174545,3.94516077059828,303.60561797408,283.5,72.578015234392
29.0547428410716,3.97383261866339,303.603084763677,284,72.5918206062528
45.6150183648144,3.99906799853668,303.601490955529,284.5,72.6134945991842
-12.4919007158177,3.91160769524317,303.601267489212,285,72.6075590679157
-12.0739839406105,3.91211858084523,303.601276516041,285.5,72.6018221099584
-17.450218763719,3.90383542892822,303.602107709301,286,72.5935306320265
-10.8947306604604,3.91364661047427,303.602004730693,286.5,72.5883539967035
7.56253006630231,3.94168565381369,303.600026804359,287,72.5919473356756
6.56184688637086,3.94029487240758,303.598008274358,287.5,72.5950651996627
44.1101507569518,3.99714040225523,303.596440267513,288,72.6160241541908
-26.4118407822802,3.89081298713262,303.598552682314,288.5,72.6034745582257
-15.3034784677823,3.90737141010993,303.599129259719,289,72.5962031047433
3.46557617863499,3.93580365081394,303.597470636328,289.5,72.5978497745528
-29.6478755287293,3.88556120463178,303.600469558676,290,72.583762575475
-18.314782903438,3.90243198858937,303.601581793374,290.5,72.5750602995708
10.4956262383329,3.94614007956514,303.599489876941,291,72.5800473002792
-25.2218352046747,3.89197660029545,303.601577889783,291.5,72.5680631359066
-18.0489667779827,3.90261899185147,303.602624635881,292,72.5594871626331
-10.4947848501418,3.913966474207,303.602483778299,292.5,72.5545005617106
-16.6347215346729,3.90456826162986,303.603206129629,293,72.5465965675902
-39.8165370427253,3.86936974685311,303.608810193258,293.5,72.5276777252143
-8.14783030837315,3.91698122719767,303.608548559657,294,72.5238062806147
-21.4214129315939,3.89677335767858,303.61010753017,294.5,72.5136278882978
-4.74186407840378,3.92200430807896,303.609285236727,295,72.5113747898184
-49.9642317781615,3.85363923261969,303.617664711426,295.5,72.487634266517
-2.17313667247807,3.92546650367532,303.616797151215,296,72.4866016998193
-12.6002106478934,3.90964534459413,303.616877472789,296.5,72.4806147050464
-0.362790848037966,3.92824959938631,303.615519979954,297,72.4804423248401
-19.4022573203921,3.89932748588598,303.616677716168,297.5,72.4712233350624
-20.3592820104814,3.89773175142416,303.618143197889,298,72.4615496146475
-12.2192271891705,3.90997401487821,303.618295168366,298.5,72.4557436443066
-5.69440717726408,3.91987158134666,303.617517771466,299,72.4530379446197
-33.6004292391844,3.87749730960821,303.621624820677,299.5,72.4370726881772
-32.7694408028474,3.87844357898729,303.625785304449,300,72.4215022761991
-24.5101310185198,3.89067182166623,303.628191788985,300.5,72.4098562783351
-35.338385997267,3.87410120824738,303.632934921712,301,72.3930652310931
-37.0533833707112,3.87120958533821,303.638225328916,301.5,72.3754593022116
-27.5477583941835,3.88527544750702,303.641354862166,302,72.3623699745709
1.90681192971009,3.92997614274873,303.6398774651,302.5,72.3632759969681
-6.17464390497806,3.91778828115648,303.639071604265,303,72.3603421126215
-7.26749260363965,3.91616340985009,303.638450061035,303.5,72.3568889608095
25.5604648661741,3.96615983759546,303.635782414108,304,72.3690340251916
-0.814412702399893,3.92641833567798,303.63422264947,304.5,72.3686470566934
4.09459364831292,3.93396943708539,303.632355175383,305,72.3705926043873
-12.554360089996,3.9087140639203,303.632364442447,305.5,72.3646273955241
-23.1425372890869,3.89253945002788,303.634286911908,306,72.3536312103289
24.5155512535993,3.96486878877382,303.631760990068,306.5,72.3652797836197
9.95415019978766,3.94310516616134,303.629367442671,307,72.3700095017871
6.97378583793216,3.93873859055277,303.627234661796,307.5,72.3733230987202
-41.7712475862819,3.86492785839551,303.633199877298,308,72.353475474903
20.1536570180167,3.95848795407421,303.63086781321,308.5,72.3630514925263
0.241379563374004,3.92849647933201,303.629222308379,309,72.3631661841156
26.7527896981343,3.9688176519031,303.626620442156,309.5,72.3758777820848
-5.96944243194846,3.91944914976302,303.625601612656,310,72.3730413992944
-19.4516014686708,3.89891476823627,303.626725529514,310.5,72.3637989636263
-37.6523299264093,3.87121362792142,303.631794299706,311,72.3459084450662
-12.7151071687207,3.90859942801261,303.632108561451,311.5,72.3398668571687
-15.7548986665935,3.90390313224793,303.632703920201,312,72.332380911211
14.2422223516251,3.94947140153125,303.630329687276,312.5,72.3391481084553
37.9477894446218,3.98551053928163,303.628044353175,313,72.3571790147153
-43.2511566497801,3.86301350618327,303.63417064468,313.5,72.3366282115565
-16.3552533120804,3.90316311132945,303.635072348714,314,72.328857006866
58.8798803012174,4.01656137652408,303.635020311685,314.5,72.3568338038771
-13.0763487919459,3.90876882308323,303.634796053495,315,72.350620571888
-15.0056009921089,3.90571557433697,303.635196202968,315.5,72.343490654999
-35.6159888534777,3.87438614475914,303.639676346153,316,72.3265677046566
-3.52550385556889,3.92269836336608,303.638749016357,316.5,72.3248925601892
-31.2099911219547,3.88068817354655,303.642180432679,317,72.3100631213066
-15.237384003827,3.90460572800174,303.642799038579,317.5,72.3028230726334
24.5787820161212,3.96505127477684,303.640214466128,318,72.3145016900444
2.94517320871299,3.93254264870957,303.638278118226,318.5,72.3159010901893
-23.5154784343864,3.89239230412751,303.640061908683,319,72.3047277018704
5.63870991576833,3.93651874399937,303.638202257943,319.5,72.3074069369828
-18.1539117525508,3.90043881978712,303.639016685874,320,72.2987810990657
-15.6156529810378,3.90414392151064,303.639580382519,320.5,72.2913613157473
-8.82064897076793,3.91436764908105,303.639144184618,321,72.2871701811102
-26.6006241289245,3.88732836572086,303.641648700779,321.5,72.2745308846677
-20.5630143760008,3.89624323501285,303.643143494435,322,72.2647603607436
-20.2452232376371,3.89656808463596,303.644546053263,322.5,72.255140835397
-12.256250205991,3.90856765921299,303.644645947286,323,72.2493172735559
-9.61785009147559,3.91253194688256,303.644313692373,323.5,72.2447473485099
23.8295789778098,3.96337191208499,303.641670999398,324,72.2560699818188
12.7646059931974,3.94692622662279,303.63911316075,324.5,72.2621350891011
-20.410405294454,3.89666255142015,303.640284065035,325,72.2524370774388
28.9926952110467,3.97152409111601,303.637813913332,325.5,72.2662129673451
4.38378660363544,3.93458547825388,303.635750606963,326,72.2682959251793
15.4292917227261,3.95145839719001,303.633224076439,326.5,72.2756271588765
-7.1673359313018,3.91731040424305,303.632369650768,327,72.2722215965446
-43.4674600852929,3.8623794444087,303.638753893516,327.5,72.2515680167279
29.4709012290135,3.97242306669406,303.63649222962,328,72.2655711264014
1.2254138587706,3.92997319742243,303.634685888108,328.5,72.2661533822519
-41.1263004679,3.86588313518891,303.640391287786,329,72.2466122052977
35.6473881954636,3.9817337401714,303.638337548472,329.5,72.2635500750491
-20.1036522011442,3.89764253451341,303.639296807219,330,72.2539978172331
27.1571270258837,3.96920921426083,303.636831587717,330.5,72.2669015362339
-28.7939784621173,3.88465756719181,303.639473839343,331,72.2532200666647
-75.9666817433355,3.81441401694289,303.656768362833,331.5,72.2171244695972
16.8389761733041,3.95286952308646,303.65477086895,332,72.2251255153851
14.0560226857541,3.94891339095718,303.652156665411,332.5,72.2318042397889
-17.5708904760591,3.90104255246595,303.652777858153,333,72.223455424648
-36.3789334746897,3.87245299323042,303.657451205268,333.5,72.2061699608853
-1.35368209272541,3.92521546795393,303.656260083328,334,72.2055267583357
-13.8905366118116,3.90619925473611,303.656406166966,334.5,72.1989266647014
23.2060397178606,3.96249459103918,303.653778394539,335,72.2099530230992
17.0710200864265,3.95352207216225,303.651051924855,335.5,72.2180643246387
-1.86906109306857,3.92497990813564,303.649553652277,336,72.2171762395655
18.5806890083271,3.95606438214841,303.646949478917,336.5,72.2260048608544
-25.957616012083,3.88868066046102,303.64903360216,337,72.2136710899577
-22.4700649958525,3.89369152951635,303.650758776102,337.5,72.2029944302226
-65.6146353455351,3.82903648606906,303.664181901964,338,72.1718176118489
-37.3930475512904,3.87023133642038,303.669608189061,338.5,72.1540502914057
-3.1792627901479,3.92178483411312,303.668613935862,339,72.1525396635092
-19.8242507652317,3.89652707660458,303.66976881211,339.5,72.1431201633893
7.95427199038511,3.93866697991839,303.667645487654,340,72.1468996386822
-0.531556322360118,3.92592921577929,303.666043991515,340.5,72.146647069498
-28.2821884869888,3.88384052002278,303.668801501967,341,72.1332087771258
-20.8323468806995,3.894874175708,303.670312347419,341.5,72.1233102797619
-32.222841625929,3.87747556942537,303.674123078336,342,72.107999584586
-4.96958620347397,3.91857271383353,303.673289114127,342.5,72.1056382838542
-31.4058026585083,3.87847109298249,303.676817878046,343,72.0907158050473
14.5759051645884,3.94809987292579,303.674412678162,343.5,72.0976415518042
-49.0144317851124,3.8520489089779,303.68239056136,344,72.0743523263225
14.0362195769153,3.94707446714968,303.680142615124,344.5,72.0810216412718
-24.2246388157801,3.88913309170298,303.6820238707,345,72.0695112951341
6.50921416290893,3.93569827927842,303.680004209536,345.5,72.0726041506631
-42.7582011056141,3.86117023116182,303.686257997625,346,72.0522875755143
3.40102465970154,3.93073283411236,303.684631077366,346.5,72.0539035736455
-27.9071729875782,3.88326853244776,303.687334960034,347,72.0406434700272
46.7490576554603,3.99607993737847,303.685651444319,347.5,72.0628563021491
-7.52320640604795,3.91463211793843,303.684633692293,348,72.0592816478289
-6.3563261932374,3.91638394216892,303.683733164533,348.5,72.0562614370755
-21.5963437534988,3.89321674045603,303.685179367765,349,72.0459999263135
-15.1415975529645,3.90283543383183,303.685633874861,349.5,72.038805390608
-7.77042893964436,3.9139509928067,303.684977296582,350,72.035113268409
-7.59278034968123,3.91421185684385,303.684247679992,350.5,72.0315055560036
-10.1170344506389,3.91036174647891,303.683856856342,351,72.0266984433238
-30.482173466871,3.87943030919972,303.6871688465,351.5,72.0122148272707
-25.5041007889064,3.88668210782011,303.689606118958,352,72.0000965443008
-0.369938403162712,3.92469367410004,303.688180332905,352.5,71.999920767931
-2.600677747143,3.92138579224295,303.686813421612,353,71.9986850549328
-28.0520676950108,3.88277603823112,303.689567370391,353.5,71.9853561045404
15.7186360467868,3.94906775881467,303.687056019654,354,71.9928248203007
-6.92438440770161,3.91488999333702,303.686103420727,354.5,71.9895346964756
33.8268879411949,3.97666747201574,303.683500939839,355,72.0056075548545
-20.6954624224755,3.89442067700115,303.684550201497,355.5,71.9957740981918
26.9847651548861,3.96661695798719,303.681896341556,356,72.0085959193856
-2.51814312533254,3.9222219165087,303.68036109693,356.5,72.0073994227436
8.03053312929844,3.93827316594788,303.678092097609,357,72.0112151335449
-41.4673235206985,3.8634467521172,303.683831337431,357.5,71.9915119193604
-3.43946328073149,3.92054578052708,303.682845724302,358,71.9898776571041
19.2822522252742,3.95508190130608,303.68010909336,358.5,71.9990396264163
-7.89845748718859,3.91406850169299,303.679237943756,359,71.9952866714053
-6.64594161706281,3.9159304540215,303.678368192096,359.5,71.9921288497757
9.67915066193737,3.94072322397926,303.676029377665,360,71.9967279018105
0.210101745878264,3.92649120221675,303.674313397459,360.5,71.9968277317331
-10.4370332151151,3.91035145350285,303.673887122348,361,71.9918685715215
-5.3087371200676,3.9180727088611,303.672881190492,361.5,71.9893461231055
5.70003895493513,3.93479826431503,303.67080378902,362,71.9920544987337
-7.65233941498012,3.91461199672573,303.669984876713,362.5,71.9884184868163
-33.7803811491014,3.87499874666366,303.673931890877,363,71.9723677261569
-21.8208144543446,3.89272161676526,303.675618851335,363.5,71.9619995580581
22.7102901169162,3.96015876548763,303.672981543456,364,71.9727903608486
-3.53746801046125,3.92063838631916,303.671591795794,364.5,71.9711095316086
-6.29786078661244,3.91645246107299,303.670665212336,365,71.9681171007149
24.7380715447788,3.9635226241601,303.667961514891,365.5,71.9798714046047
-22.6492612167558,3.8919498592927,303.669376560422,366,71.9691095997186
20.8489749062082,3.95775236390083,303.666804492156,366.5,71.979015997895
-5.31975217270365,3.91831363871393,303.665623733829,367,71.9764883156728
5.40931685344403,3.93459410043589,303.663584701173,367.5,71.9790585545864
1.95703137592043,3.92944661180555,303.661758282707,368,71.9799884387721
-31.8441824149668,3.87826344744917,303.66516070943,368.5,71.9648576636609
33.4507446629586,3.97683166741281,303.662866140653,369,71.9807517974214
-12.5489350987176,3.9075674875158,303.66256512587,369.5,71.9747891662447
-39.4073609968781,3.8668882052212,303.667854433252,370,71.9560647440191
-35.2209575279663,3.87274747579093,303.672391396097,370.5,71.9393294929579
33.0193772486071,3.97577590702277,303.670043411322,371,71.955018662331
-4.59214189387848,3.91924401405161,303.668721341334,371.5,71.9528367044032
-9.30754854395556,3.91207234805176,303.668172196979,372,71.9484142192529
-0.380583982157018,3.92558364642599,303.666637392584,372.5,71.9482333846323
-25.2770567674748,3.88784522524944,303.668696966785,373,71.9362229817136
2.60602112575494,3.92993549821569,303.667007421714,373.5,71.9374612336202
-23.3208236729399,3.89065383899209,303.668684779859,374,71.9263803355835
-1.03810780095617,3.92427660533709,303.667319230635,374.5,71.925887078276
29.5015386051571,3.97059489302874,303.664661481695,375,71.9399047453101
4.60255120948464,3.93328310297398,303.662501491166,375.5,71.9420916492281
32.1750285273389,3.97506714301902,303.659959325061,376,71.9573796259925
7.00924783990401,3.93741200788331,303.657640986294,376.5,71.960710072709
-7.06698506446269,3.91613010917909,303.656731577653,377,71.9573521921288
-11.3254776505167,3.90960235079332,303.656461228303,377.5,71.9519708872134
-0.76470651372849,3.92554005071569,303.654991849159,378,71.9516075366292
-19.3393868668487,3.89736842667203,303.655930480433,378.5,71.9424184197708
-11.5108748071921,3.90905447423482,303.655789576502,379,71.9369490233275
0.811318631989868,3.92768910432288,303.65418084869,379.5,71.9373345216771
11.5739887850198,3.9440842386118,303.651768476394,380,71.9428339067504
-18.6132841715657,3.89842181845595,303.652522833916,380.5,71.9339897978576
0.32474970211149,3.92700024219353,303.651014073404,381,71.9341441027993
-8.13641599005953,3.91419055117374,303.650303647605,381.5,71.9302780817173
-30.1853153300818,3.88074118763433,303.653416541182,382,71.9159355179181
-19.466567086792,3.89664479372299,303.654636629756,382.5,71.906685971331
-35.5538093343811,3.87218195659458,303.659106718016,383,71.8897925656102
16.0171611446486,3.95004473005233,303.656744420974,383.5,71.8974031256818
1.63125580637793,3.92845327166923,303.654904861021,384,71.8981782174845
11.9595361824491,3.94421443244487,303.652458920301,384.5,71.9038607955471
26.3759316542451,3.96620179580772,303.64974737371,385,71.9163933292767
-1.21130005326134,3.92473074207976,303.64813007231,385.5,71.9158177796061
-7.7022607736714,3.91488394165978,303.647372846674,386,71.9121580475365
-5.38120702919804,3.91835405756943,303.646384795677,386.5,71.9096011650164
40.0417942076354,3.98697682383543,303.644381213074,387,71.9286270384179
-1.4233395075589,3.92482455910779,303.642739093609,387.5,71.9279507381218
14.1942359225233,3.94851926039874,303.640287216776,388,71.9346951345965
-8.9586903848359,3.91355691518841,303.639595623016,388.5,71.9304384095301
-52.9061151739098,3.84737333609951,303.648497069549,389,71.9053000492397
-23.453472037664,3.89091457054725,303.650609143109,389.5,71.8941561232833
-5.70530082837727,3.91762721514263,303.649772199789,390,71.891445247474
-35.9794941783243,3.87180170007255,303.654204218148,390.5,71.8743495774414
-9.82445137101383,3.91101494362293,303.653994111421,391,71.8696814857206
-28.7003055298954,3.88236722955613,303.65685663034,391.5,71.85604452488
-18.2292759708729,3.89795779994519,303.657882225037,392,71.8473828776265
-34.9361612844724,3.87257342782427,303.662243286437,392.5,71.8307829476063
-12.3448593732022,3.90644895253594,303.662406391749,393,71.8249172830865
4.12238269597862,3.93144627556191,303.660518181544,393.5,71.8268760347568
7.39486870238295,3.93655008916623,303.658289607113,394,71.8303897093694
23.0697719327899,3.96045770989147,303.655524899334,394.5,71.8413513200785
6.6484341824309,3.93588665851546,303.653264773996,395,71.8445103260515
-17.8034166777871,3.89886695577661,303.653934834634,395.5,71.8360510259994
17.0660089659298,3.9516537844796,303.65143475519,396,71.8441599465031
-7.03904388426737,3.91529697738715,303.650499443789,396.5,71.840815342185
-21.8698891594502,3.89275704960408,303.651962573703,397,71.8304238562218
-29.2377239238611,3.88141238466851,303.655008658349,397.5,71.8165315408315
-45.1277744604081,3.85726366310797,303.662047365628,398,71.7950890620224
-29.0184722120148,3.8810050883169,303.665320488971,398.5,71.7813009241646
22.8508787155614,3.95949059567858,303.66274520169,399,71.79215852768
-35.1397533428618,3.87190068438324,303.666892015916,399.5,71.7754618608175
12.583050888359,3.9439579378174,303.664627314399,400,71.7814407021244
-30.6977094823399,3.87849329215984,303.667807598816,400.5,71.7668546740533
14.5589897647947,3.9469035066646,303.66542145363,401,71.7737723834517
-3.02559567985366,3.92042803046765,303.664030664578,401.5,71.7723347705398
-26.8215430980246,3.88435167009526,303.666466926157,402,71.7595905043671
9.59880926022583,3.93941120801675,303.664293164344,402.5,71.764151382155
8.83142272022791,3.93842296745675,303.661933895891,403,71.7683476359432
-36.7252878473456,3.86954133785992,303.666496532552,403.5,71.7508976017715
-28.9611535950449,3.88086173464167,303.669654034471,404,71.7371366988758
-2.78765879190752,3.92031870856133,303.668526410437,404.5,71.7358121417647
-18.2463911467879,3.89687896025368,303.669376555222,405,71.727142362229
-21.8735353696577,3.89124839609713,303.670991124894,405.5,71.7167491437676
8.97453136658092,3.9379605578088,303.668804557401,406,71.7210133956823
-2.00910201703659,3.92144610584932,303.667336571499,406.5,71.7200587701121
2.08771134809013,3.92772401930022,303.665537520297,407,71.7210507469352
2.76266559285416,3.92883984003424,303.663657998818,407.5,71.7223634285185
23.8461550388738,3.96088878469865,303.66089861185,408,71.733693937949
-33.8445073794386,3.87377952348198,303.664678494058,408.5,71.7176127076875
-2.55863424787613,3.92082928786466,303.66356109787,409,71.7163969716735
-8.97947747398618,3.91110290608316,303.662985807879,409.5,71.712130369614
-6.81648931660249,3.91434784785273,303.662177938076,410,71.7088915121815
-25.0091502208312,3.88673324516271,303.664281236405,410.5,71.6970084051581
6.04747260782349,3.93366592246704,303.662330292453,411,71.6998818640156
-22.4796992059057,3.89047816633441,303.663871682012,411.5,71.689200626582
-26.7169975529659,3.88387064838436,303.666455498872,412,71.6765060352639
16.1099457005713,3.9486574724663,303.663984440276,412.5,71.6841606819517
-50.0761120613193,3.84886207197034,303.672174390858,413,71.6603669986922
-47.2828170425376,3.85248278592519,303.680134840566,413.5,71.6379005505991
-11.8078415963357,3.9055489855537,303.680343570594,414,71.6322900502756
-41.088849202808,3.86125013255051,303.686330930358,414.5,71.6127666683039
35.7558794429598,3.97724990736898,303.683982118907,415,71.6297560877119
-1.30896553947214,3.92164309802891,303.682291283909,415.5,71.6291341322493
0.282548493743251,3.92412653952945,303.680625948945,416,71.6292683852711
-18.0778456479598,3.8963037314335,303.681416184195,416.5,71.6206786901919
-9.75987281121615,3.90880143168516,303.681049771655,417,71.6160412829978
-54.7202974749283,3.84110074342599,303.690906758594,417.5,71.5900409133128
-26.6462206140886,3.88259655184158,303.693827224117,418,71.5773799516834
14.8102567177087,3.94538339024179,303.691310587378,418.5,71.5844170506679
-40.7785206381622,3.86139474781538,303.697011546905,419,71.5650411214291
-19.1174994757247,3.89370593938002,303.698342758669,419.5,71.5559574344471
11.9381972994072,3.94081263930653,303.695891103735,420,71.5616298733314
-2.27766370820192,3.91943424299994,303.694396678999,420.5,71.5605476405738
21.2189421124012,3.95515787251438,303.691545166711,421,71.5706298288058
17.4556507940994,3.94976837323444,303.688668810285,421.5,71.578923887769
-23.3513497786197,3.88808627983334,303.690284109963,422,71.5678284852418
29.0234164981143,3.96727785315964,303.687637020481,422.5,71.5816189723791
-11.0242742398419,3.90696170581199,303.687129049175,423,71.5763807843762
17.9558495695995,3.95086986473773,303.684448707264,423.5,71.5849125129735
-10.3393667369845,3.90817750122801,303.683892666018,424,71.5799997590252
-3.769644498093,3.9180799979908,303.682686863524,424.5,71.5782086110408
-57.5153841226349,3.8372608783009,303.69324553746,425,71.5508801548961
4.73374619186932,3.9304111749564,303.691606019935,425.5,71.5531293961588
-13.0606366271112,3.90350408632809,303.691532611252,426,71.5469236298107
-34.012888050564,3.87172927046957,303.695637948645,426.5,71.5307623934107
-3.1548733434465,3.91816578914563,303.69454491248,427,71.5292633541688
-64.6701148821637,3.82587199045857,303.70770351239,427.5,71.4985353250443
25.1276606216689,3.96047006009611,303.705275365518,428,71.5104747423288
2.39085881032965,3.92638402769526,303.703220002764,428.5,71.5116107597812
-21.5778017068559,3.89008938146751,303.704595692367,429,71.5013580592796
6.42676178779249,3.9324546383738,303.702491423707,429.5,71.504411737532
0.400581883898994,3.92344830498481,303.700720009965,430,71.504602074163
-20.808696937669,3.89131841842643,303.701956392407,430.5,71.4947148140783
-6.49455208991244,3.91287593077359,303.701136917716,431,71.4916289252388
-42.046989575361,3.85914570814991,303.70723723997,431.5,71.471650282513
1.53925764257133,3.9246916104489,303.705709519899,432,71.472381661354
22.4115469810584,3.95644474654124,303.702787813011,432.5,71.4830305162325
-10.2419724318341,3.90722578564146,303.702190412654,433,71.4781640392246
-15.681576943225,3.89891462756935,303.702608996769,433.5,71.470712932111
21.6110289419344,3.9553925540783,303.699827573108,434,71.4809814205457
-57.5908792898366,3.8362699567695,303.710311944486,434.5,71.4536170928443
23.393934067405,3.95780985834267,303.707829006587,435,71.4647327293121
2.51433691185988,3.92650755681587,303.705758387771,435.5,71.4659274174304
11.487649415151,3.94021488105348,303.70317694206,436,71.47138577832
14.7372176623586,3.94531885778189,303.70041524103,436.5,71.4783881727702
-34.9142900997367,3.87032921064866,303.704460773221,437,71.4617986348515
3.23460910494986,3.92774005045264,303.702708341849,437.5,71.46333556057
-5.61824215975156,3.91439061498474,303.701594554611,438,71.4606660507195
-7.30982819093776,3.91181363822713,303.700747430121,438.5,71.4571927831374
-18.9350224114042,3.89415036839836,303.701668562687,439,71.4481958002004
-29.8313695663093,3.87751787932266,303.704832633631,439.5,71.4340214138625
-18.570484579102,3.89426790567173,303.705889769416,440,71.425197641212
1.15704879463051,3.9240943655206,303.704202357063,440.5,71.4257474133768
-7.12923458539387,3.91159535072244,303.70330512899,441,71.4223599549136
-2.50715094339418,3.91860939618494,303.701913402595,441.5,71.4211686812109
6.88174360942325,3.93291023377092,303.699650707952,442,71.4244385442449
-29.6159158766418,3.87771253819858,303.702596719518,442.5,71.4103665308077
-8.73557497508462,3.9090574174251,303.702133062622,443,71.4062158191113
7.18801091177711,3.93322012735313,303.699888410749,443.5,71.4096312051678
-19.7309477513066,3.89250461727221,303.700884665757,444,71.4002560380097
12.9968016149058,3.94202083361916,303.698383533058,444.5,71.406431473128
1.68308733309725,3.92506422333752,303.696459895741,445,71.4072311926999
-18.0445893998291,3.89519494571645,303.697183798439,445.5,71.3986572993393
-6.35018532922812,3.91278971784211,303.696323202437,446,71.3956400064198
12.9041281537173,3.94200634802225,303.6937506855,446.5,71.4017714077085
-23.5125217751103,3.8869682541329,303.695402087925,447,71.3905994242474
-53.1208987151668,3.84237080860782,303.704789953753,447.5,71.3653590094775
-2.52527646663181,3.91804943232007,303.703782525929,448,71.3641591234257
-6.32132624475243,3.91234068291461,303.702818772496,448.5,71.3611555429109
-24.6850300237962,3.88449780575576,303.704867159978,449,71.3494264417195
21.9773173037671,3.95507348970783,303.702122846394,449.5,71.3598689722055
24.5169228893175,3.95921803890149,303.69911317036,450,71.3715181972294
-9.04668395191572,3.90867964584178,303.698332794408,450.5,71.3672196619869
2.77473270831531,3.92657348475233,303.696441681378,451,71.3685380772647
-7.52940061953866,3.9110103841,303.695581505821,451.5,71.3649604797616
-20.7114744077981,3.89098632794332,303.696830520504,452,71.3551194149982
-59.2461050390233,3.83314566623765,303.708166253979,452.5,71.3269686061668
-20.2227690306501,3.89092078909422,303.709819002843,453,71.317359749945
0.883560912776439,3.92283553703774,303.708170329209,453.5,71.3177795742411
-30.3979895355127,3.87550682883266,303.711390586826,454,71.3033359582142
-24.7406082069394,3.88378304192226,303.713660845987,454.5,71.2915804490284
16.7498141563245,3.9465703154396,303.710996344686,455,71.2995391294508
-2.62383325093799,3.91744483102137,303.709472875324,455.5,71.2982924141064
-0.27442707229334,3.92106134967684,303.707811342149,456,71.2981620199809
-40.5087776701878,3.8602777598335,303.713471218488,456.5,71.2789142592136
-25.2520000609805,3.88284195223308,303.715926867563,457,71.2669157619983
8.28572362304014,3.93355669460568,303.713691485741,457.5,71.2708527266577
-1.29880476935672,3.91918140304006,303.712067787307,458,71.2702355990887
-40.2773941355585,3.86028603920783,303.717702761624,458.5,71.2510977802939
0.33496945214358,3.9213534663348,303.716259519913,459,71.2512569411536
-7.36243962217993,3.90975159943962,303.715402851146,459.5,71.2477586752305
26.6676793376769,3.96132805855865,303.712484644913,460,71.2604298329803
-52.5140147426758,3.84217266035694,303.721410571647,460.5,71.2354777793556
4.75218937154523,3.92800919550179,303.719661002951,461,71.2377357839019
-13.9969680618531,3.89967039294922,303.719721102118,461.5,71.2310851193245
2.13549045594091,3.92409513261692,303.717883931591,462,71.2320997984085
-39.886947562399,3.86061435258969,303.723387017558,462.5,71.213147500448
6.72401277246713,3.93079446612907,303.721364583382,463,71.2163424176162
-43.8853874905608,3.85441449631354,303.727940976828,463.5,71.1954902594376
-0.530387463693796,3.91952715624269,303.726601555101,464,71.1952382456371
-8.38757436122068,3.907678074335,303.725875701991,464.5,71.1912528865617
-6.79535510238967,3.91009176765258,303.724988333602,465,71.1880240710589
5.38048312456634,3.92859946434903,303.72281246483,465.5,71.1905806096155
-21.3974806457867,3.88809226817992,303.724148496419,466,71.1804135887331
-23.8562106153798,3.88420007717207,303.726158572621,466.5,71.1690783013917
6.85584474235209,3.93063163419803,303.723989105018,467,71.1723358585694
29.4907877812804,3.96500781225135,303.720989190358,467.5,71.1863484173455
-29.4115466091244,3.87621917419567,303.723791091783,468,71.1723735100418
-15.1224186278662,3.89755189540066,303.724261559246,468.5,71.1651880872096
-36.570805387192,3.86505487619256,303.729053282655,469,71.1478114554363
24.2714868218215,3.95685611261503,303.726290014313,469.5,71.1593440614216
10.0155055052603,3.93564172300585,303.723613140624,470,71.1641029325852
4.8494771764562,3.92798150448632,303.721378026743,470.5,71.1664071634682
9.38347455409398,3.93496826730412,303.718856806076,471,71.1708657248905
-4.41472711356683,3.91418917508351,303.717544231631,471.5,71.1687680656615
-16.0915418718516,3.89647446767826,303.717960646953,472,71.1611221635598
-29.838559137651,3.87555997720057,303.721119143019,472.5,71.1469443610943
17.7080878767559,3.94732910594978,303.718452884782,473,71.1553583656312
19.5604798791055,3.95038613163006,303.715457887151,473.5,71.1646525349164
6.76123422936137,3.93128001489712,303.71305002539,474,71.1678651378737
-16.0856509625153,3.89674535591406,303.713381608059,474.5,71.1602220348398
-8.63446852404611,3.90789907096861,303.712764863494,475,71.1561193639111
0.421435067514938,3.92159386455607,303.711055681036,475.5,71.1563196089401
-20.4742626260558,3.8899665119666,303.712198979425,476,71.1465912554429
-31.5204022413342,3.87310677993464,303.715761949177,476.5,71.1316143246016
-19.2781084561145,3.89129097373726,303.716960163158,477,71.1224543242029
-16.9204783891834,3.89471703744216,303.717660489777,477.5,71.1144145526069
-31.8604963875362,3.87202191950322,303.72133920817,478,71.0992760259056
-25.4218349381535,3.88144794658552,303.723763396375,478.5,71.0871968315853
-5.39070300831832,3.91162591158881,303.722834864043,479,71.0846354370472
-43.7900412446792,3.85366737611958,303.729512496062,479.5,71.0638285826728
-12.9467627912364,3.89977682017053,303.729812382737,480,71.0576769235201
3.6496400272235,3.92495311550512,303.727819921984,480.5,71.0594110513357
16.9268650281637,3.94522147124181,303.724909351562,481,71.0674538575456
-2.86243535450944,3.91547681804136,303.723388330922,481.5,71.0660937703229
-10.3327399593081,3.90417374273036,303.722940167896,482,71.0611841650905
11.0105675758728,3.93652287252293,303.720407061451,482.5,71.0664158403669
-18.4255537486281,3.89205497542374,303.721158110055,483,71.0576609316544
-15.2480049822361,3.89672263032774,303.72157374995,483.5,71.0504158364193
-32.0094825081322,3.87128070768708,303.725283790027,484,71.0352065189074
0.121822627829117,3.91966862758253,303.723777250701,484.5,71.0352644029743
-50.67673416057,3.84314901158637,303.732411786179,485,71.0111853339011
-24.1619764851489,3.8824131834721,303.734789138559,485.5,70.9997047617931
35.4957915222605,3.97255570088339,303.732067898749,486,71.0165706003289
25.7865952399321,3.95844461670201,303.728863874248,486.5,71.0288231106421
36.51330155272,3.97487980951034,303.726014459526,487,71.0461724194471
-40.8743226584673,3.85850058037397,303.731482636081,487.5,71.0267509698428
-27.0177570153992,3.87887177789096,303.734232761758,488,71.0139134725542
-12.6115986015397,3.90042650765692,303.734270646324,488.5,71.0079210667909
-6.41489526197071,3.90976167431088,303.733332946643,489,71.0048730269228
-10.4250814214672,3.90367757934794,303.732898554542,489.5,70.9999195456103
-1.48004376793844,3.91721100618453,303.731367117476,490,70.9992163022638
-8.29074409280891,3.9069282679537,303.730603744343,490.5,70.9952769521263
9.16088520511626,3.93338471789211,303.728148187577,491,70.9996297501367
3.57184502583101,3.92507693883234,303.726011871474,491.5,71.0013269136284
-4.64441080366066,3.91270766023851,303.724752072431,492,70.9991201201087
-30.2165604792867,3.87400737650485,303.727915015965,492.5,70.9847627101653
-1.49752556050398,3.917204360298,303.726542490602,493,70.9840511603386
22.8598075513597,3.9541343092706,303.723562515874,493.5,70.9949130063938
37.5637589838673,3.97650297231825,303.720820422585,494,71.0127614404376
4.39188443909354,3.92696873617795,303.718502889087,494.5,71.0148482459613
-27.6291963101157,3.87857015166048,303.720970689147,495,71.0017202230646
14.9689361687081,3.94278076116085,303.718396245093,495.5,71.0088327186493
-32.9093285069976,3.87055262238186,303.721978508166,496,70.9931958389766
5.72945870815548,3.92867633628356,303.719966990712,496.5,70.9959181934114
-44.4892244455178,3.85299157055751,303.726576012051,497,70.9747791218792
-0.106085755536348,3.91949820396527,303.725174843347,497.5,70.9747287151931
-42.1705702833591,3.85604740227421,303.731245759195,498,70.9546913530479
21.9513539360506,3.95255852387532,303.728553131956,498.5,70.96512154703
-28.9376200996043,3.87582989774189,303.731270500716,499,70.9513718260834
-37.715829679585,3.86235748502327,303.736422033573,499.5,70.933451135592
-19.4995624863224,3.88945881786144,303.737719526913,500,70.9241859112285
