curr_dens,Volts_tot,Temp_tot,t_tot,SOC_tot
7.08535537247965,3.96195852724727,270,0,74
7.08535537247965,3.96207386754391,269.999747124343,0.5,74.0033666092389
-23.322350310218,3.89846910245896,270.002583719944,1,73.9922849858199
-8.02407793816685,3.93006379192856,270.003361381307,1.5,73.988472342205
-31.1441429333379,3.88181932992482,270.008003756639,2,73.9736741911138
-32.8437465899546,3.87785484262051,270.013292246295,2.5,73.9580684727134
0.53772626450848,3.94698780682425,270.013445865631,3,73.9583239735479
-39.8644827711577,3.86306297873856,270.020458376889,3.5,73.9393823497413
-26.5277369744579,3.88986431037074,270.024471296332,4,73.9267776856574
14.0756219659892,3.9745166124157,270.024230895932,4.5,73.9334657226665
-3.18063464000532,3.93854779838919,270.024364065,5,73.9319544429351
1.53231512164316,3.94844051532727,270.024241059502,5.5,73.9326825230346
30.7795324514855,4.00967018491892,270.024962833472,6,73.9473074293199
10.2133283904141,3.96724347994588,270.024493579226,6.5,73.952160296101
6.24323966603498,3.95907617720854,270.024131192251,7,73.9551267737489
9.6686843985755,3.96637634263437,270.023741481328,7.5,73.9597208527348
-21.4426442696262,3.90133402777898,270.026221335291,8,73.9495323723397
-13.1954367239138,3.91821248053012,270.027583568313,8.5,73.9432625556756
-21.4719611456807,3.90076292405016,270.030247046062,9,73.9330601453559
-25.5242335761944,3.89204486934799,270.033803279657,9.5,73.9209322962847
-20.7511831401984,3.90159277565481,270.036487754962,10,73.9110723639023
1.97008122927076,3.94890139904656,270.036416330623,10.5,73.9120084487307
-11.9855355025425,3.91969270183622,270.037528903143,11,73.9063135170816
-5.17461993757835,3.93382661986415,270.037933544451,11.5,73.9038547944948
-26.5918946890616,3.8890908771696,270.041665941236,12,73.8912196458489
-2.38846490050916,3.93926848921847,270.041926140415,12.5,73.8900847658636
8.9292569281584,3.96305364402959,270.041485801153,13,73.8943275056121
-41.8288061970939,3.85768284201983,270.04910187389,13.5,73.8744525327996
41.1357116303227,4.02953988712065,270.051294408374,14,73.8939981814711
-1.7295669446588,3.94093228945054,270.051177785767,14.5,73.8931763770944
33.7707878132993,4.01509873709239,270.052174050857,15,73.9092225794767
14.4452135290875,3.9754280460327,270.05166373768,15.5,73.9160862280544
-46.4919353597846,3.84916974733186,270.060428275743,16,73.8939955676869
-11.3974592248003,3.92072600845106,270.061721102474,16.5,73.8885800606997
-18.3597487781898,3.90604486410584,270.063816355844,17,73.8798564192434
-30.4100433246372,3.88082340741894,270.06846768912,17.5,73.8654070758541
16.3664717274122,3.97814029145392,270.068151670294,18,73.8731836109789
-16.6460581509057,3.90925321088314,270.06983085066,18.5,73.8652742302611
-13.9251662153351,3.91471555423716,270.07126739201,19,73.8586576823577
20.7443995335935,3.98719892427232,270.071006994054,19.5,73.868514391507
-14.0160247397438,3.91472651930467,270.072243725493,20,73.861854672142
-9.79068438983176,3.92338123889713,270.073081088835,20.5,73.857202624815
18.6019979772162,3.98279551510312,270.07270627356,21,73.8660413710683
2.15164202102225,3.94864845040182,270.072328865326,21.5,73.8670637245744
0.498601462881508,3.94523846649892,270.072107071793,22,73.8673006352448
7.90439263883287,3.96081641954108,270.071593313723,22.5,73.8710564103452
10.4588781389085,3.96632048098161,270.071027083828,23,73.8760259501805
-18.6771322719294,3.90546253513903,270.072981515471,23.5,73.8671515038392
-59.1653528313705,3.82287916343644,270.086633288174,24,73.8390390644493
21.1695345651776,3.98772188869938,270.08668350112,24.5,73.8490977766667
-36.4796507805862,3.86793049210637,270.092646830989,25,73.8317644570386
15.3805504941981,3.97548785513431,270.09227686665,25.5,73.839072531323
28.9257421166538,4.00398526112764,270.09245208223,26,73.8528166084416
15.4498400857556,3.97640732888825,270.091818892583,26.5,73.8601576057011
1.32677500315842,3.94706038971312,270.091442915481,27,73.860788023337
-5.3719438894259,3.93304312366033,270.091623604267,27.5,73.8582355422012
-11.0757814470984,3.92103140108081,270.092476839957,28,73.8529728805297
-17.9559417308319,3.9065182148261,270.094396397934,28.5,73.8444411081419
-37.7314530140934,3.86546846077421,270.10084502903,29,73.8265129942173
-17.8583762294445,3.90591750264792,270.103023130229,29.5,73.8180275801138
13.8172135669918,3.97203741066688,270.102466551375,30,73.8245928342761
-38.6133958011711,3.86316305589401,270.109043538094,30.5,73.8062456649084
-31.8237653136213,3.87648602828586,270.114235635135,31,73.7911245909906
-20.5813156536523,3.89929678536079,270.116930692304,31.5,73.7813453712075
12.0568631217549,3.96737553314838,270.116331323225,32,73.7870741942015
-5.44710931502134,3.93092882851237,270.116490754156,32.5,73.7844859981857
-18.5314390765132,3.90355049204465,270.118569741186,33,73.7756807780203
8.26249935041967,3.95942358434925,270.118006453465,33.5,73.7796067076578
16.7283088870051,3.97732639847419,270.117313407278,34,73.7875551698435
-4.56654412438632,3.93301524801417,270.117337657688,34.5,73.7853853747054
-5.19003215151838,3.93167709350715,270.117514637881,35,73.7829193289994
3.59406034295082,3.95005955908835,270.11704336406,35.5,73.7846270481073
-17.8255802748355,3.90532584958494,270.118887922281,36,73.7761572170138
24.8104180998109,3.99425813744141,270.118727226093,36.5,73.7879458963961
-34.1406575100017,3.87180593476636,270.123984317801,37,73.77172395029
9.34579976209578,3.96190625113525,270.123493351996,37.5,73.7761646105208
-17.957366318374,3.90494285525392,270.12532479469,38,73.7676321612398
-34.4613190019484,3.87059819233395,270.13097155295,38.5,73.7512578527066
-5.7362357128768,3.92975585217198,270.131416956251,39,73.7485322781754
-0.0450316010286382,3.94166224262974,270.131148026491,39.5,73.7485108813934
-2.20725032810658,3.9371859660645,270.131014478949,40,73.7474621055796
6.29927687048068,3.95504114110175,270.130377346028,40.5,73.750455209326
-29.7246300860686,3.88004398242813,270.134673494703,41,73.7363315402919
7.77978899990112,3.95787444186242,270.134151195607,41.5,73.740028109927
7.6679246052772,3.9578172967299,270.133416434075,42,73.7436715271534
14.4422064146749,3.97216028923931,270.132641232439,42.5,73.7505337468995
-6.10846502079851,3.92937015020028,270.132781174833,43,73.7476313074744
-3.26222327147519,3.93527144571139,270.132740910881,43.5,73.7460812608743
-22.1477594485651,3.89583472767146,270.135385873168,44,73.7355577447399
-8.66042288060869,3.92364635947272,270.136027923681,44.5,73.731442741589
43.1584555328728,4.03132109865912,270.137985577709,45,73.7519494977777
-32.3512663300873,3.87511832740865,270.142675837056,45.5,73.7365777815559
-17.9122906229779,3.90448662580786,270.144716990458,46,73.7280667500083
-55.3309803941577,3.82798652859191,270.157108917343,46.5,73.7017762141072
10.6022308215228,3.96310349786306,270.156685586377,47,73.7068138680229
4.67934212386049,3.95093644426099,270.155988725193,47.5,73.7090372591724
9.86782756613363,3.96193261059351,270.15515563949,48,73.7137259611084
-13.9050969778386,3.91236461067655,270.156282001081,48.5,73.7071189491107
11.3319873691953,3.96502517151007,270.155527981786,49,73.7125033471214
2.43779635990576,3.94662076892197,270.154939159885,49.5,73.7136616669679
21.3219782699717,3.98616885248142,270.154350595509,50,73.7237928128684
-0.581111710965529,3.94073490944149,270.153919066229,50.5,73.7235166974229
0.574563493340486,3.94317165063463,270.153491982377,51,73.7237897014804
-56.3280245925158,3.82637480981007,270.165922539099,51.5,73.6970254196578
15.3098769730775,3.97319527113961,270.165483530551,52,73.7042999133923
-27.5818573253012,3.88397363684782,270.169163277448,52.5,73.6911943836319
-22.0459468222253,3.89503523681519,270.171952623658,53,73.6807192438047
-28.1478782804568,3.88212604309362,270.176068208645,53.5,73.667344768977
-6.27122042657203,3.92726919021098,270.176439588921,54,73.6643649962603
-7.41811608247324,3.92484328415586,270.176789105482,54.5,73.6608402756463
2.97617165134614,3.94656743124908,270.176216888923,55,73.6622544047128
8.62262702642276,3.9585007615766,270.175354249984,55.5,73.6663514491494
-22.6563584527709,3.89334018426969,270.178031109708,56,73.6555862720091
21.2914540186483,3.98482683911892,270.1774445182,56.5,73.6657029143002
-18.0967303284766,3.90290020559714,270.17918232131,57,73.657104246158
-28.5298423190134,3.88105328708632,270.183311014149,57.5,73.6435482809754
-24.5017470419831,3.88897562535243,270.186669542966,58,73.631906266761
-31.8604733604712,3.8734828334862,270.191796704068,58.5,73.616767751001
-4.34973261106134,3.93024461631609,270.19199087832,59,73.6147009739341
-0.543478892901107,3.93823445617102,270.191629905087,59.5,73.6144427397361
-23.0965430131133,3.89123011358562,270.194535272711,60,73.6034684087383
-3.49167009650604,3.93183781900056,270.194558953671,60.5,73.6018093403941
-16.149561765527,3.90540415354121,270.19616758305,61,73.5941358701183
4.16039411363665,3.94771530946712,270.195543066242,61.5,73.5961126829278
-17.620444919523,3.90230737626398,270.19735358929,62,73.5877403219747
-9.62297530080956,3.91878901068226,270.198048003832,62.5,73.5831679616836
-24.8664789037297,3.88698445240301,270.201417235145,63,73.5713526449895
-12.555477717763,3.91227262389757,270.202611855935,63.5,73.5653869050849
-1.71467091057208,3.93484518388929,270.202391691655,64,73.5645721785645
-37.2846460220997,3.86109022478432,270.20893225304,64.5,73.5468563651481
-30.9437383681707,3.87355609326416,270.214088814088,65,73.5321534363605
-30.9092093905173,3.873226560704,270.219248622988,65.5,73.5174669140295
-37.617595252152,3.85908479885976,270.226350879821,66,73.4995928996628
1.5719418297309,3.94004127900471,270.226068524744,66.5,73.5003398084075
-5.55254255036968,3.92525421312955,270.226189600435,67,73.4977015157508
10.2492850819119,3.95837091445078,270.225186220478,67.5,73.5025714673672
-13.9128395363516,3.90805315866162,270.226390093096,68,73.49596077649
-4.39395730566326,3.92783140660793,270.226425596353,68.5,73.4938729860429
-21.586583602896,3.89197178340954,270.229133797014,69,73.4836161128202
-2.58032774806029,3.93140472863666,270.229034755229,69.5,73.4823900691316
21.0111452341943,3.98075702956551,270.228053281599,70,73.4923735225996
-4.51157919891452,3.92783053678804,270.227886943129,70.5,73.4902298440662
38.6774952677198,4.01757205779943,270.22851088067,71,73.5086074703193
-53.78395008505,3.8274071754937,270.240205367937,71.5,73.4830520064446
-10.5578189651589,3.91506633741137,270.241284580782,72,73.4780354548389
-8.21837390781765,3.91987438818641,270.241692181897,72.5,73.4741304914218
3.8136473784905,3.9450103098854,270.240923390665,73,73.4759425473912
2.3407935633534,3.94206380201743,270.240181081722,73.5,73.4770547763229
44.4236744075912,4.02922942248095,270.241641195767,74,73.4981627017302
-21.7737333176484,3.89261912449065,270.243952352188,74.5,73.4878169042509
-5.64897341916956,3.92590855649835,270.244040080095,75,73.4851327924311
-42.2516971993867,3.8503073438932,270.251929225353,75.5,73.4650568828016
-22.9277000820174,3.88927642194072,270.255079287118,76,73.4541627775853
-6.35452080043215,3.92351954322817,270.255306755119,76.5,73.4511434246649
-9.09715084645149,3.91777182178944,270.255767000859,77,73.4468209100588
-19.5077829428268,3.89601367590367,270.257968614955,77.5,73.4375517797423
-31.727165501414,3.87053910118502,270.263088659146,78,73.4224766052612
-17.2349717906607,3.90009422801362,270.265092507915,78.5,73.4142874020086
13.0121381367158,3.96314124739099,270.263983230145,79,73.4204701242809
-1.24778900051542,3.93361760872302,270.263444533274,79.5,73.4198772368735
-23.3022944855471,3.88769565281062,270.266376854279,80,73.4088051429871
-9.59604650131053,3.91593118789693,270.267026115004,80.5,73.4042455779251
44.8848353184865,4.02878324085981,270.268390227527,81,73.4255726241106
4.61332013349218,3.94636802002155,270.267312745909,81.5,73.4277646448868
-49.4104686420243,3.83509038084949,270.27752880963,82,73.4042872423455
-5.56140926167276,3.92449266786037,270.277830067907,82.5,73.4016447366675
-0.744284630844062,3.93456335219541,270.277291913029,83,73.4012910895486
-15.1476498984989,3.90454794499923,270.278586405922,83.5,73.3940936780688
-22.6856688568032,3.8887261545287,270.281438743037,84,73.3833145740791
-5.25557228755233,3.92475502316737,270.281482996253,84.5,73.3808173869531
6.49461044768358,3.9493329342993,270.280442700938,85,73.3839033035214
-36.6180788934983,3.85999469711759,270.286668818835,85.5,73.3665042097241
-12.9581865447022,3.9083509814553,270.287902329957,86,73.3603471225707
-8.60101293180459,3.91733445570027,270.288306889745,86.5,73.3562603480791
14.8064764633901,3.96620475704577,270.287058276103,87,73.3632956508744
-3.21022161151692,3.92887572093454,270.286634446961,87.5,73.3617703128824
-0.698378194241442,3.93414990398686,270.286051106857,88,73.3614384782238
-42.3818743094617,3.84804425696768,270.294066042106,88.5,73.3413007148921
-9.23880098161061,3.91576294972572,270.294779807987,89,73.3369108951716
-32.9222656039635,3.8666311567596,270.300162206423,89.5,73.3212678684324
1.25717927995775,3.93723123531706,270.299634014499,90,73.3218652176346
7.35243639190257,3.95009247846269,270.298475589825,90.5,73.3253587305192
-33.5371839242557,3.86527878549189,270.30388332487,91,73.3094235251116
4.06764455877638,3.9429857625783,270.303133816378,91.5,73.3113562679357
1.89970996689824,3.93860803740554,270.302281703246,92,73.3122589158326
-48.0328064580685,3.83572794684568,270.312299782507,92.5,73.28943610999
23.5118050126103,3.98307467104267,270.31143726288,93,73.3006077528812
-6.72880001997668,3.92047578838347,270.311354064999,93.5,73.2974105610506
-26.3895112904836,3.87957905965844,270.314988604227,94,73.2848715749517
-4.5999226392225,3.92456822532503,270.314937581539,94.5,73.2826859199999
2.26147384300907,3.938934625032,270.314076516714,95,73.283760460137
-22.0559711129858,3.88835157178917,270.31668488921,95.5,73.2732805572644
-12.0201689993778,3.90895066237014,270.317610580166,96,73.2675691694963
8.38797228510767,3.95149624229416,270.316430995536,96.5,73.2715547176455
22.4815891381197,3.98102721639567,270.315157963668,97,73.282236853081
-14.2484979505843,3.90486779180424,270.316120371796,97.5,73.2754666739835
-14.4750518278813,3.90423486797439,270.317321624568,98,73.268588847727
0.859724299532624,3.93609147303743,270.316606409246,98.5,73.2689973460475
28.190701949328,3.99300486892016,270.315716814686,99,73.2823921685574
21.7803604469323,3.98025586103624,270.314416287849,99.5,73.2927411149196
-15.7048971982435,3.90252259082506,270.315543784855,100,73.2852789271783
-5.00220303761521,3.92462166190733,270.315362356348,100.5,73.2829021285456
9.81933760951174,3.9555417138247,270.314093825437,101,73.2875677904607
19.105855598979,3.97506255357776,270.312776588358,101.5,73.2966459448503
22.623630553329,3.98268691624918,270.311599451022,102,73.307395571317
-13.1834391795464,3.90847445710763,270.312260912767,102.5,73.3011314552905
-26.3971712008965,3.88092770597652,270.315655917499,103,73.2885888295824
-26.6459603631203,3.88003335720974,270.319273233405,103.5,73.2759279916114
-68.5025401308614,3.79591460700336,270.337538713293,104,73.2433789842055
37.7487377807789,4.01221664026797,270.338018373896,104.5,73.2613153109934
22.0547600294799,3.98063365123293,270.336622442379,105,73.2717946384193
8.00377261234974,3.95182287113401,270.335241822411,105.5,73.2755976339511
9.35454760588233,3.95480510419239,270.333875334684,106,73.2800424507232
-5.61915280562156,3.92374692320815,270.333545763249,106.5,73.2773725081789
3.63931933177944,3.94301913854437,270.332496288943,107,73.2791017321122
-41.6192685192199,3.84961724620856,270.339904605239,107.5,73.2593263212052
-41.7897722270528,3.84863651067269,270.347861193966,108,73.239469895398
-2.58716888052137,3.92892710354709,270.347593173732,108.5,73.2382406011428
-23.2483613930235,3.88599505119245,270.350335689495,109,73.2271941335853
-71.3147131957127,3.78950703012142,270.370075263712,109.5,73.1933089211023
7.29406797932591,3.94826833003752,270.369360088468,110,73.1967747002139
-12.499707812539,3.90718216353894,270.370074731744,110.5,73.1908354594006
41.5784250136444,4.01908207609277,270.370472899043,111,73.2105914635007
-40.3357924481687,3.85056357349734,270.377510413994,111.5,73.191425896726
-33.3833468585887,3.86411671556891,270.383092325585,112,73.1755637870573
31.7896518882829,3.99884896782461,270.3824325728,112.5,73.1906686519685
16.7073004082196,3.96829547880598,270.380757888803,113,73.1986071319676
-23.6934606930147,3.8845519037334,270.383389469435,113.5,73.1873491753123
-7.56552789688137,3.91772549622659,270.383455774173,114,73.18375441192
-39.0253147531262,3.85278868440947,270.390338133107,114.5,73.1652115191091
-0.924023932821498,3.93100124127629,270.389805902025,115,73.164772468794
-2.03218076931597,3.92876393569333,270.389099173213,115.5,73.1638068773461
1.66182841141427,3.93652356651572,270.388059361124,116,73.1645964957335
13.0621681798368,3.96038303348497,270.386475775848,116.5,73.1708029897994
7.47069124525341,3.9490097948991,270.385006503281,117,73.1743526915215
-43.0962668149117,3.84473512148092,270.392976056297,117.5,73.1538754843253
-38.5588911114643,3.85326370691047,270.400049904458,118,73.1355542128811
-6.0909051950769,3.91976125520303,270.400085543376,118.5,73.1326601170136
-18.4258681824216,3.89409210739921,270.401857915076,119,73.1239050588978
-23.4153861016595,3.8835605451583,270.404782724776,119.5,73.1127792294879
-51.8953606950134,3.82540186715846,270.416469856682,120,73.0881211295639
-29.0310932227066,3.87095780924475,270.421226911678,120.5,73.0743269948281
27.3777312091232,3.98783936182345,270.420001331055,121,73.0873355339886
-17.4539697593978,3.89513446589483,270.42144734383,121.5,73.0790422737697
-8.54506999567043,3.9134989266781,270.421633157007,122,73.074982080585
-15.6017902945442,3.89877188533628,270.422910966914,122.5,73.0675688841273
0.57167562336987,3.93234957737888,270.422013970502,123,73.0678405160122
-10.2938302080923,3.90978890051709,270.422330133582,123.5,73.0629493987626
18.4379415077564,3.96958641154844,270.420683520319,124,73.0717101935235
-22.3862257950057,3.88500399680404,270.42310423753,124.5,73.0610733700159
1.71228411512127,3.93488040783119,270.422131683177,125,73.0618869624497
-6.74858224226125,3.91734314227242,270.421904081687,125.5,73.0586803710888
-44.8577818307615,3.83893557323169,270.430810222237,126,73.037366179378
1.58562530539269,3.93409166277166,270.430047794911,126.5,73.0381195898312
-19.8861396452142,3.88950237580035,270.432082213953,127,73.028670683187
-35.5252649912729,3.85710436155423,270.438234410257,127.5,73.0117908403215
-10.194111096674,3.90896902289878,270.438836676138,128,73.0069471046447
1.83383912239463,3.93402437011416,270.437771975644,128.5,73.0078184539854
8.28483760967757,3.94761265099955,270.436193182431,129,73.0117549976551
12.0230518011004,3.95561540645936,270.434447621366,129.5,73.0174677551875
-12.353946396769,3.90507890431651,270.434966718985,130,73.011597772965
-8.19583494304786,3.91362286131904,270.434999930936,130.5,73.0077035189453
-1.00342652140052,3.92857807023843,270.434147591882,131,73.0072267404607
4.62084181884913,3.94037534646402,270.432785177441,131.5,73.0094223351686
-13.1905855964851,3.90340430676235,270.433465493457,132,73.0031548235194
-16.4027969233506,3.89659787394496,270.434835607506,132.5,72.9953610284642
-18.460385025794,3.89215044389842,270.436647937265,133,72.9865895696574
-10.4706510704607,3.90854998569899,270.437079528576,133.5,72.9816144359093
0.738715361505825,3.93184957632042,270.436081372832,134,72.9819654367878
-0.321917893982073,3.92973668574274,270.435108875301,134.5,72.9818124773809
-17.129097484229,3.89481789979305,270.436541459807,135,72.9736735803443
-3.53825436614794,3.9229176166677,270.436018995801,135.5,72.971992377467
13.7009651533559,3.95886063978374,270.434293694825,136,72.9785023961524
-28.4151850052196,3.87165671781049,270.438121528034,136.5,72.965000910435
-19.9965942929945,3.88863759970935,270.440337476656,137,72.9554995212239
-44.9466291047316,3.83739759151356,270.449474529902,137.5,72.9341431136979
9.78737501772129,3.94981402652712,270.448142252069,138,72.9387935885756
9.48888290852591,3.94944762955061,270.44643461106,138.5,72.9433022348166
-14.154623318098,3.90042030945335,270.44727189789,139,72.9365766602857
-18.5579928093166,3.89113894363256,270.449091870386,139.5,72.9277588231042
43.6010010054861,4.0194195238962,270.449409129467,140,72.9484758549387
-5.65943643356151,3.91854125801105,270.448811001366,140.5,72.9457867716137
-55.6499755143251,3.81644522922594,270.461581048931,141,72.9193446650626
14.8762194246435,3.96046660604726,270.460173844243,141.5,72.9264131062518
-3.29155170259518,3.92296723214567,270.459380346148,142,72.9248491242368
15.0898770500927,3.96125369582014,270.457571774966,142.5,72.9320190849262
8.07127939220431,3.94697391039164,270.455871525156,143,72.9358541563295
-35.5774577642999,3.85679618937475,270.46156832742,143.5,72.9189495140485
-14.2397092035538,3.90021432867778,270.462666457092,144,72.9121835109274
34.3682269697197,4.00079215202055,270.461804255625,144.5,72.9285135867469
-7.86036202957028,3.91396063938954,270.461459626075,145,72.9247787328069
-14.2805806075816,3.90054869825583,270.462287757212,145.5,72.917993309623
-5.42111011871875,3.91881138773358,270.461863794125,146,72.915417467135
34.1594488420729,4.00071770869546,270.460989126323,146.5,72.9316483419496
-11.2653416590896,3.90723852742225,270.461102628123,147,72.9262956106729
15.356742474307,3.9624778010399,270.459360416236,147.5,72.9335923725677
-31.5328567157523,3.86558832984378,270.463765537356,148,72.9186095239783
-36.7135138867066,3.85456550428982,270.47003432214,148.5,72.9011650842084
-16.9035759729319,3.89473239496246,270.471599199498,149,72.8931333438017
-39.9392085882601,3.84729607248034,270.478897105118,149.5,72.8741562139954
-6.01325723966587,3.91663603530829,270.478790817236,150,72.8712990125828
30.9036430218916,3.99314387663769,270.477484491548,150.5,72.8859828900517
-20.9711716068071,3.88616938087078,270.479413661187,151,72.8760184300677
-38.8257937342704,3.84932914607806,270.486346780923,151.5,72.8575703397431
-31.2590546498445,3.8641844396275,270.491342099049,152,72.8427175883071
-29.6875910880373,3.8669936618796,270.495913189839,152.5,72.8286115183665
-6.33305310882618,3.91499753519348,270.495777437663,153,72.8256023658278
-10.115536289579,3.90713302619401,270.496007607992,153.5,72.8207959649999
-22.0034450033356,3.88241048347966,270.498524958834,154,72.8103410199277
1.36530955066164,3.93076014239572,270.497435261709,154.5,72.8109897472682
-33.3794750088265,3.85891278494967,270.502782164259,155,72.7951294773104
-22.9104015715361,3.87998400568315,270.505741881946,155.5,72.7842435914878
-3.55013523263286,3.91996887141339,270.505197457782,156,72.7825567434124
-16.7065982261471,3.89264497431077,270.506596390063,156.5,72.7746185970553
-7.19320661443415,3.91228076191802,270.506475077629,157,72.7712007422587
-17.6444006736161,3.89054291686212,270.508081399415,157.5,72.7628169987201
-51.4138822937066,3.82153256379377,270.519785609029,158,72.7383876734374
-13.8198208228687,3.89759697326736,270.521133419869,158.5,72.7318211804366
-8.17548324334833,3.90927051464325,270.521183759751,159,72.7279365965346
-32.8549509946947,3.85819552939984,270.526644840794,159.5,72.7123255543571
-2.21543543247603,3.92130696396361,270.526043098811,160,72.7112728893879
30.3673226682347,3.98893362129364,270.524388827974,160.5,72.7257019340414
-37.4990503990208,3.84907946226326,270.530877023662,161,72.7078842463057
-19.2455772790938,3.88606616815618,270.533083182738,161.5,72.6987397031078
-6.84301543397352,3.91167379280151,270.532927359703,162,72.6954882417808
-11.2912725848308,3.90242023639329,270.533368916077,162.5,72.6901231894151
25.2196444362398,3.97821932955227,270.531478828204,163,72.7021063128432
4.25832065443209,3.93526994030182,270.529806856909,163.5,72.704129655485
5.35597119606857,3.93770945400532,270.528138614346,164,72.7066745471897
-0.720205464131094,3.92522297593534,270.526984375303,164.5,72.7063323412957
-47.5647349881554,3.82903096223036,270.536879034659,165,72.683731939786
-0.57645487369333,3.9249285964033,270.536130485654,165.5,72.6834580370385
-18.6393947689697,3.88745773162194,270.537837862543,166,72.6746015216857
-36.0363317024996,3.85149566408399,270.544174985238,166.5,72.6574788452823
-38.7032039317769,3.8455775153264,270.551612001524,167,72.639089003548
19.5788494766924,3.9657775117676,270.549737246752,167.5,72.6483919011544
-22.8446371242776,3.87803606648628,270.552309505139,168,72.6375372633333
-8.70594204147122,3.90712536713963,270.552407018163,168.5,72.6334006317362
-14.5826387228569,3.89487812502512,270.553406344742,169,72.6264716855266
-22.1151188617928,3.87914467347056,270.556037277783,169.5,72.6159636785792
-22.1489387710329,3.87883338018104,270.558765483846,170,72.6054396020892
2.89274796329843,3.93070006766949,270.557448344732,170.5,72.6068140923592
-42.6932901023968,3.83675858585247,270.56591249132,171,72.5865283596978
8.93084580345741,3.9428840445032,270.564319783683,171.5,72.5907718544009
-20.2635352606645,3.88238564000448,270.566398710165,172,72.5811436280897
13.0475162882577,3.9514985472723,270.56441735271,172.5,72.5873431603039
-9.26359484217076,3.9053639489677,270.564341359498,173,72.5829415597714
-24.1766652352958,3.87439234584984,270.567385677072,173.5,72.5714540082982
-25.1063623341107,3.87218937970407,270.570822441692,174,72.559524710903
-18.901255400068,3.88473089876003,270.572860594363,174.5,72.550543772374
47.9885708504693,4.0224069280266,270.573088405821,175,72.5733455596512
-27.5030185664531,3.86772877089357,270.576614279633,175.5,72.5602774901563
14.0517621051364,3.95364316790295,270.574624419226,176,72.5669541901437
13.4477101868143,3.95270003186052,270.572405443482,176.5,72.5733438746375
-6.89183378038351,3.91069657816538,270.571874162022,177,72.570069217255
0.787631470013007,3.92665105850622,270.570540856261,177.5,72.5704434606408
-15.6353226608454,3.89260062881422,270.571520345306,178,72.5630143312668
-18.70937920824,3.88606468436186,270.573244704229,178.5,72.5541245627816
10.6001465701536,3.94677733037828,270.571308417928,179,72.5591612263645
-35.8511579793643,3.85092780024745,270.577243828001,179.5,72.5421265353245
-25.6796809287501,3.87123622247618,270.580795387994,180,72.529924825386
-11.3456297360801,3.9005955490563,270.581273039499,180.5,72.5245339451996
-14.6709323863443,3.89361704318125,270.582238016304,181,72.517563046223
7.89753796924735,3.94045025311886,270.580398537159,181.5,72.5213155643246
-9.82885302404553,3.90378643948948,270.580365944439,182,72.5166453811568
9.54212654444711,3.94402872897232,270.578400155156,182.5,72.5211793261313
-50.9096422735974,3.82004680898557,270.589572880067,183,72.4969895906816
59.3967770269315,4.04474031882878,270.592233559762,183.5,72.5252119913641
-20.8506833095971,3.881482817104,270.594020000882,184,72.5153047814392
7.40963914278054,3.93989759008875,270.592201004503,184.5,72.5188254742321
-47.634681963007,3.82692085858895,270.602003503539,185,72.4961918373913
15.9902446478375,3.95721296833831,270.600077616812,185.5,72.5037896080794
5.69408489967157,3.93620267325248,270.598143921569,186,72.5064951546359
-35.0621544892774,3.85212886296642,270.603782695569,186.5,72.4898353588976
15.6102947783794,3.95646653309009,270.601742970452,187,72.4972525962639
11.5115688082282,3.94830655715071,270.599497666775,187.5,72.5027223224621
-66.2293339827537,3.79037378320239,270.616888441042,188,72.4712534298024
0.514594729472142,3.92474992118629,270.616042634296,188.5,72.4714979396794
-1.11020286475322,3.92148593869519,270.614778951296,189,72.4709704263756
-25.8502724831778,3.87029933479767,270.617992078212,189.5,72.4586876597965
-11.97530577342,3.89866186418911,270.618471412211,190,72.4529975888069
24.0268178521991,3.97322765937309,270.616269901822,190.5,72.4644139402403
-10.7519725266091,3.9016008289607,270.616184250708,191,72.4593051364977
-34.9772864598406,3.85162990238907,270.621929186298,191.5,72.4426856658351
1.68815321720069,3.9269089503038,270.62062519016,192,72.4434877924637
32.8479478935811,3.99129924274911,270.618848475852,192.5,72.4590955071151
-11.9516237352479,3.89929838847709,270.61889219521,193,72.4534166886548
-23.8615779167221,3.8745587817221,270.621591262858,193.5,72.4420788510382
17.8266027393109,3.96066949207289,270.61939239289,194,72.4505491679561
27.7711702226276,3.98145537796717,270.617266851078,194.5,72.46374464981
-14.3827866437381,3.89472329391136,270.617697955941,195,72.4569106633901
7.09243225644825,3.93912583315998,270.615777695768,195.5,72.4602806352131
-36.1651812210371,3.85002427036191,270.621567037469,196,72.4430967359131
-24.8645172218169,3.8725772106591,270.624697483007,196.5,72.4312823513129
-35.8688149788472,3.84975865285812,270.630810088917,197,72.414239270543
-52.2706732047188,3.81630604247372,270.64289572173,197.5,72.3894028407405
-7.51079287106685,3.90694807209832,270.642920838787,198,72.3858340847161
-22.4440652695833,3.87600475440513,270.645434488344,198.5,72.3751697787606
-47.9638685063952,3.82383876411411,270.655924180071,199,72.3523797288114
6.14948938721454,3.93449351916519,270.654342743818,199.5,72.3553016609795
-6.16211321978145,3.90910882171679,270.65367951394,200,72.3523737305927
17.2174035819214,3.95767253466141,270.651252062177,200.5,72.3605545863044
-5.0852135664829,3.91175544744874,270.650328992199,201,72.3581383451881
31.8738894680962,3.98811502540494,270.648392362808,201.5,72.3732832356165
6.34020681527679,3.93610251758307,270.646235525097,202,72.3762957872415
27.0266039684446,3.97894285753477,270.644026853944,202.5,72.389137488163
5.41790633844468,3.93483746568251,270.641949222213,203,72.3917118083736
-22.1218330790755,3.87791784807735,270.644004282524,203.5,72.3812006111633
-37.7921412526612,3.84560057784617,270.650539930236,204,72.3632436611995
2.05233644005552,3.92718353117749,270.649130782043,204.5,72.3642188296219
10.6114050121404,3.94505544928881,270.646849359205,205,72.3692608426577
-30.7907298703409,3.85967762947978,270.651117506148,205.5,72.3546306159148
-18.9300247160992,3.88361541746994,270.652847596944,206,72.3456360076345
-9.13360327002362,3.9036898500333,270.652690068324,206.5,72.3412961726457
3.14884988249827,3.92914948212617,270.650957613174,207,72.3427923498378
-3.1644430194402,3.91617076542596,270.649805412409,207.5,72.3412887635609
-43.1529703883173,3.83409251417657,270.658066057816,208,72.3207846136407
32.6587580843272,3.98950796744506,270.656437731872,208.5,72.3363024346839
-4.37041523143973,3.91370934183951,270.655290373226,209,72.3342258302622
-4.36650338239387,3.91372116059292,270.654304774106,209.5,72.332151084557
-4.21668303898224,3.91403752930582,270.653302636819,210,72.3301475260437
-2.89380861974012,3.91679204458918,270.652137780285,210.5,72.3287725318024
-32.2068145366651,3.85634184713368,270.656898441396,211,72.3134694519038
-47.6713042102432,3.82466408106731,270.667066486026,211.5,72.2908184139886
-13.1419211929915,3.89444741680529,270.667901675405,212,72.2845740252488
-21.5027580963882,3.87705658785649,270.6701653,212.5,72.2743569817467
2.28256403712527,3.92616070095051,270.668597268316,213,72.2754415428974
38.8880466937062,4.00150308238521,270.667179402654,213.5,72.2939192127388
-23.2412795138347,3.87413625639895,270.669422854019,214,72.2828761101389
7.30511086048389,3.93713146935276,270.667431032582,214.5,72.2863471362796
0.893998004586622,3.92402138903335,270.665765797648,215,72.2867719197638
-6.45630881208117,3.90884920448051,270.665012540586,215.5,72.2837042022319
19.3769649402457,3.96233004672315,270.662573933977,216,72.2929111743257
0.909520543350268,3.92448562319042,270.660846840217,216.5,72.29334333335
-6.07084045900224,3.91007323111911,270.660017085752,217,72.2904587712493
-37.5506430816351,3.84533595934832,270.666324376618,217.5,72.2726165692313
-49.8698721559324,3.8200502361219,270.6773209206,218,72.2489208809396
29.4151028187822,3.98211093815938,270.675457226168,218.5,72.2628974779776
4.98319510793208,3.93232170210816,270.673326883072,219,72.2652652449854
18.1971969337144,3.95979689403357,270.670801983616,219.5,72.2739116498725
18.7364819088497,3.96124858155666,270.66824940136,220,72.2828142962159
9.35387178887179,3.94221632772878,270.665904274629,220.5,72.2872587918733
-6.51617008725383,3.90950943515544,270.665042622993,221,72.2841626312343
-17.2166598685198,3.88731220297421,270.666065399723,221.5,72.2759821288982
-20.9961118232079,3.87929918416315,270.667986965932,222,72.266005818561
-9.81632948285045,3.90212698715455,270.66784968055,222.5,72.2613415859584
-60.0210487280119,3.80042392383883,270.682573119849,223,72.2328225623452
-12.534543925484,3.89552393276094,270.683351274299,223.5,72.2268667691398
4.05799599854029,3.92986042981767,270.681497010696,224,72.2287949274469
-13.3254946540164,3.89395476227975,270.681833183609,224.5,72.2224633137089
-2.68885307026667,3.91589179701107,270.680668493711,225,72.2211857041731
-3.4547664792466,3.91434703988225,270.679524690938,225.5,72.2195441705963
35.4212078728522,3.99440717892822,270.677813244939,226,72.2363745706834
-21.3061387704586,3.87808279388435,270.679527650114,226.5,72.226250950927
-45.6462595463194,3.8283278751382,270.688678127426,227,72.2045621137366
16.0203991361304,3.95443177009714,270.686477355925,227.5,72.212174212341
17.874629053827,3.95858390811484,270.683855326227,228,72.22066734898
-15.5015865458034,3.88982850013564,270.684439181751,228.5,72.2133017643708
-30.9703577623579,3.85786111061234,270.688879019776,229,72.1985861873681
-29.1433197831849,3.86115706856626,270.693033458253,229.5,72.1847387281404
-29.7071740049362,3.85961438459133,270.697394763912,230,72.1706233533697
-3.21275157196941,3.91395105025451,270.696432700917,230.5,72.169096813266
14.142638909252,3.94997876111507,270.693918408411,231,72.1758166934006
-45.334567223274,3.82799637833071,270.702856405007,231.5,72.1542759569334
-3.49773147448697,3.91309678600909,270.702065968869,232,72.1526140085232
-23.1811884739597,3.87240534249065,270.704572510747,232.5,72.1415994582032
-25.2561673477297,3.8678617454846,270.707773611107,233,72.1295989809001
4.73437309566745,3.92968499232129,270.705926956211,233.5,72.1318485200363
-27.9918850668774,3.86214251757466,270.709627758069,234,72.118548165442
-35.3367124584877,3.84678711892923,270.715761017171,234.5,72.1017579133825
-10.9799641332631,3.89644422152008,270.716080954901,235,72.0965407793433
-27.1390377908311,3.86301305876179,270.719778661833,235.5,72.0836456554492
-15.5011017695865,3.88670287486691,270.720900612391,236,72.0762803011816
-27.936520009944,3.86092790602185,270.72489458775,236.5,72.0630062533147
17.7529844783231,3.9552579548844,270.722394750139,237,72.0714415904885
-25.625791458282,3.86578545400846,270.725493126136,237.5,72.0592654861518
-6.10413351553473,3.90588626683205,270.724919542598,238,72.056365104843
-29.4925251467285,3.85756904222069,270.729231012471,238.5,72.042351720557
-11.2443377123306,3.89487678877194,270.729561418806,239,72.0370089693134
11.6015292759774,3.94227530333663,270.727116732197,239.5,72.0425214402612
-9.920759519697,3.89788493650281,270.726874612809,240,72.0378075876879
16.9520379468039,3.9535717649962,270.724246999993,240.5,72.0458623548194
0.287443475074646,3.91941365573354,270.72252191569,241,72.0459989336935
-5.82371565989842,3.90681778007496,270.721650467734,241.5,72.0432317930329
-7.42211986941593,3.90349798744727,270.721057106603,242,72.0397051700182
-12.5037547795229,3.89293241732925,270.721331203447,242.5,72.033764006287
10.743896980254,3.94105965388071,270.718941683365,243,72.0388689729307
-0.552430360874645,3.91789228124741,270.717332047279,243.5,72.0386064854394
-27.8948558241152,3.8614466441957,270.720979281593,244,72.0253522343259
52.9123981908134,4.02661562709329,270.721543264482,244.5,72.0504935799941
-9.05981625270955,3.90089215929382,270.720897714851,245,72.046188804934
-7.92844686225669,3.90315154859068,270.720322461117,245.5,72.0424216004604
7.15199020397546,3.93436119036336,270.718102023369,246,72.0458198712642
1.36836040335889,3.92255311583918,270.71627258921,246.5,72.0464700482185
4.52910708356566,3.92918777795575,270.714194181206,247,72.0486220551327
-24.9807017800088,3.86830788468125,270.716913666435,247.5,72.0367524653965
-14.8672569577078,3.88879668473662,270.717671028398,248,72.0296882827268
-16.9954256984663,3.88423734938522,270.718793568509,248.5,72.0216128998889
13.2625207918785,3.94671895134194,270.716332368573,249,72.0279145915729
34.0958654255252,3.98965163121078,270.71428414813,249.5,72.0441152547034
-20.9069686058184,3.87690243999478,270.715873023953,250,72.0341813007992
34.2104002751095,3.99018378716556,270.714067948594,250.5,72.0504363852061
-2.82367159947021,3.91459787582571,270.712565115038,251,72.049094716596
-27.678579355012,3.86334124343355,270.715909911733,251.5,72.0359432293272
-10.4222336713335,3.89846831643086,270.715843081911,252,72.0309911011243
-33.4193027850024,3.85112803888806,270.720931044247,252.5,72.0151119069839
2.919984253158,3.92555623502191,270.71923558945,253,72.0164993385871
6.74960715564762,3.93361056920753,270.716974871877,253.5,72.019706416936
-9.52900805173516,3.900054936132,270.716539776227,254,72.0151787052182
1.88403874220108,3.92361898068004,270.714752952669,254.5,72.0160739069268
4.06202308931086,3.92822462186486,270.712705910775,255,72.0180039787076
-25.6781756893068,3.86690466525367,270.715577877134,255.5,72.0058029839841
-31.7747286662474,3.85409028348161,270.720360025881,256,71.9907052098475
-9.47768994498578,3.8995189423474,270.720246027425,256.5,71.9862018819473
61.7107113778495,4.04414865683749,270.722606962487,257,72.0155237493967
17.0918738222964,3.95546492974905,270.719840081211,257.5,72.0236449595965
-46.6000501635081,3.82516610453388,270.728831340781,258,72.0015029284398
26.8925070705732,3.97516695094267,270.726707852974,258.5,72.0142809131704
18.4534791936444,3.95834718526436,270.723966134846,259,72.0230490906686
-25.712340450581,3.86752450470107,270.726618369589,259.5,72.0108318625461
36.9361310964165,3.99598196713923,270.725131674572,260,72.0283820789659
-22.7221876489317,3.87392466496421,270.726978117504,260.5,72.0175856230586
-1.42591675523665,3.91754955307908,270.725559085384,261,72.0169080981823
-7.41091492823116,3.90518368123709,270.724759550682,261.5,72.0133867991994
-8.70956223262349,3.90242605914592,270.724196354322,262,72.0092484474672
-23.262656652754,3.87234011300542,270.726462422275,262.5,71.9981951875118
-41.4197655628057,3.83512285810446,270.734076735815,263,71.9785145705087
-29.2182074650822,3.85921839010933,270.738278015495,263.5,71.9646315283711
0.787921843084995,3.92073453224326,270.736721327238,264,71.9650059097277
3.30234698115551,3.92604250608073,270.734699105527,264.5,71.9665750211233
14.7693099769899,3.94986737954194,270.732029186366,265,71.9735926642487
-21.7067358705009,3.87477273234879,270.733851770987,265.5,71.9632787006313
-51.8373324348692,3.81359949374814,270.745346359252,266,71.9386481728567
-5.2641397212567,3.9076957949889,270.744754672218,266.5,71.9361469149114
-26.7277562615292,3.86342369569763,270.748066178574,267,71.9234472115888
22.0210571640669,3.96376086918289,270.745496609615,267.5,71.9339105250857
-21.3631091563191,3.87455776762909,270.747284924602,268,71.9237598358293
-24.4978264224001,3.86784875607189,270.750123859098,268.5,71.9121196844987
-7.44445372630714,3.90274502263315,270.749592380404,269,71.9085824495435
-22.6202477489438,3.8713731374858,270.751910958645,269.5,71.8978344304176
-54.7701894215008,3.80622168120038,270.764929228108,270,71.8718103545555
34.5612691107893,3.98817955541023,270.763085765845,270.5,71.8882321544202
19.1623064944763,3.9573866234997,270.760137161564,271,71.8973371314737
29.270224010732,3.97843031729949,270.757557997192,271.5,71.9112448892924
13.5039453808499,3.94662031414499,270.754766395814,272,71.9176612939596
-14.9875737146461,3.88795608840374,270.755139597806,272.5,71.9105399427381
-37.5064424212262,3.84171823933192,270.761437256243,273,71.8927187426803
5.01570584601591,3.92864479291824,270.759498702587,273.5,71.8951019571774
1.85078170460257,3.92224866486595,270.757531814721,274,71.8959813567923
-11.9630877446975,3.89374755689072,270.75746217286,274.5,71.8902970912036
-31.5063543600426,3.85348272739409,270.762011047476,275,71.8753268352184
-19.3413864537286,3.87796578250756,270.763715777162,275.5,71.8661367682556
1.7138995429591,3.92131408974076,270.761938305025,276,71.8669511282605
-8.21555435334865,3.90085484628709,270.761291660602,276.5,71.8630475045558
5.14226475139632,3.92848248779961,270.759118671725,277,71.8654908535638
-0.204107501571661,3.91756772079964,270.757373765895,277.5,71.8653938718085
-40.7303909490984,3.8344642212873,270.764730687458,278,71.8460408114094
46.882701846288,4.0132220340267,270.764251091054,278.5,71.8683171446182
-28.1498483672252,3.86027135551898,270.767538614869,279,71.8549417337031
-10.5788573173187,3.89602853591228,270.767448684543,279.5,71.8499151857165
-5.1208632091346,3.90723609458782,270.766393849597,280,71.8474820056593
0.274590795364134,3.91840938605509,270.764638859788,280.5,71.8476124775777
10.7520028293556,3.94016205053112,270.762041446902,281,71.8527212957187
8.02154068553045,3.93475252064769,270.759546355496,281.5,71.8565327337571
-19.9954026199326,3.87701828198059,270.760993140872,282,71.8470319107698
-28.2251946670163,3.85988039219549,270.764675821593,282.5,71.8336206990323
13.2684926421069,3.94514982548186,270.762170594438,283,71.8399252282432
0.172514276346114,3.91835333458486,270.760325546517,283.5,71.8400071984657
-2.49940961097654,3.91288736837182,270.75885245939,284,71.83881960306
-9.65355354281587,3.89810245153369,270.75841212449,284.5,71.8342327135059
-2.29401858182508,3.91324883090655,270.756984027592,285,71.833142709724
-15.1402070000745,3.88670770316315,270.75752895271,285.5,71.8259488347402
15.582916873514,3.95005919087102,270.754884825998,286,71.8333530634849
-9.50097722204425,3.89850180818668,270.754321282618,286.5,71.8288386706263
-10.5482400421817,3.89624385899274,270.75407953094,287,71.8238266704494
-19.6802590886881,3.87729800666042,270.755625156341,287.5,71.8144755880282
-5.45237991166077,3.90644179967551,270.754704471878,288,71.8118848876865
-4.28268112002196,3.90885197919485,270.753524154203,288.5,71.8098499701604
-31.4116884544732,3.85301937718887,270.75802093716,289,71.7949246947153
4.26607031233128,3.92614187700627,270.756109564215,289.5,71.79695171961
-26.641680031116,3.862471905828,270.759290514178,290,71.7842929154403
-21.0764770557471,3.87353458809333,270.761380113117,290.5,71.774278419533
2.83780094212607,3.92275198155159,270.75952043613,291,71.7756268017055
-27.3854977063719,3.86047951135982,270.762958227083,291.5,71.762614572291
-12.6932420118197,3.89036406119303,270.763345547755,292,71.7565833736309
-26.0605894800445,3.86271760484887,270.766606894517,292.5,71.7442006748527
-31.9437030035302,3.85036062376462,270.771664635854,293,71.7290226124969
10.8761433048458,3.93836926602539,270.769290458224,293.5,71.7341904160309
-18.0448308739225,3.87875702368712,270.770511903166,294,71.7256164079338
-9.48350703467302,3.89627032753031,270.770284073829,294.5,71.7211103160412
-40.8696845327502,3.83190555081683,270.778061703788,295,71.701691070244
-38.550464101205,3.83598981792476,270.785473346986,295.5,71.6833738028969
-18.7080612668559,3.87606774507246,270.787374383499,296,71.674484660632
-18.8833802765621,3.87553581108219,270.789137194112,296.5,71.6655122154746
-17.4709950525514,3.87827956890805,270.790588659064,297,71.6572108656813
0.147509127764836,3.91467593840351,270.789028211545,297.5,71.6572809546982
-12.7878466291708,3.88795943349744,270.78934107728,298,71.651204804619
12.4042724227312,3.94011741933162,270.786698222349,298.5,71.6570986992714
16.3896235618807,3.9486378219644,270.783768010783,299,71.664886234999
-5.72620353462368,3.90320074573616,270.782707860356,299.5,71.662165427261
-17.4757501030562,3.87887492894799,270.783905719607,300,71.6538618181037
-6.1473516980205,3.90214028589716,270.783135256874,300.5,71.6509409016594
-22.9812022927626,3.86734075852972,270.785637860979,301,71.6400213748478
-15.7181948428166,3.88204538623462,270.786657529053,301.5,71.6325528687257
13.9798515921952,3.94343140752267,270.783967580476,302,71.6391954004061
15.474677517492,3.94682513165572,270.781063344666,302.5,71.6465481991806
-39.727847533907,3.83349580865405,270.788216619162,303,71.6276714976578
26.1632884862535,3.96854335512192,270.785676436721,303.5,71.640102993907
-55.2263263288315,3.80259109802037,270.79860657968,304,71.613862184424
-38.9519531444371,3.83416430366886,270.806293970455,304.5,71.5953541494087
6.43411976381631,3.92715198878705,270.804233455339,305,71.5984113238061
-15.4492407895438,3.88200302133287,270.804986051713,305.5,71.5910706113024
-25.9295991142603,3.86026325498646,270.808377840746,306,71.5787501526451
12.7668262567017,3.940045696963,270.805767563475,306.5,71.5848163148865
14.7714486034965,3.94448693032133,270.802826504371,307,71.591834974181
7.75910922216887,3.93032076767914,270.80025377053,307.5,71.595521717812
-16.8823850057368,3.87949477016112,270.801193435259,308,71.5875000463013
31.5469756457331,3.97915542862662,270.798689716007,308.5,71.6024896035055
-18.2465494902939,3.87710171974278,270.799759518409,309,71.5938197487329
-4.93588837906507,3.90440428828927,270.798735838631,309.5,71.5914744595349
-25.0441098963589,3.86289908566852,270.801638083927,310,71.5795747414086
-3.66613302647907,3.90672229035605,270.800516511719,310.5,71.5778327769383
-18.7537542688262,3.87554224342126,270.801946564639,311,71.5689219236266
3.23162740546932,3.92084479743325,270.799966686289,311.5,71.5704574325895
-40.0940177397444,3.83192425580447,270.807354867697,312,71.5514067451573
-37.3159774211698,3.83693681050425,270.814313602883,312.5,71.5336760446151
-27.8570679399767,3.85568186000726,270.818474444848,313,71.5204397484288
-27.2296663831179,3.85662717059021,270.822414286389,313.5,71.5075015623255
-30.2729751012888,3.85006938572733,270.827257926556,314,71.4931173469535
-21.5410154009752,3.86763509700424,270.829806688728,314.5,71.4828821254788
-28.0215232211158,3.85408942773307,270.834014245839,315,71.4695676883045
-47.5684902401324,3.81413525962703,270.844940494683,315.5,71.4469655024854
-40.2224474775879,3.82821501920707,270.853495552165,316,71.4278537916155
-51.8462974517874,3.80435222890121,270.866584903367,316.5,71.4032190041098
-2.19817441128008,3.90544368151476,270.865738463589,317,71.4021745407212
-21.6337705287646,3.86521198847853,270.86828406051,317.5,71.3918952466131
-10.0767544508607,3.88901324855528,270.868400077989,318,71.3871072729902
-28.6004384013631,3.85067934824146,270.872881237412,318.5,71.3735177640528
10.6616558119003,3.93185904578719,270.870330911968,319,71.3785836537749
-53.1908309395906,3.80104916500108,270.883416242359,319.5,71.3533100106826
-7.71075063446425,3.89326711581136,270.883418202182,320,71.3496462446525
21.6611035603326,3.95424415494581,270.880221209921,320.5,71.3599385260607
6.05000078696309,3.92245540137356,270.877662034841,321,71.3628131861835
8.26026284681432,3.9272651911256,270.874975579316,321.5,71.3667380531455
-15.8734917285339,3.87741199774251,270.875842787776,322,71.3591957576505
30.2863881980807,3.97265375213086,270.872903163523,322.5,71.3735863462604
-16.4811018988199,3.87665746040533,270.873719678571,323,71.365755344567
16.3222586354887,3.9444665344011,270.87072035027,323.5,71.3735108718247
5.15564759867767,3.92173790873196,270.868221492276,324,71.3759605796976
-12.6685632114125,3.884953963559,270.868326737959,324.5,71.3699411071788
-7.65632364766292,3.8952315413934,270.867663550717,325,71.3663032021517
-17.6049879032885,3.87461221073688,270.868906579875,325.5,71.3579381856056
-34.4634217748769,3.83984506477735,270.874820368467,326,71.341562877939
8.78448932861295,3.92868725671045,270.872377792893,326.5,71.3457368313087
-9.76878782837942,3.89046405407536,270.871966496461,327,71.341095188141
-31.4656170930944,3.84571461522149,270.876905578647,327.5,71.3261442884833
-9.16467859282577,3.8912682717238,270.876723888538,328,71.3217896880433
20.1906851137927,3.95200168372012,270.873572479587,328.5,71.3313832995801
-11.7206368107767,3.88639495961258,270.873437479158,329,71.3258142346428
0.354319898490891,3.91134841880308,270.871616375291,329.5,71.3259825898743
-10.5729137322375,3.88879469662309,270.871372021463,330,71.3209588659844
-34.3126186758509,3.83991238088202,270.877152803648,330.5,71.3046552124664
-16.8224138833681,3.87533013100363,270.878515614662,331,71.2966620362567
-19.9162476181967,3.86878454913115,270.880453396111,331.5,71.287198823798
-64.1013614138646,3.77978526454888,270.898354106233,332,71.2567410380954
-29.3794686615334,3.84813450653456,270.903528523839,332.5,71.2427813726403
16.4290930271878,3.94268335365394,270.900563229462,333,71.250587662299
5.17101335615827,3.91979031541108,270.898045457952,333.5,71.2530446712173
-40.3929086911146,3.82610478319574,270.90592675423,334,71.2338519656385
-30.9374957205494,3.84474611445029,270.911212253988,334.5,71.2191520030472
25.1567444081649,3.96034789239339,270.908107741401,335,71.2311052395036
17.1067617317496,3.94433830218264,270.904750574511,335.5,71.2392335236991
-18.2720116334023,3.87144889537381,270.906005872745,336,71.2305515705797
-10.4277485345976,3.88749758999012,270.905885265952,336.5,71.2255968219874
4.04791628086665,3.91748579246259,270.903601369657,337,71.2275201909129
-12.3331384580776,3.8836830914927,270.9036696174,337.5,71.2216600955903
-6.47673433871038,3.89573689035624,270.902802642848,338,71.2185826728618
27.2359300125561,3.96530545551037,270.899616190256,338.5,71.231523835131
-8.53591989000602,3.89202551023118,270.898812588257,339,71.2274679896224
11.1807984956912,3.93281282827024,270.895921070614,339.5,71.2327805501836
5.21301610737439,3.92073530620459,270.893369147959,340,71.2352575167247
-30.1177039070048,3.84798996472708,270.897623720346,340.5,71.2209470785184
9.14940080455687,3.92864659621862,270.895035986453,341,71.2252944197116
-56.1888276383249,3.7955696300432,270.908728311309,341.5,71.1985962773735
4.41231362647249,3.91828335916731,270.906813913902,342,71.2006927898332
-8.83970897368618,3.89099796637714,270.906199515302,342.5,71.1964925988286
-17.5118763558425,3.87302055927897,270.907406444162,343,71.1881718242689
6.50098934542114,3.92258256922592,270.904916653014,343.5,71.1912607717728
3.32830822060135,3.91621882459714,270.902568671075,344,71.192842218661
-11.5571633313062,3.88552665945294,270.902421928275,344.5,71.1873508282083
11.5171716405887,3.93320525897082,270.899519829143,345,71.1928232165943
11.0598403181341,3.93252722393214,270.896512430668,345.5,71.1980783038324
11.0717457491974,3.93279971976534,270.893514699288,346,71.2033390479406
-8.3720777303515,3.8928254152629,270.892697638547,346.5,71.1993610520951
-29.6283423341129,3.84902613302147,270.896852476979,347,71.185283134222
-3.83618211084625,3.9017555582248,270.895655487779,347.5,71.1834603708661
20.4768341364732,3.9519605815963,270.892433764829,348,71.1931899462174
-20.4322525841672,3.86791875038377,270.894001339081,348.5,71.1834815538073
-16.5263891354199,3.87570113237483,270.894986985381,349,71.1756290338666
-17.9648993968283,3.87254997931907,270.896286598577,349.5,71.1670930052406
4.64388057098378,3.91912433405063,270.893975636195,350,71.16929954682
2.81993442715775,3.91551251728083,270.891692960816,350.5,71.1706394397113
-21.1259067489834,3.86614777525048,270.893561829393,351,71.1606014572669
15.6644614444767,3.94189819485025,270.890560943112,351.5,71.1680444319448
-38.092455767054,3.8316459137062,270.897204723963,352,71.1499447874279
-40.6507435510528,3.82590703608422,270.90527786094,352.5,71.1306295715195
31.7403897474883,3.97400975066226,270.902529597523,353,71.1457110295061
-1.52768435930744,3.90625545558718,270.900621580797,353.5,71.1449851497149
7.57715590410192,3.92514808759094,270.897918036682,354,71.1485854381592
-31.2982052327091,3.84521872024494,270.902458113452,354.5,71.1337140843092
-18.9278023860955,3.87011759413442,270.904110142938,355,71.1247205319699
-77.9921104903869,3.75279329394356,270.928697676448,355.5,71.0876625516803
-5.19138330750195,3.89713067153214,270.928338164381,356,71.085195863972
22.2980612893992,3.95395205046623,270.924981329951,356.5,71.095790796082
-11.4058928677116,3.88480326708961,270.924703322587,357,71.0903712818463
-16.8136943523685,3.87354389012839,270.925745224681,357.5,71.082382248725
-7.72077217071437,3.89218867281787,270.925061727609,358,71.0787137209582
-37.5493567342215,3.83092744440817,270.931901515762,358.5,71.0608721301487
7.12440582647048,3.9224443616088,270.929493703057,359,71.0642572942253
-14.566804622622,3.87774443667226,270.929956880731,359.5,71.0573358715943
-31.0668362650358,3.84369795543436,270.934819967875,360,71.0425744527953
-14.7549270968994,3.87683352289869,270.935672144084,360.5,71.0355636437007
-21.5312849204198,3.86272792976476,270.937968211911,361,71.0253330456675
-19.8283278077472,3.86600885049448,270.939923184172,361.5,71.0159116083393
-57.6196811284018,3.78949379253707,270.955009858619,362,70.9885335954336
-23.7974946654096,3.85677903562066,270.958520257293,362.5,70.9772262069977
-10.5004767963925,3.8840657893185,270.958571608637,363,70.9722369015448
-31.7340682963719,3.84024623923552,270.963907067617,363.5,70.9571584471981
-15.280764671532,3.87376369106666,270.965043650504,364,70.9498977861844
-11.0067952234078,3.88254452435854,270.965118554788,364.5,70.9446679033428
-6.97182400902603,3.89090609029905,270.964386258939,365,70.9413552385734
-5.63283645304096,3.89372708134768,270.963376996444,365.5,70.938678794239
-17.8108694910393,3.86851500137441,270.964799958399,366,70.9302159529799
-25.5167017604439,3.85245783236315,270.968327425449,366.5,70.9180916826537
-30.9468437488602,3.84102501764339,270.973581033328,367,70.9033872783434
-5.13647797358906,3.89403875279266,270.972731892161,367.5,70.9009466789249
-18.0339131099101,3.86733681630621,270.974265392903,368,70.8923778584075
0.126721933115464,3.90491534818414,270.972480072499,368.5,70.8924380703811
9.13281615035952,3.92375138244393,270.969553893111,369,70.8967775313697
10.6461321917115,3.92715369317618,270.96644849694,369.5,70.9018360450378
1.87232923484586,3.90926123743995,270.964178622177,370,70.9027256829697
-20.8819639768755,3.86225340599801,270.966177087972,370.5,70.8928036100241
-7.30808246486375,3.89012544878262,270.965494611839,371,70.8893311719245
-5.61041083844036,3.89365353643346,270.964416413337,371.5,70.8866653831292
-9.4270958277878,3.88576365735918,270.963990933325,372,70.8821860950425
-31.5824201177826,3.84006183008012,270.969107841523,372.5,70.8671796963842
-17.2484126782577,3.86912207447061,270.970591978075,373,70.8589841066888
15.4409012631488,3.93672298117956,270.96737106198,373.5,70.8663208566634
-23.2524577874346,3.85698669846753,270.969922569941,374,70.8552724427027
-27.7165478776208,3.84753767928143,270.97403679162,374.5,70.8421029146762
-7.00175051468283,3.89001643349801,270.973401323038,375,70.8387760303166
-14.8943465532847,3.87366655965043,270.974142940098,375.5,70.8316989760155
13.4860958312309,3.93239878086612,270.97099733803,376,70.8381068994626
3.48703246911181,3.91204162776645,270.968515702899,376.5,70.8397637642364
2.0070972991955,3.90913768665759,270.966254844088,377,70.8407174372642
-19.1735894116615,3.86539827622049,270.967806568119,377.5,70.8316070991283
-55.7288082014638,3.79126658356046,270.982024293649,378,70.8051275351967
-18.3379757235055,3.86608145690485,270.984069738158,378.5,70.7964142392153
6.14065168997532,3.91671486212126,270.981529710809,379,70.7993319721483
-24.9126653595091,3.85262139606747,270.984647314885,379.5,70.7874947099426
28.3537133803746,3.9623410517435,270.981296098537,380,70.8009669873945
-55.0894484681478,3.79213057437749,270.994901917801,380.5,70.7747912154778
10.7660309723468,3.92605068538068,270.992277431569,381,70.7799066990961
-26.8715736951014,3.84844976136716,270.995883008407,381.5,70.7671386608666
-22.7644248968601,3.85656472242802,270.998691565165,382,70.7563221359152
-11.1687156341536,3.88031165358207,270.998782036857,382.5,70.7510153165301
-3.9117639780593,3.89533880946464,270.99746126601,383,70.7491566404219
-3.29732045122855,3.89668660102219,270.99597690453,383.5,70.7475899173839
31.3668884749123,3.96810828789996,270.992541390118,384,70.762493906102
-9.72984765722469,3.88405221894986,270.991888219063,384.5,70.7578707653711
-1.71341295389354,3.90061561929024,270.990148906522,385,70.7570566365691
-1.97515192635319,3.90014816024209,270.988390749218,385.5,70.7561181423971
-1.95436599262286,3.90026025655033,270.986629422842,386,70.7551895246693
-15.3815659254251,3.87251916074792,270.987289962043,386.5,70.7478809679024
2.5856070290514,3.90958835606124,270.985043263889,387,70.7491095200433
-19.4912376155429,3.86403574591796,270.9866211241,387.5,70.7398482512453
-15.1110092390596,3.87285570171586,270.987387502829,388,70.7326682495885
6.62773435088007,3.91775200046791,270.984717381434,388.5,70.7358174200289
-8.04839814885093,3.88755756480715,270.983883132268,389,70.7319932206568
-2.09775333505966,3.89985968644854,270.982193082842,389.5,70.73099647238
-13.7972691654171,3.87569517797085,270.982521767249,390,70.7244406948075
-26.8039084240065,3.84877945050229,270.986162573386,390.5,70.7117048077567
-8.20037652104776,3.88682189460233,270.985646043829,391,70.7078083958046
-10.0528061596915,3.88296481045243,270.985317630344,391.5,70.7030318012211
-31.8896351154142,3.83796156752543,270.990507055644,392,70.6878794292425
-10.1798076433719,3.88223893903112,270.990445148335,392.5,70.6830424898568
-9.51629116218587,3.88357410397251,270.990065709973,393,70.6785208205739
-45.7960445493814,3.80934328398394,271.000214022794,393.5,70.6567608129836
-37.2825164577272,3.82579187517679,271.007752830789,394,70.6390460114306
-18.6511666211278,3.86349480128544,271.009737560365,394.5,70.6301839026778
47.88951764213,3.99968816014247,271.007653711846,395,70.6529386247863
-1.90919709103795,3.89900729598271,271.005666695072,395.5,70.6520314690788
6.56703204844846,3.91664301096441,271.002871069534,396,70.6551517967976
-21.2967631814427,3.85917798429073,271.004884268107,396.5,70.6450326318559
-6.58404117083797,3.88935447690738,271.004006109683,397,70.6419042222462
-51.7902255411358,3.79719527889672,271.01646837599,397.5,70.6172960773296
11.6757252993154,3.92646535453296,271.013688664996,398,70.6228438025455
-23.6516900152885,3.85365873768024,271.016376447487,398.5,70.6116056932433
0.0346636456457503,3.90241837381497,271.014520198014,399,70.6116221636874
-1.30830280529575,3.89975692235693,271.012658951072,399.5,70.6110005231232
-29.9875031795872,3.84063343043979,271.017219901828,400,70.5967519498409
6.65877063377765,3.91599703463032,271.014636836298,400.5,70.5999158671826
-17.8428377414423,3.8654572356115,271.015868207002,401,70.5914378361975
-23.9792374227389,3.85262581490299,271.018866250947,401.5,70.5800440926229
3.59873752862705,3.90945107988423,271.016562905255,402,70.5817540340973
-18.1156868863837,3.86463077177495,271.017896490671,402.5,70.5731463587395
-7.60785188167831,3.88621075823121,271.017202530933,403,70.5695314850901
-12.1313969955249,3.87683174564983,271.017296541279,403.5,70.5637672472983
9.69585015534698,3.92199749085231,271.014286655312,404,70.5683742341037
-6.09913213674345,3.88954162677607,271.013101983097,404.5,70.5654762292018
21.6739463919737,3.94689776971368,271.009499800362,405,70.5757746128862
-31.8862439328181,3.8369114147024,271.014387631303,405.5,70.5606238522293
19.4990400125113,3.94246488557715,271.011025431942,406,70.5698888283391
-21.2864242491839,3.8586257932202,271.012932091038,406.5,70.5597745759449
25.9128254006178,3.95571919376513,271.009451731479,407,70.5720870645659
-41.1987554287306,3.81837695148808,271.017365616004,407.5,70.5525114606102
-5.65537889626662,3.89061021868047,271.016483617599,408,70.5498243052254
-57.2080847886146,3.78594736782539,271.031235847351,408.5,70.5226418624736
-31.8141152009236,3.8358494552095,271.03702028659,409,70.5075253738104
14.5746522195862,3.93130041888468,271.033804400328,409.5,70.51445052523
-0.746931666829748,3.8999714001485,271.031747450456,410,70.5140956203709
12.2153308982422,3.92688862044756,271.02842868082,410.5,70.5198997393877
2.86382174357802,3.90785855691722,271.025891536535,411,70.5212604853536
-31.8364136943738,3.83644393577859,271.030879076237,411.5,70.506133401553
1.02975202343214,3.90379165908921,271.028907098552,412,70.5066226886097
-10.2398481844984,3.88056891995424,271.028485307879,412.5,70.5017572209386
22.877613437336,3.94885904796133,271.02485672244,413,70.5126275274671
17.5700112127055,3.93843444210363,271.021173979896,413.5,70.5209759248257
3.35786302926498,3.90949934948773,271.018536715963,414,70.5225714146922
-0.472804262654404,3.90170325514494,271.016441786318,414.5,70.522346761571
-22.5878120021494,3.85612097809234,271.018687069637,415,70.5116141543022
3.14362002881217,3.90896574184939,271.016349372231,415.5,70.5131078465274
5.20569393085876,3.91336085692797,271.013604426953,416,70.5155813339336
7.12503124735966,3.91748187569864,271.010667205091,416.5,70.5189667951792
-14.2085290506991,3.87358277790699,271.010893512725,417,70.5122156073194
-41.6787483138181,3.81739312731064,271.019165278348,417.5,70.4924119345659
2.9382675641974,3.90828561573462,271.017044728702,418,70.4938080534912
-14.1599568969725,3.87306735650079,271.017353846398,418.5,70.4870799447083
12.7082471982549,3.92845524189547,271.014123546385,419,70.4931182730882
-23.426443604963,3.85416278074144,271.016539608077,419.5,70.4819871897016
29.7759138980628,3.96331787107923,271.013176240926,420,70.4961352262581
20.1629072809532,3.94428290241732,271.009461113123,420.5,70.5057156391473
-18.6311535464731,3.86471453932749,271.01054324642,421,70.4968630396144
7.3685243169825,3.91814159930268,271.007746776676,421.5,70.5003641966826
6.54179622935557,3.91661838977563,271.004853554144,422,70.5034725335926
-3.1388343328545,3.89679334131019,271.00309911605,422.5,70.5019811152926
-31.5519901940819,3.8384293302507,271.007788604465,423,70.4869891754238
-44.7021539428071,3.81145025827127,271.01731438687,423.5,70.4657489303619
15.2495195933256,3.93367232970879,271.014219789155,424,70.472994745265
-3.3666587446092,3.89560201974624,271.012477695705,424.5,70.471395076111
-38.8965518756966,3.82281146133004,271.019682049763,425,70.4529133650292
-23.2278544121463,3.85410446565795,271.022524472492,425.5,70.4418766413714
13.7275555232693,3.93011986658194,271.019294169745,426,70.4483992944809
-40.0117395299938,3.82003594565862,271.026862786093,426.5,70.4293877015707
10.942013599406,3.92416359832093,271.023957309745,427,70.4345868033996
17.4781924123019,3.93786662101666,271.02032418455,427.5,70.442891573021
-15.5993007988257,3.86997384501268,271.020806605529,428,70.4354795594481
9.8157212808076,3.92230594717609,271.017770362402,428.5,70.4401435030633
10.6281753937366,3.92421197278147,271.014516525022,429,70.4451934845521
-28.3646376965656,3.84412295788486,271.018225311981,429.5,70.4317160164073
2.56839263744376,3.90744988524157,271.01599498705,430,70.4329363891237
0.556800315197236,3.90341707080328,271.013774360986,430.5,70.4332009530004
41.9769565964604,3.98789237472726,271.01116457013,431,70.4531463195303
-14.8428842344493,3.8724612660257,271.011291754258,431.5,70.4460937175691
4.86912123664778,3.91295222768617,271.008686260525,432,70.4484072823346
-39.409227753714,3.82233925911983,271.015828077739,432.5,70.4296819731188
-39.6487998058606,3.82122869489902,271.02358383568,433,70.4108428311534
-6.53429258901788,3.88841634460908,271.022779535831,433.5,70.4077380596009
-14.7675411287001,3.87140576933201,271.023266542991,434,70.4007212569444
-15.3143765461117,3.87013143523976,271.023944574927,434.5,70.3934446252361
33.2519331821477,3.96971995565214,271.020635454288,435,70.4092442936475
3.74452639942155,3.90998667625364,271.017877168127,435.5,70.411023506758
-17.011395326767,3.86726947353698,271.018695466756,436,70.4029405359453
-23.4587441767128,3.85381661956081,271.02127303567,436.5,70.39179410493
6.55892594921413,3.91543307941974,271.018573902052,437,70.3949105810327
17.5417310763087,3.93819934873272,271.01498822682,437.5,70.403245541074
-16.9713829286812,3.86740765484462,271.015716940207,438,70.3951815821671
-39.8359834953431,3.82061212915714,271.02330158657,438.5,70.376253499802
-5.55655218239945,3.89018224510177,271.022330732835,439,70.3736133019671
-12.9835482694105,3.87484462773688,271.022432836188,439.5,70.3674441641809
-24.8202762287052,3.85037638402788,271.025431763495,440,70.355650800705
-9.61158531914619,3.88138151718564,271.025059861899,440.5,70.3510838523679
-8.46732360674788,3.88369510609208,271.024350721641,441,70.3470606004088
-2.78195582966083,3.8954201370803,271.022689910614,441.5,70.3457387530623
-20.6752203557314,3.85852989857518,271.024554122738,442,70.3359149144252
-6.27892969409741,3.88800020547061,271.023558847001,442.5,70.3329314786471
-7.37043356217995,3.88574280947455,271.022637282477,443,70.3294294144004
-9.61358630260429,3.88108361880068,271.022131481045,443.5,70.3248615152953
-4.00610357855524,3.89262682293748,271.020678236584,444,70.3229580136909
-14.4289696346501,3.87111148371603,271.021119120813,444.5,70.3161020834057
22.0677838157764,3.94623065404536,271.017549325532,445,70.3265875990884
1.47674498326072,3.9043097061453,271.01512339262,445.5,70.3272892750161
-20.3162910485808,3.85942227355695,271.016815721356,446,70.3176359817727
30.4144343954158,3.96346651006864,271.013448019985,446.5,70.3320874115809
-54.6423057622031,3.79064363718253,271.026489296579,447,70.3061240996872
-24.9947577276408,3.84931398430063,271.029992485149,447.5,70.2942478312622
12.1166391624791,3.92558976883637,271.026858668338,448,70.3000050568641
8.20122842050608,3.91780998965853,271.023765479055,448.5,70.3039018735965
-19.6126545780596,3.86059921417068,271.025247563415,449,70.2945829134836
15.4342611572562,3.93267771461079,271.021893312078,449.5,70.3019165084095
23.0913797648431,3.94865430003631,271.018167833325,450,70.3128883860879
6.27100971898183,3.91456983478642,271.015203451481,450.5,70.3158680586869
-11.5719741481674,3.87789416035085,271.014865873815,451,70.310369630869
-6.11316811281939,3.88903489270801,271.013692450441,451.5,70.3074649567679
16.4831638646961,3.93556807661879,271.010241083213,452,70.3152969382051
34.9517361734016,3.97337609782078,271.007023591343,452.5,70.3319042686397
-3.19448698197305,3.89596908870555,271.005121725883,453,70.3303864069628
-3.69914061702296,3.89491316662,271.003479586456,453.5,70.3286287589236
17.3331300934659,3.93817211103142,271.000043406186,454,70.3368646021303
9.1156302010276,3.92162131785851,270.996912910089,454.5,70.3411958972087
-7.76168258727831,3.88701941673081,270.995824155358,455,70.3375079308423
-5.71420910090422,3.89115144129948,270.99452234703,455.5,70.334792822264
-0.697982248525113,3.90144719049508,270.992504486581,456,70.3344611757392
-17.8840718470483,3.8660840570859,270.993481976034,456.5,70.3259635523534
-18.0235095450632,3.86555157794926,270.994651176363,457,70.3173996750936
-31.0135748910706,3.83877478196218,270.999285900227,457.5,70.3026635634562
4.64974261871499,3.9116221511171,270.996877630701,458,70.3048728903899
-15.6627093395763,3.86987520235937,270.997416456026,458.5,70.2974307482253
-2.58461429852405,3.8966602437623,270.995764420197,459,70.2962026677806
-61.8037892458008,3.77714716842068,271.012126303834,459.5,70.2668365743477
-31.921334424674,3.83547215809504,271.017752554038,460,70.2516691404305
30.6051296282185,3.96342454161268,271.014447433682,460.5,70.2662111791494
4.21738778060559,3.91000528133582,271.011668454527,461,70.268215072521
21.3225482722126,3.94526608606157,271.00804480978,461.5,70.2783464892582
4.69848943163773,3.91154064574675,271.005251495055,462,70.2805789782581
-8.55501337212928,3.88432572633657,271.004361730092,462.5,70.2765140604744
-0.825151771293035,3.90019918686254,271.002385054465,463,70.2761219893035
-9.25874950855951,3.88284426293108,271.001669816412,463.5,70.271722691033
-13.2642483271013,3.87450106107168,271.001790134279,464,70.26542017851
-21.4463757400251,3.8575336470269,271.00381205828,464.5,70.2552299251054
17.526168671003,3.93751806361354,271.000455557573,465,70.263557490664
19.9709662493583,3.94285333922843,270.996828801354,465.5,70.2730467027007
-10.7278609450864,3.8800522992543,270.996248934948,466,70.267949355585
-12.8286404191935,3.87560199526485,270.996274149626,466.5,70.2618538223214
-5.62325856547272,3.89031137348905,270.99504497797,467,70.2591819289238
9.05687230247145,3.92055732787602,270.992048069371,467.5,70.2634853051648
-42.3193874188138,3.81563251765033,271.00020634356,468,70.2433772325024
-10.2887450744243,3.88024370547503,271.000087435604,468.5,70.2384885314559
7.88995152292296,3.91767382163338,270.997209468091,469,70.2422374448548
3.18653262329423,3.90817719936107,270.994671883567,469.5,70.2437515270152
1.47402842413732,3.90476033301064,270.992357664133,470,70.2444519121688
7.96747907669455,3.91822863456414,270.989407956738,470.5,70.2482376628137
-10.8908107910739,3.87952226200613,270.988950245676,471,70.2430628900181
-24.7280380660847,3.85098637962707,270.991775147439,471.5,70.2313133535395
24.5762612031876,3.95198008747022,270.98841484754,472,70.2429907731853
-1.65623629022148,3.89858392955676,270.986391574501,472.5,70.2422038118963
5.05432248537581,3.9124481757638,270.983731757033,473,70.244605375104
12.778993901862,3.92846529936675,270.980465141349,473.5,70.2506773188065
-3.25132124548291,3.8957027475646,270.978714838932,474,70.2491324523081
-14.2064271385086,3.87312098247467,270.978958913509,474.5,70.2423822631727
-1.91766013456317,3.89826801033998,270.977210535192,475,70.2414710862469
1.52355597354099,3.90538869973686,270.974946517258,475.5,70.2421950044341
-54.1599689780202,3.79245759865812,270.987727432364,476,70.2164608750426
5.42617619572971,3.91271054285533,270.985506958624,476.5,70.219039124679
-43.0841159143473,3.81366485765015,270.99408554037,477,70.1985676909877
-23.4932507597293,3.85266886364171,270.997025913462,477.5,70.1874048641566
4.77634594655974,3.9106554343396,270.994572385461,478,70.1896743467085
-11.9050533460831,3.8763818434476,270.994418649321,478.5,70.184017656186
-72.7047055368013,3.75500206563474,271.016451465502,479,70.1494719883254
-25.1836711894798,3.84782719171604,271.020398479445,479.5,70.1375059575988
-14.5839498658005,3.86934488760079,271.021174774588,480,70.1305763883991
4.46829528894539,3.90863948112322,271.018676086037,480.5,70.1326995005666
7.35840457094921,3.91479266301935,271.015734812971,481,70.1361958492336
-23.6712089879641,3.85097796744488,271.018356479441,481.5,70.1249484654843
-47.519141682431,3.80243036042871,271.029236331933,482,70.1023697276508
27.6679363832408,3.95571078843414,271.025922000839,482.5,70.1155161579076
-6.77389059262936,3.88543518230904,271.024722061002,483,70.1122975412746
-29.9195793591808,3.83781526700653,271.029234914934,483.5,70.0980812420208
-16.0301661771446,3.86591221459903,271.030323662576,484,70.0904645026032
-21.2003022060469,3.85511344006724,271.032560497269,484.5,70.0803911711298
-4.02021797940811,3.89037176823861,271.031258652606,485,70.0784809630625
-0.619876700370035,3.89746505211179,271.029297971859,485.5,70.0781864284179
-33.985692089592,3.82891474052125,271.035120876538,486,70.0620381141889
-48.7396503734026,3.79877036806917,271.046786427984,486.5,70.0388794511972
-9.46998628305536,3.87812210109949,271.046805273806,487,70.0343797836947
-30.487995995209,3.83481771032977,271.051788984226,487.5,70.019893401065
22.9785888037079,3.94473866417485,271.048213059878,488,70.0308116860764
-13.2313021089001,3.87049180493132,271.048340758126,488.5,70.0245248279612
-13.6987661678805,3.86942602494702,271.048806291741,489,70.0180158541246
-30.5730236144056,3.8346229961635,271.053769627482,489.5,70.0034890705901
16.4790257955659,3.93135797783198,271.050388568782,490,70.0113190858222
16.7192656755167,3.93222163385333,271.046670558192,490.5,70.0192632511226
-37.078437972184,3.82188188460823,271.053400268291,491,70.0016454175378
-17.7978024413026,3.86076723335094,271.055015481355,491.5,69.9931887850923
2.51891995412618,3.90264926799906,271.052728152481,492,69.9943856508448
-29.0081680475361,3.83774194139142,271.057038315123,492.5,69.9806024090145
-17.0095530047462,3.86202119013696,271.058420815558,493,69.9725203135818
-15.8965434028849,3.86416556086583,271.059448429558,493.5,69.9649670650751
-17.2603036472845,3.86121374620742,271.060798586014,494,69.9567658253813
21.3284619676474,3.94078575022718,271.057112289033,494.5,69.9669000520131
-28.9810745288308,3.83747829340325,271.061293377128,495,69.9531296836783
-27.1660009221022,3.84080091996933,271.065379573185,495.5,69.9402217482424
31.1365914326725,3.9605293580486,271.061812886392,496,69.9550163112353
-10.5470514192304,3.87539269538173,271.061301577176,496.5,69.950004875833
5.15687307128954,3.90783296161098,271.058611189889,497,69.9524551659897
-37.8862546779372,3.81949593271408,271.065721990418,497.5,69.934453497997
-25.4885982283934,3.84417787283846,271.069387253977,498,69.9223425810745
-4.58020363878053,3.88705797293929,271.068211895201,498.5,69.920166295613
-18.3386360969767,3.85863949060266,271.069699515682,499,69.911452685855
28.7966559300089,3.95559719902314,271.065992920721,499.5,69.925135427624
-3.48199894955711,3.88979864768238,271.064216982636,500,69.9234809545289
