curr_dens,Volts_tot,Temp_tot,t_tot,SOC_tot
-21.3571305515924,3.89548763204555,268,0,72.9999999999999
-21.3571305515924,3.8951354970659,268.002609688668,0.5,72.9898521514799
-8.4704567104865,3.92235169087408,268.003457561541,1,72.9858274108254
-31.6400467324498,3.87292155283564,268.008398347723,1.5,72.9707936308597
-9.72036171660609,3.91906154546191,268.009494447588,2,72.9661749973769
31.7085060630607,4.00767226692918,268.010448754593,2.5,72.981241305819
-22.44025165237,3.89229864760428,268.013171325568,3,72.9705788119052
-10.5722041510367,3.91729151133054,268.014270378826,3.5,72.9655554251731
0.455498464013624,3.94083139251028,268.014265795599,4,72.9657718554376
-12.8008992240992,3.91239882868356,268.015529022055,4.5,72.9596895034131
-18.0295557692409,3.90104071238659,268.017689838776,5,72.9511227532876
13.028891819485,3.96743326757323,268.017401567503,5.5,72.9573134360786
-6.9164728955417,3.92480917710301,268.017891538656,6,72.9540270714114
30.2985207346546,4.0044327622103,268.018652668412,6.5,72.9684234248006
33.4938223506325,4.0117129190354,268.019796096696,7,72.9843380269403
-35.0549889151898,3.86596538223762,268.025277397159,7.5,72.9676816359271
-0.817413223102876,3.9382880272654,268.025483589453,8,72.9672932417303
13.2703937335231,3.96856050244979,268.025120276607,8.5,72.9735986742455
10.776317470093,3.96342919507712,268.024695386057,9,72.978719045497
-9.84791206889197,3.91928572603177,268.025460114485,9.5,72.974039806417
-23.7167909766426,3.88953267251332,268.028547580656,10,72.9627707643688
-34.6551563188796,3.86610130545349,268.034342684116,10.5,72.9463043539623
-25.6828279834401,3.88446576483349,268.038149467015,11,72.9341011486996
7.25688973136536,3.95459895187264,268.03788749627,11.5,72.9375492625528
-17.1974328823295,3.90229214428078,268.039784512839,12,72.9293778959264
-29.6336048347254,3.87566337958292,268.04438731306,12.5,72.9152974775742
-11.0812274912648,3.91469483005691,268.045628541081,13,72.9100322282128
-21.5513534088572,3.89221443646572,268.048484983244,13.5,72.8997920946298
-7.99692563187828,3.92088568908742,268.049285769411,14,72.8959923524434
19.7662769276041,3.98037867392115,268.048985478399,14.5,72.9053843062728
-11.508648687209,3.91365067385082,268.049975918516,15,72.8999159675712
11.8876970173467,3.96373090335136,268.049524915837,15.5,72.9055644112277
-52.4403285536529,3.82789588817709,268.060892890807,16,72.8806473696231
-44.8109581753626,3.84270021542371,268.070320479452,16.5,72.8593554261896
0.114970996199226,3.93720508556056,268.070525918433,17,72.8594100547011
13.8144046862107,3.96668605711536,268.069933506,17.5,72.8659739742227
-17.9310760913002,3.89890138691182,268.071975191412,18,72.8574540167528
9.29651991462174,3.95704763401027,268.071507940898,18.5,72.8618712616458
-22.9300160315887,3.88823716474229,268.074512420081,19,72.8509760560052
-16.4547680558777,3.90170217921917,268.07651930198,19.5,72.8431575668471
27.1173003672016,3.99477242888675,268.076611105457,20,72.8560423621963
-9.35927309056407,3.91717101359108,268.077263715848,20.5,72.8515953001084
-29.1399929640068,3.87496538619547,268.081735898001,21,72.83774942162
32.0282819303031,4.00511740330166,268.082390287495,21.5,72.8529676716843
10.7840514137804,3.96043850898415,268.081680659099,22,72.858091717722
-1.21904552920707,3.9348783633909,268.081525053452,22.5,72.8575124877857
-36.6571311297125,3.85957579544752,268.08781411224,23,72.8400948383037
9.48762896076738,3.9573154752815,268.087432378171,23.5,72.8446028887311
7.6240629980646,3.95351787116756,268.086815340868,24,72.8482254650985
-13.8691062072261,3.90758320349972,268.088112176988,24.5,72.841635554129
-30.2241784601739,3.87268046498228,268.092828340575,25,72.8272745244991
-23.7422601677202,3.88592918233698,268.09624503225,25.5,72.8159933807553
-15.3828894774462,3.90339513111849,268.098056591082,26,72.8086841951022
-17.2221171971131,3.89928687971487,268.100134934408,26.5,72.8005010997144
-23.2365390685213,3.88627913686609,268.10341935839,27,72.7894602495389
-21.7094085971085,3.88921483021231,268.106461846257,27.5,72.7791450159744
-24.6951395297066,3.88260161335486,268.110162922558,28,72.7674111112476
-50.1703467054018,3.82915748926219,268.121517009617,28.5,72.7435726523619
-37.244905368779,3.85511834100317,268.128966756497,29,72.7258757217318
-37.9692025726264,3.85309374126779,268.136603055316,29.5,72.7078346410161
25.0158986734011,3.98687189125589,268.136342345904,30,72.7197209545693
-2.94215725046889,3.92755931535079,268.136286590221,30.5,72.7183229874581
0.862723563622657,3.9357715685095,268.135991956274,31,72.71873291088
7.37841525397197,3.94985276361783,268.135290843042,31.5,72.7222387676305
1.30175623649769,3.93700803376643,268.13488874634,32,72.7228572975902
-4.1660131672783,3.92536450208659,268.134992780242,32.5,72.7208778148852
-8.79716176768047,3.91543630736223,268.135671178253,33,72.7166978402013
-21.5327976838314,3.88817554033187,268.138544877953,33.5,72.706466523378
-0.0647462225669315,3.93381899410362,268.138412886947,34,72.7064357591863
-14.9166954238393,3.90207358864309,268.140002958194,34.5,72.699348085811
-25.7407013695521,3.87888455898958,268.143879189005,35,72.6871173819873
-57.3861973523143,3.81298322964171,268.158137489675,35.5,72.6598503089846
30.7893479638637,3.99838290852843,268.158403839956,36,72.6744798791142
-2.03879622986948,3.92891714703035,268.158165019614,36.5,72.6735111443278
8.15933495838176,3.95083933230587,268.157380214449,37,72.6773880553661
-10.9132098940299,3.91015126479424,268.158252429408,37.5,72.6722026396285
-11.9106823692877,3.90791074001301,268.159384408649,38,72.6665432744734
18.5084655698745,3.97294188297254,268.158607922775,38.5,72.6753375787687
0.950023081416299,3.93572424937131,268.158110567633,39,72.6757889825889
-43.4395556637058,3.8417961563025,268.166725000472,39.5,72.6551486615686
1.65571673983432,3.93667289829907,268.166569219286,40,72.655935375993
59.1190847632531,4.05759966285085,268.171500988364,40.5,72.6840258310931
-30.4267930651207,3.86946125915841,268.17597073337,41,72.6695685290584
-0.0884505739949848,3.9336046131732,268.175766729688,41.5,72.6695265017353
-12.5814948864762,3.90690867285021,268.176819930339,42,72.6635483997634
-17.1809037956657,3.89694874420268,268.178730714645,42.5,72.6553848869386
52.1445559911357,4.04357757873063,268.182142205508,43,72.6801613921002
-8.49438992940374,3.91618828548333,268.182414225881,43.5,72.6761252795679
8.93682858712896,3.95341970610207,268.18157200551,44,72.6803716169929
-15.7026437581624,3.90087054166608,268.182991092529,44.5,72.6729104999745
8.26504467558314,3.95194427396657,268.182203398571,45,72.6768376390242
-27.5072509747932,3.87579929680009,268.186022500454,45.5,72.6637675584989
-19.8976208225582,3.89149841029012,268.188483206049,46,72.6543131965691
-2.06814709392014,3.92931471754462,268.188341184706,46.5,72.6533305157087
-24.4401562280927,3.88162686763065,268.191602066753,47,72.6417177663923
-8.4775030627089,3.91527989025122,268.19221758099,47.5,72.637689677661
-2.74146104330388,3.92749297269708,268.192068865518,48,72.6363870714272
-52.6857159852658,3.82255796643524,268.203931388188,48.5,72.6113534338932
-21.7538814355351,3.88612578792118,268.207168498855,49,72.6010170690431
2.89200100049311,3.9385395399829,268.206653125101,49.5,72.6023912043935
-9.37679200283722,3.91238942187445,268.207242799411,50,72.5979358181879
-6.95215555881216,3.91750653593945,268.207575314803,50.5,72.59463249889
26.6849200070115,3.98930059662493,268.207013434422,51,72.6073118485503
-1.54461225199231,3.92955556958478,268.206561305946,51.5,72.6065779254646
18.6899842897366,3.97285216886699,268.205613911224,52,72.615458478447
18.0617593270765,3.97186098462772,268.204595664311,52.5,72.6240405301049
-7.40591935333484,3.91771646785698,268.204747431839,53,72.6205216047714
-44.86870276866,3.8387150838511,268.213631836246,53.5,72.5992022239729
-22.0730517946702,3.88569271998318,268.216717844531,54,72.588714205208
19.8057235124774,3.97485125185622,268.215868198531,54.5,72.5981249020969
-16.5886469805045,3.89745294584667,268.217416512525,55,72.590242800318
-18.4580970691279,3.89326203597862,268.21951860812,55.5,72.5814724286346
14.5330054658213,3.96355781142885,268.218544821518,56,72.5883777915837
-6.85103097434166,3.91809643839579,268.218652836815,56.5,72.5851225216697
-39.3129164063957,3.84940811143232,268.225867584707,57,72.5664429748263
51.7848468695912,4.04135423708128,268.22906894947,57.5,72.5910485640651
-30.1479963359472,3.86891182654638,268.233379796633,58,72.5767237324
-17.3939603252254,3.89543262450905,268.235325821306,58.5,72.568458985686
-27.9522980434395,3.87285027455876,268.2394836132,59,72.5551774408806
28.9120480756541,3.99358182919693,268.239132027828,59.5,72.5689150112705
21.8269629345071,3.97911760824991,268.238104573512,60,72.5792861008221
24.4004651973477,3.98496535034485,268.237291264747,60.5,72.5908799909304
-13.6108253238077,3.90425497388782,268.238176363346,61,72.5844128022186
-22.8465695007295,3.88444402015027,268.240964103757,61.5,72.5735572462281
17.1837523528436,3.9695418380847,268.240014929061,62,72.5817221125458
-24.9948250086179,3.87989990294115,268.243112639144,62.5,72.5698458121523
-11.4458880655069,3.90831246592405,268.243975817269,63,72.5644072941835
-15.5736702608443,3.89938151679709,268.245418134287,63.5,72.5570074589702
-14.7797691027802,3.90087588966017,268.246769280545,64,72.5499848461873
-27.2838440570603,3.87418934410069,268.250701402004,64.5,72.537020917542
-22.409651123322,3.88410654646799,268.253668191306,65,72.526372963481
28.1029993521538,3.9914851703772,268.253153387006,65.5,72.5397261140692
-15.7510796433074,3.89849615973557,268.254447395606,66,72.5322419827219
-69.1804481352523,3.78826201961755,268.273354128294,66.5,72.4993708670757
35.6815537263157,4.00665514635031,268.273882714052,67,72.5163249705918
-34.2907165482101,3.85876552278823,268.279427668761,67.5,72.5000317238779
-19.7631525605354,3.88888563461314,268.281901251986,68,72.4906412545927
-45.0919495075316,3.83561242601138,268.291285063546,68.5,72.4692157980232
-4.3363612942167,3.92091702558514,268.291466720837,69,72.4671553743424
-16.2285417253206,3.8955519412003,268.293104445457,69.5,72.4594443767094
-1.50767992992483,3.92684247692668,268.292718727814,70,72.4587280020303
2.9901141473105,3.9365406838391,268.291844860981,70.5,72.4601487558789
17.7691463607031,3.96822155981627,268.290543218142,71,72.468591772377
-29.3641896526308,3.86817268469244,268.294827699615,71.5,72.4546393667487
-54.5742936934446,3.81566419902269,268.307809085666,72,72.4287083708147
40.7451761980796,4.0157203299275,268.308648704454,72.5,72.4480684564304
25.3993808271182,3.98429727558192,268.307497224264,73,72.4601369816715
-15.9503896048355,3.89661353003674,268.308750593636,73.5,72.452558148122
6.28667905488332,3.9439109782721,268.307694620384,74,72.4555452660117
-52.1950424530602,3.82098766441155,268.319238418786,74.5,72.4307447721889
16.0570587628823,3.96413955644547,268.318236415619,75,72.4383742896286
5.22696723954884,3.94137345340389,268.317049497237,75.5,72.4408578850554
2.1401337594566,3.93492577890089,268.316103223727,76,72.4418747704067
-3.2456844119992,3.92350694116409,268.315645229216,76.5,72.4403325822519
0.732956924038717,3.93202218015994,268.314847470427,77,72.4406808470068
-5.96669019091583,3.91777240444896,268.314697155114,77.5,72.4378457719447
-4.37069115675124,3.92114574641679,268.314402200225,78,72.435769036417
19.9639266353268,3.97305049774878,268.313152529062,78.5,72.4452549035785
-45.568798299678,3.83480039197649,268.322080935186,79,72.4236028721282
-19.2588078322425,3.88909782909477,268.324431651384,79.5,72.4144520424281
4.83106839554446,3.94026427534911,268.323440748577,80,72.4167475263719
-12.202643272668,3.90402636970078,268.324146050024,80.5,72.4109494358852
5.7008316376237,3.94214713935918,268.323053445149,81,72.4136581881568
-32.3876007282273,3.86137610863345,268.328101328428,81.5,72.3982692076321
50.4601378730674,4.03591912947107,268.330494042599,82,72.4222453608988
-5.70585197970715,3.9183579227824,268.330107448059,82.5,72.4195342232098
5.01407854307426,3.94121153849632,268.328985291324,83,72.4219166644933
-8.05756756210659,3.9134156526102,268.32900452095,83.5,72.4180881082711
-4.34686550525044,3.92125407810405,268.328657733993,84,72.4160226935105
-41.5084310746613,3.84285732917526,268.336352204676,84.5,72.3962999470565
21.9168835778635,3.97659831282806,268.335346963114,85,72.4067137624351
0.55620430183766,3.93151512014571,268.334391763297,85.5,72.4069780431159
-25.6893174770442,3.87575141070294,268.33764974596,86,72.3947717543678
1.14873250151754,3.93248360132708,268.336905994009,86.5,72.3953175750429
8.99173054932395,3.94931190584084,268.33555734711,87,72.3995899991557
-38.1327536430681,3.8496428552517,268.342116017313,87.5,72.3814712070881
-7.25199321978277,3.91425916467304,268.342359136842,88,72.3780254198141
-2.0902117243955,3.92523881946179,268.341779040997,88.5,72.3770322549363
5.17424999020969,3.9407928516188,268.340602350643,89,72.3794908017424
-4.3148419992641,3.92066578044638,268.340173024973,89.5,72.3774406029627
-33.6564057966878,3.85851615625552,268.345552151808,90,72.3614487492381
-17.4401213875022,3.892200053891,268.347407432902,90.5,72.3531620690782
-6.07540278361968,3.91620827570155,268.347354519803,91,72.3502753391873
-15.2512909221155,3.89662659904051,268.348611554256,91.5,72.3430286826367
2.41625979621511,3.93416294665927,268.347692390438,92,72.344176769377
27.8065247741674,3.98822571210799,268.346680614918,92.5,72.3573890499593
44.3597004355207,4.02326370945417,268.347733103915,93,72.3784665781099
6.78819831878943,3.94486588000097,268.346330636266,93.5,72.3816919930643
-5.45759637613571,3.91885492505727,268.345951553268,94,72.3790988141176
-37.0607655929738,3.85206032273975,268.352116103695,94.5,72.3614893775704
26.7796791686103,3.98681766645055,268.351335951579,95,72.3742137520815
0.716098107493764,3.93189611456254,268.350296788504,95.5,72.3745540063634
13.1375251878625,3.95843294214054,268.348855904171,96,72.3807963063397
33.3253600536536,4.0013312489807,268.348518941073,96.5,72.3966308635565
-28.7943534122056,3.87011472978678,268.352139679257,97,72.3829492158296
21.9731891459118,3.97753290868495,268.351088567058,97.5,72.3933897848199
12.6810684059227,3.95818474445873,268.349598523522,98,72.3994151991866
-20.6790974777101,3.88736400484444,268.351483909246,98.5,72.3895895183335
-8.05781234725658,3.91385685612515,268.351540267399,99,72.3857608458016
1.47925745050712,3.9341053713966,268.350579032511,99.5,72.386463715529
-23.2386544138965,3.8815948166333,268.35310244777,100,72.3754218602463
3.27960747739651,3.93766415709999,268.352120203592,100.5,72.3769801669583
-32.976027460226,3.86090299692298,268.357042271948,101,72.3613115952532
-39.5444047815863,3.84674651389505,268.364242518251,101.5,72.3425220566223
-6.34086020423607,3.91615761337517,268.364314358824,102,72.3395091945394
1.5798982020389,3.93303332036921,268.363334697364,102.5,72.3402598837573
2.65659481531373,3.93541940460148,268.362228378313,103,72.3415221657713
-37.4070943866848,3.85074582061937,268.368538983922,103.5,72.3237481709691
-17.5086587611937,3.89199515804499,268.370350321904,104,72.3154289252506
11.0899289877361,3.95275132662828,268.368955499972,104.5,72.3206983091313
-2.42881195054658,3.92415450108841,268.368228928732,105,72.3195442582302
-26.4847773502102,3.87308743460085,268.371663505116,105.5,72.3069600064277
23.6759084241752,3.97935464480579,268.370505890291,106,72.3182096231159
-29.8572662819573,3.86609240302217,268.374622448375,106.5,72.3040229319439
-17.8484043716961,3.89098989343574,268.376413168704,107,72.2955422559724
-81.7621611884948,3.76098850106946,268.401758279746,107.5,72.2566929346922
27.5368364171253,3.98603137547525,268.401194891168,108,72.2697770727514
-8.80827676729816,3.90929068215207,268.401177728236,108.5,72.2655918167713
35.2067252308248,4.00257621775468,268.400710343341,109,72.2823203053513
-5.96257492087003,3.91594639300369,268.400224147947,109.5,72.2794871856613
0.0675309994375777,3.92877109851084,268.399273316152,110,72.2795192730408
-20.8185330297598,3.88438968753091,268.401371490563,110.5,72.2696273393334
14.8264855634809,3.96000292671804,268.399865055245,111,72.2766721494599
-34.6773639847687,3.85531447693427,268.405314539809,111.5,72.2601951870728
2.60010644238954,3.93376225438255,268.404369487934,112,72.2614306286154
-13.2567357880865,3.90006935547367,268.405066967592,112.5,72.2551316856781
-19.6500888185075,3.88635226811117,268.407057948521,113,72.2457949386719
-28.3410688831207,3.86776810337388,268.41113242727,113.5,72.2323286692576
6.46064876232952,3.94134664526241,268.409890090869,114,72.2353984489184
-13.4224192061314,3.89913247871311,268.410629004887,114.5,72.2290207814434
5.93085391451732,3.94026179653733,268.409301249168,115,72.2318388288855
17.2072409574933,3.96441884975667,268.407620354611,115.5,72.2400148558225
-2.91164038799461,3.92190290852188,268.406828476624,116,72.2386313888098
-7.91039724367714,3.91125183432543,268.406726472476,116.5,72.2348727606191
-0.690699913498827,3.92657898846263,268.4058431195,117,72.2345445742985
-23.3818855249504,3.87839619948135,268.408508904468,117.5,72.2234346627001
-37.1440100800788,3.84924609545523,268.415036117563,118,72.205785672504
22.0824482294514,3.97422365743601,268.413711087469,118.5,72.2162781559884
-34.0500722463898,3.85560030527266,268.419037762003,119,72.2000992515039
-29.1623588394595,3.86532363311151,268.42347606918,119.5,72.1862427458615
13.8716274276125,3.95639178031819,268.42195651957,120,72.1928338547899
1.99960059278671,3.93140553183198,268.420721122202,120.5,72.1937839657548
22.5731723597559,3.97523162149665,268.419159391106,121,72.2045096169921
-0.918545034403883,3.92570707029963,268.418125258863,121.5,72.2040731699776
-6.05911401689981,3.91478177364784,268.417745822022,122,72.2011941797003
15.6221433263421,3.96092360932041,268.416100086293,122.5,72.2086170469086
-16.4050865657072,3.89303811352623,268.417205890706,123,72.2008221639291
2.33829060176227,3.93273298198587,268.41609286009,123.5,72.2019332035776
0.78474609210854,3.92951057658114,268.414991388535,124,72.202306075975
-29.5560358854699,3.86523828983562,268.419084152621,124.5,72.1882625145379
31.9938060454136,3.99525986007888,268.41839169601,125,72.2034643833726
-9.28024762429415,3.90827262560489,268.418279504643,125.5,72.1990548702644
-23.6254679146527,3.87775594627795,268.420973667701,126,72.1878292204031
-8.9537772979904,3.90853025036672,268.421126758898,126.5,72.1835748297918
15.7516373715067,3.96106495784321,268.419481238144,127,72.1910592261438
10.8236530113178,3.95089921498995,268.417783828006,127.5,72.1962020888953
-18.6532436168608,3.88838093115186,268.419301027321,128,72.1873389932573
24.5801235704393,3.98000057591951,268.418009885252,128.5,72.1990182481083
-0.576676864726695,3.92700884793569,268.416914951162,129,72.1987442398817
-7.71613074229441,3.91182042212547,268.416697545663,129.5,72.1950779174914
-31.9238169392938,3.86059182856872,268.421388646131,130,72.1799093040064
-1.53888854750232,3.92442929649803,268.420712365094,130.5,72.1791781005411
-33.7481283088399,3.85633719819106,268.425959119401,131,72.1631426648308
13.4549417603423,3.9559121968491,268.424478157025,131.5,72.1695357854095
-5.57073983069151,3.91566438842293,268.423953894723,132,72.1668888463082
6.78092769057835,3.9419568240172,268.422481752669,132.5,72.1701108066209
4.19623901213049,3.93660935367118,268.421091196675,133,72.1721046511473
-30.875776302219,3.86237979855663,268.425463833269,133.5,72.1574340145606
0.190638697929288,3.9277377103457,268.424615866267,134,72.1575245966088
-5.80774853169548,3.91501438085593,268.424185654814,134.5,72.1547650427352
-45.3585734368283,3.83194780242177,268.433150564436,135,72.1332128997066
-21.6951030284672,3.88056130021528,268.435858552994,135.5,72.1229044634385
-6.13333004258239,3.91334355569452,268.435661030651,136,72.1199902093889
-22.4199282579023,3.87874296782033,268.438223393151,136.5,72.1093373721436
-10.4532421362171,3.903843339737,268.438652589237,137,72.104370510257
-8.88354521484506,3.90710256052443,268.43875785222,137.5,72.1001494904461
0.0510482853879992,3.92609243159097,268.437777470777,138,72.1001737460579
-15.7820211015626,3.89245339675613,268.438942508048,138.5,72.0926749128652
-11.9061346415518,3.90051070854103,268.439546669153,139,72.0870177085647
-12.6872193228518,3.89873736245172,268.440262106712,139.5,72.0809893715875
7.30394098330979,3.9412256415761,268.43877844975,140,72.0844598418607
29.3939654230053,3.98816234092372,268.437504085286,140.5,72.0984263954573
3.34488114354039,3.9335151762923,268.43606151156,141,72.100015716976
6.93261200435075,3.94126078580052,268.434505043771,141.5,72.1033097501467
8.6815133439476,3.9451412247051,268.432861672463,142,72.1074347744391
-34.1584976486696,3.85458856375117,268.438136152824,142.5,72.0912043515844
14.5336632981521,3.95726231268743,268.436608936158,143,72.0981100271028
2.51347328715761,3.93197625359484,268.435268301253,143.5,72.0993043048695
43.8345085821732,4.01903220368464,268.435919591016,144,72.1201322879158
17.0398724115766,3.96368363374074,268.434133444434,144.5,72.128228789626
16.409005830712,3.96263366048579,268.432414835708,145,72.1360255348458
28.8360096669938,3.98912554149925,268.431356817426,145.5,72.1497269755575
-16.9459836384897,3.89245908991594,268.432332798016,146,72.1416750851328
-17.1017475352061,3.89186085804939,268.43358449962,146.5,72.1335491834346
17.5145150104558,3.96519379398384,268.432031540125,147,72.1418712117521
-8.24214487484164,3.91071337526226,268.431728393439,147.5,72.1379549535512
11.1895071544812,3.95196224153407,268.430126879281,148,72.1432716520348
13.439579532686,3.95693894255826,268.428427058521,148.5,72.1496574732453
-2.63639333628455,3.92295607473232,268.427506697725,149,72.1484047899716
17.8989973749084,3.96659018429633,268.425935105658,149.5,72.1569095052275
-34.7261854967263,3.8555005095093,268.431008839822,150,72.1404093452808
15.0709407492325,3.9603466614361,268.429567748415,150.5,72.1475703083797
-26.4648276696491,3.87247282966374,268.432584541265,151,72.1349955356754
-11.8321910157971,3.90298043503681,268.433056064326,151.5,72.1293734657161
41.65284308378,4.0158083719665,268.4335824664,152,72.14916482959
0.642996888916853,3.93006321544898,268.4322962442,152.5,72.1494703498008
-27.5083199729122,3.87044758030165,268.435582072379,153,72.1363997613406
36.0909277112258,4.00455333250583,268.435469372996,153.5,72.1535483790578
-5.68468763869017,3.9167857274736,268.434772866554,154,72.1508472976133
-11.3627122852518,3.90463224466477,268.434969078289,154.5,72.1454483006473
1.94822462615987,3.93278700522013,268.433773554711,155,72.1463740003026
-7.62548367202756,3.91245775285822,268.433436429879,155.5,72.1427507489015
6.7571157033615,3.94297275298567,268.431956126096,156,72.1459613949396
4.14662726106976,3.93754409330968,268.430536134159,156.5,72.147931666424
-0.275268626859351,3.92821015160787,268.429434130334,157,72.1478008724336
-37.7182795677476,3.84927428794989,268.43547756169,157.5,72.1298790178769
-3.61137638227686,3.9205365040135,268.434975651393,158,72.1281630710465
-20.7136791338471,3.88422750900167,268.436874894262,158.5,72.1183209587066
-20.4367609261244,3.88451534783435,268.438864108212,159,72.1086104241562
-10.6617557677894,3.90494415870289,268.439148920536,159.5,72.1035444869401
-43.7766630589781,3.83545051231773,268.447460139112,160,72.0827439892156
-41.1824136708655,3.84010798715238,268.45535701606,160.5,72.0631761500521
34.324814877689,3.9988454597519,268.454811841444,161,72.0794855986
17.2119175663323,3.96349426629513,268.452919145988,161.5,72.0876638476294
13.1538408412416,3.95521177293569,268.451090443534,162,72.0939138999945
19.7784490321665,3.9694877427042,268.449376052711,162.5,72.1033116374039
-15.4117323864188,3.8950627245187,268.450112674793,163,72.0959887470318
4.14256616028979,3.93642147824725,268.448764542599,163.5,72.0979570888827
37.6575604839065,4.00719525325236,268.448598638665,164,72.1158500927442
-59.9283626704478,3.80367849857614,268.462369777443,164.5,72.0873751089456
-11.0241457964725,3.90392517502889,268.462999570544,165,72.0821369819727
-20.1519937349044,3.88446424163251,268.464846290171,165.5,72.0725617546589
-2.20029410493869,3.92229696063482,268.46402495039,166,72.0715162840971
-11.5020624289053,3.9025324806342,268.464273483576,166.5,72.0660510748586
17.1085870392297,3.96322576724477,268.462538516856,167,72.0741802263497
-15.2541927815873,3.89476615387675,268.463283423964,167.5,72.0669321909794
3.93618065782335,3.93536874056134,268.461916963769,168,72.0688024686821
-9.8907748656124,3.90605231432792,268.461873653141,168.5,72.0641028633282
-21.5038206083189,3.88133970736034,268.46399260954,169,72.0538853149731
1.89942089416681,3.93073132548231,268.462818923217,169.5,72.054787825517
-18.0841492203366,3.88834859840814,268.464197222599,170,72.046195135293
15.8111978670046,3.96014253448246,268.462486168955,170.5,72.0537078318366
5.12130339183035,3.93773877444324,268.460890869925,171,72.0561412210468
-3.55879384278675,3.9193822727247,268.46004830556,171.5,72.0544502588296
1.95844864131143,3.9311093914503,268.458753853549,172,72.0553808164295
15.0971097707879,3.95910286677616,268.456966696978,172.5,72.0625542137488
-43.9020377050126,3.83502166898775,268.465000052305,173,72.0416941442146
-44.6820081823507,3.83272015296411,268.473917453089,173.5,72.0204634714182
19.5067840193835,3.96738371418518,268.472415283383,174,72.0297321270958
-40.0829823381455,3.84189683661269,268.479386681169,174.5,72.0106866831388
-15.3784932815513,3.89305275253761,268.480639503053,175,72.0033795863398
-34.5905131046119,3.85248652365136,268.486282392204,175.5,71.9869438911806
2.4591604252249,3.93034432614646,268.4851646227,176,71.9881123621708
22.8143794812066,3.97363812818086,268.483378679905,176.5,71.9989526230615
-20.9387175332146,3.88120733065755,268.485267846731,177,71.9890035836426
-4.45598926679042,3.91590033527487,268.484692039179,177.5,71.9868863186861
-14.2726644721171,3.89502837299718,268.485450128259,178,71.980104656857
-10.8843104489953,3.90205806804858,268.485722886304,178.5,71.9749329727014
17.7086001002757,3.9627415686397,268.483885559664,179,71.9833472206214
16.2642900555189,3.96002772301678,268.481925227082,179.5,71.9910752040868
23.1714881185676,3.97492239749332,268.480181881296,180,72.0020851452793
-16.4080612931517,3.89132285970902,268.481083055368,180.5,71.9942888488569
14.6673766918224,3.95712850556659,268.479319879973,181,72.001258058344
-42.6591157399732,3.83652746971821,268.487009745064,181.5,71.9809885636435
-39.7993310715359,3.84173759694103,268.49435794821,182,71.9620778966912
15.9863043028535,3.9589822205114,268.492701661811,182.5,71.9696737951229
15.5418343151478,3.95836490489204,268.490712853393,183,71.9770585034747
-0.506350879334327,3.92456374276422,268.489470005462,183.5,71.9768179106662
-0.346128520429451,3.92494196260833,268.488287342232,184,71.976653447571
-16.690870893256,3.8902595745827,268.489372145242,184.5,71.968722774062
-40.9188167767125,3.83935562792623,268.496820859379,185,71.9492801830608
-18.4041067923007,3.88580156781079,268.498652520807,185.5,71.9405354648775
29.468783363552,3.98704729295685,268.49732104717,186,71.9545375682464
10.9889712271888,3.94859066579092,268.495342857728,186.5,71.9597589820097
-9.73923144030831,3.90473166478356,268.495204528371,187,71.9551313825707
33.5474297138633,3.99620974962881,268.494302824761,187.5,71.971071456269
-25.0189496706141,3.87290851665781,268.496918172949,188,71.9591836930334
-26.2834498266825,3.86987576663789,268.500204686427,188.5,71.9466951020785
-31.8908762295382,3.85775941368978,268.505035885364,189,71.9315421403841
-3.29593104049701,3.91771315507415,268.504380010155,189.5,71.929976077525
-21.1067237621635,3.87994843596453,268.506445906351,190,71.9199472098839
-5.17799896377926,3.91345624724413,268.505932179189,190.5,71.9174868817516
-1.36468922710704,3.92156213520788,268.504874478883,191,71.9168384491581
-7.22627618346131,3.90913513800561,268.504485358847,191.5,71.9134048813435
15.649772805777,3.95771257351296,268.502560094555,192,71.9208408767093
-5.61427760088139,3.91282546588179,268.501856904399,192.5,71.9181732506203
38.9994607273507,4.00692425480129,268.501520129574,193,71.9367038588812
7.07072469961845,3.94044039492333,268.499667530728,193.5,71.9400635163504
4.57128160191775,3.93526598964581,268.49804528962,194,71.9422355625028
22.394661389674,3.97312598438831,268.49630517196,194.5,71.9528763941863
16.3001793102586,3.96063431629971,268.494368184881,195,71.9606214304444
-25.3636136605494,3.87259414784748,268.497029576472,195.5,71.9485698999858
1.04991502807902,3.92814179462823,268.495850635568,196,71.9490687675017
-40.4464145573152,3.84086684945834,268.50281613458,196.5,71.9298506385906
-37.1671514203179,3.84699825584674,268.509231758731,197,71.9121906527781
24.3400366825478,3.97637830413901,268.507720022747,197.5,71.9237558302551
-2.11997387169141,3.92074450271687,268.506556614946,198,71.9227485238819
3.15927477362559,3.93198363018038,268.50505248921,198.5,71.9242496544649
30.0666282791412,3.98893614034486,268.503759361316,199,71.9385358240677
10.667816727092,3.94853847024509,268.501803190134,199.5,71.9436046411509
1.82297890383478,3.92993350156875,268.500338723047,200,71.9444708302546
-16.7683085624583,3.8905152654017,268.501299269462,200.5,71.9365033622083
8.80789126251231,3.9445821035647,268.499601006879,201,71.9406884350156
-6.02150553518301,3.91322683532306,268.49891324722,201.5,71.9378273144224
-23.8378811672962,3.87546216835749,268.501389883898,202,71.9265007363251
-41.9245264345004,3.83748017464971,268.509075440038,202.5,71.9065802820061
2.34433762135914,3.92997339342142,268.507932262262,203,71.9076941948983
22.6321835573733,3.97305671331986,268.506115553142,203.5,71.9184478853281
-31.0697713448388,3.85984411033366,268.510269834354,204,71.9036850719248
4.63960227226994,3.93490102822067,268.50885694971,204.5,71.9058895806691
-10.597103225254,3.90263591724736,268.508839809848,205,71.9008543631326
-21.7714286213387,3.87887303828421,268.510981950728,205.5,71.8905096607306
8.26389694896873,3.94230929838886,268.509304727385,206,71.8944362544376
-5.63330854072267,3.91294601389931,268.508598686292,206.5,71.8917595857906
1.58140943002222,3.92824741048566,268.507232115757,207,71.8925109930691
5.00903873398175,3.93560778765067,268.505586445882,207.5,71.8948910396854
-17.5456511296486,3.8878362668182,268.506754553299,208,71.8865542170293
-32.6822278845848,3.85581332698008,268.51167043971,208.5,71.8710252443018
-38.2646560915826,3.84373779073024,268.518477224649,209,71.8528437787367
8.73977457567376,3.94241149721377,268.516901495093,209.5,71.856996485875
-7.43138956051353,3.90823663504063,268.516462524399,210,71.853465458363
8.79311234022208,3.94268566286151,268.514652598758,210.5,71.8576435089599
21.3470576766524,3.96945637778602,268.512716023188,211,71.8677865713498
10.255333093406,3.94637572903386,268.510742482187,211.5,71.8726593966811
-34.216892212166,3.85257759286103,268.515849149924,212,71.8564012276279
30.2086795905618,3.98813649442951,268.514693582826,212.5,71.8707548929641
-54.4149734149475,3.81127849667505,268.52659890173,213,71.8448995981197
-37.457730388187,3.8450179388269,268.533368230911,213.5,71.8271015436024
19.8047212521204,3.96545127315699,268.531594022134,214,71.8365117642669
-0.569944336370312,3.92262309842935,268.530262149826,214.5,71.8362409550036
-18.6596007444612,3.8842856010689,268.531719273987,215,71.827374838774
0.0843109950072005,3.92382568029867,268.530536821819,215.5,71.8274148991746
-1.04829532803367,3.92148156525493,268.529343099412,216,71.8269168012598
-28.988805427941,3.86243122293248,268.533205848661,216.5,71.8131427595855
3.96789242535928,3.93178928021078,268.531784654498,217,71.8150281051463
1.84650995833145,3.92740955973358,268.530307921007,217.5,71.8159054750394
-28.2350627489778,3.8638249490836,268.533970384237,218,71.802489574479
-36.5451711841572,3.84609870241654,268.540277928373,218.5,71.7851251228068
-27.7731505381613,3.8638528715114,268.544284100598,219,71.7719287000052
17.3059501729656,3.95905528891208,268.542351661342,219.5,71.7801516286626
-21.7792524854407,3.87647443515255,268.544481171533,220,71.7698032087487
23.9220000696254,3.97309045648013,268.542650738166,220.5,71.7811697559737
-19.9088692424874,3.88061773713379,268.544290452196,221,71.7717100493529
9.06579293880598,3.94188204206231,268.542476606493,221.5,71.7760176642376
-24.549874911537,3.87079974855558,268.545222888447,222,71.764352782048
12.0684507885354,3.94813756339958,268.543334159954,222.5,71.7700871109261
33.1267761074403,3.99269001826661,268.542004913927,223,71.785827310907
-24.0460505622215,3.8724060238825,268.544430604146,223.5,71.7744018210443
28.2358478189774,3.98271242118008,268.542922470676,224,71.7878180946309
-27.9456441081668,3.86439692117592,268.546282208328,224.5,71.7745397114454
5.45674540081273,3.93469568064964,268.544706463587,225,71.7771324860508
-26.0274457621788,3.86814301734183,268.547737424244,225.5,71.7647655355224
0.837854421179767,3.9246548902125,268.546503510665,226,71.7651636423621
-7.28525730436552,3.90746114229578,268.546011779616,226.5,71.7617020496459
9.59778415368877,3.94328181922302,268.544085294787,227,71.7662624403541
-13.803718946414,3.8937827158023,268.544546632213,227.5,71.7597035981658
29.5316399494807,3.98534365809644,268.543060651996,228,71.7737355678649
-11.1937112285787,3.89967303471471,268.542979509184,228.5,71.7684168718138
2.7247772283512,3.92909877383232,268.541474753539,229,71.7697115507267
-43.0519322250121,3.83298117664945,268.549425151402,229.5,71.7492554091274
-7.96444797382875,3.90582008782857,268.549368256195,230,71.7454710987122
-0.988069182241021,3.92058692901272,268.548182333653,230.5,71.7450016172729
-19.942290346048,3.88043882343848,268.549913095334,231,71.7355260306024
-8.602895549699,3.90418997762449,268.549763096805,231.5,71.7314383615842
15.2341285148814,3.95474218483351,268.547698613521,232,71.7386768634106
-13.3838653700147,3.89428632512692,268.548072985606,232.5,71.7323175148052
-9.39664796910345,3.90258093919611,268.547976937191,233,71.7278526940299
9.70728058553404,3.94308437190612,268.546051985416,233.5,71.7324651120084
-43.8223820956155,3.83065352809082,268.554344623539,234,71.7116428908666
-7.61833044660498,3.90582704189144,268.554277114933,234.5,71.7080230383232
-1.88489191241397,3.91796991319688,268.553195341806,235,71.7071274312304
-1.46161888148771,3.91891130449347,268.552027877108,235.5,71.7064329424755
-6.60182727825807,3.9080262694741,268.551473921219,236,71.7032960817903
18.8398833433412,3.96197489826174,268.549400755689,236.5,71.7122478593638
-15.0429328236954,3.89044308581693,268.550054668796,237,71.7051002042411
-15.7533560265403,3.88874639008637,268.551049358286,237.5,71.6976149912695
-34.5131037055613,3.84916803176214,268.556633807736,238,71.6812160772151
26.861442954991,3.97834229696609,268.554991683137,238.5,71.6939793018197
22.262864000573,3.9691787653107,268.552857984535,239,71.7045575099248
-11.060827143659,3.89893024190584,268.552792837825,239.5,71.6993019537961
-23.559396271151,3.8723876170238,268.555353994847,240,71.6881076979007
-8.05950057052304,3.90483758953142,268.555138107761,240.5,71.6842782232088
16.9018195913795,3.95775606836427,268.553048076478,241,71.6923091290702
-13.0837001413755,3.89444508649153,268.553353256301,241.5,71.6860924040847
3.90161131424294,3.93036169342848,268.551759457846,242,71.687946256151
-11.913892665993,3.89688033127625,268.551935678128,242.5,71.6822853656222
-0.239386818225665,3.92153659953439,268.550689394459,243,71.6821716208866
-16.3188901205416,3.88746258673228,268.551681121642,243.5,71.67441769418
-32.2911046214097,3.85369851121143,268.556598974868,244,71.6590745638163
-7.4855826890879,3.90552156369141,268.556412784658,244.5,71.6555177864192
-14.7409801863703,3.89008234016492,268.557227404919,245,71.6485136042043
3.63298914542218,3.92895134160956,268.555677077063,245.5,71.6502398203472
13.1216606477818,3.94921811705486,268.553548851019,246,71.6564745822814
-7.72557552911505,3.90520791129821,268.553063085965,246.5,71.6528037721971
-30.9837233367148,3.85608856209963,268.557564503146,247,71.6380818445369
-44.6403303553186,3.82738507557756,268.566674218068,247.5,71.6168709749754
16.5936966871599,3.9556997992871,268.564807201596,248,71.6247554761243
-1.31455325252547,3.91804233583427,268.563530780203,248.5,71.6241308656578
-0.151897260546304,3.92056572309357,268.562215687638,249,71.624058691618
0.920362037700583,3.92291127499129,268.560788387995,249.5,71.6244960019823
-40.5256731188745,3.83576306047706,268.568178015551,250,71.6052402133362
-11.7116677148593,3.89555467883588,268.568756945356,250.5,71.5996754100682
-16.666999667367,3.88494778398345,268.570021863208,251,71.591756078981
-22.3961976068499,3.87265875882446,268.572579360025,251.5,71.5811145173633
-44.8141149522364,3.82572537617727,268.581897666478,252,71.5598210739862
16.9609467948046,3.95526909592141,268.579978153007,252.5,71.5678800741602
-17.3562189957662,3.88277153955047,268.581251240884,253,71.559633260253
-26.1951866413431,3.86393409121878,268.58479422931,253.5,71.5471866075834
-38.4389073662752,3.8380461076068,268.592063095233,254,71.5289223464604
-11.6323551205936,3.89385360668484,268.592738290198,254.5,71.523395228601
-13.5210909058933,3.88977087213711,268.59352267868,255,71.5169706772312
41.4780679878253,4.00565208085491,268.592794172465,255.5,71.5366789966533
-31.2421599640742,3.85313104385419,268.597326114046,256,71.5218342727335
13.1178232741263,3.94664513962566,268.595306621739,256.5,71.5280672113381
-18.4590307208461,3.87988208903285,268.596781137646,257,71.5192963960298
-7.92953704659276,3.90199493403485,268.596558777044,257.5,71.5155286735547
-18.8711098299827,3.87875033319649,268.598275769611,258,71.5065620587044
-60.6793009601493,3.79234941232713,268.614062147226,258.5,71.4777302662984
4.85935681795502,3.92806331864764,268.612797939856,259,71.4800391914967
-32.7795695394183,3.84858096715271,268.61814564263,259.5,71.4644639668457
-33.4872302511236,3.8466552228278,268.624073768679,260,71.4485524969445
23.0327219592247,3.96591285583631,268.621942586159,260.5,71.4594965033448
-7.62672472351219,3.90134318629781,268.621463208159,261,71.4558726622576
-30.6402715826232,3.85268671164351,268.626220775393,261.5,71.4413139258259
17.9590884190902,3.95528948854839,268.624024581469,262,71.4498471933637
-14.0382679666142,3.88771322569568,268.624638989717,262.5,71.4431769051213
-20.662624913716,3.87355329867072,268.626847035484,263,71.4333590512131
-15.3404622219987,3.88457936494275,268.627996156138,263.5,71.4260700248862
-19.3296306075566,3.87598609745605,268.62996493935,264,71.4168855437181
8.74217679228204,3.93545558877178,268.627973973393,264.5,71.4210393922705
5.40017024485181,3.92859812826053,268.626028312617,265,71.4236052851696
-10.6303662190923,3.89467912178548,268.626073487706,265.5,71.4185542627093
9.93626626354349,3.938332536965,268.623946635564,266,71.4232754833177
-7.51946906916255,3.90146628111196,268.623446983017,266.5,71.4197026047945
-41.7378174005631,3.82957350532817,268.631608871514,267,71.3998708653424
16.8623440247248,3.95262896706082,268.629500714996,267.5,71.4078830143736
-22.2589906179946,3.86998431457888,268.631848531929,268,71.3973066467077
-23.4256295569583,3.86724411644789,268.634770683794,268.5,71.3861759501163
-73.1102427836234,3.76587596443278,268.656842497836,269,71.3514375910821
2.7477152083142,3.9214243503916,268.655883848133,269.5,71.3527431689847
-13.100623178341,3.88787399937639,268.656497108611,270,71.3465184030119
11.3416918689217,3.93978921977779,268.654261806724,270.5,71.3519074121192
-30.9500245551933,3.85044516866429,268.65904567708,271,71.3372014964475
-41.4257833849718,3.82825123509786,268.667615765967,271.5,71.317518020074
-4.78499385311605,3.90483262125391,268.667201578621,272,71.3152444284661
-16.745915978029,3.87945361064047,268.668608957858,272.5,71.3072876002645
5.95643113377685,3.92762428484844,268.666731212371,273,71.3101178007318
19.9907670413148,3.95757327175001,268.664148359904,273.5,71.3196164211221
-38.1130212430999,3.83517269553363,268.671062928515,274,71.3015070049117
-10.6530166654715,3.89239787471214,268.671485091767,274.5,71.2964452200833
6.19426467847072,3.92820279741648,268.669515070041,275,71.2993884272477
-32.4193265546656,3.84663815787283,268.674762479753,275.5,71.2839843721848
-37.3136268580367,3.83599393479616,268.681959712498,276,71.2662547885135
10.4008024404471,3.93645789041312,268.679920736816,276.5,71.2711967336592
9.33210917974882,3.93447838133132,268.677589016061,277,71.2756308888047
-3.82142268339905,3.90675672482226,268.676539735079,277.5,71.2738151383963
7.22753564978505,3.93030317389379,268.67441666935,278,71.2772493046468
-6.76233157698572,3.90075947315154,268.673775188984,278.5,71.2740361802844
2.20642631414481,3.91982453376759,268.672092094468,279,71.2750845645677
-6.64776202001521,3.90111825572539,268.671451394777,279.5,71.2719258779729
-39.5708621137666,3.83185461927915,268.678955153096,280,71.2531237681308
5.58374033824425,3.92657005802559,268.677241241157,280.5,71.255776884428
4.3822278816967,3.92421198890787,268.675281396825,281,71.257859101635
7.55080051404079,3.93110760143603,268.673078130436,281.5,71.2614468673058
11.447057688493,3.9395759726156,268.670645364533,282,71.2668859410215
18.2257012382383,3.95416030581608,268.66805355547,282.5,71.2755458897394
-42.9485282312953,3.82566522374545,268.676337528796,283,71.2551388805861
-49.6774806588213,3.81122888000781,268.687812317423,283.5,71.2315346071857
-38.1023716208616,3.83418480213628,268.695376071743,284,71.2134302511472
5.48024063975298,3.92571292256397,268.693646476401,284.5,71.2160341895242
11.4935266213114,3.93868388880983,268.691173860047,285,71.2214953429705
-28.1635175017576,3.85492486161157,268.695079184002,285.5,71.208113437161
12.4891234569021,3.9407243423646,268.692786435614,286,71.2140476488138
-46.7990276412458,3.81629002157644,268.702789823932,286.5,71.1918110734347
-10.9524457221976,3.89054367622241,268.703304929216,287,71.1866070147787
-15.5505495658671,3.88072467496118,268.704394015523,287.5,71.1792181653722
-12.4702286673391,3.88712161528076,268.70490835866,288,71.1732929315857
-36.8796301946196,3.835685365607,268.711762699045,288.5,71.1557695615904
-8.8338533981904,3.89427033366932,268.711856319123,289,71.1515721528646
-11.1753483892654,3.88927758213238,268.712116802967,289.5,71.1462621819235
4.02564450369922,3.92157351924018,268.710257118853,290,71.1481749684058
-12.6046515961073,3.88637557675116,268.710655012969,290.5,71.1421858635147
2.16843058997539,3.91771089810091,268.708976605971,291,71.1432161941155
-6.84368514464074,3.89867920776291,268.708364904113,291.5,71.1399644145752
-43.8209142303542,3.82104874216752,268.717536870814,292,71.1191428908902
-10.2410656364192,3.89082830374236,268.717933943706,292.5,71.1142768447464
29.4998873378519,3.97491360138532,268.715501274935,293,71.1282937271802
1.21448674018833,3.91576694069876,268.713667622066,293.5,71.1288707910063
13.8909606640801,3.94277701913242,268.711062843986,294,71.1354710861292
10.9737891848014,3.93690586088536,268.708521138791,294.5,71.1406852861393
5.97671993250432,3.92656033480549,268.706305757147,295,71.1435251268369
11.3648904251695,3.938147575256,268.703794626414,295.5,71.1489251587468
2.04373311054363,3.91862693112774,268.701916343261,296,71.1498962392939
-39.1687387939441,3.83196744124445,268.709010891968,296.5,71.1312851984967
-26.1801594278528,3.8583990040532,268.71269001472,297,71.1188456860133
8.52895459846816,3.93159635872605,268.710535887904,297.5,71.122898221961
-16.1727618068878,3.87939343478099,268.711484403064,298,71.115213728177
3.63355538821842,3.92126224667531,268.709631633095,298.5,71.1169402133703
9.16859875229484,3.93314992789723,268.707232555292,299,71.1212966764755
-13.0345161040812,3.88624810243173,268.707519620524,299.5,71.1151033213036
-65.7331511608951,3.77770726882746,268.725665935403,300,71.0838701900962
15.0514556173926,3.94471450651077,268.723575331958,300.5,71.0910218948275
37.1589451433493,3.99126744712352,268.721641799848,301,71.1086779814245
-11.0165164864337,3.89045466142457,268.721407423794,301.5,71.1034434795211
11.8658692775867,3.93888772239673,268.718928118896,302,71.1090815517189
-12.6538741688269,3.88714445896577,268.719069442604,302.5,71.1030690587041
-9.95153078600168,3.89273174359744,268.718900058083,303,71.0983405851521
-26.9471096935258,3.85678396640461,268.722442397171,303.5,71.0855366559648
-21.0673871090811,3.86876644169115,268.724705648026,304,71.0755264791491
-24.1628756246169,3.86198847506055,268.727720161293,304.5,71.0640454798146
-13.9792098122027,3.88318506712405,268.728488553864,305,71.0574032530762
-46.1032169303041,3.81600173630877,268.738486315905,305.5,71.0354972924149
-27.8111751300529,3.85319907270969,268.742898991581,306,71.0222828022143
-30.2119870817485,3.84781897875429,268.74787589252,306.5,71.0079275653224
-38.8766341758915,3.82938585620124,268.755720662269,307,70.9894553181431
-21.3265595708419,3.86559351060024,268.758506226554,307.5,70.9793219954358
-38.9914436817558,3.82837859188744,268.766431698936,308,70.9607951964771
3.98308314653584,3.91869942188778,268.764776229789,308.5,70.9626877599147
-29.3612747796775,3.84817693134556,268.769378349309,309,70.9487367392894
-3.73925881028083,3.90212575904097,268.768576062831,309.5,70.9469600290758
13.6529356596427,3.93918634817014,268.765877700145,310,70.9534472265293
-23.5113129995104,3.8606140945697,268.768687183369,310.5,70.9422758174184
-13.705074510487,3.88110202901762,268.769519905937,311,70.9357638461704
3.45717106360947,3.91753116262383,268.767632661317,311.5,70.9374065222864
9.43569162800864,3.93041200603446,268.765110419727,312,70.9418898946707
-22.4255347180515,3.86302633524173,268.767597884674,312.5,70.9312343935137
-1.37982424019988,3.90743121944428,268.766317023559,313,70.9305787695131
-2.95564321117173,3.9041720587664,268.765084549197,313.5,70.9291743945427
16.0780400204013,3.94462586842563,268.762287671694,314,70.9368138812347
4.95914025229807,3.92142607471209,268.760032425715,314.5,70.9391702185689
-12.0453050110528,3.88546804061821,268.76017597223,315,70.9334468874156
14.2420878222726,3.94115781979594,268.75750727857,315.5,70.9402140207382
-13.3629204714305,3.88290078056911,268.757830648151,316,70.9338646241091
10.6073819389943,3.93365014621421,268.755338506082,316.5,70.9389047255803
-34.3756567240064,3.8388763313978,268.761004364586,317,70.9225711195103
-18.0202850584971,3.87268236645886,268.762704287162,317.5,70.9140087743665
0.0415271522747922,3.91082208372536,268.761175936231,318,70.9140285060083
8.26272031181725,3.92837831452082,268.758738431256,318.5,70.9179545406357
1.30729736496353,3.91384026799294,268.756871682733,319,70.9185757034647
-20.1111342982121,3.86853229067826,268.758704589326,319.5,70.9090198905275
-8.7402837613315,3.89236010926036,268.758434579988,320,70.9048669414495
-0.740206247162811,3.90930648253148,268.756918185285,320.5,70.904515232176
-11.2870004958048,3.88698908089539,268.756951698081,321,70.899152209695
-1.64722075936174,3.90736473679525,268.755565811355,321.5,70.8983695321389
-20.7684378010625,3.86690117060978,268.757602958081,322,70.8885014011979
-11.5532075922487,3.88614117790983,268.757858347564,322.5,70.8830118903161
-14.664291791489,3.87945370451556,268.758659439752,323,70.8760441466206
19.6512083065637,3.95204822699931,268.755896874491,323.5,70.8853814255519
17.9475801297487,3.94885850880442,268.752983993827,324,70.8939092249217
-34.8067564995192,3.83785593851815,268.758684323026,324.5,70.8773707816331
-50.5254641649261,3.80505119185529,268.770581235806,325,70.8533635885546
0.954622539930607,3.91203695338008,268.769258661547,325.5,70.8538171778093
-32.9197846377637,3.84059984392761,268.774714758621,326,70.8381753299022
-13.7954433624486,3.88039583121119,268.775583604072,326.5,70.8316204198607
1.76333997247833,3.91335006892765,268.773830088867,327,70.832458271504
-7.71028357548636,3.89335384013905,268.773270035204,327.5,70.8287947273972
-6.36163280952812,3.89619968239354,268.772548378265,328,70.8257719952031
6.71285786136355,3.92397876617829,268.770248769428,328.5,70.8289616121111
13.6953803575578,3.93896566304441,268.767453217992,329,70.8354689771787
20.5389440520588,3.95368310338375,268.764518634306,329.5,70.8452280640794
-8.90066604430688,3.89175791014275,268.763956328396,330,70.8409989093001
15.6832386785043,3.94378103869103,268.761214589386,330.5,70.8484508059877
-31.7839874371914,3.84384119268338,268.765962122148,331,70.8333486325427
-22.3736263626728,3.86307153042618,268.768581738163,331.5,70.8227177956601
2.50683965571496,3.91549541032214,268.766775509845,332,70.8239089214543
42.8249178960802,3.99996656795563,268.765359519676,332.5,70.8442571971108
-47.3403777251349,3.81201962343664,268.775193730556,333,70.8217633990381
-37.4687013682223,3.83148637199254,268.782331665854,333.5,70.8039601316556
-50.5420232582759,3.8041334795346,268.794376535431,334,70.7799450705177
2.200885764608,3.91380206219214,268.7928812956,334.5,70.7809908222069
-2.80401718529198,3.90332636886039,268.791536389403,335,70.779658492399
-61.4251794511921,3.78174186470831,268.808066380208,335.5,70.7504722955507
-35.4864669856733,3.83349974943917,268.815141498711,336,70.7336108875719
18.1872384935889,3.94654534534867,268.812403816543,336.5,70.7422525607025
-20.9687303273419,3.86394298863081,268.814491624054,337,70.7322892606933
30.4196100478942,3.97234458306726,268.811814697548,337.5,70.7467431497146
3.75131653784848,3.91679000648103,268.809502468132,338,70.748525589162
7.63959568024386,3.92518707441526,268.806965556232,338.5,70.7521555458891
-9.05118074344882,3.88997565044545,268.806461750539,339,70.7478548739945
34.9032370881543,3.98248409570457,268.804116506119,339.5,70.7644391600707
-25.7374179637705,3.85537092487204,268.807053121454,340,70.7522100163584
44.546167245992,4.00255037662966,268.805915760467,340.5,70.7733761442834
6.88201925640404,3.92480446736613,268.803278013425,341,70.7766461382912
-9.4384587887949,3.89038462946586,268.802726146929,341.5,70.7721614510893
-1.12054348000795,3.90791173616647,268.801088995122,342,70.7716290244383
9.22254037097462,3.92985642441358,268.798471743431,342.5,70.7760111179236
-0.106093612288443,3.91031013321614,268.796606274043,343,70.7759607075043
-27.1493844431081,3.853293025652,268.799977266252,343.5,70.7630606673946
-10.8969859446448,3.88711596899903,268.799963896764,344,70.7578829604725
-19.5351046788846,3.86876495975378,268.801600336792,344.5,70.7486008482231
-49.2498974640568,3.80694064422637,268.812677508228,345,70.7251997411365
-18.7947472505691,3.86932551323793,268.814637431441,345.5,70.7162694099943
25.8193789239954,3.96340239522197,268.811800709603,346,70.7285374974873
-23.6917499946075,3.85935908647788,268.81427621061,346.5,70.717280353671
-4.43345025671046,3.89975377447396,268.813231716032,347,70.7151737981336
21.098420930088,3.95374044293123,268.8102479432,347.5,70.7251987206809
-26.2592290282325,3.85413050189559,268.813363374375,348,70.7127216382474
-31.8190532599402,3.84214181308449,268.818456498147,348.5,70.6976028032637
2.2469949341962,3.91358701862328,268.816649301674,349,70.6986704637418
-53.1171016100024,3.7981456987698,268.829277913008,349.5,70.673431853168
2.24011140022012,3.9129339561293,268.827702674682,350,70.6744962429324
17.1985571154918,3.9447170802602,268.824656516714,350.5,70.6826681437387
-28.2058065988133,3.84912174405957,268.828424134293,351,70.669266144249
-29.2560256557505,3.84652865076939,268.832890949016,351.5,70.655365132784
3.2931558565188,3.91495490320101,268.830948649907,352,70.6569298770133
-11.4853575117517,3.88375611785365,268.8309140201,352.5,70.6514726051224
48.1069668213646,4.00838642763702,268.82997541954,353,70.6743306482893
-14.271050960563,3.87868220833697,268.830180127867,353.5,70.6675497531207
13.2853622227777,3.93686587752752,268.827365581442,354,70.6738622979191
-11.3808404146699,3.8849239316776,268.827128852021,354.5,70.6684546873658
-46.2884960947405,3.8120409213215,268.836949835436,355,70.6464606912407
-20.793115414643,3.86422474182757,268.839303248493,355.5,70.6365808347225
-10.1200908050761,3.88654178472671,268.839172621462,356,70.6317722698148
-12.824846405008,3.88074954245561,268.839467180936,356.5,70.6256785392784
-26.2298306301657,3.85237341469009,268.842955700849,357,70.6132154255046
12.1698703208119,3.9333039940173,268.840259833553,357.5,70.6189979439112
11.0098504542086,3.9311467267575,268.837371841572,358,70.6242292784469
-13.7377389504327,3.87897025925014,268.837654723514,358.5,70.6177017866782
-25.9897779571622,3.85300860415666,268.841014675403,359,70.6053527340214
-33.79930308398,3.83634617399229,268.846859296805,359.5,70.5892929825976
-10.7503231885387,3.88435381821496,268.847008657108,360,70.5841849625386
27.9464560174234,3.96601495310499,268.844051757985,360.5,70.5974637315031
6.36831923878838,3.92117165126448,268.841413341567,361,70.6004896407566
41.8916921497124,3.99549416695593,268.839581575184,361.5,70.6203944938529
-55.957135280819,3.79226416191674,268.852881628429,362,70.5938064402246
-6.88292460443979,3.89315786924936,268.852460680093,362.5,70.5905360160404
-9.79846871063679,3.88695919995642,268.852094514033,363,70.5858802699904
27.2066001820348,3.96497192874803,268.84913620164,363.5,70.5988074961797
-0.848301174075001,3.90639112231311,268.847201143657,364,70.5984044255616
20.4510459545081,3.9514035712989,268.844117532052,364.5,70.6081217476486
-15.9798848266934,3.87482575733397,268.844678475679,365,70.6005288994334
41.4342421040456,3.99507159080808,268.842999265231,365.5,70.6202163949705
-2.58316622252938,3.90369586946714,268.841207346651,366,70.6189890025796
-29.4310537943496,3.84717212115667,268.84511939182,366.5,70.6050048264296
-35.3726565577843,3.83437943208296,268.851145135958,367,70.588197495518
43.9543575836838,4.00000362837878,268.849844972003,367.5,70.6090824248619
-22.2093240151583,3.86213162412997,268.851670681407,368,70.5985296563008
11.7028741242401,3.93345039270965,268.848927124761,368.5,70.604090281291
-23.6130229348432,3.85912807007975,268.851230457127,369,70.5928705446664
11.0156120568836,3.9319257009252,268.848532214795,369.5,70.5981046168298
-1.99117448861489,3.90466284698516,268.846768913086,370,70.5971585095314
-19.1369041678567,3.86846697585726,268.848098038201,370.5,70.5880656024027
-52.7835811816103,3.79876451316554,268.860417747382,371,70.5629854641844
-1.18567755254755,3.9053539019786,268.859112028657,371.5,70.5624220890545
36.0591864045929,3.98352509800181,268.856650812519,372,70.5795556248781
-0.473411385679634,3.90759908524093,268.854593085939,372.5,70.5793306832822
10.8765918045542,3.93163909830746,268.851734601289,373,70.584498699921
0.406426300526483,3.90973863890977,268.849670168257,373.5,70.5846918135288
-1.05510955566275,3.90670220900381,268.847833792563,374,70.5841904778312
-3.78689914936024,3.90095509663943,268.846359100153,374.5,70.5823911312928
-45.6311977585095,3.81361306726947,268.855612899533,375,70.5607094507165
-4.99606877317264,3.89770060694751,268.854719478648,375.5,70.5583355667818
-39.5575260275043,3.82529236095294,268.861996019177,376,70.5395397935861
-7.75442887406144,3.89128912885512,268.861513553874,376.5,70.5358552738242
-1.09821163680598,3.90535609022775,268.859781783183,377,70.5353334581568
36.5689909911249,3.98437576708974,268.857374075261,377.5,70.5527092278191
-32.1430299219923,3.84078726947918,268.861929946695,378,70.537436455204
-5.66350537682178,3.89596282791596,268.860986823388,378.5,70.534745438519
-28.0416099709807,3.8488157689919,268.864674186124,379,70.5214214571181
-43.0726457450537,3.81731440654363,268.873495202222,379.5,70.500955473482
7.96482110318239,3.92381633891823,268.871141155632,380,70.5047399611897
4.64104503224393,3.91701290167801,268.868665799285,380.5,70.5069451554619
3.25671298599245,3.91424311989887,268.866337633417,381,70.5084925838477
-22.9044569233681,3.85909247336553,268.868623734363,381.5,70.4976095226269
-8.3433212832055,3.8895098040166,268.868069234832,382,70.4936451904179
-13.4572244922588,3.87864161821937,268.868351432774,382.5,70.4872509851983
14.5530704957424,3.93776682441376,268.865368925968,383,70.4941658820538
4.65571649219278,3.91718143415652,268.86285859412,383.5,70.4963780474756
-16.8728583103916,3.87178302956691,268.863707717903,384,70.4883609025777
-1.85879742799943,3.90333236563173,268.862120946465,384.5,70.4874776942889
-19.6269197359077,3.86582085691504,268.863658635854,385,70.4781519560809
-0.555308162381787,3.90589903469503,268.861941369642,385.5,70.4778881012011
-16.8526144905415,3.87149189856448,268.862866650663,386,70.4698805751618
-38.5456630793761,3.82598793303467,268.870028285163,386.5,70.451565589022
-6.72116636002331,3.89216790488703,268.869411818895,387,70.4483720243277
-0.299136082799384,3.90577470716469,268.867593672267,387.5,70.4482298897068
-15.5555178220816,3.87355818966648,268.868296959966,388,70.4408386796315
-3.1364754028382,3.8996876577476,268.866918300403,388.5,70.439348382178
-11.8477407169778,3.88127452931556,268.866895462794,389,70.4337189237725
-27.9689499095989,3.84722887980475,268.870792410254,389.5,70.4204294668267
-16.3158195840364,3.87134873748292,268.871942343439,390,70.4126769990867
22.8644192287462,3.95399337561569,268.868832446212,390.5,70.4235410363821
-31.6368300788676,3.83953497410998,268.873560671623,391,70.4085087848105
42.131249670324,3.99387245471322,268.871780444027,391.5,70.4285274637518
-27.0773434070717,3.84943818777783,268.875010601839,392,70.4156616539671
-14.2743652480353,3.8759746155657,268.875615049012,392.5,70.4088791840137
-14.2446714085703,3.87588644831579,268.876133247384,393,70.4021108230991
-42.0960039284484,3.81759807635799,268.884636589807,393.5,70.3821088911852
-23.0106823841655,3.85663429978505,268.887570506285,394,70.3711753568972
-8.11228251449751,3.88784966298891,268.887092639197,394.5,70.367320802845
-38.014435294959,3.82504113551459,268.894288799078,395,70.3492582297844
11.4841894549724,3.92886715768998,268.891622566743,395.5,70.3547149466727
-10.5023533729753,3.88256275461221,268.891314413364,396,70.3497247495637
-0.206526216269463,3.90434007481439,268.889510714972,396.5,70.3496266185553
-26.4603378576925,3.84894003528316,268.892986465295,397,70.3370539791868
16.7854697451828,3.94005421745719,268.889960692909,397.5,70.3450296013755
12.3314641150651,3.93103265101059,268.88684678751,398,70.3508889011334
-35.5164981104408,3.83045559208969,268.892877681943,398.5,70.3340132238545
-29.3070883775954,3.84283627160562,268.897471321964,399,70.3200879499183
-25.1417428690872,3.85115975596219,268.900896335404,399.5,70.3081418414488
34.9966826365326,3.97754379652412,268.898196335697,400,70.324770528212
5.0872858206911,3.91552684053449,268.895530282012,400.5,70.3271877539607
-21.7098085823928,3.85898770842755,268.897610551766,401,70.3168723303431
-14.3870112440722,3.87415534163327,268.898248314841,401.5,70.3100363366027
-2.47257307753665,3.89926337621673,268.89674885354,402,70.3088614925858
-3.44563903504513,3.89725757462621,268.895298627738,402.5,70.3072242959176
-23.508597326883,3.85488325323356,268.897948325301,403,70.2960541771594
-20.1881907768314,3.86156407999758,268.899966512062,403.5,70.2864617508078
11.177823408523,3.92776090923781,268.897130944532,404,70.2917728977552
25.154171328299,3.95738985592719,268.893807952317,404.5,70.3037249116118
-39.5982579043831,3.8217096710618,268.901105756375,405,70.2849097846496
-22.4639316801635,3.85677352233205,268.903813754344,405.5,70.2742360391618
-45.2520700745774,3.80917650291525,268.91377401915,406,70.2527345012454
-10.7253297552321,3.88063529723122,268.914022560502,406.5,70.2476383568256
-19.6226410249339,3.86175673006575,268.915898771862,407,70.2383146516487
-14.4760671027049,3.87242989217429,268.916670250092,407.5,70.231436342984
-19.7204025268304,3.86122178548686,268.918618273354,408,70.2220661863932
-51.3777317010227,3.79536501543341,268.931297285179,408.5,70.1976540380781
-36.2430712903342,3.8255909193629,268.938706723754,409,70.1804331292828
-4.2468816831212,3.8926322124117,268.937824824385,409.5,70.1784152218724
-13.4643807189454,3.87312570631973,268.938370109512,410,70.1720176163691
-24.362567236016,3.84998977873726,268.941668720073,410.5,70.1604417334912
-15.1297907013397,3.86924266966461,268.942760194213,411,70.1532528078156
-0.692452942846945,3.89983869329428,268.941107474399,411.5,70.1529237885424
-30.1828288987132,3.83753174830662,268.946002387978,412,70.1385824061721
-25.2497641643231,3.84749774583033,268.949748193928,412.5,70.1265849713439
-20.0569639474517,3.85817439699832,268.9520792326,413,70.117054897469
1.87057810609096,3.90461153518273,268.950134590102,413.5,70.1179437033514
10.9905865058013,3.92415096569094,268.947084088818,414,70.1231658846149
-20.004128935074,3.85864649714977,268.948988480344,414.5,70.1136609153157
-29.8561586732195,3.83768757759341,268.953931615285,415,70.0994747504245
11.9948593323237,3.92603014818,268.951049028818,415.5,70.1051741122948
-10.0255703146297,3.87957848699046,268.950722718008,416,70.1004104588333
7.0567988377922,3.91585001685503,268.948061327739,416.5,70.103763499424
17.4446685334392,3.93803712386488,268.944627852008,417,70.112052340162
-3.08378472201866,3.89494573719938,268.942998665369,417.5,70.1105870787051
10.0119790185718,3.92277269998506,268.940025322739,418,70.1153442742573
12.4417662476932,3.92815994700756,268.936820062881,418.5,70.1212559841145
10.0979802772443,3.92349053037785,268.933756638873,419,70.1260540431967
1.44615303212413,3.90541191287888,268.931518407256,419.5,70.1267411833475
-5.97514086219601,3.88977465350283,268.930371840507,420,70.1239020929458
-9.53321067197162,3.88221311676059,268.929897379783,420.5,70.1193723843515
-18.9946066699355,3.86213154493192,268.93146292804,421,70.1103470899319
-9.23248843892268,3.8825459620153,268.931072211594,421.5,70.1059602696183
-11.9964746382813,3.87663141727298,268.931141932042,422,70.1002601402348
-4.85192737560065,3.8916752648988,268.929959283462,422.5,70.0979547451388
-22.4700803644836,3.854427891977,268.93241477837,423,70.0872780781014
-35.1088967099603,3.82771202532542,268.938827148128,423.5,70.0705960727795
30.445640861172,3.96530761839467,268.935789857539,424,70.0850623303514
-40.5008511291993,3.81674580901759,268.943633606412,424.5,70.065818335883
52.595590919162,4.01055747404875,268.942950001238,425,70.0908091504583
24.7953550036462,3.95448042942432,268.939384645905,425.5,70.1025906726049
-5.97991969584104,3.89005059792605,268.938047594247,426,70.0997493115386
14.2641625421078,3.93281522414439,268.934850858803,426.5,70.1065269336726
-2.83422309815809,3.89696995182538,268.933089506441,427,70.105180251514
-12.1770487076219,3.87721231837699,268.932993803541,427.5,70.0993943222943
-42.4351154697035,3.81394103324911,268.941522260653,428,70.0792312614055
-19.0763676612337,3.86186469505383,268.943380952046,428.5,70.0701671182205
-65.1875391432589,3.76727234440583,268.962042194562,429,70.039193234766
6.35939822723575,3.91451106762753,268.95994857215,429.5,70.0422149051975
28.0171535847357,3.96022577846335,268.956470694798,430,70.0555272661374
32.0715195510732,3.96915292738586,268.953152207596,430.5,70.0707660605732
11.533629731989,3.9268002709803,268.949868765351,431,70.0762462690275
-38.4208902144091,3.82203994602477,268.956719230223,431.5,70.0579905687609
-16.2902031689606,3.86763735482884,268.957817276373,432,70.05025027267
-22.1419689592992,3.85512570464342,268.960155563609,432.5,70.0397295078887
-30.6576743183815,3.83701040975072,268.964997853536,433,70.0251625025407
1.27374270037242,3.90395495313956,268.963044658026,433.5,70.0257677218583
-45.6544828750029,3.80577059049408,268.972970157532,434,70.0040749773502
-46.823589675174,3.80264079687908,268.9839963674,434.5,69.9818267313115
-39.3616806866402,3.81720890305825,268.992376063297,435,69.9631240141023
-25.3349404274028,3.84589253878608,268.996191574797,435.5,69.951086107741
2.14234605527047,3.90385994840267,268.994143932837,436,69.9521040442655
15.1751137161997,3.9316262165719,268.990705161337,436.5,69.9593145051885
-27.5126823997985,3.84166635569876,268.994507880149,437,69.9462418439196
29.6277052762256,3.9618998572367,268.991178790574,437.5,69.9603194590944
-50.3015946420395,3.79497708584944,269.002916551911,438,69.9364186377028
-69.1645197676081,3.75654002060659,269.024484186621,438.5,69.9035550904264
2.41095023623328,3.9035152563164,269.022875518472,439,69.9047006543273
-13.1061615830587,3.87073610239266,269.023204470845,439.5,69.8984732567795
5.28278267177856,3.90974338553092,269.020608934342,440,69.9009833729296
-16.9280058715972,3.86280735409378,269.021712138562,440.5,69.8929400246475
-13.1887816862382,3.87057706140752,269.022143408773,441,69.886673370127
-2.55220159438192,3.89308997935293,269.020567405993,441.5,69.8854606905907
-25.4441954855639,3.84469239334054,269.023953076026,442,69.873370871648
1.23365194387222,3.90093279177443,269.021940720612,442.5,69.8739570418277
20.2138335481355,3.94120091447339,269.018252013331,443,69.8835616523517
33.0356140741363,3.96831730747546,269.014724944875,443.5,69.8992585366585
47.6368814246624,3.99874183203805,269.012694134343,444,69.9218932185743
-32.9914771705983,3.83097679159968,269.017636025606,444.5,69.9062173059336
41.6549205415578,3.98692258245536,269.015262886931,445,69.9260096569123
9.20733377054445,3.92016302352358,269.011956859789,445.5,69.9303845249758
-2.91276836764306,3.89474309451103,269.010075145916,446,69.9290005220032
-9.04767460299561,3.88177361350038,269.009262503104,446.5,69.9247015160525
2.57192573938409,3.90626890196907,269.006809944754,447,69.9259235675236
-42.5803354321528,3.81180566442168,269.015208650099,447.5,69.9056915053157
1.07085276104939,3.90257415048241,269.013245179784,448,69.9062003214031
43.920780068434,3.99193868990623,269.010913099155,448.5,69.9270692963782
-18.1486796578128,3.86288357838892,269.011711165116,449,69.9184459444929
-39.013971827102,3.81916935512973,269.018951980114,449.5,69.8999084412775
4.96395988903094,3.91089292403739,269.016493708778,450,69.9022670686639
-20.473089139906,3.85731992110885,269.018115181582,450.5,69.8925392727491
-10.2859600350469,3.87853812603403,269.017719873368,451,69.8876518950151
30.8394877642024,3.96492536818479,269.014328105751,451.5,69.9023052890895
-71.3062478081959,3.75445232502276,269.035286444598,452,69.8684240989385
-7.18368401209775,3.88448377625899,269.034902995401,452.5,69.86501076881
19.444074204161,3.94068280289605,269.031259531006,453,69.8742496278955
20.4200441113471,3.94311854290608,269.027483097493,453.5,69.8839522194453
-45.4363012825743,3.80557314990328,269.036836100334,454,69.8623631440019
-9.95064597361365,3.87877924769278,269.036602586993,454.5,69.8576350908689
-32.5806669784194,3.83119317992476,269.041834292555,455,69.8421543748437
-1.18265100555458,3.89683164687195,269.04005657448,455.5,69.8415924377788
17.9191837022395,3.93722259576377,269.03639738739,456,69.8501067445756
7.41405893592117,3.9154846772158,269.033252074817,456.5,69.8536295374348
-34.7133038573968,3.82705268814701,269.038930519051,457,69.8371354982038
-43.3247844411455,3.8087822647952,269.04815179004,457.5,69.8165497107725
-20.223513596082,3.85612863728854,269.050286009347,458,69.8069405007702
13.5547217637739,3.92734432912017,269.046930388142,458.5,69.8133810318546
2.16172004921386,3.90360766667296,269.044353911615,459,69.8144081739395
24.7130026334991,3.95115856531689,269.04060544225,459.5,69.8261505663268
-20.219493141141,3.85694403161172,269.042024548332,460,69.8165432666451
-63.6672720091405,3.76782645098575,269.059820515503,460.5,69.7862917386845
3.71210742993488,3.90629922881516,269.057752873902,461,69.7880555479096
-19.9004352347364,3.85652373524347,269.059362819134,461.5,69.7785998487107
-12.9048376206444,3.87106466650996,269.059547370588,462,69.7724681103185
-18.6007362007059,3.85893120779226,269.060981201203,462.5,69.7636299635987
-6.41453020679553,3.88451356764827,269.059917396225,463,69.7605820971866
-7.9784128250284,3.88121014490322,269.059029340989,463.5,69.7567911513672
4.75825610124822,3.90818096277965,269.056287227363,464,69.7590520385224
-20.3660465093367,3.855205272863,269.057992386633,464.5,69.7493751039533
0.169312838532804,3.89841439737981,269.05590881837,465,69.7494555530114
-5.55799985796601,3.88638680582932,269.05453086859,465.5,69.746814667313
-9.51449935794612,3.87801617029154,269.053900150765,466,69.7422938494065
-21.4085403629732,3.85284098995589,269.055989563099,466.5,69.7321215734954
5.33508195926353,3.90917072882008,269.053301110566,467,69.7346565396714
11.6078147039283,3.92260941399406,269.049874710648,467.5,69.7401719971427
-21.617044010996,3.85266075829553,269.051813937658,468,69.7299006506457
-7.7546985658622,3.88165724180441,269.050983024126,468.5,69.7262160027396
-87.0951027871562,3.72128001748029,269.08171688364,469,69.6848327322766
-15.959934325986,3.86284308048457,269.083562056672,469.5,69.6772493635492
-19.65846675227,3.85491075073579,269.085476442369,470,69.6679086357647
-11.8882451537509,3.87116838677125,269.08558470518,470.5,69.662259931661
-11.2900823721488,3.87238239102831,269.085485445951,471,69.6568954448253
-16.8774727198133,3.86049483687213,269.086628138215,471.5,69.648876107389
-23.5622871135409,3.8462320960847,269.089572687604,472,69.6376804779088
15.8199142707175,3.92938533136157,269.086044851342,472.5,69.6451973160548
10.5320447402792,3.91861049239555,269.082585041385,473,69.650201621028
22.2958825142382,3.94361163695143,269.078644486414,473.5,69.6607955178922
-24.012056443973,3.84630013343737,269.081195997657,474,69.6493861803474
-12.6041287508499,3.87004315600628,269.081343478052,474.5,69.6433973238864
22.7610056961871,3.94463768557496,269.077546640365,475,69.6542122242033
-45.7630871551191,3.8013424930138,269.087375394486,475.5,69.6324678763312
-10.5173370435063,3.87417342823458,269.087339704638,476,69.6274705597256
-12.3761567104027,3.87017967433399,269.08736235623,476.5,69.6215900242644
34.4522494584804,3.96856379764895,269.08383580228,477,69.6379600234007
3.42433796792336,3.9042605871995,269.080952566496,477.5,69.639587098859
21.2722210908249,3.94196904112296,269.077093985574,478,69.6496946026173
-2.63074402076502,3.89201273308076,269.075036170793,478.5,69.6484446036179
6.55204124021229,3.91145986378359,269.072004100972,479,69.6515578084486
-16.7692952312721,3.86234571848929,269.07268180937,479.5,69.6435898715862
4.2126753561257,3.90649440646583,269.06999755355,480,69.6455915258476
-27.9431187898219,3.83884848097607,269.073636248466,480.5,69.632314342568
28.1042869360827,3.95636879559116,269.070075237586,481,69.6456681049522
4.002717231614,3.90635841149418,269.067146831644,481.5,69.6475699975327
-13.913320213855,3.8686254868684,269.067187641934,482,69.6409590782614
6.53223881652425,3.91167030975116,269.064248446466,482.5,69.6440628739631
-31.8453956497281,3.83108125738161,269.068998395772,483,69.6289315223831
-36.5305080910223,3.82088278122196,269.075714180095,483.5,69.611574037885
-27.1132743850108,3.83989037335477,269.079605211202,484,69.5986911554828
-10.8386548847683,3.87379206231755,269.079415487915,484.5,69.5935411645856
-26.6938207352383,3.84032614427685,269.082997351339,485,69.580857585741
9.49719570540797,3.91643650882888,269.079910001941,485.5,69.5853701818105
-4.78571649760123,3.88647646152909,269.078313243998,486,69.5830962468379
-56.3170172768898,3.77956199564745,269.092840845901,486.5,69.5563371951454
3.91009891878706,3.90408566891743,269.090632553098,487,69.5581950801001
-26.1108141491547,3.84081836780747,269.093999204204,487.5,69.5457885170516
-34.0302733607286,3.82394300467678,269.100156376203,488,69.529619020015
-8.88428989343043,3.87638433452841,269.099744488449,488.5,69.5253976463698
-14.9877308102108,3.86343880744084,269.100392025926,489,69.5182762205043
-17.0794512902902,3.85889009891077,269.10158685629,489.5,69.5101609128752
-4.27988779569686,3.88586542278045,269.100173077468,490,69.5081273225982
-25.1337539132006,3.84181637415223,269.103409463025,490.5,69.496185010084
3.22757809990741,3.90156322042605,269.100967897071,491,69.4977185950179
-21.7236326778128,3.84888123129723,269.103192953996,491.5,69.4873966028762
29.0381583597799,3.95573951575951,269.099425423381,492,69.5011940946145
3.621077348203,3.90293435417058,269.096539998649,492.5,69.5029146508625
-67.2767951919081,3.75655984836311,269.116381094356,493,69.4709480566199
-16.1206881433058,3.8601938531494,269.117940975061,493.5,69.4632883056565
-38.9629656239663,3.81220959202895,269.125920217176,494,69.4447750380575
-21.7638781847331,3.84758786942267,269.128683644271,494.5,69.4344339232482
-20.0135417999603,3.85106025720927,269.130815676075,495,69.4249244814229
-19.423468086541,3.8521154329832,269.132783389234,495.5,69.4156954133417
-34.5608583428419,3.82013359203533,269.139387091513,496,69.3992738086537
27.1208794246414,3.94997121585312,269.135563508227,496.5,69.4121603045933
8.09239031985886,3.91054311674322,269.132181246129,497,69.4160054068617
1.75418660188903,3.89736019736732,269.129615626979,497.5,69.4168389092777
-6.9571913093468,3.87901236028441,269.128465527264,498,69.413533197241
8.65230874573933,3.91211950945883,269.125213074996,498.5,69.4176443449577
-7.67699658867274,3.87775093944977,269.124127934907,499,69.413996617175
-26.3134406519776,3.83836775960034,269.127655996865,499.5,69.4014937760683
-9.34409785050235,3.87385872104854,269.127206802562,500,69.3970539245014
