curr_dens,Volts_tot,Temp_tot,t_tot,SOC_tot
5.92752137614337,3.8098083447366,284,0,44
5.92752137614337,3.80987917768907,283.999481142857,0.5,44.0028164639852
-18.9575464767242,3.76620128538285,284.002249355863,1,43.9938087787301
15.5887132704065,3.82665696821765,284.001404416416,1.5,44.001215761635
-32.222858450056,3.74304325100465,284.007113840666,2,43.985905058465
5.24702739051904,3.80835762209587,284.006926923052,2.5,43.98839818548
-4.35702706652504,3.79153680096526,284.007363240994,3,43.9863279424498
-6.47000479529909,3.78777892600027,284.008154319238,3.5,43.9832537172664
-3.20097751252651,3.79347224353895,284.008546810514,4,43.9817327716114
5.50456221722035,3.80876336639853,284.008054889398,4.5,43.984348266395
1.45314720255094,3.80171407158542,284.007844327712,5,43.9850387298285
15.4269310452286,3.82624551993836,284.006804120677,5.5,43.9923688418489
-32.5311745826186,3.7423755732718,284.012590923017,6,43.9769116421539
-8.65305929823764,3.78376349742223,284.013961291299,6.5,43.972800137812
22.6965158597564,3.83864082022532,284.012887299716,7,43.9835843957592
-26.0829948694578,3.7534045557681,284.017041631723,7.5,43.9711910510518
11.106648270215,3.8184091359068,284.016381680645,8,43.9764683791058
-10.2553487626465,3.78099362924597,284.017573376082,8.5,43.9715955463292
-24.7185998295428,3.75552533243143,284.021702214958,9,43.9598504944322
-36.6315269926636,3.7345688869149,284.029053503905,9.5,43.9424450107655
-4.79949745110978,3.78984292371535,284.029923011417,10,43.9401645277676
-9.36927397102816,3.78178574907421,284.031116357683,10.5,43.9357127137576
2.79522978720124,3.80313943850398,284.030843467131,11,43.93704086823
-53.0874239003563,3.70607888918886,284.043297111142,11.5,43.9118163590309
3.94820949128226,3.80467641280514,284.043365205697,12,43.9136923522382
-4.32598343492136,3.79020919774188,284.043749162212,12.5,43.9116368596011
-4.86300814768337,3.78926280729085,284.044270172663,13,43.9093261994722
45.9619371546838,3.8773429619331,284.044325098419,13.5,43.9311650309955
-27.4936607505767,3.75012108964767,284.048658427939,14,43.9181014078703
-14.9979783226412,3.77168287877918,284.050961590834,14.5,43.9109751128955
-0.863584867353697,3.79642052570594,284.051064110171,15,43.9105647802248
-33.2035061787779,3.73977209890825,284.057230086111,15.5,43.894788121922
5.74767322505451,3.80773952823046,284.056866763664,16,43.8975191309913
8.60223007775983,3.81286218972911,284.055926438572,16.5,43.9016064838103
-57.8755627994159,3.69762647991166,284.070100515102,17,43.8741068886335
10.4591349131073,3.81563737552713,284.069660367826,17.5,43.8790765504751
27.0485940324563,3.84469818541264,284.068227051596,18,43.8919286999838
-10.4411660835479,3.77939091773708,284.069244596933,18.5,43.8869675760381
4.94115196657154,3.80637365607942,284.068684660075,19,43.8893153662317
-19.5990371011092,3.76330022243011,284.071526339466,19.5,43.880002876468
-43.2323579533,3.7221063769301,284.080819935716,20,43.8594610055168
17.0504282785829,3.82704429471958,284.079878758667,20.5,43.8675625228511
-2.1338766462231,3.79361672019837,284.079789430291,21,43.8665486105695
-66.9689355915001,3.68203854998385,284.097791586442,21.5,43.8347282959305
30.3530152964591,3.84964915716461,284.097106989818,22,43.849150542431
-0.405053667614803,3.79636922329364,284.096688312008,22.5,43.8489580810303
-9.03404897759587,3.78121287561265,284.09764445842,23,43.8446655493006
-28.3513533858022,3.74728617452192,284.102593389859,23.5,43.831194393201
-14.5367521093533,3.77119157552829,284.104766124276,24,43.8242872500328
-2.36140263859672,3.79252470073162,284.10492079608,24.5,43.8231652286913
0.030776199042144,3.79676908179706,284.104678509713,25,43.8231798520137
14.3139492434986,3.82189939820455,284.103326276785,25.5,43.8299811303173
-9.49855372197336,3.7802466914318,284.104217718676,26,43.8254678889857
-5.79582560686897,3.78669488801179,284.104760851138,26.5,43.8227140002943
-56.8376944219298,3.69834784153874,284.118709014443,27,43.7957075486628
40.2368250643352,3.86612771622775,284.118372066689,27.5,43.8148260910484
-46.9878096787064,3.71491640767888,284.128380982872,28,43.7924998158139
-27.1049818411078,3.74867936276679,284.133448879371,28.5,43.779620873617
-11.6566906977093,3.77552557039968,284.135061082771,29,43.7740821926992
-23.4774466192384,3.75470550335524,284.138889747943,29.5,43.7629268752113
0.657706992164309,3.79696873944286,284.138706615949,30,43.7632393849331
-7.35095109691376,3.78293681808821,284.139338819138,30.5,43.759746577787
4.22505159150797,3.80331153353919,284.13862367818,31,43.7617541126212
-35.5690710657111,3.73365262491202,284.145399903103,31.5,43.7448534552831
-26.598737512339,3.7488766997422,284.150230873337,32,43.7322150552673
26.5591695170325,3.8418605728451,284.148763019777,32.5,43.7448346545355
27.0447315943647,3.84305226338008,284.146907487737,33,43.7576849688052
-0.232271208699004,3.79573295062447,284.146357693764,33.5,43.7575746050541
-46.7715719703915,3.71465946965171,284.156579470855,34,43.7353510752471
-33.5052834838318,3.73692653586284,284.163301487679,34.5,43.7194310273456
-20.1583592303913,3.75988416467041,284.166593048508,35,43.7098527754643
1.75523776557484,3.79831402723607,284.166184843818,35.5,43.7106867773411
-0.42167550449655,3.79457443923272,284.165812311014,36,43.7104864180684
-27.6218558930877,3.74684128477814,284.17047574217,36.5,43.6973618829736
-12.9772140622915,3.77226200350726,284.17226308024,37,43.6911957548882
8.45833368309081,3.80993933525053,284.171151567162,37.5,43.6952147352817
-34.7187000159262,3.73435007161201,284.177640482245,38,43.678718132064
-13.1436121273206,3.77172923144393,284.179533029818,38.5,43.6724729398762
8.00683641090993,3.80891315316255,284.178436618275,39,43.676277391173
-11.744267622764,3.77429084221543,284.179637996578,39.5,43.6706970980466
-14.5622807106465,3.76926064954227,284.181527664557,40,43.6637778249541
-44.0643791151084,3.71783582078902,284.191149109057,40.5,43.6428406188386
-37.6035722081711,3.72847677691232,284.199139078558,41,43.6249732675264
-37.7881948155427,3.72779574449896,284.207159120592,41.5,43.6070181927137
-28.6281002183255,3.74335769830921,284.212612754184,42,43.5934155402538
-2.09757277982748,3.78982130777912,284.212691436271,42.5,43.5924188777678
0.357573920203492,3.79424178177693,284.212179557302,43,43.5925887791489
-31.8242964458884,3.7377859014744,284.218032275642,43.5,43.5774674528633
3.59333963952873,3.79978367619261,284.217442670156,44,43.5791748295287
34.0570020579769,3.85295121179868,284.215610780164,44.5,43.5953570267158
-30.6445759429167,3.7402290582631,284.220770920847,45,43.5807962450657
-37.0747338635152,3.72877238686154,284.228388430968,45.5,43.5631801714896
-24.596791203174,3.7501249744968,284.232729858443,46,43.5514929970066
-37.643878688532,3.72722312308291,284.240539985013,46.5,43.5336064940554
3.38662003507752,3.79890134086427,284.23998721299,47,43.5352156478238
32.6502423510513,3.85003310090214,284.238000714695,47.5,43.5507294226132
-14.2145523033125,3.76847679297232,284.239380096036,48,43.5439753728027
-11.5408330875074,3.77309210044939,284.240650755887,48.5,43.5384917416714
10.9247600014687,3.8126008640382,284.23914718266,49,43.5436826454469
27.9769109618493,3.84246217120248,284.237046532634,49.5,43.5569758850895
12.735186530393,3.81632393636834,284.235147660892,50,43.5630270137032
-20.4757847974135,3.75811462262653,284.237866999724,50.5,43.5532979369458
11.7315436916153,3.81455769289353,284.236417230923,51,43.5588721842915
46.0004718851862,3.87363623309007,284.235489970601,51.5,43.5807293256064
5.15623272406608,3.80373933407282,284.234054484946,52,43.5831793115018
-26.2542335334283,3.74865663652913,284.238084425803,52.5,43.5707046026796
3.94218730212737,3.80139775247709,284.237306205433,53,43.5725777344415
-29.004453044107,3.74364934155782,284.242064972194,53.5,43.5587962577965
-20.746941554492,3.75775671397768,284.245214340195,54,43.5489383408051
-26.9860899031681,3.74665124468378,284.24975897533,54.5,43.5361158901568
-38.1486737350555,3.72701858874304,284.25750976167,55,43.5179895336515
-23.2062157412582,3.75260841125833,284.261398225744,55.5,43.5069630916162
-26.5845092977828,3.74650915697611,284.265952918275,56,43.4943314521417
-20.9869729817577,3.75608283263244,284.269222316588,56.5,43.4843594841284
28.157848113988,3.84209465197287,284.267268379973,57,43.4977386961262
-15.7214324211043,3.76560655321428,284.26888024418,57.5,43.4902686516676
-24.8973639734457,3.7493936276632,284.27289167171,58,43.4784386599211
8.75633814940433,3.80838091245708,284.271587570004,58.5,43.4825992372476
-13.7100464859608,3.76899501806847,284.272950867141,59,43.4760849035637
-20.5399476066072,3.75690074348877,284.27592334887,59.5,43.4663253398236
-12.69689735424,3.77052214445809,284.277381750136,60,43.4602924043262
-0.309600296649082,3.79228715254206,284.276853509086,60.5,43.4601452976302
-29.0513510840536,3.74185322865268,284.281768926914,61,43.4463415373641
16.2832001314852,3.82123193366045,284.280025850724,61.5,43.4540785059591
3.80815803458983,3.7996100265764,284.278773551988,62,43.4558879536648
-29.9617082834333,3.74039249803814,284.283849512494,62.5,43.441651636837
-37.8056930589962,3.72649256041056,284.291565873776,63,43.4236882477274
-33.9482127594063,3.73278409185962,284.298285835441,63.5,43.407557741816
49.641429065385,3.87773258198002,284.297690278476,64,43.4311448852884
-2.169388880724,3.7889139591259,284.296880570492,64.5,43.4301140993554
-21.8673756934652,3.75428999853701,284.29996757845,65,43.4197238076664
-22.9919331077811,3.75212157359691,284.303532933581,65.5,43.408799182104
6.12731498022324,3.80317062853295,284.302346143664,66,43.4117105780944
-17.0994415386782,3.76241122257834,284.30433775635,66.5,43.4035857720914
4.28994841003858,3.79995165908657,284.303263547091,67,43.405624142673
7.50423190450596,3.80571445524006,284.301696982586,67.5,43.4091897812518
45.8178316836778,3.87184157111421,284.3004571761,68,43.430960141007
-18.6567634971062,3.7604095585953,284.30241212322,68.5,43.4220953728965
-9.84448326726127,3.77570445998492,284.303219568646,69,43.4174177630129
-26.1292288746407,3.74706255971806,284.307328851627,69.5,43.4050024502007
8.6245982512808,3.80787291858986,284.305949144538,70,43.4091004312656
-14.9179161742586,3.76660393586906,284.307425998195,70.5,43.4020121778504
-24.0584953180987,3.75044734042599,284.31110112547,71,43.3905807748573
-11.5890486867541,3.7721107722069,284.312287165337,71.5,43.385074234066
-48.4820248214038,3.70796175722116,284.323251355034,72,43.3620379819511
12.2079170410038,3.81342605236448,284.321828037766,72.5,43.3678385782709
16.7481088827233,3.82157040884242,284.319569884536,73,43.3757964484319
26.3471892679517,3.83846445621425,284.317156605002,73.5,43.388315325206
-14.0316030055435,3.76809328972943,284.31829190609,74,43.3816482038222
-16.2744896548241,3.76402559198119,284.320208684196,74.5,43.3739153740134
16.817025033411,3.82200990259045,284.318218328762,75,43.3819059897091
60.3241671913487,3.8959053599914,284.318846680663,75.5,43.4105690401728
-29.2072741448995,3.74227845762979,284.323084144837,76,43.3966911930064
21.0272203965452,3.82992324758848,284.321152247753,76.5,43.4066822845937
39.1123046165197,3.86118817417201,284.319360037748,77,43.4252665106705
9.09238957843883,3.80979807958986,284.317429546979,77.5,43.4295867629584
11.345308670412,3.81382874984372,284.315559778138,78,43.4349774905903
-5.01100788893287,3.78525340217398,284.315268288642,78.5,43.4325965083292
0.976671830153995,3.79570906899611,284.314376808676,79,43.4330605743124
-2.40640732088345,3.78977433610665,284.31383055286,79.5,43.4319171689794
12.4084955873607,3.81572152508858,284.311996709305,80,43.43781307027
19.9352044261528,3.82896257951657,284.30980480896,80.5,43.4472852900631
10.8616449331273,3.8133697434942,284.307915020807,81,43.4524462046904
16.1407117016121,3.82268525885797,284.305862042849,81.5,43.460115469855
29.2881787812436,3.84558148293699,284.303791445309,82,43.4740317588895
-14.6645499958758,3.76917510931112,284.304908803076,82.5,43.4670638925081
-2.38263541666074,3.79053766235675,284.304515579698,83,43.4659317824042
-26.0542295155049,3.74903043671612,284.308293264627,83.5,43.4535521055654
-3.98277397531418,3.78738541701947,284.308217486362,84,43.4516596890306
-27.9559692195686,3.74536592863641,284.312515900243,84.5,43.4383763998646
2.72738857110043,3.79883103477991,284.311671494603,85,43.4396723195579
4.71214351938819,3.80236528199946,284.310346903867,85.5,43.4419112963027
-4.95114537263183,3.78546247958384,284.310112051942,86,43.4395587577385
-40.8078348297184,3.72292851407656,284.318062987,86.5,43.4201688998507
-43.2416599821182,3.71828172150612,284.327268842445,87,43.399622609037
-9.93150244511821,3.77576808491051,284.32829808864,87.5,43.3949036519586
-20.9492301494594,3.75637336790763,284.331104743124,88,43.3849496174662
13.7018838698822,3.81702817545305,284.329285499413,88.5,43.39146007268
0.344464097265963,3.79381797373759,284.328281171753,89,43.3916237449239
30.9577571021004,3.84714014034426,284.326142810618,89.5,43.4063333347181
4.21533084697212,3.80104108105487,284.324620860788,90,43.4083362507369
-18.5968074147319,3.76104268731885,284.326719737777,90.5,43.3994999707812
33.9535401571922,3.8525032017653,284.324913893836,91,43.4156330080077
-5.86639949479639,3.78361024787678,284.324563860009,91.5,43.4128455861071
-6.35578186260674,3.78269036724322,284.324586596869,92,43.4098256339926
11.5172329663787,3.81398764089774,284.322797911458,92.5,43.4152980515176
-12.3218159604365,3.77229602777877,284.323628893498,93,43.4094433360839
46.6692400052295,3.87427109555119,284.322819903138,93.5,43.4316182428196
-30.0708140604264,3.74172260002321,284.327219979403,94,43.4173300843413
-3.33702011323307,3.78814480719409,284.327056983928,94.5,43.4157444979941
-4.75335993392061,3.78563044077623,284.326820782552,95,43.4134859372547
-20.7435490948978,3.75753605689032,284.329426489292,95.5,43.4036296321918
18.4323965179801,3.82596323195454,284.327468168373,96,43.4123877922487
-7.3874549010189,3.78097516215971,284.327434837205,96.5,43.4088776403065
-16.8094103409179,3.76436503578481,284.329254369188,97,43.4008906427349
-21.8318197761257,3.755397745167,284.332235688825,97.5,43.3905172454533
-32.9808458094125,3.73576675503501,284.338087950653,98,43.3748463843078
-4.85440152551998,3.78463097772918,284.338172888242,98.5,43.3725398136185
34.4045295428182,3.85292469461187,284.336181693081,99,43.3888871386191
-41.7766279071302,3.72072663413868,284.344122005231,99.5,43.3690369583405
6.47578620794198,3.8045112143318,284.342998872797,100,43.3721139305642
-19.6158564285182,3.75880389377871,284.345288974846,100.5,43.3627934490909
-42.7229888952211,3.71854750967872,284.354087708675,101,43.342493605037
-9.19442302989923,3.7764673246113,284.354940383057,101.5,43.3381248715167
36.8909790837755,3.85661531840103,284.353010512559,102,43.3556536339409
-2.82052816852641,3.78811463972711,284.352174080504,102.5,43.3543134589333
11.3395948037679,3.81295406041445,284.350271310592,103,43.3597014716193
-12.858467477858,3.77063172254208,284.351162567474,103.5,43.3535917660176
13.924533092248,3.8175064643221,284.349213229358,104,43.3602080130922
-31.7126425415665,3.7377745882759,284.354328678214,104.5,43.3451397392008
-5.33978960343556,3.78357841757317,284.354420801297,105,43.3426025361859
29.7438656711201,3.84473097850992,284.352211541092,105.5,43.3567353450155
16.4537414561124,3.82210741501763,284.349838576669,106,43.3645533463843
-20.5406234705206,3.75746417063587,284.352176779517,106.5,43.3547934615072
-15.9037111222697,3.76535775619966,284.353915133805,107,43.347236807256
-9.64877199311177,3.77618256756284,284.35449359027,107.5,43.342652189657
-16.8019501515133,3.76354570898515,284.35631842351,108,43.3346687367971
-15.0541645167587,3.76645376178295,284.357881696534,108.5,43.3275157449313
-19.3638063624929,3.75876498059937,284.360310520774,109,43.3183150251405
-40.5607623884741,3.72177538767014,284.368437740152,109.5,43.299042563815
-11.7040233975861,3.77162021449712,284.369678101484,110,43.2934813927471
-5.1708590811951,3.78305286507731,284.369536202603,110.5,43.2910244571327
10.2346821346688,3.81012193776435,284.367660311874,111,43.2958874701532
-7.68250875425603,3.77881753946274,284.367692167349,111.5,43.292237123263
-27.1521041335862,3.74464649762236,284.371885062499,112,43.2793357908914
-12.8607190902312,3.76941500662487,284.373169798236,112.5,43.2732250154353
-9.79000290783503,3.77473276760227,284.373762264355,113,43.2685732919146
-17.1710466966893,3.76171077971588,284.375711952267,113.5,43.2604144626941
-10.9682928752366,3.77247947396541,284.376554865421,114,43.2552028742574
-39.2233686508054,3.7231253708349,284.384271736279,114.5,43.2365658760635
9.60434811816578,3.80822703740108,284.38275113148,115,43.2411293856418
-25.6756757084079,3.7464323988648,284.386473001174,115.5,43.2289295787852
-30.227737716462,3.73826320799843,284.391749388262,116,43.2145668579734
-15.9530025091444,3.76296870307879,284.39370177918,116.5,43.2069867829013
-5.24107349628901,3.78173512231221,284.393596846138,117,43.2044964848815
-19.278564327301,3.75706006616407,284.395982532218,117.5,43.1953362678754
-10.1945525050496,3.77289631389202,284.396716011502,118,43.1904923224633
-7.24662644827387,3.77805838064597,284.396858019393,118.5,43.1870490852127
-43.4315315913099,3.71493253447464,284.405993617266,119,43.1664125768334
-34.6466653308491,3.72962365908348,284.412830625494,119.5,43.1499502009231
-27.7283082699493,3.74134905079245,284.417651724976,120,43.1367750849419
-2.26071922272219,3.78593205228861,284.417228019324,120.5,43.1357009033629
38.9985729315968,3.85768250687476,284.41494850181,121,43.1542310897873
15.0336428223592,3.81690550449201,284.412310370233,121.5,43.1613743307624
-19.539979124819,3.75638594325773,284.414500031998,122,43.1520899024182
-27.6581323354762,3.74201077743835,284.418982601067,122.5,43.1389481305583
20.9670806767053,3.82706262685587,284.416649996566,123,43.1489106467354
-22.2490306881419,3.75153980838162,284.419407175521,123.5,43.1383390115338
1.13325757874805,3.79246995235684,284.418428953939,124,43.1388774792936
-21.2095337474372,3.75324544635735,284.421113937841,124.5,43.1287997614498
-32.3761931754668,3.73357125534881,284.426911176752,125,43.1134162012281
-38.648118836667,3.72239773332707,284.434770498257,125.5,43.0950525331971
-11.9805915311837,3.76861925397259,284.436007848267,126,43.0893599506778
-18.5522925036421,3.75701577975768,284.438284256806,126.5,43.0805448219987
-23.6121142010225,3.74801672605976,284.441810737716,127,43.0693255171594
22.1924127219791,3.82827573444374,284.439306173917,127.5,43.0798702503133
-28.0122940057333,3.74051964759366,284.443531816576,128,43.0665601984041
-8.27473079687225,3.77493647554471,284.44395200664,128.5,43.0626284569902
-2.99016489381305,3.78424865688597,284.443337400058,129,43.0612076790295
-11.3610800308185,3.7695443544107,284.444035700216,129.5,43.0558094576299
-21.968883111232,3.75084268010956,284.447046469411,130,43.0453709346536
-17.8667670163161,3.75787213570451,284.449251610085,130.5,43.0368815336646
-25.2799779746203,3.7447478994045,284.453167357854,131,43.0248697427333
-24.516432115627,3.74587910092622,284.456990931497,131.5,43.0132207509007
-15.2063930236922,3.76204943338844,284.458687923577,132,43.0059954276031
8.21233775769487,3.80325223676315,284.456812785312,132.5,43.0098975229413
-7.35214318668522,3.77602243887506,284.456704259862,133,43.0064041493733
-31.8901461073754,3.73295897433588,284.462283246521,133.5,42.9912515345966
-1.13363441388242,3.78671697711294,284.461634817507,134,42.9907128877835
7.24175073939568,3.80154370866759,284.459702406638,134.5,42.9941538083391
-10.990330101442,3.76958836809147,284.460216980206,135,42.9889317489063
-0.502941311217529,3.78803123323142,284.459247284039,135.5,42.9886927761553
15.3734328298004,3.81597075110845,284.456720225262,136,42.9959974684787
-29.2573183009087,3.73782678944262,284.461278642448,136.5,42.982095842813
-1.8857308481104,3.78564144683143,284.460678819762,137,42.9811998370996
-4.49402107786191,3.78109722638699,284.460174150788,137.5,42.979064501314
-29.913359905605,3.73647586381803,284.465106564879,138,42.9648511572359
8.77344240200784,3.80419941003687,284.463312712925,138.5,42.9690198616543
-14.5239130566478,3.76335262308759,284.464466018261,139,42.9621188189668
14.4686842633931,3.81424993785767,284.462103320269,139.5,42.9689936196726
17.1912341457702,3.81922092861063,284.459368711286,140,42.9771620409671
-5.56842300801769,3.77952448196641,284.458843833256,140.5,42.974516202705
2.84568964425588,3.79432068197682,284.457395533596,141,42.9758683331972
58.2257139380531,3.88901522709605,284.457067982402,141.5,43.0035343028177
-20.5964655411611,3.7538969627395,284.459063866855,142,42.99374788456
3.54877945154174,3.79610620249512,284.457678067029,142.5,42.9954340884355
-14.1936451847723,3.76496910541112,284.458717466228,143,42.9886899726501
2.92661786810989,3.7949486337825,284.457334858579,143.5,42.990080556218
4.68119915490445,3.79809607629458,284.455614358799,144,42.9923048297365
-52.4044659532256,3.69890939684867,284.467560042109,144.5,42.9674048282598
-3.52053959151149,3.78319942308578,284.467423072595,145,42.9657320425643
-11.695528365028,3.76882631275342,284.468078849572,145.5,42.9601749079143
-3.82961770860558,3.78259787785895,284.467520616782,146,42.9583552636366
-20.442020935149,3.7533940590932,284.469975747077,146.5,42.9486422297909
9.09956756229545,3.80516314894615,284.468036588793,147,42.9529658927004
-38.0782470812821,3.72268755467921,284.475122558357,147.5,42.9348729994459
-2.94136461537965,3.78378495273702,284.474722271901,148,42.9334754089556
-10.4851685921497,3.77053301613418,284.475159619626,148.5,42.9284933772016
-9.96408482941413,3.77139625077265,284.475576644801,149,42.9237589385912
17.0817661700663,3.81883767029975,284.473013416746,149.5,42.9318753461363
6.67779132878698,3.80088819801716,284.470944412448,150,42.9350483011684
-43.7117746092615,3.71295220692748,284.479854278819,150.5,42.9142786352149
-0.742664291394347,3.78752305682015,284.479208037877,151,42.9139257580008
9.0069713369344,3.80471323706741,284.477060797045,151.5,42.9182054237794
-38.2472819251491,3.72209659488401,284.484200655912,152,42.900032213556
26.4102916061033,3.83477784328351,284.481703409636,152.5,42.9125810734295
8.59579904951776,3.80413336351465,284.479376065725,153,42.916665370543
-24.6521203000314,3.74585927139108,284.482668252121,153.5,42.9049519064191
-15.2672704367003,3.7620695414318,284.48419969487,154,42.8976976571962
14.9386073026538,3.8150240465749,284.481770966696,154.5,42.9047957420088
6.37185039895301,3.80024867854985,284.479722485861,155,42.9078233290943
-17.172169465253,3.75895732493125,284.48132043587,155.5,42.8996639663899
10.0147395061222,3.80659836147926,284.479244947894,156,42.9044224735888
-3.13801531034863,3.78365311842444,284.478353832435,156.5,42.9029314444476
-35.8631693087739,3.7263731591627,284.484812300621,157,42.88589104622
5.3282248685715,3.79818657381125,284.483346662206,157.5,42.8884227542468
-56.6464315755243,3.69067232811322,284.497050501221,158,42.861507181228
24.1572759766224,3.83056968621937,284.494742225709,158.5,42.8729855198876
-24.49252520909,3.74564203782381,284.497889886726,159,42.8613478874305
-0.0838487529443093,3.78833395330008,284.496888992715,159.5,42.8613080466644
-0.93811480226032,3.78689477704634,284.495757216964,160,42.8608623010674
-1.57752699836492,3.78581821219736,284.494718127826,160.5,42.8601127385278
-29.0478421694854,3.73762535940321,284.499251408132,161,42.8463106455237
34.2449719142965,3.8478863150569,284.496753343316,161.5,42.8625821566578
2.29130794533376,3.79283734307562,284.494957199393,162,42.8636708724798
-21.3960068694152,3.75125760601736,284.497489067486,162.5,42.8535045518627
-27.3686613920779,3.74060456993679,284.501752953914,163,42.8405003222292
-7.61920255176608,3.77500355172413,284.501880065155,163.5,42.8368800553046
20.7163902371209,3.82464293587622,284.499090425548,164,42.8467234558262
10.9931989969821,3.80797872012938,284.496568137603,164.5,42.8519468784158
1.68992636652418,3.79182160920322,284.495003067411,165,42.8527498475571
14.1138409683565,3.81364175775923,284.492450143837,165.5,42.8594560443394
6.4144421043867,3.8003578700191,284.490377896127,166,42.8625038688895
0.559291346841205,3.79017329902237,284.488994811373,166.5,42.8627696163809
-17.938780370074,3.75768546856333,284.490743634375,167,42.8542459982201
-9.84379634132915,3.77172689977646,284.49112321229,167.5,42.8495687147295
-42.9986657900976,3.71390021054213,284.499872437713,168,42.8291378826965
-23.1032593126502,3.74790881371986,284.503330455486,168.5,42.8181603604465
5.58014060141883,3.79814264984792,284.501649575353,169,42.8208117663275
-38.4136016639824,3.72121972030002,284.508846201342,169.5,42.8025595292183
-5.18690806393888,3.77895170596732,284.508708743195,170,42.8000949679237
28.699639972893,3.83813105735519,284.505803555455,170.5,42.8137316125246
25.8831905228878,3.83364635182223,284.502676998276,171,42.8260300201225
-15.7207556141502,3.76116709845764,284.503754407422,171.5,42.8185602972489
-29.9014306028007,3.73620990610013,284.50857908118,172,42.8043526213835
-37.4226293137216,3.72285453705451,284.515807921213,172.5,42.7865712451549
10.7243791819202,3.80684764105629,284.513798617255,173,42.7916669379095
1.76112532016439,3.79130229283201,284.512190048621,173.5,42.79250373726
-10.9176158693104,3.76905951829792,284.512557230305,174,42.7873162280215
-4.37657410600023,3.78050501512981,284.511965183071,174.5,42.7852366972083
20.4970129213045,3.82406796543301,284.50912963903,175,42.7949758605167
19.8021903031323,3.82312783588086,284.50614511024,175.5,42.8043848785998
-33.4681552594001,3.73011377653412,284.511606510319,176,42.788482472188
-37.2479376592043,3.72319699039424,284.518780248262,176.5,42.770784100764
-21.3597188234769,3.75045899146722,284.521735911236,177,42.7606350224255
-7.37606615391198,3.77486957048086,284.521721152478,177.5,42.7571302818507
-16.7158233245191,3.758415812997,284.523323797838,178,42.7491877521847
-1.88442099727818,3.78440780371163,284.522422747359,178.5,42.7482923688474
16.3379615778172,3.81640810286529,284.519675873049,179,42.756055357364
-57.8709756134357,3.68767729794358,284.533764698054,179.5,42.7285579417903
30.458655819858,3.84047519648848,284.531361951479,180,42.7430303834248
13.4683795177812,3.81145757864287,284.528507393363,180.5,42.7494298889589
-37.1225052937371,3.72303901827069,284.535155702263,181,42.73179111677
17.7228582860685,3.81870925241965,284.532673128984,181.5,42.7402121394723
-7.93582548319959,3.77395671785682,284.532342119437,182,42.7364414290441
22.0124062829752,3.82635982239449,284.529443769848,182.5,42.7469006320716
-26.8771814308859,3.7409859766223,284.533083808022,183,42.7341299293244
4.1385820594702,3.79518849260084,284.531509758653,183.5,42.7360963781283
1.36822437020621,3.7904143182345,284.529951016011,184,42.7367464904463
1.71192560701936,3.79107619813165,284.528377834293,184.5,42.7375599125348
-47.0611971749843,3.70610022275806,284.538389184215,185,42.7151987672042
10.5271957042642,3.80612041714347,284.536448807447,185.5,42.7202007681561
-17.8122465488349,3.756478334877,284.538058001661,186,42.7117372725876
-45.1259578281937,3.70889553254926,284.547675119804,186.5,42.6902956569519
-39.0541436421295,3.71882368818174,284.555677084551,187,42.6717390660837
-2.11824689328595,3.78313705252345,284.555008568759,187.5,42.670732580285
-13.9383449238065,3.76237387992365,284.555965775642,188,42.6641097705135
29.7713804282877,3.83874819579305,284.552962650891,188.5,42.6782556529902
37.6489321432169,3.85255672693183,284.549939222956,189,42.6961445570924
-17.9002163046423,3.75626192331353,284.551315528976,189.5,42.6876392626616
-37.7019008288257,3.72157894933785,284.558413200473,190,42.6697251904688
7.07713308241208,3.79964454933185,284.556602040613,190.5,42.6730878928835
-13.8008086467228,3.76305241722183,284.557383943539,191,42.6665304335252
-70.0226593248366,3.66672826418594,284.577061283597,191.5,42.6332591409192
12.6852511047314,3.80879745525129,284.575158290096,192,42.6392865426968
-20.0489808814499,3.75145582687501,284.577248654078,192.5,42.6297602619786
-12.8126901838049,3.76403027746235,284.578111431717,193,42.6236723074752
-31.0327826894316,3.73202283270219,284.583287938538,193.5,42.6089270692453
-30.0678050528633,3.73341656789047,284.588430987465,194,42.5946403404981
-2.59381700153541,3.7814655084587,284.587663409279,194.5,42.5934078873857
-4.82625060964433,3.77759842793393,284.586942312214,195,42.5911146926146
-28.3838731137098,3.73621272190655,284.591321770765,195.5,42.5776280847541
3.20035750991596,3.79154759260919,284.589751594965,196,42.5791487358146
-25.4221629252625,3.74128527103251,284.593264939513,196.5,42.5670693856511
-23.4675007335484,3.74449688604401,284.596593618677,197,42.5559187939545
-14.703486027895,3.75973078965525,284.597898750588,197.5,42.548932427103
11.7066831300459,3.80618072136963,284.595328832961,198,42.5544948619437
11.8680404914566,3.80667879171447,284.592515958677,198.5,42.5601339657946
-13.6469516238272,3.76198049427306,284.593211245422,199,42.5536496116579
-9.91414514043302,3.76847284536111,284.593432453516,199.5,42.5489389019093
-10.4148956627639,3.76755165256537,284.593710175365,200,42.5439902603638
-34.0538408890083,3.72607088551082,284.599748696013,200.5,42.5278095652074
4.98244216895714,3.79433962180517,284.598015173035,201,42.530176974456
-6.81457447908939,3.77369309783464,284.597518542575,201.5,42.5269390268593
4.98424864962512,3.79448372414089,284.595494175281,202,42.5293072944578
-21.948215421053,3.74718555836981,284.598080780274,202.5,42.5188785917422
-21.1795255756288,3.7483472348674,284.600769380584,203,42.5088151322924
-0.592036759207486,3.78446021074539,284.599576944795,203.5,42.5085338258062
15.2301931462441,3.81230841311591,284.59662775497,204,42.5157704577408
-9.34888545845378,3.76934304042222,284.596466007736,204.5,42.5113283313402
-28.0763997280371,3.73640009883934,284.600748883348,205,42.4979878195733
5.99273783100045,3.79607789795222,284.598828917919,205.5,42.5008352711812
-6.11009738244161,3.77490278495479,284.598191401134,206,42.4979320561388
-11.5379941491266,3.76533105141538,284.598624521053,206.5,42.4924497739301
-37.9794035200514,3.719010097641,284.605875622435,207,42.4744038462304
-3.47575232953574,3.77912477841174,284.605286591051,207.5,42.472752341219
1.49496213677195,3.78793390120566,284.603626915681,208,42.473462673034
7.49820971999685,3.79858576295727,284.601249919472,208.5,42.4770254501696
11.7050306923627,3.80610980201892,284.598466756085,209,42.4825870998539
-8.34565185829543,3.7710325420167,284.598141350353,209.5,42.4786216602713
-18.8091432293152,3.75256815703099,284.600088543146,210,42.4696844888744
5.46251958143587,3.79515872320654,284.598120822087,210.5,42.472280007084
-36.5714607951768,3.72153202966381,284.604715957195,211,42.4549030638934
-26.1485127321941,3.73929258149782,284.60881258063,211.5,42.4424785883491
22.9387668367463,3.82523904383284,284.605764636666,212,42.453377951938
-7.30524466902339,3.7725628124853,284.605170988632,212.5,42.4499068622182
-23.1903308542231,3.7445871629068,284.608152082267,213,42.4388879678928
-12.8478888299511,3.76256919769037,284.609010318432,213.5,42.4327832887396
-13.7651832968485,3.76087940672105,284.609946422048,214,42.4262427567795
-25.3771582604115,3.74038635189029,284.61358797048,214.5,42.4141847905993
-0.874162859447581,3.7833244101464,284.61245411277,215,42.4137694317917
-21.2925097203732,3.74741068815186,284.614950780932,215.5,42.4036522878835
2.7796997370974,3.78967544864312,284.613289438248,216,42.4049730632468
-19.4024000482945,3.75068443598678,284.615302229558,216.5,42.3957540056519
8.15567930447906,3.79909944555357,284.613033517525,217,42.3996291797049
11.3008667528862,3.80477870499631,284.61023789161,217.5,42.4049987907432
-13.8582389845124,3.7606785744671,284.610944996653,218,42.3984140433385
-1.83622335426828,3.78177761797687,284.609812413371,218.5,42.3975415611292
-24.9847992259423,3.74107112986067,284.613198996381,219,42.38567002449
-22.8150918323807,3.74464278252875,284.616305060911,219.5,42.3748294251253
-2.58520404427304,3.78009899385737,284.615381390583,220,42.3736010644627
-6.27357371911686,3.77364164785782,284.614830029287,220.5,42.3706201735782
-4.67216199501538,3.77647017348332,284.614052501554,221,42.3684001940696
-24.913975004795,3.74084853852379,284.617475097159,221.5,42.3565623095854
-27.0555597045859,3.73687422522284,284.621703716206,222,42.3437068503351
-7.47629639672336,3.77110217904364,284.621622251958,222.5,42.3401544853232
-22.9091956574121,3.74390993950569,284.624604747509,223,42.3292691724911
-2.8885870237472,3.77903124047632,284.623727700286,223.5,42.3278966592931
-40.4655428365146,3.7132005889648,284.631812182036,224,42.308669441573
-1.12771219469372,3.78182493879466,284.630877697869,224.5,42.3081336087045
-32.20664826309,3.72721657787443,284.636368899242,225,42.2928306078109
-11.0433702114607,3.76412289082988,284.637013592535,225.5,42.2875833463501
-21.3513355877912,3.74592126493956,284.639685634924,226,42.2774382513092
-23.2238918562683,3.74247951192752,284.642946866713,226.5,42.2664034104612
14.229921982007,3.80833987842076,284.640139110152,227,42.2731647631803
-3.48916700472194,3.77741383340863,284.638974176834,227.5,42.2715068841811
-5.508143816611,3.77389640417923,284.63828509961,228,42.2688896875992
-26.3197479843815,3.73724685514767,284.642131214879,228.5,42.2563838495612
13.4302357250914,3.80705118353468,284.639417106283,229,42.2627652310581
-2.60397740512319,3.7790762449398,284.63811100106,229.5,42.2615279502261
8.33005567923401,3.79838326688012,284.635597234234,230,42.2654859792785
-29.2721708632366,3.73235139557,284.640068678369,230.5,42.2515772964122
-35.7949226758256,3.7207035307264,284.646912912763,231,42.2345693255976
-6.55343359120492,3.77172562892109,284.646745970645,231.5,42.2314554591908
12.1192104982359,3.80464162344271,284.643913284424,232,42.2372139065638
-6.43588150187666,3.77218057465166,284.643217912437,232.5,42.2341558950759
5.92842550230659,3.79398769028713,284.640971269805,233,42.236972788657
-31.4038779392264,3.72842479837849,284.646073942059,233.5,42.2220512243812
-31.2512419685503,3.72837861491299,284.651570080149,234,42.2072021851435
23.3271318296752,3.82398268022178,284.648396007755,234.5,42.2182860805032
0.000429291684858057,3.78348098233013,284.646611962213,235,42.2182862844813
18.072880681124,3.81525225701678,284.643351367251,235.5,42.2268736204548
-7.01895029124588,3.77143404944952,284.642677672009,236,42.2235385636149
-13.5747539889771,3.75984259858971,284.643450370219,236.5,42.2170885142112
11.9436237374061,3.80468860798163,284.640714372114,237,42.2227635314696
-20.4365106114151,3.74786680891829,284.642815515359,237.5,42.2130531158562
-29.2242722439529,3.73227736967538,284.647524361547,238,42.1991671920367
-10.2889479971481,3.76528818744296,284.647913113338,238.5,42.1942783945713
-2.44938885042072,3.77908742671667,284.64677030961,239,42.1931145665486
-52.074818270895,3.69260404479455,284.658997850914,239.5,42.1683711972907
18.9047016405713,3.81611173460595,284.656215731113,240,42.1773537733022
-35.1381260397098,3.72147112722861,284.662340147026,240.5,42.1606578796534
-11.2437290132012,3.76306515131619,284.662985077192,241,42.1553154176334
-29.8443691240269,3.7303069995143,284.667853289431,241.5,42.1411348545508
13.5290683415385,3.80643905387151,284.665095919111,242,42.1475631964021
-2.97746664623003,3.77763240136751,284.663790235231,242.5,42.1461484520184
-17.3881629443962,3.75223710924467,284.665354528263,243,42.1378864599321
-20.5608899752061,3.7465249940963,284.667816931703,243.5,42.1281169454178
-8.13188598167002,3.76830356350039,284.667701770197,244,42.124253076771
-9.42055516040892,3.76602264386362,284.667690903972,244.5,42.1197768964848
14.7199733025504,3.80851645554638,284.66463422274,245,42.126771097271
-19.3618016336547,3.74871905568195,284.666481093432,245.5,42.1175713300279
37.8658972074043,3.84848872524214,284.663287620044,246,42.135563325161
-6.66558816962937,3.77147845835868,284.662372660181,246.5,42.1323961684645
-8.78421779974489,3.76771326697006,284.66218370712,247,42.1282223441118
4.55045035650891,3.79118246162647,284.660056990748,247.5,42.1303844922902
-27.9275645526871,3.73410776117319,284.6641104315,248,42.1171146996121
17.693603578589,3.8140536711044,284.661095352808,248.5,42.1255218219293
1.72066314094482,3.7863075193339,284.659080174619,249,42.1263393956603
-33.846092220163,3.72387012558577,284.664846747474,249.5,42.1102574123611
0.69908495316283,3.78424927729492,284.66346473433,250,42.1105895828365
10.6408726993903,3.80180086582817,284.660641215889,250.5,42.1156455974548
-4.14035861903737,3.77596595561064,284.659512353598,251,42.113678304518
-4.66440230369987,3.7750455545566,284.658599160299,251.5,42.1114620120296
-22.4200861926132,3.74375997468701,284.661298238886,252,42.1008090997415
17.0065346078332,3.81290735050126,284.658270624784,252.5,42.1088897609819
6.11018875658772,3.79407504200372,284.655756269987,253,42.1117930194408
-22.9803923724698,3.74295626715335,284.658471456508,253.5,42.1008738774631
-30.6141087236238,3.72937063802567,284.663554510482,254,42.0863275723236
-6.0299290986416,3.7722990556996,284.66315463953,254.5,42.083462449271
12.2709241797346,3.8045066457358,284.660260905203,255,42.0892929834562
-24.3878945043087,3.74017294228162,284.663305960208,255.5,42.0777050663174
-37.2370124350876,3.71752783501416,284.67045635567,256,42.0600118860176
-24.6955117481072,3.73902358213263,284.674166115607,256.5,42.0482778044311
41.9315076017077,3.85498259033128,284.671197575522,257,42.0682015758542
-45.4249976539003,3.70344485202095,284.680484087435,257.5,42.0466178713342
34.2507254191297,3.84206103866811,284.677418130718,258,42.0628921162483
-13.7818635242386,3.75862373417242,284.677817214507,258.5,42.0563436586719
-13.4870416703323,3.75903751005326,284.67856919419,259,42.0499352858091
5.43767273144503,3.79231666764552,284.676346206689,259.5,42.0525189980286
-23.2669628456699,3.74185937876775,284.679139910857,260,42.0414636919841
-23.4989057203987,3.74123433057454,284.682306374227,260.5,42.0302981781963
-1.76855418007175,3.7793444998858,284.681118861482,261,42.0294578490203
17.5601387943183,3.81332416519982,284.677792314039,261.5,42.0378015554956
-23.8297007308409,3.74078697282212,284.680623204073,262,42.0264788643357
-17.6938244581514,3.75134994209969,284.682400816736,262.5,42.0180716370676
-3.3015795863194,3.77661145491807,284.681379002831,263,42.0165028902999
-39.8429796934773,3.71254960408681,284.689151994708,263.5,41.9975714836887
4.10414176854236,3.78932791848199,284.68736371035,264,41.9995215681755
-15.1510718688376,3.75547120490532,284.68831677378,264.5,41.9923225307453
21.9693103287225,3.8206065736744,284.68490348348,265,42.0027612567141
-1.39617451497263,3.77998295500954,284.683225734763,265.5,42.0020978638744
-7.90257723817384,3.76854227106496,284.682787304006,266,41.9983429513622
1.71770979917797,3.78548342562039,284.680943593203,266.5,41.9991591218118
-38.9918037410831,3.71410752477953,284.688337835815,267,41.9806321517707
-41.270805826785,3.70974394264564,284.697025490746,267.5,41.9610223130416
-30.6775442345228,3.72771089343732,284.70245215523,268,41.9464458664955
-4.13523610511738,3.77421147593294,284.701707546834,268.5,41.9444810075231
-8.36712744419695,3.76678345110056,284.701401703825,269,41.9405053638079
-29.8201417189691,3.72899616288237,284.706197590349,269.5,41.9263363123858
-28.6821398507589,3.73072079353801,284.710939969879,270,41.9127079829744
-29.064501507991,3.72980877792507,284.715806148951,270.5,41.8988979742794
-15.2342951111294,3.75392760997811,284.717182127105,271,41.8916593932947
-19.5272055730252,3.74628422579231,284.719389695737,271.5,41.8823810343083
-12.0632402754705,3.75936158111434,284.719980237664,272,41.8766491812075
17.6950808460191,3.81178763596155,284.716596962032,272.5,41.8850570054488
-15.551123095116,3.75348790494846,284.717530635553,273,41.8776678835297
-39.4593918018474,3.71149933138796,284.725452491174,273.5,41.8589187388478
1.52370817707186,3.78323910947092,284.723935142555,274,41.8596427293545
27.9889340585733,3.82960866601233,284.720089725313,274.5,41.8729416817761
-9.04056999302384,3.76509733310722,284.719589735862,275,41.8686460515835
-32.6632655837777,3.7235006433123,284.725196508462,275.5,41.8531260888003
8.4224815030291,3.79560699252954,284.722758825033,276,41.8571280340171
-16.9079595641461,3.75105869278668,284.724038441126,276.5,41.8490942107454
-15.3812702632886,3.75363860256943,284.725233767746,277,41.8417857944625
-28.4949466245624,3.73045951052115,284.729721966922,277.5,41.8282464099821
-32.7237217019814,3.72280749524741,284.735642133637,278,41.8126977214518
-10.8598745567043,3.7610205120616,284.73610895775,278.5,41.8075376480195
20.1699805945508,3.81564482974874,284.732535982086,279,41.8171214217963
-14.8078007380537,3.75436433675529,284.733254336355,279.5,41.8100854897715
26.6811675980988,3.82714319155077,284.729557885003,280,41.8227630564733
27.844105605992,3.82949715833847,284.725547646075,280.5,41.8359931936018
39.7627246901273,3.85015192813701,284.721886082792,281,41.8548864670183
-8.55743422820659,3.76661082992766,284.721146256764,281.5,41.8508203989639
-49.2806967695442,3.69554788944316,284.732176775974,282,41.827404657576
14.3727018351085,3.80638172481421,284.729416222626,282.5,41.8342338521953
-69.2394163175343,3.66173624709615,284.748755665607,283,41.8013347177954
6.61802997181616,3.79228979687505,284.746925222223,283.5,41.8044792771965
-22.1547545465626,3.74167212255428,284.749400538495,284,41.7939524373386
17.2505274119451,3.81091006205933,284.746076090603,284.5,41.8021490318505
-10.7803845446159,3.76184529094877,284.745903703865,285,41.797026728127
-16.7460780775041,3.75125599112833,284.747239048694,285.5,41.7890698229039
2.59003925731719,3.78528443926571,284.745226640594,286,41.7903004810197
15.2262367938359,3.8075681468119,284.741803921973,286.5,41.797535233092
0.673470980067084,3.7822391724111,284.739751711769,287,41.7978552330785
-1.49621760451899,3.77847304766953,284.738132910802,287.5,41.7971443047276
-10.206166800182,3.76313083027552,284.738001991825,288,41.7922948407788
-37.7155010368314,3.71482372034429,284.745058795448,288.5,41.7743743064421
2.04112703286397,3.78432397739252,284.743360520623,289,41.7753441487104
-29.2727954684932,3.72923133326726,284.74776124124,289.5,41.7614351690627
12.6255676455181,3.80277006624063,284.744839352156,290,41.7674342122225
-6.33148886591454,3.76959663249781,284.743889657422,290.5,41.7644258029344
2.17974607092649,3.78461530303542,284.74182672256,291,41.7654615100902
5.59071851305256,3.79070935763737,284.739275070097,291.5,41.7681179420698
-5.92020872311022,3.77052883825056,284.738312301455,292,41.7653049526944
-4.40100201082934,3.77319877649652,284.737208056289,292.5,41.7632138149531
-13.728076704749,3.75673420823413,284.737812730873,293,41.7566909142041
-16.834907006237,3.75115117527759,284.739191138723,293.5,41.7486918018824
-27.3976670461132,3.73244179570975,284.743259074076,294,41.7356737902016
8.46135473094283,3.79541254710062,284.740701958635,294.5,41.7396942060471
0.0627954975398168,3.78078747306809,284.738798980745,295,41.7397240433511
-9.91666269673606,3.76322667964206,284.738615201995,295.5,41.7350121373847
-1.43405336639569,3.77815976815546,284.737101121432,296,41.7343307463946
-67.0611189517798,3.66464854819589,284.755646527098,296.5,41.7024666307977
11.0539244990933,3.79951040524731,284.75332451137,297,41.7077189071322
-4.13441704824221,3.77295739512717,284.752020676619,297.5,41.705754437335
29.551989992972,3.83186357848937,284.748175859872,298,41.7197960763648
28.3893017421436,3.8302372317654,284.74412259837,298.5,41.73328526364
2.8559121104679,3.78608920301141,284.741677000373,299,41.7346422513409
8.66381796412264,3.79636359094178,284.738803397397,299.5,41.7387588676669
-7.46008585681147,3.76809653718301,284.738048154809,300,41.7352142050991
24.4174595589639,3.82387572852483,284.734398054409,300.5,41.7468161700846
2.41453291510854,3.78576079954622,284.732054832336,301,41.7479634362967
4.5477356581374,3.78956133532912,284.729639508874,301.5,41.7501242945851
-26.8926759871674,3.73430227375132,284.733204759429,302,41.7373462295936
-12.0360027471335,3.76012831473326,284.733662574988,302.5,41.7316273184145
43.9779106564173,3.85720069009875,284.730620655556,303,41.7525234390097
-15.885439014832,3.75379958176219,284.731224392682,303.5,41.7449754667571
-18.1141481301491,3.7497087633806,284.732818802685,304,41.7363685225399
17.0008142781505,3.81126036625374,284.729559270952,304.5,41.7444464657635
13.8025386157929,3.80590081571185,284.726197787388,305,41.7510047471173
-2.76361105637428,3.77699379499089,284.724649177425,305.5,41.7496916162966
-10.7472197802052,3.76290871862569,284.724589304233,306,41.7445850708232
-26.4839585168375,3.7351458818487,284.728193864912,306.5,41.7320012080897
23.4204996419625,3.82242221863558,284.724794708514,307,41.7431294672001
-54.3391541328605,3.68719831920275,284.737332653155,307.5,41.7173101979158
-27.936410294395,3.73202025615605,284.741916807689,308,41.7040362021802
41.5785852191232,3.85288585557481,284.738792777824,308.5,41.7237922824021
9.26100289052184,3.79775979107379,284.735591851276,309,41.7281926513679
-25.9579258067116,3.73593122045922,284.738847274445,309.5,41.7158587332721
13.6523223100445,3.805324874696,284.735856207571,310,41.7223456392924
24.2319877544172,3.82388001252392,284.732058704439,310.5,41.7338594772811
-35.2670003290318,3.7199653550414,284.737816338891,311,41.7171023489658
-30.6994845392549,3.72750209672151,284.742865653958,311.5,41.7025154774758
-6.05733786367105,3.77050745647599,284.742262687312,312,41.6996373311383
14.174234297359,3.80605586557306,284.739015769063,312.5,41.7063722238334
-10.2868746263288,3.7632463459566,284.738712274637,313,41.701484411531
-8.20427390872153,3.76684457101248,284.738255682669,313.5,41.6975861477337
50.0655776457477,3.86731090680791,284.735711176087,314,41.7213748255617
-27.5015748763989,3.73350307757786,284.739042668861,314.5,41.7083074420367
-21.3455569666068,3.74397783377406,284.741493502155,315,41.6981650927098
-15.2382714384106,3.75450898082642,284.742512593428,315.5,41.6909246223717
-45.2088470446303,3.70214158594025,284.752046978933,316,41.669443621894
-34.1021050495203,3.72082389117143,284.758333600472,316.5,41.6532399940038
-8.86049901265783,3.76484774585477,284.758277394823,317,41.6490299246045
-19.3786222187937,3.74626955461661,284.760156525393,317.5,41.6398221650541
-25.130590018777,3.73600666061859,284.763603885412,318,41.6278813558655
-48.3023774912271,3.69557552856015,284.774612517769,318.5,41.6049304632462
-54.6534688731271,3.68423530358427,284.788531742749,319,41.5789618471962
-18.0986351407367,3.74715880929263,284.790764184693,319.5,41.5703622739817
-8.61172287554072,3.76386450289405,284.790506914748,320,41.5662704106564
8.46189080591512,3.79404995669446,284.787635957665,320.5,41.5702910812182
-17.8201372111943,3.74781803500438,284.789018950281,321,41.5618238363984
9.83512998211021,3.79656019807625,284.786103808009,321.5,41.5664970020652
16.6663320784754,3.8087173305842,284.782398745888,322,41.5744160159472
-18.7130784087708,3.74664347873378,284.783864272532,322.5,41.5655244897855
2.69460820292603,3.78431926574785,284.781767599486,323,41.5668048338748
22.5520190396113,3.81916984525732,284.777877272731,323.5,41.5775204341041
18.0696592883026,3.81168817176012,284.774045737718,324,41.5861062394316
-2.99069941018954,3.774967011599,284.772411772139,324.5,41.5846852074952
-34.1904691952135,3.72011657486949,284.778174699095,325,41.5684395933483
-31.9717753583784,3.72361344741799,284.783671174085,325.5,41.5532481924026
-16.8110682966615,3.74992754267393,284.785192518509,326,41.5452604070527
-39.9131212350591,3.70936464567849,284.793089530825,326.5,41.526295672662
-8.72141413905888,3.7637339307315,284.79305719042,327,41.522151689492
-41.0968668276013,3.70690526403397,284.801331352189,327.5,41.5026244979429
4.53835310612327,3.7868002898277,284.799242050467,328,41.5047808981083
5.70272525764219,3.78900463361275,284.796518887763,328.5,41.5074905501341
-12.6073246684655,3.75680144377663,284.796737189949,329,41.5015001751317
-11.3198547726757,3.75901783926894,284.79687427336,329.5,41.4961215419288
-3.09195189350752,3.77352981291034,284.795516932992,330,41.4946523998373
-20.2843650445645,3.74318944464635,284.797550794493,330.5,41.4850142762466
0.732815829400831,3.7801919276257,284.795714260545,331,41.4853624739603
-35.020525924189,3.71729037581868,284.801849284299,331.5,41.4687224580501
-35.1936529466449,3.71664025406808,284.808491111904,332,41.4520001807709
-23.6317100563822,3.73658023722484,284.811801633885,332.5,41.4407715649535
-15.619084961002,3.75056393026198,284.813019446158,333,41.4333501509286
-35.6763482390146,3.7152185138227,284.819659326035,333.5,41.4163985208017
-28.5742020811788,3.727325991697,284.824396812457,334,41.4028214780617
-22.9057265764443,3.73709089926604,284.827493643218,334.5,41.3919378135647
18.2737715023519,3.80968434723231,284.82386274841,335,41.4006206028865
5.34782203937226,3.7873017948165,284.821015915213,335.5,41.4031616225163
-9.45116411436864,3.76127655841103,284.820602832936,336,41.3986708983744
-2.86503093967102,3.77292734457117,284.819162169518,336.5,41.3973095778584
-55.5287184194636,3.68099710837455,284.832929944272,337,41.3709250866611
-25.352294871832,3.73264221512332,284.83699944699,337.5,41.3588789343292
-15.4724313501883,3.74992384813401,284.838206394633,338,41.3515272028219
2.9228310851737,3.78246755322399,284.835959878549,338.5,41.3529159870985
-5.83737495658757,3.76710139816761,284.834893838681,339,41.3501423562181
26.4002207099902,3.82372432357756,284.830756554195,339.5,41.3626864309015
27.4659644651442,3.82592008003639,284.826384705229,340,41.3757368941264
1.38342497980948,3.7806967353955,284.823952008992,340.5,41.3763942290198
-7.34186326981005,3.76534458427424,284.823118607025,341,41.3729057399581
-28.9588006976965,3.72718920973978,284.827438524241,341.5,41.3591459550425
-48.8785368983781,3.69235770948275,284.838752348845,342,41.3359213000668
-47.4760999409949,3.69421201045624,284.849911879524,342.5,41.3133630135327
17.5644696091474,3.80805655173611,284.846557027085,343,41.3217087777963
-24.2567699160981,3.73453313225028,284.849424406628,343.5,41.3101831645543
-44.3663533146636,3.69923397594754,284.859124340734,344,41.2891024752856
-30.6418528306645,3.72267752179165,284.864559901833,344.5,41.2745429875234
-16.2694075526691,3.74780121490784,284.865986442212,345,41.2668125724773
5.26900932894307,3.78592231112318,284.863380653309,345.5,41.2693161442185
11.8935044970627,3.79776620642669,284.859846003941,346,41.2749673473011
0.645664478746022,3.77815971346415,284.85758571074,346.5,41.2752741350182
3.57256937824869,3.78343207739523,284.855021469455,347,41.2769716426862
-20.8444711473238,3.74034349622215,284.85708366927,347.5,41.2670673844725
-6.04143147982865,3.76639193970559,284.85622574331,348,41.2641967960593
3.88214083691666,3.78397452491897,284.85368659742,348.5,41.2660413967209
22.4829036956912,3.8166854860142,284.849532194825,349,41.276724156769
-2.76004788611463,3.77268761615007,284.847697939056,349.5,41.27541271899
-12.899019034499,3.7547738479941,284.847951207035,350,41.2692837453011
-42.8999573936794,3.70209521652897,284.856830082122,350.5,41.2488998145993
28.2312374487983,3.82648612736918,284.853022573339,351,41.2623138975668
-15.766619394245,3.7496120787934,284.853628467877,351.5,41.2548223825011
-34.0607003027985,3.71731702715021,284.859578042798,352,41.2386384280917
0.970867953484184,3.77881070467225,284.857731020712,352.5,41.2390997363607
-26.7855363131043,3.7298342867408,284.86137473396,353,41.2263725788252
-22.4788139845357,3.73718248346175,284.864178558729,353.5,41.2156917620049
-16.5939258631938,3.7474123042655,284.865499615893,354,41.207807151963
-14.9737627564335,3.75018668927418,284.866389939537,354.5,41.2006923630234
-9.10075242640882,3.76052267878721,284.866034062498,355,41.1963681371252
4.40634123172353,3.78443523432672,284.863439024837,355.5,41.1984618117993
15.4250977588054,3.80394623616397,284.859625666889,356,41.205791052733
-7.60848987989819,3.76357198363214,284.858670077227,356.5,41.2021758759385
24.3838211772993,3.81975579856907,284.854552640879,357,41.2137618576345
3.36152547229275,3.78330487730229,284.851808820615,357.5,41.2153590877121
-9.58099991801475,3.76051221299575,284.851311667167,358,41.2108066720398
-15.9538543052399,3.74918306861736,284.852275735944,358.5,41.2032261922365
-1.08116895357938,3.77537694632388,284.850521215976,359,41.2027124744063
-1.23319121556185,3.77516037148191,284.848642367261,359.5,41.2021265231419
18.914572095382,3.81060121045661,284.844728559232,360,41.2111137891036
4.22143116701777,3.78510402354716,284.841938003705,360.5,41.2131196036918
-17.6724128011462,3.74650766124818,284.843139341538,361,41.2047225501804
13.519182640778,3.80138142088612,284.839757512111,361.5,41.2111461948373
-7.65866339406779,3.76426089226223,284.838817937309,362,41.2075071780788
8.83572682554412,3.79332394417055,284.835761853061,362.5,41.2117054769643
-13.4894007623659,3.75405744201472,284.836001439368,363,41.205295983178
15.2050581688658,3.80451777615895,284.832478472934,363.5,41.2125206722187
2.04280306532782,3.78161231379299,284.830019076718,364,41.2134913108545
-8.82999418856665,3.7624659488761,284.829399705934,364.5,41.2092957358337
5.03037073798834,3.78687604713681,284.826790597577,365,41.2116859183596
-37.5468150188864,3.71205819932888,284.833506832529,365.5,41.1938455352471
-31.9658457591156,3.72135695650078,284.83900560326,366,41.1786569517527
2.46903119549832,3.78178947122689,284.836956166481,366.5,41.179830112843
4.1302448499245,3.78481598041672,284.834334199587,367,41.1817926002187
15.5154282907036,3.80490605699234,284.830621625719,367.5,41.1891647617382
-18.3131965196794,3.7454961804053,284.831883960293,368,41.1804632396048
-8.46900844693773,3.76272898343246,284.831419225376,368.5,41.1764391870932
0.829980057542517,3.7791271924575,284.829345064527,369,41.1768335524261
-37.8536653098156,3.71110317375693,284.836263596328,369.5,41.1588473692837
7.62867463249761,3.79081092582807,284.833671045937,370,41.162472136871
10.4624884899303,3.79593973870357,284.830329015463,370.5,41.1674433921659
-9.46809248275892,3.76094522108549,284.829774064223,371,41.1629446245034
-16.2928932339168,3.74882132627121,284.830826543233,371.5,41.1552030502271
24.9967490986631,3.82124738268809,284.826897606499,372,41.1670802648528
-25.9668588931962,3.73200000044276,284.830014075491,372.5,41.1547421021977
-36.531184858775,3.71325701758699,284.836799842617,373,41.1373842961332
-5.00853217882523,3.76838554684673,284.835947937234,373.5,41.1350044902067
-29.3029518420344,3.72551488214363,284.840340720883,374,41.1210811817469
5.41834296631156,3.78657025932789,284.837890181248,374.5,41.1236557094214
28.2642623563489,3.82653460788587,284.833667392722,375,41.137085484186
-24.8149623432169,3.73368868697272,284.836465975798,375.5,41.1252946456047
-20.6464529399239,3.7407871907778,284.838721660067,376,41.1154844758159
-23.4246401890068,3.73571039077863,284.841658858012,376.5,41.1043542493231
-9.34265560719694,3.76040173194976,284.841441149021,377,41.0999150830386
-26.4735462334481,3.73010871457681,284.845101689421,377.5,41.0873361677054
-18.1697198934578,3.7445201530781,284.846835246749,378,41.0787028185443
-30.8019538477335,3.72213989379227,284.851884530975,378.5,41.0640672587243
-10.5099095884125,3.75769426562301,284.852010741305,379,41.0590734712767
0.252073730613141,3.77674360494315,284.850030894967,379.5,41.0591932442035
-39.2953044811673,3.70711686881138,284.857616498628,380,41.040522065673
-16.7402682304871,3.7463612731158,284.859209654862,380.5,41.0325679210009
-25.6828432759732,3.73046479036945,284.862823580452,381,41.0203647084718
16.5950749901731,3.80499892049032,284.859223437527,381.5,41.0282498645219
-5.49544054968903,3.76631904232475,284.857907102067,382,41.025638703902
17.4482989283969,3.80678372599245,284.85406192289,382.5,41.0339292696235
-16.4456012011016,3.74722824228057,284.854930490539,383,41.0261151360998
39.2379010377815,3.84439123815529,284.851016723234,383.5,41.0447590393629
11.5074851598319,3.79702653389034,284.847306795218,384,41.050226825214
15.0448327825688,3.80338883314812,284.843533106428,384.5,41.0573753831029
-29.1228521597896,3.72573477468917,284.847594801475,385,41.043537649074
-19.322684327204,3.74267032358581,284.849555863466,385.5,41.0343564684336
5.66604102663461,3.78669294430158,284.846936381953,386,41.0370486899335
13.5349623455066,3.80063789876999,284.84331469222,386.5,41.043479832323
40.3983756406067,3.84704179176545,284.83933660804,387,41.0626751355249
-30.2747645768422,3.72412908350773,284.843487777842,387.5,41.048290069883
16.0719156874209,3.8054350095942,284.840073388882,388,41.0559266465958
7.65508011128298,3.79090138500462,284.836928676783,388.5,41.0595639607562
3.09697120078902,3.78299149054617,284.834383207628,389,41.0610354877734
-8.65692323000984,3.76229586355385,284.833701697896,389.5,41.0569221474828
-24.7817373508649,3.73377426633457,284.83675813201,390,41.045147095769
3.33510775624096,3.78316876682494,284.834506274972,390.5,41.0467317734591
-34.1059746504523,3.71727369237206,284.840152814166,391,41.0305263069266
-21.5603847814605,3.73891489210863,284.842726049009,391.5,41.0202818820835
-10.590134425831,3.7581143546886,284.842702966372,392,41.0152499757747
-36.3403284733798,3.71274672101714,284.849293038877,392.5,40.9979828551927
-18.3005520216206,3.74406422688979,284.851150287055,393,40.9892873410972
-9.49218254120029,3.75953050306561,284.850896291531,393.5,40.9847771270344
-22.6212599322238,3.73627845263403,284.85352813236,394,40.9740286269692
-27.8228484896985,3.72693060602285,284.857740472605,394.5,40.9608085901674
-0.996726473051384,3.7741568527359,284.856123377304,395,40.9603349952132
40.0048598632052,3.84544408398763,284.852075038927,395.5,40.9793433192473
12.3462726081255,3.79827446151916,284.84828226084,396,40.9852096552662
-2.90650980993027,3.77158103858781,284.846535238098,396.5,40.9838286260497
-26.3809726908814,3.73012155600983,284.850016285915,397,40.9712936970696
-21.9006440819538,3.73774866637445,284.852598629056,397.5,40.9608875978935
-5.53007638372284,3.76652539468631,284.851636305463,398,40.9582599800442
-46.622556727899,3.69442789073037,284.86179553143,398.5,40.9361072548851
32.2594223407675,3.83216168377804,284.858011278867,399,40.9514353314013
-25.8897817106118,3.73053730136823,284.861092576689,399.5,40.9391337919982
-10.101513973672,3.75820154765806,284.86101188326,400,40.9343340538788
3.512563867766,3.78226120774228,284.858536850778,400.5,40.9360030499062
-13.8451240532942,3.75164761826513,284.858918015475,401,40.929424534066
-22.5483456050043,3.73616826351684,284.861544180191,401.5,40.9187106792704
-21.9800529078238,3.73697829514118,284.864141728759,402,40.9082668489612
-18.8907076183357,3.74226157548305,284.865977886792,402.5,40.8992909222145
31.3292638608293,3.83032031634584,284.861843417169,403,40.9141770335833
-3.83262181973962,3.7692575938645,284.860089939164,403.5,40.912355961901
-28.6224602722955,3.72546208956502,284.864250683399,404,40.8987559892635
-44.6042918856628,3.69733340368091,284.873967947543,404.5,40.8775622433944
-18.346849246643,3.74285742735249,284.875965595982,405,40.8688447311552
-17.6356577573948,3.74400199310449,284.877478249362,405.5,40.8604651418165
-10.3609875126081,3.75679701545062,284.877384604785,406,40.8555421147487
-5.52813953838141,3.76535357675028,284.87629302766,406.5,40.8529154171922
15.3677740565141,3.80226664170792,284.872531609423,407,40.8602174207474
-24.583432244625,3.73191015663478,284.875433893569,407.5,40.8485365937786
-6.26844004168734,3.76413399329311,284.874619381146,408,40.8455581421628
-7.15314110589255,3.762579507405,284.873769416708,408.5,40.8421593245074
-28.1696591778605,3.72539514052944,284.8779059247,409,40.8287745004783
-27.7202199529013,3.72593006618121,284.882181578315,409.5,40.8156032276639
45.7387997938159,3.8539480336562,284.878571839399,410,40.8373360353873
15.7310489292327,3.8031134940999,284.874402705264,410.5,40.8448106491333
-0.423790725018627,3.77490204010095,284.872201692641,411,40.8446092848128
-5.06488051583959,3.76673414344277,284.870886466534,411.5,40.8422027049531
-35.8989698477007,3.71235626154501,284.877260885563,412,40.8251452960861
-1.65442200180961,3.77242605151268,284.875781294089,412.5,40.824359196857
-23.765888087006,3.73332955881669,284.878591833337,413,40.8130668262985
-6.01847420903737,3.76455070565227,284.877704403511,413.5,40.810207146041
16.6870061762443,3.8046005412001,284.873859058921,414,40.8181359832283
12.9043951749676,3.79822588696221,284.870115146579,414.5,40.8242675113923
-10.5547807302642,3.7569948988576,284.869696341176,415,40.819252403405
-30.4161041174619,3.72186534438731,284.874430442238,415.5,40.8048001802278
-12.8278799670052,3.75260722139653,284.874944957944,416,40.7987050082933
1.64706873766395,3.77818297584981,284.872719572393,416.5,40.7994876136162
-17.0870910047211,3.74508308067018,284.873834230779,417,40.791368675974
-29.9948405377598,3.72218039200477,284.878572747112,417.5,40.7771166163432
-11.9286186518449,3.75382199462815,284.878917352989,418,40.7714487287568
-26.9527626577583,3.72719094824486,284.882759270242,418.5,40.7586421135615
14.9879953808308,3.80113208610212,284.879233455643,419,40.7657636651379
-21.1920749565738,3.73740525142912,284.881249897667,419.5,40.755694242845
2.54905215719793,3.77931648145244,284.878984804637,420,40.756905425925
-17.5163422517759,3.74385686211955,284.880213034327,420.5,40.7485825293932
0.150834704527353,3.77506125658398,284.878251449747,421,40.7486541985591
-11.5321507630731,3.75442533520659,284.878180843087,421.5,40.7431746928374
5.11862311673162,3.78387382562313,284.875482881133,422,40.745606808514
-7.91070652947228,3.76093033411642,284.874649358526,422.5,40.7418480333661
3.58502344771263,3.78127436909951,284.872115089709,423,40.7435514585898
-10.2121501723524,3.75693955574169,284.871738735549,423.5,40.7386991516395
-11.2796089090109,3.75499455387387,284.871717217249,424,40.7333396412737
-6.07201734534621,3.76417031634741,284.87071519612,424.5,40.7304545199751
-36.6883239101957,3.7101428469654,284.877445412169,425,40.7130220492319
-55.2772584143928,3.67770792940596,284.891566162583,425.5,40.6867570393494
-3.32341621977599,3.76816213312401,284.890640431072,426,40.6851779168973
6.56660006211499,3.78575108033454,284.887665732037,426.5,40.6882980393576
-29.1851792116664,3.72259336438022,284.891996463502,427,40.6744306906069
-26.0735030220977,3.72781533408389,284.895844732444,427.5,40.6620418559543
18.8320679736085,3.80704166206162,284.892002086267,428,40.6709899200519
-5.89857729797073,3.76371245415033,284.890679428169,428.5,40.6681872088563
10.3280773846185,3.79244287143301,284.887315865786,429,40.6730945986646
-10.1996901527877,3.75629508400466,284.886870913408,429.5,40.6682482120972
-44.9223383874461,3.69520620786413,284.896557937609,430,40.6469033463145
-5.54210698712858,3.76408354318333,284.895852292032,430.5,40.6442700121196
-1.29871932821227,3.77164939568639,284.893971003366,431,40.643652925148
-3.5952481786074,3.76764932584937,284.892420700469,431.5,40.6419446416396
-20.2181850987596,3.73819267086005,284.894382196462,432,40.6323379634747
-23.780886794949,3.73173276608225,284.897466520587,432.5,40.6210384662746
-10.216601028479,3.75560209770869,284.897397709526,433,40.6161840444983
-13.7669429715135,3.74927333789008,284.897931262367,433.5,40.6096426764282
22.0262016052156,3.8124016401375,284.893787259399,434,40.6201084343082
-49.1167101653777,3.68760028951563,284.904782407906,434.5,40.5967706112161
5.52962661393782,3.78331723473754,284.902429756769,435,40.5993980153571
0.384694357186431,3.77436302967138,284.900169469412,435.5,40.599580803024
2.44909554110147,3.77810946741718,284.897659468775,436,40.6007444916807
-45.3449819965155,3.69396570393542,284.907394320503,436.5,40.57919880663
-23.873283610167,3.73106233445958,284.910833069097,437,40.5678554070488
16.9978607407911,3.80325763065769,284.907037805837,437.5,40.575931946898
-23.5332003038998,3.73179888806169,284.909670591263,438,40.5647501380262
12.1038245665802,3.79477345191422,284.906272143945,438.5,40.5705012747681
-14.0567596300067,3.74864791458897,284.906613145196,439,40.5638222002049
-15.1291772442759,3.74666091067643,284.907455077943,439.5,40.5566335660137
-29.6465334571075,3.72088206951231,284.912142658388,440,40.5425470046217
-8.21481363612459,3.75860265682579,284.911727019572,440.5,40.5386437328691
-31.305852137698,3.71769615440507,284.916875399059,441,40.5237687455893
-16.7658732004384,3.74313714805998,284.918342216117,441.5,40.5158024347061
-67.8429976171825,3.65455454672932,284.938097617977,442,40.4835668091707
-22.6837698883216,3.73182926576339,284.941645602048,442.5,40.4727886074766
-10.4758689746831,3.75342423780006,284.941639942411,443,40.4678109944393
-0.964004996630234,3.77037794184255,284.939714004637,443.5,40.4673529471069
-12.1954049007497,3.75049721235709,284.939810561756,444,40.4615582959352
21.1844500684461,3.80952218041072,284.935540494439,444.5,40.4716240952596
5.04232361644536,3.78147184461676,284.932434854648,445,40.4740199572002
21.978772676804,3.81136136887909,284.928007128963,445.5,40.4844631792072
-1.55844404268927,3.77024084107638,284.925845628962,446,40.483722683941
-36.265932975501,3.70887930539506,284.932412804853,446.5,40.4664909124075
5.89038218250858,3.78315962512271,284.929780222722,447,40.469289729691
-37.1843599936072,3.70706814515247,284.936616440038,447.5,40.4516215672184
-11.9540520565659,3.75128300406406,284.937016945822,448,40.4459415949403
36.9099931746804,3.83686288159449,284.932583618599,448.5,40.4634793919169
18.4469540284045,3.80550075364926,284.928120628913,449,40.4722444689803
-8.10945004329645,3.75888085072732,284.927107061883,449.5,40.4683912607779
-1.46922495949034,3.77063120972832,284.925184424894,450,40.4676931579923
-8.81382984361531,3.75763739189369,284.924490468195,450.5,40.463505263466
-17.8961768765978,3.74147495046087,284.925846791161,451,40.4550018883709
-69.3603871900494,3.65243769112198,284.946043755241,451.5,40.4220452746159
13.0680949389167,3.79549383266435,284.943060436669,452,40.4282545847837
-9.93361020930362,3.75499269373138,284.942466306228,452.5,40.4235346262004
27.2397377600053,3.82039578305341,284.937988674579,453,40.4364775977222
-3.70255895624533,3.76643621591224,284.936101482082,453.5,40.4347183254578
-22.2637392240453,3.73351939180523,284.938482149464,454,40.42413970149
-40.7366501137184,3.70087100457335,284.94677719879,454.5,40.4047836670464
-38.7396389971917,3.70391476324431,284.954687556671,455,40.3863765131772
0.68740612344844,3.77334702188815,284.952764455641,455.5,40.3867031344522
8.10201730606981,3.78658869622038,284.94941522883,456,40.3905528109868
-26.8313307257941,3.72479227006119,284.952986496368,456.5,40.3778038942191
-12.5009477759862,3.74997981257214,284.953336334963,457,40.3718640642366
0.102290298177845,3.77234338050655,284.951188067437,457.5,40.3719126675098
27.0419128386705,3.81970652659982,284.946584786239,458,40.3847616424468
3.87552705790042,3.77950721110704,284.943542772629,458.5,40.3866031005689
-16.6921476966323,3.74310719076837,284.944457042442,459,40.3786718203863
-12.7960230219688,3.74989607071174,284.944717129857,459.5,40.372591785291
-28.4292144890136,3.72212539606155,284.948928255334,460,40.3590836334593
-18.858922849344,3.73879553083471,284.950758797204,460.5,40.3501228092574
-31.0215056449979,3.71715075724684,284.955873024557,461,40.3353829293194
-28.6387405548554,3.72106559918231,284.960448338716,461.5,40.3217752210995
-17.2081097326838,3.74108702457772,284.961928522263,462,40.3135987813637
4.66585777098051,3.77990186703095,284.959171286112,462.5,40.3158157654179
-19.0433740064569,3.73790449550435,284.960721197865,463,40.3067672991802
-6.70856447478641,3.7597283098363,284.959811183641,463.5,40.3035797222764
-21.5683290327517,3.73332165845833,284.962125799269,464,40.2933315227194
-7.26273558574282,3.7586167011324,284.961353393146,464.5,40.2898806312063
32.7792838848123,3.82891124881904,284.956714423867,465,40.3054557201284
-41.9193091980115,3.69791794982784,284.964929509253,465.5,40.2855377447813
-23.0367070019266,3.73065660030348,284.968030294037,466,40.2745918448865
-25.3901339659612,3.72630936025934,284.971569596227,466.5,40.2625277132949
-21.0989775811435,3.73371920557376,284.973985935813,467,40.2525025262546
11.8822838271348,3.79218376670539,284.970410331677,467.5,40.2581483978318
-17.6114546041753,3.74003802112887,284.971528936137,468,40.2497803086303
-25.0305848212882,3.72675583078625,284.974900881015,468.5,40.2378870169485
-29.419020248406,3.71879227696575,284.979668239164,469,40.2239085585423
-19.0591190707439,3.73691693377018,284.9816279502,469.5,40.2148526110314
-16.3694429419915,3.74159817379407,284.982805051495,470,40.2070746641329
-18.3164888914339,3.73805768391702,284.984430208563,470.5,40.1983715776278
-21.1741435467957,3.73287574453057,284.986817640696,471,40.188310675451
-20.0591327055721,3.73472761669181,284.988954900326,471.5,40.1787795710899
-14.9286120362896,3.74375323625886,284.989816220874,472,40.1716862355318
15.2414051432487,3.79730712645802,284.985825339566,472.5,40.1789281948509
3.17869006447741,3.77625924241799,284.982908100643,473,40.1804385506166
5.83301966039172,3.78109862596493,284.979741689969,473.5,40.1832101120764
-23.8110368313606,3.72853084139161,284.982509505969,474,40.1718962890753
-33.1948157848037,3.71174622682549,284.988423027987,474.5,40.1561237600164
-19.5328459605711,3.7356339946938,284.990538875639,475,40.1468427209978
12.5909883089181,3.79264040671958,284.986833921533,475.5,40.1528253337729
-10.0235865634462,3.75272311341602,284.986231601513,476,40.1480626228915
-26.3436196865435,3.72367562657006,284.989898034176,476.5,40.1355454422054
-5.1183933975508,3.76124161048621,284.988746127285,477,40.13311343568
6.46296275813222,3.7818781546054,284.9855689684,477.5,40.1361843148368
4.10246990542123,3.77785821431962,284.982592738324,478,40.1381336049373
4.74445769971821,3.77912712293058,284.979555029505,478.5,40.1403879357769
6.31573677343616,3.78204092945217,284.976315605254,479,40.1433888604523
-11.1975620908362,3.7510570062093,284.975985415143,479.5,40.1380683346627
-24.9659517473424,3.7265307202829,284.979211465658,480,40.12620575341
23.1884863526393,3.81155101178613,284.974885528539,480.5,40.1372237713197
44.387444344769,3.84805246740864,284.970385811241,481,40.1583144819992
7.66801617958818,3.78519426940755,284.966715696571,481.5,40.1619579427372
0.212695866057313,3.77212067041723,284.964294703544,482,40.162059005257
5.40910077525719,3.7813628169039,284.961237310218,482.5,40.1646291415009
-9.97767274417315,3.75416513061513,284.960623113505,483,40.1598882465878
-7.01351348397474,3.75935792277795,284.959594494118,483.5,40.1565557730489
-16.7345750384093,3.74205100498777,284.960584851777,484,40.1486043334991
23.6994062451798,3.81328678852756,284.956253156917,484.5,40.1598651151857
-10.3223543170661,3.75362958001782,284.955562462425,485,40.154960444695
-5.69805358494626,3.76176865181968,284.954305559032,485.5,40.1522530124161
-61.9231915459111,3.66357795871091,284.97079728345,486,40.1228301849359
-19.4516237514225,3.73663511114233,284.973185362148,486.5,40.1135877386802
-5.77703101727186,3.76081739633915,284.972054170355,487,40.110842780245
-22.0051643651606,3.73198038969946,284.974402652991,487.5,40.1003870182174
-1.71888061861999,3.76788597611868,284.972597394689,488,40.0995702914526
41.4680356380282,3.84308019482121,284.968135112856,488.5,40.1192738439998
17.8131377791638,3.80294177300416,284.963594149651,489,40.1277377630369
16.4265435318687,3.80075019009336,284.959332462902,489.5,40.1355428413019
6.46184711148963,3.78344429436897,284.956018125496,490,40.1386131903588
2.48533389600456,3.77651710027996,284.953296619338,490.5,40.1397940976833
1.66550345140713,3.77512442899646,284.950730191275,491,40.1405854622673
-7.32010116320243,3.75923894916866,284.949635033063,491.5,40.1371073134787
-12.3884853764752,3.75018907008379,284.949636448279,492,40.1312209200472
3.97314810956465,3.77911123010451,284.946914390724,492.5,40.1331087628483
-17.3685331441159,3.741336848727,284.947925736824,493,40.1248560978689
-36.0791811310423,3.70817585052193,284.954453834271,493.5,40.1077130615436
62.972115525787,3.87907215112541,284.952584734695,494,40.1376342856428
3.34687963691866,3.77834677283751,284.949379300174,494.5,40.1392245567463
-7.40452380354905,3.75935523704577,284.948268499349,495,40.1357062945088
-37.7767886745062,3.70568959451419,284.955152291081,495.5,40.1177566393283
20.6617070303191,3.80837432441223,284.951223903247,496,40.1275740571038
-10.2141644304097,3.7542004066103,284.950511692747,496.5,40.122720793078
-5.77655138077596,3.76199907361057,284.949251270462,497,40.1199760625423
-47.6150120387831,3.68839274614385,284.959689144046,497.5,40.0973517718733
-33.5814869525863,3.7122491297958,284.965822794171,498,40.0813955158653
-11.0610912108472,3.75177628728657,284.96587591341,498.5,40.076139834265
-28.4900935160945,3.72082347720315,284.970049793568,499,40.0626027557409
-14.6396591480197,3.74511732210878,284.970832313615,499.5,40.0556467162551
-26.0732338031976,3.7247473059614,284.974380721135,500,40.043258009522
