curr_dens,Volts_tot,Temp_tot,t_tot,SOC_tot
24.4277101994368,4.03539978705122,276,0,80
24.4277101994368,4.03577928544178,276.00084830326,0.5,80.0116068355812
-7.80432378742366,3.97197955304638,276.001197758163,1,80.0078986082327
-28.3002665984988,3.93133685444252,276.004342243693,1.5,79.994451726039
2.63003671694764,3.99221687625761,276.004400501839,2,79.9957013889627
7.7389016608264,4.00244702599988,276.004282582508,2.5,79.9993785309634
-35.1908675920103,3.91762275343762,276.00880657758,3,79.9826575771465
-52.1575973718546,3.88442581462107,276.018244338738,3.5,79.957874875368
-13.1605171740807,3.95971444104875,276.019540012834,4,79.9516216507409
-2.05150379941166,3.98165603943315,276.019655085541,4.5,79.950646877948
3.03340576989613,3.99179774750588,276.019529206101,5,79.9520882018271
31.1080069959177,4.04762353107842,276.020969660728,5.5,79.9668691829143
3.16364810596461,3.99261703066102,276.020758731609,6,79.9683723914877
-13.7196668037928,3.95909399692102,276.021701686181,6.5,79.9618534867062
28.9766972987564,4.04376625253134,276.022973185587,7,79.9756217751985
-21.2221047286675,3.94450643775688,276.024807582576,7.5,79.9655380842483
4.98709758347301,3.99624703083097,276.024730589245,8,79.9679077055189
20.2860919930538,4.02677225066468,276.025069674106,8.5,79.9775466496698
11.4580546848209,4.00952478508783,276.02492357327,9,79.9829909486123
-8.13531670008563,3.97067718893202,276.025274772138,9.5,79.9791254498583
-20.3072575582571,3.94643665700142,276.027071883649,10,79.9694764488812
-16.0938397471164,3.95447300008961,276.028388682826,10.5,79.9618294549432
13.0973163401399,4.01231252353795,276.028381308784,11,79.9680526496706
-23.9742268987919,3.9389048631269,276.030692592438,11.5,79.9566612868482
-3.71911387036927,3.9786941555638,276.030907890212,12,79.9548941485103
6.59437620023457,3.99920065018993,276.030718604976,12.5,79.958027468813
-1.72052083836121,3.98275506564634,276.030686160677,13,79.9572099626971
32.9894635008707,4.05165857698327,276.032437096876,13.5,79.972884918542
-25.2464265904011,3.93663226567059,276.034875918904,14,79.9608890695633
39.7144993823626,4.06498730779404,276.037852939008,14.5,79.9797594287069
-14.9768217341098,3.95711859605901,276.038784787338,15,79.972643186293
28.4913068690143,4.04326497799134,276.040022851144,15.5,79.9861808413421
-7.13761414171579,3.97285952435181,276.040219235783,16,79.9827894013296
7.81619417744316,4.00251155354378,276.040051224263,16.5,79.9865032688983
-23.2899898403614,3.94087560192417,276.042169434977,17,79.9754370215687
-9.49948375775381,3.96780943467103,276.042747181163,17.5,79.9709233383302
21.5650012236562,4.02947162164949,276.043205799496,18,79.9811699566774
-12.4685760324234,3.96210499581701,276.043874041524,18.5,79.975245508141
24.6094858038762,4.03563977715887,276.044645103441,19,79.9869387144682
-18.5196805936126,3.95030017453621,276.046006362258,19.5,79.9781390813502
-63.7644649417164,3.86277091474125,276.05907644543,20,79.9478413721316
21.8772546827919,4.02935683128202,276.059814321289,20.5,79.958236357826
-17.3575044374645,3.9517456995569,276.061057199357,21,79.9499889331407
46.0284073153471,4.07695718514774,276.065121511397,21.5,79.9718593479856
-24.7527766574136,3.93762787800856,276.067382967642,22,79.9600980569561
-19.8810886883332,3.94685878478807,276.069129103534,22.5,79.9506515502759
12.0946206263514,4.01009532283003,276.068993677322,23,79.9563983137622
32.0500265315153,4.04982156509899,276.070473460423,23.5,79.9716268957818
-9.51905619549257,3.96776976461597,276.070780332419,24,79.9671039126922
17.499649199949,4.02136494387916,276.070875619915,24.5,79.9754188775142
-27.9927959182293,3.9314167676108,276.073712363073,25,79.9621180901286
15.7813394599569,4.01779145628962,276.073781354485,25.5,79.969616599439
-22.9652534007713,3.94111753062558,276.075769135687,26,79.9587046507494
-10.4568528399604,3.96551301161031,276.076357478566,26.5,79.9537360732355
11.0104095451351,4.00807185039278,276.076132185943,27,79.9589676734236
2.80653759489561,3.991920022267,276.075815333633,27.5,79.960301200805
-11.942398674136,3.96265210433404,276.076415894683,28,79.9546267656359
-43.6774124752081,3.90035312324412,276.083034962201,28.5,79.9338734268632
-17.7105253790584,3.95044379093914,276.084640863977,29,79.9254582641462
-32.9860322390401,3.92021896665863,276.088811149936,29.5,79.9097849386668
-44.9678687342356,3.89656821246817,276.096165495416,30,79.8884184391229
2.76274599807056,3.98982056174793,276.096110882591,30.5,79.8897311589108
7.57406821661794,3.99950035817403,276.0957007967,31,79.8933299802393
-2.41276459417419,3.97979428064934,276.095552454661,31.5,79.8921835542455
-14.3250248432391,3.95615661805653,276.096486119164,32,79.8853770133666
-15.4311391088013,3.95380111223898,276.097624776746,32.5,79.8780449018832
-39.0326764800884,3.90736123406216,276.103301443633,33,79.859498511145
-1.54338340839636,3.98067041090902,276.103363265268,33.5,79.8587651719448
-22.0358721699259,3.94010612648456,276.105445836726,34,79.8482948190924
-26.1034120465916,3.9318420616719,276.108381260635,34.5,79.8358917731557
-11.1526103689851,3.96104707202746,276.109142326393,35,79.8305926061934
-18.2352717643746,3.94693539416527,276.110718861211,35.5,79.8219281100364
34.6485221694485,4.05155231796558,276.112227682139,36,79.8383913682243
0.223662681092339,3.98394017963288,276.111859352313,36.5,79.8384976416303
-8.02886145651231,3.96758862959417,276.112111410011,37,79.8346827251249
8.86646368868715,4.00110389389328,276.111692260932,37.5,79.8388956286423
-34.1387665781235,3.91628149355346,276.116041883905,38,79.8226745810131
10.0094522887699,4.0030915554847,276.115765420822,38.5,79.8274305759887
-29.1889576982715,3.92568666117713,276.119068676918,39,79.8135614318886
-25.8431344882928,3.93186005416446,276.121970681735,39.5,79.8012820569305
-0.0682348010032552,3.98255543805953,276.121822316867,40,79.8012496351394
-27.7545555328109,3.92785868379997,276.124940745279,40.5,79.7880620477615
9.84172157124532,4.00197918334069,276.124587856298,41,79.7927383454243
-8.44502523345404,3.96584414822547,276.124843911648,41.5,79.7887256885456
22.2369559274856,4.02670229554876,276.12490378108,42,79.7992915864201
-31.7398649822515,3.92026140283709,276.128695913831,42.5,79.7842103777759
-28.2707947538839,3.92661486855856,276.132084647445,43,79.7707774991402
24.1082288067091,4.02999897047354,276.132354486263,43.5,79.7822325330189
-11.4159029404357,3.95991199109205,276.132839824101,44,79.7768082624934
-17.6074601898231,3.94754347339436,276.134239927905,44.5,79.7684420712394
-25.7157793690505,3.93137054845787,276.137040188369,45,79.7562232091135
-12.5195989818278,3.95708351927171,276.137899111373,45.5,79.7502745170037
-39.9173664268359,3.90325122509426,276.143938834902,46,79.7313077655084
8.26293970277298,3.99773015475262,276.143612642232,46.5,79.7352339043796
-1.05440091294707,3.97941123013886,276.143301829798,47,79.7347329053939
-10.17488809836,3.9613564270191,276.14375382558,47.5,79.7298983035319
-26.4854587456013,3.92908533155978,276.146698290648,48,79.7173137279641
-44.8532042022478,3.893068682174,276.154264113935,48.5,79.6960017113152
-12.1142988234812,3.95652160546998,276.155268756611,49,79.6902455977263
17.0410910556209,4.01433202468054,276.154874656944,49.5,79.6983426784757
-16.9940230306045,3.94712668319836,276.156120906874,50,79.6902679621159
-7.04186948881299,3.96666069043222,276.156350425132,50.5,79.6869220152108
-23.2553184681305,3.93457889983561,276.158714255487,51,79.6758722419965
-10.5758964430383,3.95935851770153,276.159349405063,51.5,79.6708471008705
16.8430636396589,4.01372376655264,276.15892621624,52,79.6788500888195
-7.56080801332201,3.96559211761742,276.159036968618,52.5,79.6752575680816
16.8530801635984,4.01401377999216,276.158615229739,53,79.6832653153857
-32.3711151761177,3.9169971884275,276.162632481732,53.5,79.6678841679773
3.14003340320031,3.98668450861252,276.162293513143,54,79.6693761560159
-23.2326665470263,3.93458257220302,276.164554607386,54.5,79.6583371458704
-28.1466849660069,3.92465860083206,276.167932043841,55,79.6449632380466
-22.1380622546035,3.93610994714772,276.170240969997,55.5,79.6344443295374
27.8472252412179,4.03486257061898,276.170590936902,56,79.6476759489618
28.3255973254703,4.03628242428597,276.170867481012,56.5,79.6611348670598
30.0901677276614,4.04021606896583,276.171401318893,57,79.6754322214402
-17.8900358124303,3.9457071931811,276.172598096317,57.5,79.6669317642741
-43.9786151174658,3.89460735661559,276.179624677239,58,79.646035308954
8.96738204400287,3.99810520511838,276.179213656909,58.5,79.6502961638654
-35.9263257156385,3.90974503582005,276.184051504343,59,79.6332257568476
-34.1912788605963,3.91263139602532,276.188808288361,59.5,79.6169797579879
18.8361883198306,4.01695195116629,276.188516810693,60,79.6259297798696
-17.2014304949808,3.94587253936014,276.189700901953,60.5,79.6177565137761
-11.661451878078,3.95663244539791,276.190321782836,61,79.6122155705816
-54.6244543810285,3.87302473712205,276.20086032464,61.5,79.5862607407782
8.60405810657931,3.99600448259611,276.200486012598,62,79.5903489621857
0.385591169722698,3.97990651292209,276.199964899758,62.5,79.5905321759734
-56.0748650059509,3.86985294791749,276.210978995436,63,79.5638881830224
-11.7377257442269,3.95519272038045,276.211953253553,63.5,79.5583109982721
-32.2694573704392,3.91474077989431,276.216238437361,64,79.5429781536078
-28.7334040790277,3.9212623995769,276.219914881007,64.5,79.5293254659793
-9.61705817891043,3.95862576832853,276.220442308106,65,79.5247559172109
19.0417709607034,4.01543151078164,276.219871250079,65.5,79.5338036217608
2.09109687599914,3.98220648373532,276.219196059106,66,79.5347972072187
-37.2290455118704,3.90489355928212,276.224548652385,66.5,79.5171078124055
-2.99685264076734,3.97175521303305,276.224470067906,67,79.5156838567593
-18.1426754333873,3.94182641855561,276.225932695942,67.5,79.5070633577834
3.87691700099731,3.98527235243261,276.225329765304,68,79.5089054763375
-7.1273054180492,3.96358788149479,276.225346318238,68.5,79.5055189345188
-4.37357764242728,3.96902609964348,276.225163833291,69,79.5034408274764
-6.19781371813725,3.96542676805735,276.225122063691,69.5,79.5004959339845
-18.891344769847,3.94031592739093,276.226685916069,70,79.491519704495
47.8102520254468,4.07149366478075,276.229756218532,70.5,79.5142367635163
-33.9464276231044,3.91144478583164,276.234043565975,71,79.4981071058131
-35.3291552244547,3.90829776462997,276.239072926493,71.5,79.4813204445761
8.10760047654215,3.99347795054909,276.238431389218,72,79.4851727739562
-19.0152989082548,3.93997830983731,276.239907760996,72.5,79.4761376476118
29.1818235938155,4.03507776547292,276.24009421365,73,79.4900034019395
-23.7360536711453,3.93100787875645,276.242263839645,73.5,79.4787252072148
-4.6828113486726,3.96832436377252,276.242135578245,74,79.4765001676619
-86.0392948433856,3.81315508054981,276.265869073227,74.5,79.4356185647358
12.3409998437018,4.00086395281937,276.26561927543,75,79.4414823953987
-27.4314091373442,3.92254631822688,276.26866563272,75.5,79.4284483511507
-27.1846595658404,3.92271387628001,276.271904050394,76,79.4155315500533
-30.9982136164496,3.91495629209937,276.276015019626,76.5,79.4008027373312
-43.4862825264674,3.89039466012827,276.283499397025,77,79.3801402140247
-21.3810475310332,3.93291343597498,276.285853073749,77.5,79.3699810013429
46.6833493094583,4.06675594045975,276.288249506996,78,79.3921626121197
-19.2702245990163,3.93772556583532,276.289667116336,78.5,79.3830063577387
-9.02395279084026,3.95776225484019,276.289893054966,79,79.3787186232158
-26.3819243143827,3.92352510564129,276.292817229153,79.5,79.3661832420715
-4.22170518399043,3.96694469561893,276.29262590783,80,79.3641772972841
8.45261417323569,3.99210558158877,276.291645031551,80.5,79.3681935600504
-1.74672469773031,3.97211040241525,276.291050503877,81,79.367363603161
20.5393252157473,4.01626435089537,276.290283142702,81.5,79.3771228711719
41.702791316123,4.05803494791194,276.291837722167,82,79.3969379679669
12.8766335803015,4.00216924093301,276.29076753343,82.5,79.4030563051989
-34.2591898494873,3.9095594160889,276.295056303958,83,79.3867780384076
-9.72938731027693,3.9571968878814,276.295355148974,83.5,79.3821551164106
15.1836690883961,4.00641364884751,276.294434207778,84,79.3893696424218
-8.13961534382085,3.96054172323678,276.294291000572,84.5,79.3855021011657
3.57057585916825,3.9836497594959,276.293435328065,85,79.3871986616124
27.4390658430252,4.03085280002138,276.293224512548,85.5,79.4002363439469
-14.5521676125558,3.94837030492241,276.293765106565,86,79.3933218760967
-28.8712254440661,3.92009913550781,276.296956467124,86.5,79.3796037025954
-9.34533476909429,3.95808696009215,276.297157351299,87,79.3751632633061
-4.44128935776064,3.96770608692034,276.296777013428,87.5,79.3730529830169
-20.5647694778553,3.93589167410153,276.298389378644,88,79.3632816251555
30.2669342838116,4.03594951592348,276.298519228263,88.5,79.3776629702309
-1.99506260862995,3.97280065564665,276.297806859324,89,79.3767150154908
3.33461468136488,3.98336200451039,276.296916685863,89.5,79.3782994588961
-7.19796383999931,3.96261455322931,276.296693910346,90,79.374879343702
-1.31356480118934,3.97419007833899,276.296060638143,90.5,79.3742552028985
-23.7326450433486,3.93001781774253,276.298163695398,91,79.3629786277846
7.69098483881937,3.99173448488449,276.297275244607,91.5,79.3666330020895
-32.8837372728312,3.91202784064721,276.301258065846,92,79.3510082821012
-0.63176617321201,3.97499628481908,276.300742860878,92.5,79.3507080981692
52.4611105989779,4.07899391648454,276.304535506683,93,79.3756350143704
0.265888363253735,3.97764312140258,276.30365589712,93.5,79.3757613513251
-12.6345928470549,3.95218024022683,276.303986194021,94,79.3697580198374
4.18505256189302,3.9852691145067,276.303098014131,94.5,79.3717465491178
23.6466721163563,4.02377375155612,276.302586356451,95,79.3829822741635
24.8898833789712,4.02658688838693,276.302167119782,95.5,79.3948087115028
-26.1051166519907,3.92643644925316,276.304462651531,96,79.3824048556222
-12.4496943252443,3.95287091192753,276.304895396742,96.5,79.3764893787358
-7.66140448098868,3.96216602329917,276.304742629272,97,79.3728490595489
-5.98966997860935,3.9653897316579,276.30441751517,97.5,79.3700030656322
-4.89206752865556,3.96750620938783,276.303995486759,98,79.3676785979276
-36.9589685070223,3.9046364598946,276.308914024475,98.5,79.3501175303036
5.34379349588299,3.98721555271783,276.308134762071,99,79.3526566357695
2.12378495281727,3.98097597896338,276.307231350409,99.5,79.3536657529792
9.7702493425162,3.99617274912599,276.306176068619,100,79.358308090586
8.27338644633486,3.99339393025675,276.305107741598,100.5,79.3622391932312
-5.89362592082417,3.96553079893527,276.304701148027,101,79.3594388346843
-9.63437073338081,3.95808607030296,276.304713752439,101.5,79.3548610598492
-14.983072237543,3.94743287866733,276.305398502939,102,79.3477418475062
5.79126241482083,3.98829381228117,276.304474253808,102.5,79.3504935679952
-50.8685965359384,3.87781528829031,276.313344397014,103,79.326323335443
-22.2504872121244,3.93238352366707,276.315528770362,103.5,79.3157510081735
7.8992685510924,3.99162356466037,276.314579384674,104,79.3195043485618
-22.1621486358426,3.9324805117117,276.316355366616,104.5,79.3089739953997
-45.7657359085236,3.88644928571964,276.323988887122,105,79.2872283889714
-15.5689975995079,3.94455540603051,276.325116106985,105.5,79.2798307739749
-6.1044369534734,3.96309290825146,276.324888011973,106,79.2769302484874
12.7454128613597,4.00036144541231,276.323804465417,106.5,79.282986236146
20.3411179448626,4.0155923898691,276.322902337338,107,79.2926513258984
-2.94120855647086,3.969960791186,276.322217103818,107.5,79.2912538095596
-40.2127005669247,3.89700211807037,276.328077457037,108,79.2721467299379
-53.4522535127672,3.87116572729568,276.33838891172,108.5,79.2467488718128
-12.6711984924229,3.94949506554106,276.33919625327,109,79.2407281471392
15.5968342201546,4.0052720564685,276.338139486485,109.5,79.2481389887164
0.0511653632026459,3.97486179719881,276.337256672553,110,79.2481632999577
9.23476659668804,3.99309140835351,276.33611037212,110.5,79.2525512027387
-0.293592924755767,3.97445185712187,276.335261550197,111,79.2524117019514
2.66132728643821,3.98034863126416,276.33429583335,111.5,79.2536762326007
-38.669388985722,3.89938624009976,276.339741732149,112,79.2353024580506
5.2447011332962,3.9850417384027,276.338903339577,112.5,79.2377944797435
-14.0213662014305,3.94713151857627,276.339421553155,113,79.2311322223811
-3.82717951037892,3.96711086076794,276.338931137278,113.5,79.2293137366142
-42.166991216516,3.89215178890256,276.345442954014,114,79.2092780750639
11.9958435202058,3.99784783645145,276.344517137346,114.5,79.2149779045715
37.6426447509709,4.04837714726323,276.345217930936,115,79.2328638212169
-33.6350399658556,3.90897293004824,276.349242644723,115.5,79.2168821194748
-5.67985112684229,3.96333518804634,276.349008867561,116,79.2141833361007
28.6080562366126,4.03090074480388,276.348697587026,116.5,79.2277764646553
-29.7987377212264,3.91644361300169,276.351846704994,117,79.2136175833506
-21.9275589396147,3.93141597808472,276.353762686101,117.5,79.2031986955699
-23.0837056679252,3.92888717905869,276.355868506591,118,79.1922304642414
-18.1458960595494,3.93830057346915,276.357151723681,118.5,79.1836084349838
-19.711466396172,3.93503313509146,276.358675747907,119,79.1742425243988
29.8428760837386,4.03246739991604,276.358465195203,119.5,79.1884223780628
-15.2611854287959,3.9440949457008,276.359038608949,120,79.1811710201336
5.1182260391444,3.98415883796631,276.357993074343,120.5,79.1836029471386
-40.8304490342132,3.89425707885337,276.364037651418,121,79.1642023441031
13.366734085731,4.00004548513075,276.363054513117,121.5,79.1705535527724
9.13818203504526,3.99196818057381,276.36178365372,122,79.1748955633631
-17.3007979229285,3.93998968780902,276.362703570429,122.5,79.1666750827992
-2.82712729687717,3.96832514116037,276.362095046451,123,79.1653317722132
32.6768716730997,4.0382114508812,276.362149809658,123.5,79.1808581999349
19.5414166565718,4.01301136116636,276.361071055649,124,79.1901433113229
-23.0819119955079,3.92935038796879,276.362838314626,124.5,79.1791759322586
-24.9456681449095,3.92539493069034,276.365200214106,125,79.167322988767
7.21356320651379,3.98840958704975,276.364137873367,125.5,79.1707505160059
39.0638996714731,4.05100047964262,276.365072640948,126,79.1893117424551
-8.02932633218678,3.95908463254811,276.364670090525,126.5,79.1854966050638
-3.91749448058054,3.96710348146809,276.364046842691,127,79.1836352061052
14.0761568057354,4.00259313564613,276.362888538968,127.5,79.1903234972437
-7.38552535341106,3.96047167266524,276.362473376502,128,79.1868142621268
-46.7930663010351,3.88371063365931,276.370088094927,128.5,79.1645805192806
19.2769093505581,4.0123332248004,276.36932591796,129,79.1737399499238
-5.47088018029043,3.9638488371834,276.368721734591,129.5,79.1711404591726
-52.4880433702887,3.87253121515339,276.378204704326,130,79.1462007458551
23.955640379689,4.02108362578065,276.377713172604,130.5,79.157583277286
2.16807526089246,3.97857669791332,276.376572529105,131,79.1586134390521
-2.43640287770363,3.96956202180846,276.375772466227,131.5,79.1574557813191
-25.5775888253318,3.92408294686409,276.378096241192,132,79.1453025804814
-39.8443711228842,3.89608755488736,276.383960891328,132.5,79.126370512732
24.5572853388537,4.02190422941141,276.383376858044,133,79.1380389159888
7.30636095379936,3.98837868325379,276.382050909473,133.5,79.1415105361118
-29.3873117822096,3.91639248514585,276.385120350436,134,79.1275471439951
-28.9946534195832,3.9167639027702,276.388373365812,134.5,79.1137703236454
-11.3304508091947,3.95101136872754,276.388644083491,135,79.1083866557317
-15.6935372968578,3.94233045740177,276.389397391344,135.5,79.1009298656518
-18.2983035032349,3.93705339699364,276.390590261952,136,79.0922354199406
15.233995794301,4.00297791876303,276.389400272625,136.5,79.0994738587049
-6.27894870530774,3.96082111948035,276.388875999563,137,79.0964904138936
-39.7488542467746,3.89540071508534,276.39465887049,137.5,79.0776037310234
-8.60562758546615,3.95568031032766,276.394709609006,138,79.0735147638774
-18.7618797538453,3.93564968197499,276.395957477786,138.5,79.0646000497385
-26.1237480543528,3.92103796221083,276.398652251676,139,79.0521873411401
1.76381552809641,3.97560899190903,276.397741113983,139.5,79.0530254187439
-0.0871363718404368,3.97206593109182,276.396780456876,140,79.0529840158644
-62.2960145698449,3.85177311186589,276.410143165704,140.5,79.0233840413858
17.232933459558,4.00546760992795,276.409259450122,141,79.0315722761247
-28.9457817829111,3.91493946661289,276.412395371233,141.5,79.0178186771512
28.5275626247574,4.02761902529321,276.41187552234,142,79.0313735591362
-40.4652673012868,3.89283339818247,276.417796550333,142.5,79.0121464723369
-1.11249196118379,3.96927609519016,276.417136655199,143,79.011617871368
-4.212193897657,3.96323026384492,276.416471465886,143.5,79.0096164458718
-65.4985696372695,3.84508252381214,276.431201978392,144,78.9784947761625
-10.6769072680278,3.9496080228864,276.431769930973,144.5,78.9734216397054
2.84924834799475,3.97626500827341,276.430645134806,145,78.974775461117
-32.8258619109809,3.90635139688053,276.434792928535,145.5,78.9591782406285
-5.63191042154955,3.95927731106091,276.43447186968,146,78.9565022362983
-57.9579182212196,3.85795358166069,276.446504169139,146.5,78.9289635099123
-1.5856740231446,3.96653546370632,276.446047506652,147,78.9282100763107
-35.6620222847029,3.8998135969939,276.451056500222,147.5,78.9112652531664
6.41849804553393,3.98203717963437,276.449905801506,148,78.9143150048985
21.8998743358323,4.01272404930437,276.44857383624,148.5,78.9247207383295
-0.692300414710628,3.96863532282599,276.447489053208,149,78.9243917915301
-31.0461826911564,3.90912450609479,276.451193858337,149.5,78.9096401862843
8.10824078365292,3.98571452978157,276.449930056364,150,78.9134928199066
16.2446243902617,4.00195172926632,276.448421979302,150.5,78.9212114592238
-31.5317810129314,3.90837610900579,276.452110826672,151,78.906229121755
-11.7332991415226,3.94672530012214,276.452432974833,151.5,78.9006540403066
-4.85724538964113,3.96019678313393,276.451833662592,152,78.8983461183542
-17.1755814854711,3.93596166499827,276.452791258201,152.5,78.8901851344271
4.76423607971986,3.9790364342802,276.451544338293,153,78.8924488629713
5.59105319776306,3.98082433183993,276.450149182661,153.5,78.8951054539764
-10.3842655566761,3.94948070157266,276.45005170328,154,78.8901713663373
-26.8371975273329,3.91714359467462,276.452828174574,154.5,78.8774196619567
-2.61047353875878,3.96441154833878,276.452118721935,155,78.8761792944844
-4.59519149230977,3.96054607173969,276.451438016927,155.5,78.8739958875388
-3.82273984685679,3.96208477817324,276.450693051704,156,78.8721795112796
-48.4076840516189,3.87534164149858,276.459262281992,156.5,78.8491785822091
-28.1091513635395,3.91378557891063,276.462711461276,157,78.8358225084904
-4.84830160385572,3.95914038505567,276.462239181958,157.5,78.8335188361812
-30.9064283954175,3.908065360943,276.466025843989,158,78.818833635241
5.60933001339289,3.97946098893652,276.464818668846,158.5,78.8214989104819
-8.24670962422573,3.95231364508755,276.46450179139,159,78.8175804833386
-32.2127741713671,3.90534883205902,276.468609518447,159.5,78.8022745717174
-26.220692720622,3.91662158574085,276.471557635063,160,78.7898157998248
22.9327865827455,4.01304784542921,276.470345484595,160.5,78.8007123218939
-44.6542907888839,3.88117813849257,276.477747805271,161,78.7794948190273
-15.5942166182023,3.93704890136268,276.47880601671,161.5,78.7720852212046
-49.8344596643444,3.87057892578378,276.488226590347,162,78.7484063591714
-5.81405417616924,3.95557044198339,276.488054138136,162.5,78.7456438091685
18.2813325410332,4.00311363178705,276.486490576696,163,78.7543301911206
21.3831217387228,4.00956978479066,276.484952025548,163.5,78.764490389363
-31.2720917533548,3.90653655905716,276.488645471089,164,78.7496314433424
-1.25198699025361,3.96504580977103,276.487809411485,164.5,78.7490365612586
18.0593505603607,4.0031575384035,276.486236312777,165,78.7576174683901
-19.0340640981334,3.93049539769131,276.487372631325,165.5,78.7485734257588
-13.5943503824421,3.94097104940278,276.487836488499,166,78.7421140651215
-33.9384956678098,3.90112591276488,276.492378749092,166.5,78.7259881762898
-41.2335638824711,3.88662759363871,276.499156355325,167,78.7063960330843
4.67073733218239,3.97594491991733,276.498004581309,167.5,78.7086153356639
1.39800628881813,3.96967339538435,276.496745761188,168,78.7092795988716
-9.84887768233226,3.94762506593655,276.496598201791,168.5,78.70459990098
36.7333679871002,4.03895289944945,276.496405499014,169,78.7220537744331
-22.0687077381534,3.92424170347183,276.498013553235,169.5,78.7115678197482
-2.41149469237554,3.96261485510158,276.497161919346,170,78.7104219971487
-23.8649653443348,3.92052200279257,276.499284854244,170.5,78.6990825499946
-5.26982293512064,3.95675851126134,276.498726286082,171,78.6965785916682
-19.8051030307951,3.92820031806299,276.500114705961,171.5,78.6871681896014
-33.3229197671682,3.90164999428678,276.5045545143,172,78.6713347918878
-16.0428194501399,3.93496676970831,276.505540892356,172.5,78.6637120402629
-3.8132936657622,3.95890815024604,276.504808192045,173,78.6619001523601
-3.18747426483362,3.96019012740816,276.503938487571,173.5,78.6603856227784
-24.3681672895534,3.91863630746648,276.506239319301,174,78.648807079033
20.5263156689456,4.006641470044,276.504791553623,174.5,78.6585601655529
-0.199692109543109,3.96626715481451,276.503551014461,175,78.6584652817728
-43.3949852713836,3.88207037773068,276.51062426607,175.5,78.6378461383909
30.7013621069943,4.0264130477123,276.509935613579,176,78.6524339020079
29.0761296083578,4.02377845333751,276.508802217825,176.5,78.6662494357991
13.4244635021299,3.99364242234104,276.507031910484,177,78.6726280746221
-35.3284673442646,3.89838813494249,276.511578124081,177.5,78.6558417402316
-4.25041979000649,3.9586427598974,276.510942043399,178,78.6538221516885
7.11965901415158,3.98104144329454,276.509370650604,178.5,78.6572050603155
5.89646917456603,3.97880445749683,276.507796265667,179,78.6600067698356
-17.3513758777757,3.93323658104012,276.508590230997,179.5,78.6517622571376
-12.3167341308574,3.94291435594483,276.508765092366,180,78.6459099563371
-20.5135474547182,3.92673156683016,276.510238613416,180.5,78.6361629366391
-8.39703772052989,3.95027240643662,276.509954004702,181,78.6321730810449
2.54154637030478,3.97176191108837,276.508621184628,181.5,78.6333806977475
-32.2867638341778,3.90364790933598,276.51254234538,182,78.6180396299105
-1.10748761224256,3.96428477063931,276.511623674576,182.5,78.6175134067599
1.47066974244507,3.9694294226919,276.510320056281,183,78.6182121960347
-15.9431120308979,3.93527961512883,276.510955826757,183.5,78.610636820427
-1.94100148583527,3.96264824224583,276.509990142815,184,78.6097145528496
-8.16931494533308,3.95043794314536,276.509573317297,184.5,78.6058328998167
1.88510508724432,3.97018508367155,276.50828144218,185,78.6067286081996
-12.3533706875533,3.94227042391657,276.508378166216,185.5,78.6008588995256
-6.93509796211773,3.95281009353429,276.507878840103,186,78.5975636851511
-15.0223388743254,3.93689022775193,276.508424171511,186.5,78.5904258152511
-43.7272696118005,3.88104661517714,276.5156590826,187,78.5696487868414
46.3246501037718,4.05604205590322,276.517001874431,187.5,78.5916599615573
-1.56969004480658,3.96340389183907,276.515766863153,188,78.5909141227491
-16.940178566308,3.93323976074569,276.516537088285,188.5,78.5828649906065
9.48676706247413,3.98501119130737,276.51495210823,189,78.5873726315025
-8.51541691180461,3.94979804129015,276.51448761687,189.5,78.5833265279916
-18.5662754304178,3.93001423632256,276.515574747778,190,78.5745047553197
13.6124976187942,3.99304941995051,276.513958672173,190.5,78.5809727386231
6.79690287740961,3.97991970766088,276.512312642459,191,78.5842022895518
1.74021730182091,3.97012619799938,276.510936428968,191.5,78.5850291544496
-14.2754032076908,3.93872320957703,276.511254594967,192,78.5782461913092
-4.09774349462805,3.95856015058888,276.510441292565,192.5,78.5762991469646
15.9769925309354,3.99802124362934,276.508790822173,193,78.5838906209044
-19.2322257677659,3.92915117217771,276.509834820849,193.5,78.5747524216821
-2.91195482091557,3.96094558498101,276.50894478364,194,78.5733688052665
17.4541839477665,4.00098075801088,276.507325327138,194.5,78.5816621672571
28.1241676397865,4.02211722550107,276.506236358391,195,78.5950253759651
18.5181786257611,4.00380744156913,276.504605870201,195.5,78.6038242954225
-20.3318979497836,3.92785557205343,276.505749313567,196,78.5941635865541
-6.97539633714063,3.95375023547766,276.505228345957,196.5,78.5908492243917
-22.0137858184029,3.92422509192688,276.506833569739,197,78.5803893658775
13.1278991238097,3.99291821356441,276.50528191106,197.5,78.5866270920259
-2.99738836639314,3.96146005437872,276.504224215938,198,78.5852028818294
13.9786773212801,3.9948163914648,276.502588658975,198.5,78.5918448555546
-14.770775722164,3.93858192739753,276.502876510272,199,78.5848265159799
-0.548839265371552,3.96632592379837,276.501763292242,199.5,78.5845657347989
-11.9406829077452,3.94397512978037,276.501733638139,200,78.5788921148769
-31.6941940942105,3.90531862565018,276.50544053428,200.5,78.5638326067721
-4.9351561588342,3.95717888114605,276.504826214881,201,78.5614876654888
4.48123350048767,3.97568522898254,276.503369852239,201.5,78.5636169252523
-24.4513196575617,3.91906099923789,276.50543453987,202,78.5519988716283
-45.293680638339,3.87855827320599,276.513054719193,202.5,78.5304775624371
-22.9913208778536,3.92097569434546,276.515277696617,203,78.519553227776
-44.9282859672419,3.878351206462,276.522953085821,203.5,78.4982055359986
1.38016474017205,3.96797595288658,276.521949792278,204,78.4988613217879
15.2203705852695,3.9952982084716,276.520200733605,204.5,78.5060932865289
-47.5854298980957,3.87316380722203,276.528448183629,205,78.4834830518251
9.16552103883133,3.98309611296983,276.527069380054,205.5,78.4878380525536
31.6535249633835,4.02727038406305,276.526127991937,206,78.5028782367057
14.348739698983,3.99402794820105,276.524291925865,206.5,78.5096960457072
30.8832896473549,4.02655889188982,276.5233705002,207,78.5243702522626
-22.0153684907458,3.92343484144454,276.524807069015,207.5,78.513909641741
-20.8714903868355,3.92537362166925,276.526307714207,208,78.5039925453257
-4.18652117045938,3.95782510387867,276.525506722695,208.5,78.5020033182354
2.13784357051663,3.97025812727736,276.524121151443,209,78.5030191154025
-7.32378738158241,3.95174549778256,276.523511240746,209.5,78.4995392151059
-17.2453887452058,3.93223456898507,276.524318623338,210,78.4913450622334
-20.6489869921754,3.92538135527696,276.525798901479,210.5,78.4815336883888
8.59071663606843,3.98254249569346,276.524230476898,211,78.4856155705916
35.1079354901962,4.03448153376172,276.523749116939,211.5,78.5022971191895
-16.4473835951061,3.93413124202452,276.524226827678,212,78.4944821387607
-32.1337880015762,3.90339556058668,276.528078418052,212.5,78.4792137574475
4.12395279859876,3.97389693034059,276.526753903092,213,78.4811732551526
-24.4202822502173,3.91805710799571,276.528819925895,213.5,78.4695699489643
-45.8781495696862,3.87639758572521,276.536670676054,214,78.4477709291431
9.77226198349376,3.98422019717082,276.535235769498,214.5,78.452414223057
11.7991615441965,3.98842328603879,276.53342569692,215,78.4580205990505
-10.4538171478912,3.94493601125219,276.533151769698,215.5,78.453053463947
-5.55843732323251,3.95445830254628,276.532421321259,216,78.4504123703867
-20.6365330838778,3.92488673117582,276.533834378216,216.5,78.4406069140212
-6.04046075482534,3.95325593761715,276.533231135228,217,78.4377367868482
16.4226382801985,3.99736491680935,276.531508208462,217.5,78.4455400095314
-10.5057446545559,3.94477978521265,276.531223474669,218,78.4405482010538
14.9808038565397,3.99474433734328,276.52952269172,218.5,78.4476663355747
-42.2751633925331,3.88329339686768,276.535968998438,219,78.4275792759748
2.70214942480246,3.97034477001259,276.534791645958,219.5,78.4288632032784
-3.48879700371462,3.95828365423228,276.533791914202,220,78.4272055000853
12.3882301467851,3.98949122572806,276.53204199199,220.5,78.4330917722443
9.05635861339726,3.98318955667435,276.530283817852,221,78.4373949044058
-24.3100405406786,3.91795426907617,276.532278509325,221.5,78.4258439796067
0.429535436380867,3.96611346330048,276.531111433423,222,78.426048073529
2.59237746605539,3.97042892673434,276.529664519561,222.5,78.4272798426455
-36.3929906831438,3.89440733648343,276.534530972706,223,78.409987699595
-26.1880542980907,3.91365257596254,276.537285833636,223.5,78.397544435861
-14.0857422123892,3.93696763412993,276.537775988663,224,78.390851590213
17.8937729431935,3.99963317393201,276.536097677306,224.5,78.3993538230782
7.41087111893607,3.97940702486174,276.534353380941,225,78.402875101245
2.98098616673262,3.97086920500537,276.532847889647,225.5,78.4042915179302
-13.5854068528376,3.93843409417403,276.533033538827,226,78.3978364068143
-39.3742797254344,3.88821008853167,276.538856686188,226.5,78.3791277031671
-27.8268765501592,3.90996278464959,276.542039871327,227,78.365905752431
-2.96389915490061,3.95829035552463,276.54119435093,227.5,78.3644974546458
-5.07402719540611,3.95418401948134,276.54039499085,228,78.3620865287378
-21.7876270282731,3.92143293185283,276.542084004817,228.5,78.3517341296568
-24.1940422956642,3.91649224331971,276.544388631681,229,78.3402383214669
2.72757880743051,3.96901524188577,276.543076105066,229.5,78.3415343315512
-1.65246273276846,3.96052981617849,276.541929480173,230,78.3407491632694
-38.4359004750136,3.88884453300847,276.547564088199,230.5,78.3224863308719
4.39162488712812,3.9719847169578,276.546257410139,231,78.3245730130694
-2.46471748138254,3.95865786784914,276.545173902825,231.5,78.323401901642
-4.39001497879103,3.95491841698171,276.544304526015,232,78.321315984393
7.85253636639289,3.97899788851301,276.542616133605,232.5,78.3250471199663
-17.443675309551,3.92951544205773,276.543447812641,233,78.3167587511591
-65.137769216704,3.83820086787186,276.558462966153,233.5,78.2858085159037
18.7080353457499,3.9994078290525,276.557116624655,234,78.2946976458521
20.8827307277007,4.00402559756096,276.555292448145,234.5,78.3046200831196
-12.9945623588456,3.93792791475295,276.55535181345,235,78.2984457119846
10.3428632396969,3.98364516950491,276.553611584754,235.5,78.3033601272975
-9.48478284769945,3.94491667106249,276.553221704645,236,78.2988534292019
-42.0884783968565,3.88152086895855,276.559910534281,236.5,78.2788550730471
-16.4794974287256,3.93057263209127,276.56093904055,237,78.2710248337183
-24.3954018574022,3.91495690235735,276.563282193096,237.5,78.2594333494579
-42.5637224072177,3.87958643434245,276.570412314245,238,78.2392091809349
1.64098207423454,3.96520661940722,276.569292416848,238.5,78.2399888941774
0.904962249734581,3.96389280939838,276.567918068625,239,78.2404188873268
-59.2023871442791,3.84784586379017,276.580647915627,239.5,78.2122888510694
-17.2184694265477,3.92761461883449,276.582071535895,240,78.2041074889211
26.239810589549,4.01273342845971,276.580521462837,240.5,78.2165753446762
-23.7438663946354,3.91525395927514,276.582540055501,241,78.2052934377331
-35.9681542141918,3.8912827152868,276.587807148368,241.5,78.1882031558887
-8.86209754613149,3.94370021992734,276.587699066653,242,78.1839923269455
-46.6258723835596,3.87039962759671,276.596154673788,242.5,78.1618380263514
-28.9570336825124,3.90378583165459,276.599965136298,243,78.1480790810337
7.95327650329971,3.9758834569603,276.598322493563,243.5,78.1518580833205
19.9944227340435,3.99972739080979,276.596332735304,244,78.1613584407146
25.2322403156828,4.01033205579789,276.594530900843,244.5,78.1733475490796
-0.042361509332439,3.9612711466196,276.593071324695,245,78.1733274209927
-0.0621588082786477,3.96130888330558,276.591708747248,245.5,78.1732978862118
9.27349221655172,3.97972084846632,276.589829978112,246,78.1777041894855
2.15074213589194,3.96594198172891,276.588259365761,246.5,78.1787261154108
3.23089844335004,3.96816166406983,276.58665139587,247,78.1802612780071
-10.3162517250137,3.94167325120406,276.586359388166,247.5,78.1753595071654
1.33064081820859,3.96445254722204,276.584946318707,248,78.1759917616448
-48.6403455041681,3.8675475922848,276.593670336159,248.5,78.1528802833986
11.4332459398889,3.98372306876562,276.592065506977,249,78.1583127944567
-9.74453361066338,3.94239539756909,276.591677671621,249.5,78.1536826756895
-6.77339327430057,3.94815786203113,276.591026526386,250,78.1504642953576
-5.42906342117798,3.95077460364119,276.590207785817,250.5,78.147884673855
-18.7423763459246,3.92468201109133,276.591315341341,251,78.1389792267675
-2.63549453706318,3.95605799903862,276.590292551965,251.5,78.1377269705586
-6.48110522272854,3.94854782522133,276.589577274121,252,78.134647471003
-1.14729475721729,3.95900587208779,276.588343901622,252.5,78.1341023334726
-22.2521731581966,3.9177190161065,276.590099196964,253,78.1235292051253
42.7660023840472,4.04432155236972,276.590319751787,253.5,78.1438494870544
-33.4735150966913,3.89643733078679,276.594381347204,254,78.1279445339139
-34.0556049447195,3.89485485728509,276.599044328387,254.5,78.1117630005658
-9.68117312665524,3.94189961005634,276.598937717982,255,78.1071629875561
24.6037627474416,4.00902530808356,276.597235871377,255.5,78.1188534745709
-32.4664770472479,3.89789405933328,276.601136659862,256,78.103427015934
-40.1066815400945,3.88276190577009,276.607526440749,256.5,78.0843703112923
30.6954437958927,4.02038081111793,276.606380412268,257,78.0989552628216
28.9751260614414,4.01757141001827,276.604809942528,257.5,78.1127228047399
-28.5898252000154,3.90554087445489,276.607693539447,258,78.0991383386691
-64.8201008755836,3.83643598236733,276.622695875688,258.5,78.0683390436441
-19.1109436378342,3.92269519372458,276.624403560362,259,78.0592584716709
-29.3698838585792,3.9025453510652,276.627918246639,259.5,78.0453033604386
-11.4087183424736,3.93726371382606,276.628033408556,260,78.0398825036775
-44.3256231015968,3.87337279482162,276.635727872279,260.5,78.0188211673847
35.7477143408137,4.02883526127041,276.634921985806,261,78.0358067071413
-7.29506790359997,3.94538593471503,276.634108732003,261.5,78.0323404529154
-8.70096979407451,3.94261070701399,276.63363856601,262,78.0282061838835
17.7203158434456,3.99439542034493,276.631597027665,262.5,78.0366259985432
9.50219248245011,3.97865160438611,276.629530691245,263,78.0411409688333
-21.7231101538975,3.91768109151121,276.631056513296,263.5,78.0308192249691
26.6901842274005,4.01216604425948,276.629445353909,264,78.0435010759256
1.1063492376223,3.96261023312816,276.627791439848,264.5,78.0440267581771
10.2676262689172,3.98064952413386,276.625783732259,265,78.0489054246153
16.0171598419145,3.99210219193673,276.623701842916,265.5,78.0565159840679
-34.6918024632069,3.89339108778778,276.628059793431,266,78.0400321612323
17.4218070954198,3.99466973442889,276.626232068345,266.5,78.0483101393495
8.23886583633396,3.97701706081177,276.624224736276,267,78.0522248395141
0.144600977495697,3.96131600145411,276.622700449923,267.5,78.0522935467222
-30.0472485219041,3.9024325784275,276.625966301126,268,78.0380165854183
24.3649709940775,4.00833423382434,276.624342994303,268.5,78.0495936104428
-23.3192842521286,3.9155063028507,276.626025155373,269,78.0385134438625
-1.02459459437569,3.95880008268591,276.624770847748,269.5,78.0380266073601
-22.1802868943913,3.91746217931016,276.62636342159,270,78.0274876357977
-8.43484427765042,3.94404457934156,276.625890988064,270.5,78.0234798164039
11.0092905854002,3.9821075278137,276.623916599352,271,78.0287108849178
21.777263423247,4.00335464171487,276.621971408469,271.5,78.0390583597281
-29.7356570688413,3.90308883368417,276.625048183126,272,78.0249294512189
-8.85100545082672,3.94337672638904,276.624669382977,272.5,78.020723892689
51.7874141061637,4.06095965080113,276.626345680005,273,78.0453307017512
-1.6146184622587,3.95830616402559,276.624847809203,273.5,78.0445635151886
-11.7695966463905,3.93842244338723,276.624617007663,274,78.0389711869673
-17.3798915184446,3.92732280555609,276.62532283799,274.5,78.0307131250521
-21.2088913839154,3.91964438848059,276.626780905158,275,78.0206357124276
-42.5634465341019,3.87819399244793,276.633585217732,275.5,78.0004116749859
9.29015781481448,3.97851385268052,276.631872741112,276,78.0048258969248
-8.37650826696842,3.94409276349523,276.631198964524,276.5,78.0008457959081
20.0730830655173,3.99973328274994,276.629247980393,277,78.010383528788
4.61222713933839,3.96985068102481,276.627376999542,277.5,78.0125750302276
2.39742053127303,3.96562432428952,276.625695735924,278,78.0137141654842
-31.9984305267161,3.8986194915301,276.629388117545,278.5,77.9985100993254
-20.2046093505703,3.92105251525672,276.630803641408,279,77.9889098716824
-1.39090338475501,3.95762529832444,276.629557733684,279.5,77.9882489834221
20.1937669202509,3.99991035964783,276.627580068978,280,77.9978440592804
-13.0031728345773,3.93528599651683,276.62747097202,280.5,77.9916655968747
-13.6758110474561,3.93382755710125,276.627632085933,281,77.9851675301721
12.3735021207909,3.98470960559983,276.625662336103,281.5,77.9910468043041
-34.7330212135545,3.89305047109875,276.630037868393,282,77.974543396364
-16.0973258411883,3.92872840155204,276.630771645799,282.5,77.9668947460071
-14.1421601993312,3.93237940417316,276.631067783468,283,77.9601750933317
-6.63571148407574,3.94693892357355,276.630331176375,283.5,77.9570221325535
56.5037568412381,4.06910736012969,276.632875696542,284,77.9838699136194
-3.97735049008243,3.95302491332832,276.631579812576,284.5,77.9819800740556
55.1097466072155,4.06732484006278,276.63402235084,285,78.0081654906406
-4.11175539213026,3.9535809927556,276.632713525342,285.5,78.0062117885377
23.9018793859194,4.00827405922254,276.631004871203,286,78.0175687754124
-23.6138782525405,3.91584646970186,276.632573091591,286.5,78.0063486323832
-1.26596624015555,3.95913483745806,276.631283126643,287,78.0057471080537
-33.0127869611612,3.89734130911958,276.635110982305,287.5,77.990061070058
-23.1093976389138,3.91602631852955,276.63699341167,288,77.97908063118
-22.493983692277,3.91692377736242,276.638714389907,288.5,77.9683926064675
-30.0803983198639,3.90193877749408,276.642119757615,289,77.9540998940248
2.88885113553724,3.9658938290423,276.640587194341,289.5,77.9554725327156
20.9244487403648,4.00125941031198,276.638586185684,290,77.9654147923123
-17.6706369703192,3.92614169675143,276.639175670448,290.5,77.9570185825876
-38.320423210991,3.88597964994809,276.644668388299,291,77.938810619255
-3.32331377483352,3.95348277467696,276.643706908644,291.5,77.9372315454796
-35.0216194119656,3.8918107131622,276.648290922533,292,77.9205910099983
-7.66209568614397,3.94456143461065,276.647799931281,292.5,77.916950362385
-40.3282566962942,3.88113972164481,276.653968302385,293,77.8977883762255
11.7941963847496,3.98215151944569,276.652117226505,293.5,77.9033923930216
36.0121265048239,4.02944363252555,276.651078123299,294,77.9205035683163
-15.8339325358041,3.92891776689757,276.651336989631,294.5,77.9129800693864
-6.86675846852224,3.9462756095707,276.65056720446,295,77.9097173265477
-6.93003600005782,3.94611442189627,276.64975687824,295.5,77.9064245173663
-24.4264039192934,3.91192899756708,276.651826965136,296,77.8948183024646
21.7569357996209,4.00190433901832,276.649945440587,296.5,77.905156118597
-25.5422753444467,3.90986972613669,276.65209625332,297,77.8930196969729
-15.2016715203238,3.92967723450583,276.652578906219,297.5,77.8857966170995
7.28444973070079,3.97356134567739,276.650686702607,298,77.8892578260967
-0.91914372767114,3.9576634047636,276.649200256294,298.5,77.8888210946128
10.0193130454529,3.97913850527107,276.647144690907,299,77.8935817749306
-8.04968344945499,3.9439509260189,276.646380126623,299.5,77.8897569648475
-40.5295964105783,3.88091092533104,276.652490702166,300,77.8704993120479
-13.5825743982565,3.93251960209564,276.652861739448,300.5,77.8640455467739
-19.2856872412702,3.92126353370393,276.654012458185,301,77.8548819453126
18.4269969833248,3.99485163477176,276.651989972483,301.5,77.8636375397786
-14.0462461965297,3.93164077655523,276.652053469561,302,77.8569634606773
2.94911675215169,3.96478360042473,276.650390663133,302.5,77.8583647345983
-43.6773826400404,3.87435067444817,276.657461175921,303,77.8376114100017
-38.7356242497097,3.88317491827238,276.663515156026,303.5,77.8192061637412
-33.7379452932098,3.89227079831328,276.668229070791,304,77.8031755664946
40.4892130105464,4.03640747669765,276.667794755929,304.5,77.8224140311066
-12.3717852898273,3.93413152814906,276.667553646303,305,77.8165355727275
2.46469379571214,3.96309119572733,276.665886882418,305.5,77.8177066729007
-5.96282282713945,3.94668767351958,276.664919852922,306,77.814873435418
-23.7674652417714,3.91190539430501,276.666899124015,306.5,77.8035803154739
-34.625569165197,3.89061694312546,276.671640550468,307,77.7871279634145
9.59481938050881,3.97646709835815,276.669756130652,307.5,77.7916869454096
9.30913387176074,3.9761388613879,276.667616608163,308,77.796110183829
-34.1316408751553,3.89161137612772,276.671980621268,308.5,77.7798925219803
-20.61023713833,3.91736262344782,276.673576757412,309,77.770099560143
-5.72047281120943,3.94626122692935,276.672749834743,309.5,77.7673814753605
-24.7508803216724,3.90910103334239,276.675016987857,310,77.7556210853756
5.5182051152942,3.96803265007581,276.673239873045,310.5,77.7582430625872
-42.3923500922963,3.87502139975688,276.680094220693,311,77.7381003216834
-2.59127434543122,3.95177168164074,276.67911021612,311.5,77.736869076715
-12.5700591717076,3.93228501985074,276.679117572353,312,77.7308964084272
1.90476278595056,3.96056973598274,276.677497128232,312.5,77.7318014571729
16.8695787092475,3.98997976547649,276.675250250854,313,77.7398170437672
43.3753820919837,4.0415068607492,276.674998041783,313.5,77.7604268726911
-33.4867833929753,3.89277910354154,276.67899147382,314,77.7445156151147
-1.07420881976142,3.95545320434691,276.677728917657,314.5,77.7440052043947
29.3358839422858,4.01482753839131,276.676023587683,315,77.7579441605542
11.190031675528,3.98000569415747,276.673766255404,315.5,77.7632611082642
17.9264372748351,3.99335806324696,276.671563229221,316,77.7717788615986
-13.5744713041923,3.93206484390918,276.67146703325,316.5,77.7653289465128
-15.5187182146565,3.92810507829858,276.671849513534,317,77.7579552217847
-6.2792234011787,3.94597926633007,276.6709752309,317.5,77.7549716464516
-3.65636566491439,3.95107469743357,276.669766859853,318,77.7532343229468
20.9802786711121,3.99922285486178,276.667697994535,318.5,77.7632031101559
-18.8492374464224,3.92175602851323,276.668478948705,319,77.7542468879768
-19.3886552928365,3.92046480416836,276.6695873267,319.5,77.7450343612076
-2.51026783068008,3.95320928237992,276.668354999202,320,77.7438416065148
7.17394183257682,3.97219173162647,276.666356082236,320.5,77.7472503076431
-25.3494063157484,3.90883610852274,276.66851363252,321,77.7352055278097
-11.0681851200221,3.9363237478045,276.668346860129,321.5,77.7299464755358
14.1299789900733,3.98553172108903,276.666220180908,322,77.7366603403051
-2.28451282916115,3.95368377186752,276.664793889972,322.5,77.7355748531852
-9.70516703950378,3.93917974035937,276.66428172507,323,77.7309634394589
-20.4452356850897,3.91813455967973,276.665561206015,323.5,77.7212488781235
-27.8962919997364,3.90342599367906,276.668517049972,324,77.7079939446106
-30.3677227420019,3.89829149682206,276.672170576956,324.5,77.6935647098619
-3.28417140665091,3.95070017324357,276.671135664207,325,77.6920042345973
-49.186482132106,3.86197312637629,276.680194618645,325.5,77.6686332593293
-8.79943878851137,3.93928702885349,276.680003641134,326,77.6644522027182
-43.3759515078744,3.87228027466867,276.687317227281,326.5,77.6438421032362
-27.0716549567958,3.90306467220044,276.690504943761,327,77.6309789963208
-3.91709510668561,3.94799651068997,276.689549216658,327.5,77.6291177871248
-18.4141571396727,3.91968234859866,276.690601280531,328,77.6203682935153
-54.7484413222583,3.84978346085413,276.70205333658,328.5,77.5943545512707
-25.1827073665336,3.90560525666165,276.705026726852,329,77.5823889785049
-3.75476560335049,3.94727032358677,276.704060281097,329.5,77.5806049002328
-5.7099192286505,3.94351353235689,276.703165437939,330,77.5778918299889
8.09059415552831,3.97061683742496,276.701082162486,330.5,77.5817360788093
19.0352093910084,3.99223059456173,276.698732944909,331,77.5907806656269
-9.45651737883422,3.93683684594544,276.698155758553,331.5,77.5862873978793
28.8128778283885,4.01152759337381,276.696299795746,332,77.5999778474894
5.59478579551483,3.96678523726619,276.694201935647,332.5,77.6026362120397
0.695365853679798,3.95733898557496,276.692524616235,333,77.6029666153835
10.8615291479979,3.97731146453765,276.690319212468,333.5,77.6081274749955
-17.1394804456316,3.92275797394506,276.690912485084,334,77.5999836444909
-13.7192264125365,3.92923650379364,276.691108236949,334.5,77.5934649489615
-17.0233564050799,3.92265214035964,276.691853845392,335,77.585376294838
-5.61584929302288,3.94477521866202,276.690951378732,335.5,77.5827079219589
-34.8897683725954,3.88784069979233,276.695684839892,336,77.566130035548
11.7834740761792,3.97840420305849,276.693671058832,336.5,77.5717289576352
-29.1653248502158,3.89870369467875,276.696853616739,337,77.5578710426917
-37.7649418963891,3.88177207354222,276.702637830712,337.5,77.5399270165123
-5.11247344609783,3.94476447818518,276.701872440717,338,77.537497822854
-9.43542357197256,3.93632698124509,276.701425888331,338.5,77.5330145778366
-37.4508589633138,3.88187719070135,276.707032652216,339,77.5152197882795
18.8125234906517,3.99111758674473,276.704940273631,339.5,77.5241585658088
-32.9468529296464,3.89047926861727,276.709132614361,340,77.5085038563927
-9.32844344482545,3.9360297177532,276.708874065352,340.5,77.5040714430225
-27.8334365013145,3.89991796015232,276.71198146094,341,77.4908463753231
2.23971299166434,3.95836335241725,276.710401514428,341.5,77.4919105757835
5.54584276075208,3.96498291943263,276.708389449181,342,77.4945456850328
1.84497690812237,3.95791070264209,276.70662160643,342.5,77.4954223264964
-11.486534688928,3.93191566039414,276.70641381895,343,77.4899644952694
-13.3331793680077,3.92822100515007,276.706580609596,343.5,77.4836292301366
18.5683949822532,3.99052994648135,276.704321834562,344,77.4924520099145
-5.58033894682254,3.94365373629034,276.70322803526,344.5,77.4898005097896
-3.60516905193388,3.94751544411787,276.702024194615,345,77.4880875123745
-8.86773341817042,3.93723597626595,276.701453581841,345.5,77.4838740055447
-17.1783159796288,3.92094255866673,276.702237923368,346,77.4757117223217
5.26779845105462,3.96468985066673,276.700363595823,346.5,77.4782147187138
14.1419857497902,3.98219520707435,276.698042063952,347,77.4849342884995
-36.6632782160586,3.88350554305887,276.703154496559,347.5,77.4675137182272
-1.65728495072807,3.95109369638749,276.701977544569,348,77.4667262586668
7.37033288869167,3.96882881108959,276.69989378651,348.5,77.4702282750785
-9.06727493113392,3.93683441162362,276.699289218434,349,77.4659199560246
-11.1521635401417,3.9326941669639,276.69907475304,349.5,77.4606210013732
-23.2993386263861,3.90892121170261,276.70107910167,350,77.4495503119643
14.930885473252,3.98337028203001,276.698905884957,350.5,77.4566447277469
-32.9988695434503,3.89020129538687,276.703060050633,351,77.4409653026174
58.7444579168327,4.06720353868082,276.705587104306,351.5,77.4688777536322
-7.38211137480313,3.94055984893099,276.704589920394,352,77.4653701406685
1.99431739694163,3.95884329553193,276.702851053117,352.5,77.466317741321
-4.32718243444096,3.94655586305758,276.701644796457,353,77.4642616789788
-19.0618156066243,3.91777709667973,276.7026580746,353.5,77.455204450208
-12.048840571615,3.93122260800717,276.702600467393,354,77.4494794391317
-49.8708136675599,3.85828111851515,276.711986106262,354.5,77.4257833034804
8.80742421270877,3.97124764683168,276.710164190013,355,77.4299681543688
-21.1932740034836,3.91282812574463,276.711598625315,355.5,77.4198981623484
-15.3308949394932,3.92401040251353,276.712136144776,356,77.4126136819193
-21.4026950759137,3.91203651435498,276.713789395878,356.5,77.4024441833985
13.0784343918337,3.97921521482869,276.711593425995,357,77.4086584063611
-43.6193315460077,3.8693191016756,276.718864271633,357.5,77.3879326647635
-4.39682691972558,3.94474008019942,276.718038402176,358,77.3858435108182
-11.6362033513817,3.93060794828786,276.717892877922,358.5,77.3803145644706
-10.0429222238721,3.93364554954198,276.717554323803,359,77.3755426662429
-32.4942785920902,3.88993430737005,276.721813815956,359.5,77.3601029976915
-24.0892012823302,3.90579861962143,276.724256189316,360,77.3486570047482
-30.5551619722044,3.8930094109611,276.728211358626,360.5,77.3341387081796
-13.7473099124684,3.92535532992088,276.72866597273,361,77.3276066687647
13.8457174515415,3.97929705400469,276.726359876113,361.5,77.3341854665584
-40.9433693831891,3.87294889276426,276.732973903997,362,77.3147312093771
-10.5138102524739,3.93140893012852,276.732989412791,362.5,77.3097355685276
-48.8630387923032,3.8573059047273,276.742466570442,363,77.2865182774827
-37.2365707953891,3.87881377055886,276.748645366445,363.5,77.2688253070283
-34.4053629297791,3.88381796142075,276.753962436515,364,77.2524775860435
-18.0604148648481,3.91518251725883,276.755354768374,364.5,77.2438961732073
-24.223343607112,3.90304336939811,276.757930405595,365,77.2323864424885
12.15001726018,3.9740623084368,276.755681454527,365.5,77.2381595277059
10.1856082209228,3.97053348405869,276.753293061605,366,77.2429992232381
40.8590518468715,4.03019071567113,276.752110774791,366.5,77.2624134169107
-2.56224252697624,3.94654486659394,276.750571188897,367,77.2611959664216
9.83524861463524,3.97085914301346,276.748266502576,367.5,77.2658691884566
4.95125788277409,3.96153352212337,276.746166495327,368,77.26822178048
7.61909678675801,3.96690088184929,276.743934912731,368.5,77.2718419971503
-6.96118299584758,3.93855497961713,276.743000870096,369,77.2685343884624
-13.1599976502568,3.9264056462531,276.743051736764,369.5,77.2622814106872
0.394362733793686,3.95279906912599,276.741438221982,370,77.2624687922867
-24.2715594920765,3.90473518088589,276.743585442143,370.5,77.2509361517722
13.424739975476,3.97807707321342,276.741321716795,371,77.2573149219616
-27.4725232603973,3.89853780130263,276.744130986272,371.5,77.2442613423227
9.54737752724544,3.97045704218314,276.742012189216,372,77.2487977823036
-6.11389546691879,3.94004169148855,276.74097305504,372.5,77.2458927625999
25.6630209901423,4.00201511768937,276.738761553708,373,77.2580865565625
-1.58158254642301,3.94934712584293,276.737140383,373.5,77.2573350670277
9.92678325825574,3.97187903738895,276.734861697755,374,77.2620517817826
34.1468678164184,4.01903397434683,276.733253553514,374.5,77.2782766787182
-33.4359977444232,3.88823878085827,276.737289520374,375,77.2623895519616
23.9672105366753,3.99948296162082,276.73524668973,375.5,77.2737775809568
-32.3282902869317,3.89032069788359,276.739040084347,376,77.2584167818104
-60.7900221370151,3.83604142496489,276.752676693178,376.5,77.229532380196
-25.8709338370247,3.90145847572933,276.755696500435,377,77.217239796367
17.9958351268173,3.98676814083202,276.753364166913,377.5,77.2257905241167
2.84855726212611,3.9575604242894,276.751355691891,378,77.2271440171586
6.282527701202,3.96438966622021,276.749184621767,378.5,77.230129162531
-25.4703808533603,3.90261499464083,276.751483280597,379,77.2180269016011
11.2608296149385,3.97396699885619,276.749264503738,379.5,77.2233774889784
18.4403901795345,3.98818517189873,276.746770932857,380,77.2321394472265
-64.3363709304274,3.82930183808589,276.761482944519,380.5,77.2015699966648
-33.9095761477288,3.8856771841079,276.7665472168,381,77.1854578489538
-16.226412636877,3.91952045392,276.767341272095,381.5,77.177747862958
18.3155590606724,3.98686007594807,276.764904767266,382,77.1864505076537
2.26507639154795,3.95589960114468,276.762918035006,382.5,77.187526759543
-27.2666855240654,3.89844142180988,276.765687768495,383,77.1745709837811
-21.0951203780787,3.9100734293173,276.767334294667,383.5,77.1645476294923
15.5136377581267,3.98134291885785,276.7649445716,384,77.1719189402396
-18.5842418601225,3.91506750249212,276.765806086419,384.5,77.1630886308119
6.68743241842714,3.96424502755994,276.763708241699,385,77.1662661668112
-26.6215542766637,3.89945865821314,276.76631584901,385.5,77.1536169254013
19.7082460607938,3.98949369816031,276.763971860729,386,77.1629813058427
-17.4073143351911,3.91742039961561,276.764576467177,386.5,77.154710213966
-1.94938057328612,3.94741975602176,276.763163316038,387,77.153783965062
27.1845098143656,4.00420726332587,276.760935239456,387.5,77.1667006950049
-12.5911743662906,3.92715872477435,276.760656450486,388,77.1607179938245
-38.0032257868302,3.87786503100497,276.766292487763,388.5,77.142660746966
-22.8303644100367,3.90659432868122,276.768375985421,389,77.1318128908303
6.40647849257095,3.96341185461344,276.766321281231,389.5,77.1348569314674
9.91488076803625,3.97044277889766,276.763921399068,390,77.1395679907498
-8.95970478639554,3.93377994569383,276.763191825591,390.5,77.1353107836902
-18.3168620650449,3.91547082594111,276.764111863045,391,77.1266075198715
-8.48517947314225,3.93444688047096,276.763499195741,391.5,77.1225757836908
-13.6288123073895,3.92435945821872,276.763608208848,392,77.1161000484571
-5.69521280043794,3.9397337246425,276.762607971993,392.5,77.113393965978
-26.4839270408171,3.89924692130211,276.765281130284,393,77.1008101182004
-2.6682622190146,3.94534250330145,276.764033147433,393.5,77.0995422924152
-46.4928593551875,3.86063593030582,276.772441748283,394,77.0774511930109
-4.91706932422548,3.94039213295791,276.771646185182,394.5,77.0751148456938
26.029871065394,4.00075874699233,276.769294165393,395,77.087482948606
-11.5594605393919,3.92793298902258,276.768910103126,395.5,77.0819904666339
7.08801262433706,3.96429039760939,276.766738117217,396,77.0853583384671
-12.3539671869174,3.9264785505543,276.766548548581,396.5,77.0794883463662
-3.92707485136295,3.94283424486339,276.765323305571,397,77.0776223952908
-38.068213869834,3.87662161340346,276.771039042799,397.5,77.0595342693204
-29.3150416938884,3.89293716857708,276.774718274183,398,77.045605216363
-5.60980757122639,3.93874126985143,276.773856916903,398.5,77.0429397142103
-34.6499161063533,3.88232953802696,276.778736869267,399,77.0264757936928
6.52606245756299,3.96209247979372,276.776764713591,399.5,77.0295766546953
18.9227503631417,3.98646234519218,276.774166498995,400,77.0385678065641
-28.4136733239264,3.89454386113554,276.777205883527,400.5,77.0250670391227
-10.9885375188412,3.92808070489239,276.777076640685,401,77.0198458314361
-5.73240182286329,3.93828892249238,276.77608349052,401.5,77.0171220785792
-31.4452442228704,3.88828299766301,276.780077753729,402,77.0021808590984
20.4510661445889,3.98904438063518,276.777711876581,402.5,77.0118981907787
14.7658634770812,3.97837851600049,276.775087820972,403,77.0189141962984
-20.5884385116714,3.90966581092759,276.776362308063,403.5,77.0091315920867
-22.3258394096911,3.90605335575492,276.778239023655,404,76.9985234611926
-18.0766069542107,3.91406375561496,276.779296021138,404.5,76.9899343546791
5.7610715817059,3.96046499376685,276.777236528746,405,76.9926717299826
-30.9818491536716,3.88905880552686,276.781021723894,405.5,76.9779506928411
3.61224800171973,3.9560747703569,276.779213523969,406,76.9796670538218
-39.3359349133965,3.87279229157464,276.785388683377,406.5,76.9609765697263
14.3829673256026,3.97676899952543,276.78310275136,407,76.9678106419973
-3.5144278314278,3.94211515611792,276.781696483709,407.5,76.9661407603069
3.85216194266048,3.95655938321172,276.779672216491,408,76.9679711164858
-33.9042396620032,3.88323381987996,276.784234730141,408.5,76.951861504408
-0.0696256696094117,3.94861778261868,276.782769591784,409,76.9518284217452
11.1737983159182,3.97068124030266,276.780312766181,409.5,76.9571376561684
-40.4602693541576,3.87061792087256,276.786737645937,410,76.9379129441455
-3.94268117214982,3.9408749337077,276.785750442879,410.5,76.936039577721
-23.506278404361,3.90276233786692,276.787834550454,411,76.9248705607997
-15.1713517630761,3.91872223598493,276.788400047505,411.5,76.9176618873702
19.8394028945941,3.98696240807746,276.785881370258,412,76.92708858703
-6.67762053847124,3.93559215836436,276.784836656014,412.5,76.923915713149
24.7347477517374,3.99681040278099,276.7824049308,413,76.9356684377373
7.10839922591252,3.96296747883739,276.780036475247,413.5,76.9390459962717
1.05989277374997,3.95132237695183,276.778172656491,414,76.9395496047172
22.9024685023838,3.99393124730016,276.775705601869,414.5,76.950431721139
-18.7365251325278,3.91318618303453,276.776516892893,415,76.9415290542579
16.4699085132203,3.98161575373162,276.774095052169,415.5,76.9493547374099
-21.5891919186212,3.90772740578926,276.775495684124,416,76.9390966248449
-11.051880268082,3.92795608228445,276.775253806165,416.5,76.9338453198275
-5.78600928457688,3.93813408925513,276.774221715547,417,76.9310960953653
-39.7432363068483,3.87237450207383,276.780421043814,417.5,76.9122120818613
-19.6216260645544,3.91061470496355,276.781902537093,418,76.9028888589432
-32.0321700202109,3.88638558239777,276.786140384328,418.5,76.8876687614516
-31.0016509197135,3.88796648265914,276.790265015356,419,76.8729383154936
57.9149019790885,4.05927074734391,276.791895717689,419.5,76.9004566026962
-2.57248883839922,3.9438958583598,276.790234003332,420,76.8992342836685
-42.2422148169829,3.8671420359586,276.797179209126,420.5,76.8791628795965
27.5853173997889,4.00204903348859,276.795084187832,421,76.8922700534127
-6.7963238418728,3.93561306585246,276.793965102631,421.5,76.889040777613
22.0276662673912,3.99174810607967,276.791458299117,422,76.8995072314277
16.8413808628119,3.98206719493146,276.788799571874,422.5,76.9075094198047
-10.5921192459792,3.92887591139433,276.788209495725,423,76.9024765704078
-13.7968476319614,3.92252143650411,276.788274796103,423.5,76.8959209931271
-9.01971400944639,3.93168208340674,276.787644494859,424,76.8916352726629
-51.4468773815552,3.85006400909522,276.797679269701,424.5,76.8671902697519
-70.8525911961142,3.81338282166748,276.816223991747,425,76.8335246347088
-12.3779662424301,3.92337239805086,276.816752193766,425.5,76.8276432394478
-0.000882407132728247,3.9475020500291,276.815070809691,426,76.8276428201717
-33.6157399510575,3.88224489446719,276.819643679233,426.5,76.8116702888388
18.5524434525068,3.9834103176277,276.81716156138,427,76.8204854892413
0.470071012737382,3.94853068951965,276.815247919345,427.5,76.8207088436577
-11.622054120896,3.92500999099211,276.814957701322,428,76.8151866203222
-5.00828544567818,3.9378438370123,276.813804414211,428.5,76.8128069316311
-8.07363695367685,3.93187443310999,276.81301721584,429,76.8089707400315
-45.1433337798819,3.86026409277864,276.821093111365,429.5,76.787520868206
33.3449957191823,4.0117865575341,276.819257970151,430,76.8033647553165
3.54022287848971,3.95455842544823,276.817016974621,430.5,76.8050468935331
-15.5792664354991,3.9173712990038,276.817346304284,431,76.7976443992954
-8.96938910632705,3.93010515053157,276.816733930516,431.5,76.7933825907275
21.7951329912005,3.99001898098259,276.814137983932,432,76.8037385562696
-7.35976551957172,3.93360850221694,276.81308114272,432.5,76.8002415609474
-1.17496915340743,3.94564350829792,276.811436727384,433,76.7996832739174
-15.3844928751885,3.91797812738231,276.811741939166,433.5,76.7923733264092
2.59074724537902,3.95289409028857,276.809808873256,434,76.7936043209259
-29.7939547619249,3.89001124957579,276.813202930805,434.5,76.7794477122462
-24.7878992805162,3.89929583846775,276.815671573839,435,76.7676697326892
-36.1334920196972,3.87714016359279,276.821084688221,435.5,76.7505008905251
-15.4945221837026,3.91660625368999,276.821771721184,436,76.7431386625501
-3.68546213737991,3.93953902827178,276.820503415925,436.5,76.7413875138456
3.49132057591306,3.95361486765865,276.818432701568,437,76.743046416115
2.30437940598548,3.95144401290133,276.816419008395,437.5,76.7441413428463
28.0962147988066,4.00167938884879,276.813978947869,438,76.7574912697515
-42.0355851738938,3.86618291342831,276.820731887179,438.5,76.7375180458312
-10.5713765688515,3.92636182938062,276.820587089892,439,76.7324950523251
-43.9279295079023,3.86191554175177,276.828296046438,439.5,76.7116226802912
-25.7844796910591,3.89612879883633,276.831238028481,440,76.6993711751817
1.82442137993907,3.94967840992187,276.829457275759,440.5,76.7002380496785
-42.7228445439152,3.86346505227357,276.836805518049,441,76.6799382742132
-21.240699681564,3.90425913524589,276.838761407398,441.5,76.6698457478642
-14.0920765611816,3.91798639738133,276.839129375951,442,76.6631498924481
11.7222167176968,3.96834210747857,276.836592993332,442.5,76.6687197080787
-5.86521617870911,3.93427086335668,276.835433679108,443,76.6659328484312
-20.0682071444179,3.90658542460674,276.836794740854,443.5,76.6563974323471
-1.60701658757292,3.94241934397246,276.835311201682,444,76.6556338578182
-85.7509485153128,3.78360031881778,276.861157812735,444.5,76.614889262757
-53.4261727250185,3.8412888048275,276.873523203433,445,76.5895037969279
-15.3895677636172,3.91369553369212,276.87454568394,445.5,76.5821914380847
12.8186257617495,3.96881136210089,276.871902846287,446,76.5882822128801
-5.43563132033116,3.93345723446694,276.870692102573,446.5,76.5856994706378
-58.481143228261,3.83154761618984,276.884128019844,447,76.5579121336952
7.90364671393603,3.95886764343807,276.882109671329,447.5,76.5616675543691
16.5867365838249,3.9760623247939,276.879188953155,448,76.5695487484223
6.60734693056331,3.95697328033283,276.876678352859,448.5,76.5726882317723
-21.646321234157,3.90202067774319,276.878303380405,449,76.5624029741919
26.0096581528171,3.994682381239,276.875646986318,449.5,76.5747614729311
-48.0376989785018,3.85170293066597,276.884680572792,450,76.5519363424056
-28.4083472810334,3.88857797178087,276.888374912237,450.5,76.5384381056355
-19.9521565351063,3.90467230753945,276.889936874487,451,76.5289578310415
-24.6877489438526,3.89529751525929,276.892516799992,451.5,76.5172274379542
-28.2695125185782,3.88810976130652,276.896053030774,452,76.5037951685731
-13.062644320047,3.91740387929442,276.896307626684,452.5,76.497588448269
-34.6682079198336,3.87541014203242,276.901546996625,453,76.4811158363895
6.03807318064961,3.95434449661786,276.899393346477,453.5,76.4839848291057
-17.6903207438673,3.9081814019113,276.900278164565,454,76.4755792666286
8.49484088947207,3.95924690283597,276.897802745439,454.5,76.4796155934348
-32.5994221311216,3.87941702496069,276.902236144476,455,76.4641259658919
-8.14361717186735,3.92659795129126,276.901688104947,455.5,76.4602565231656
-16.1963786045693,3.9108802469996,276.902353237681,456,76.4525608078514
8.88808834869784,3.95981185866889,276.899835992399,456.5,76.456783986334
1.40093132966318,3.94543834215959,276.89776944855,457,76.4574496393761
5.5802756511351,3.95374187451031,276.895367221455,457.5,76.4601011094259
10.4020530084834,3.96333899736204,276.892637369709,458,76.4650436487794
18.9773487528572,3.98026169775836,276.88966691668,458.5,76.4740607430933
-15.3484467742503,3.91370425408176,276.889875485308,459,76.4667679229034
11.5721175279966,3.96608608183037,276.887225323001,459.5,76.4722664188482
7.74527868593513,3.9588834528122,276.884628265094,460,76.4759465908948
-3.9770435920046,3.93619944472283,276.88312500514,460.5,76.4740568971538
-9.64580609302786,3.92515352334646,276.882470831508,461,76.4694736888033
2.16386605908585,3.94813553453629,276.88041819598,461.5,76.4705018505656
27.5627000156151,3.99754872271154,276.877737209934,462,76.4835982777232
20.9037165206058,3.98515409907918,276.874811117713,462.5,76.493530686398
10.3713622133996,3.96506884309298,276.872078658229,463,76.4984586430088
3.74013052001984,3.95235250662807,276.869785516661,463.5,76.5002357674156
-20.1420732360762,3.90596362358617,276.870872294546,464,76.4906652538306
9.13490218575976,3.96270924235152,276.868414089409,464.5,76.4950057059996
-24.3969819017413,3.89766644795189,276.870404836506,465,76.4834134709805
19.6823948947407,3.98307110529159,276.867744665433,465.5,76.4927655682308
-17.3781069901006,3.91131313066712,276.868227112673,466,76.4845083542349
-31.6624242178446,3.8834983324279,276.872191648378,466.5,76.4694639415987
5.22188033273558,3.95472024392392,276.870056902906,467,76.4719451199798
-39.5732030704051,3.86809351211875,276.876179475304,467.5,76.4531418978313
-4.60771245537475,3.93518761086782,276.875095761813,468,76.4509525415455
-2.73900315832229,3.93885285955145,276.8735226127,468.5,76.4496511031766
-30.706642009198,3.88459130811514,276.877235645857,469,76.4350608308122
-4.1698929994853,3.93572818411688,276.876032777604,469.5,76.4330795046035
41.127469169848,4.02334097009719,276.874466154366,470,76.4526212368668
-34.3697900947778,3.87794414311548,276.87888656694,470.5,76.4362904183279
-44.381730002168,3.85837999898194,276.88689025305,471,76.4152024228204
-54.6208588355051,3.83847184123221,276.898828467753,471.5,76.3892493014419
-19.1232729740159,3.90555828951595,276.900407962679,472,76.38016287118
-2.59875465857622,3.93762139237459,276.898936803728,472.5,76.378928071938
27.9509704700931,3.9970609463244,276.896171306196,473,76.3922089859465
-23.6499301846321,3.89725518486535,276.898035704016,473.5,76.3809717128284
-4.39850095937329,3.93445386532564,276.896780804867,474,76.3788817634626
-8.799735316716,3.92590069366747,276.896006380959,474.5,76.374700565956
-9.07361615173532,3.92533193329536,276.895303304739,475,76.3703892338688
-30.2825803285729,3.88413275345984,276.899028089853,475.5,76.3560004545695
-26.2667091848943,3.89151100980621,276.901951408549,476,76.3435198179368
-10.0720813804461,3.92270174593846,276.901579714524,476.5,76.338734064725
-13.7115867338518,3.9155702243526,276.901704136677,477,76.3322189991918
-12.3070034473688,3.91821519667554,276.901609079407,477.5,76.3263713219292
6.70889338538737,3.95526367727349,276.899189369297,478,76.3295590551149
-13.2443003617984,3.9165333253295,276.89910832357,478.5,76.3232660208751
-3.76777848789268,3.93492550828132,276.897722488616,479,76.3214757595261
7.84478514587457,3.95763149678743,276.895176227172,479.5,76.3252032121041
-17.4317313996772,3.90855629670365,276.895846670943,480,76.31692051845
-8.03921572052285,3.9266824803801,276.895069650507,480.5,76.3131006821122
24.0128865812788,3.98902534871121,276.89223124605,481,76.324510414097
-37.1473014855207,3.87079057873819,276.897651258204,481.5,76.3068598599883
-6.10486322015217,3.93041104291719,276.89675107102,482,76.3039591319601
15.8413758100932,3.97318278760901,276.893886092399,482.5,76.3114861675646
-6.21163421065406,3.93054078897525,276.892629546799,483,76.3085347072605
-8.93419267757525,3.92521976415963,276.89188092973,483.5,76.3042896222888
25.3528923357611,3.9918315076856,276.889115479805,484,76.316336058506
3.23816674612336,3.94936095739663,276.886779177072,484.5,76.317874674639
-24.4746096305713,3.8955688034376,276.888882742233,485,76.3062455547757
-41.1489499870039,3.86325783994332,276.89580360975,485.5,76.2866936158941
-1.76338349055543,3.93889431616565,276.894391815027,486,76.2858557435731
-23.9532741371917,3.89578575588235,276.896507284525,486.5,76.2744743364633
-9.40379118821406,3.92379504914816,276.895987183007,487,76.2700061215847
-45.3782859335497,3.8544032310401,276.90433542982,487.5,76.2484446121561
16.5069773539581,3.97367655489085,276.901730570985,488,76.2562879085815
5.2390577606722,3.95210200740981,276.899256714695,488.5,76.2587772488239
14.3569387527769,3.97001364660216,276.896361793019,489,76.2655989536088
-60.1718158055832,3.82701751320712,276.90998214748,489.5,76.2370082929626
4.4018583451006,3.9501243104139,276.90813663777,490,76.2390998375915
4.04901323015638,3.94960931290526,276.905800681169,490.5,76.2410237277328
25.0624294994606,3.99054001897285,276.90289769869,491,76.2529321504253
-14.8928788480083,3.91330970539822,276.902947100424,491.5,76.245855793505
-2.45546369732685,3.93738920666808,276.901365483189,492,76.2446890790165
35.8956123998082,4.01164738772731,276.899170081027,492.5,76.2617448925908
-13.444730989351,3.91664336429362,276.898887946358,493,76.2553566236638
29.8202224062464,4.00045814601843,276.896374336468,493.5,76.2695257134244
-21.007206701417,3.9023412385186,276.897517573835,494,76.2595441313518
-28.4139013240153,3.88776428982646,276.900676178621,494.5,76.246043255576
-29.0181553019214,3.8862231286888,276.904112189799,495,76.2322552682982
-21.1435182289699,3.90106609530745,276.905747975391,495.5,76.2222089177525
-35.9717274370106,3.87225931889333,276.911127761148,496,76.2051169380899
-23.8718893213988,3.89508736197761,276.913515226967,496.5,76.1937742010055
-47.4852979595603,3.84962110377813,276.922776163913,497,76.1712115440295
21.202202772515,3.98194926254178,276.920095963399,497.5,76.1812857785579
8.52501035685641,3.95776384752992,276.917334177888,498,76.1853364403977
-7.38274004837145,3.9269744486992,276.916253922397,498.5,76.1818285287195
26.2777487953688,3.99235558171752,276.913414144826,499,76.1943144108271
-42.3966840637949,3.85988844764997,276.920410258625,499.5,76.1741696106352
6.87030694584349,3.95467037184166,276.918160405494,500,76.1774340395343
