curr_dens,Volts_tot,Temp_tot,t_tot,SOC_tot
-26.7228989057535,3.86324991744832,272,0,69
-26.7228989057535,3.86283306549353,272.003886749058,0.5,68.9873026046519
4.36137699495682,3.92526040802341,272.003778771924,1,68.9893749145522
-4.9608368361643,3.90641792880388,272.004177627802,1.5,68.9870177710855
-14.982106026595,3.88606405360914,272.005914453466,2,68.979899017838
21.5943007965115,3.95994697967937,272.005683605405,2.5,68.9901595578882
-24.394650978544,3.86724603505738,272.008983176752,3,68.9785684304081
23.9895604205162,3.96474383456862,272.008932111677,3.5,68.989967078959
-3.63416398927082,3.90918202152927,272.009108612755,4,68.9882403045886
-8.18045374865319,3.89991068606583,272.009880552284,4.5,68.9843533589492
-13.7703256208769,3.88848232801063,272.011432878917,5,68.977810383612
0.964217579974829,3.918153362009,272.011415094167,5.5,68.9782685319535
-23.2990348392674,3.86912521058492,272.014605377293,6,68.9671979868892
-16.938609637245,3.88159245836649,272.016797792423,6.5,68.9591496002239
-2.22886372522195,3.91114856076915,272.017047468541,7,68.9580905547964
7.78525917890049,3.93146588025297,272.016597451207,7.5,68.9617897235891
-12.16061340569,3.89115676893288,272.017842818939,8,68.9560116036092
-15.3109789191901,3.88462967183917,272.019687299149,8.5,68.9487365862846
-24.6079254705635,3.86572063190806,272.023314165369,9,68.9370441213503
-21.6116876199666,3.8714011641687,272.02642846118,9.5,68.9267753199446
-4.07488428492379,3.90656959424551,272.026887838076,10,68.9248391371619
12.603525152108,3.94038207939855,272.026299577707,10.5,68.9308277068227
-10.2809674656817,3.89420402768841,272.02727323705,11,68.9259427013099
-16.9444717356217,3.88061563254461,272.029400003489,11.5,68.9178915292664
5.59815450444541,3.92607279630781,272.029083390169,12,68.92055149446
-7.19770829315018,3.90023601572885,272.029699093736,12.5,68.9171315006891
-9.67317644992173,3.89514794945695,272.0306963863,13,68.9125352873034
-9.14216711157311,3.89611566249891,272.03164291624,13.5,68.9081913832021
-26.7373872228752,3.86056994780393,272.035742198734,14,68.8954871037247
8.56834344671131,3.93158377933982,272.035352801102,14.5,68.8995583552983
-29.4397227011613,3.85499430185608,272.039990981664,15,68.885570060114
9.3715132301551,3.93299094007954,272.039582804032,15.5,68.8900229381087
-8.16408562104563,3.89761604209931,272.040294734764,16,68.8861437697913
0.92015669777029,3.9159599280219,272.040182856957,16.5,68.8865809825882
-12.3649083939012,3.88908967535577,272.04150838832,17,68.8807057917688
-36.10211484959,3.84138856999314,272.048028374963,17.5,68.8635518584786
-15.1187315623774,3.88288840876368,272.050099622235,18,68.856368187557
-36.6163490563097,3.83970495903853,272.056897574171,18.5,68.8389699156925
20.8230742425748,3.95501829742128,272.056462507036,19,68.8488640071589
28.2641457399363,3.97033078760114,272.056116537481,19.5,68.8622937265131
-29.2802414684028,3.85467376354494,272.060600623027,20,68.8483812088958
-16.1032406077563,3.88071628648378,272.062729160615,20.5,68.8407297481353
-3.98435665292999,3.90505566917974,272.063076029569,21,68.8388365795907
-24.5183042739405,3.86360060377236,272.066687888761,21.5,68.8271866982013
10.1561784618947,3.93341580155167,272.066132633817,22,68.8320124101726
-14.6693216270032,3.88332615804586,272.067763778447,22.5,68.8250422765489
19.2392583746582,3.951809243473,272.067111474356,23,68.834183817317
-31.3282098164563,3.85008601936972,272.072159873762,23.5,68.8192982067778
-0.595054326115453,3.91157653503574,272.072268842501,24,68.8190154664936
-6.17880970975208,3.90030309428295,272.072739459758,24.5,68.8160796027633
5.84475466656245,3.92464250696409,272.072216619322,25,68.8188567401156
12.9328536964184,3.93912884827712,272.071412873378,25.5,68.8250017903567
27.3611550530334,3.96840515095347,272.071028792306,26,68.8380024533504
-23.3235057025358,3.86648597274769,272.074093860739,26.5,68.8269202809464
5.25698202635478,3.92392589557352,272.07370910626,27,68.8294181379103
-22.1839034151726,3.86855737430196,272.076660680293,27.5,68.8188774479567
-28.4851415236349,3.8556444503043,272.081227925258,28,68.8053427223736
-10.9860706978512,3.8904492656227,272.082503909932,28.5,68.800122686798
5.20363143315483,3.92314826177943,272.082016657001,29,68.8025951942076
17.007315012035,3.9471523721951,272.08118336162,29.5,68.8106762262573
-39.1972639695742,3.83435383148769,272.088344613862,30,68.7920516317123
-4.30487678878489,3.90374773726586,272.088842950061,30.5,68.790006167906
-18.6501007427445,3.87474428520712,272.091212776739,31,68.7811445656057
9.30084281360011,3.93109049179923,272.090567687511,31.5,68.7855638645258
-15.6729917925666,3.88071623202389,272.092313000252,32,68.7781168366498
-49.0309400984159,3.81434199863571,272.102984562767,32.5,68.754819767237
30.5926898714657,3.97325518855727,272.103007302856,33,68.7693558952009
20.431035601531,3.95341262793405,272.102070380969,33.5,68.7790637093613
25.5288811055263,3.96399288185459,272.101429090219,34,68.7911937667078
8.83133197153634,3.93074536252251,272.100575351819,34.5,68.7953899773767
9.0505652459026,3.93133809179682,272.099780355441,35,68.7996903568175
-14.0758107786199,3.88467879902964,272.101152402656,35.5,68.7930022300939
-24.7449252699968,3.86303947697367,272.104687030211,36,68.7812446696541
-32.0633361730965,3.84810223118892,272.110105744558,36.5,68.7660097635533
-19.4063316396968,3.87297194964522,272.112775947361,37,68.7567888378613
7.13618034053595,3.92642526225394,272.112162626519,37.5,68.7601795966026
-43.2100748846403,3.82560742879397,272.120659410196,38,68.7396483134598
-33.4129824836812,3.84430461793423,272.1267577124,38.5,68.7237721224129
-24.7088471476675,3.86122703491955,272.130653815543,39,68.7120317045062
-48.5755521439165,3.81378597204352,272.1414658343,39.5,68.6889510128493
-11.3116435084127,3.88727576836785,272.143006906909,40,68.6835762812317
-5.96911452174491,3.89802914440716,272.143457020069,40.5,68.6807400542479
-23.4534559187524,3.86275243229806,272.146907635463,41,68.6695961359504
-9.93032725108315,3.88975663915398,272.147983676696,41.5,68.6648777372658
-5.86410356268108,3.89793890372858,272.148393116367,42,68.6620914062783
6.45337404005106,3.92290458292976,272.147639337193,42.5,68.6651577293522
4.23469664077538,3.91858826299119,272.146951135092,43,68.6671698470351
-0.85819892087761,3.90840457569843,272.146683907133,43.5,68.6667620734989
-11.4152256879077,3.88708717670752,272.147753894815,44,68.6613381247702
-5.8046888792634,3.89833682436336,272.148116992828,44.5,68.6585800246915
-25.9037779672794,3.85781541562898,272.152035330601,45,68.6462718349618
-40.6540810983364,3.82822329293481,272.160212259975,45.5,68.6269550332166
-32.8658994002247,3.84306900119681,272.166330678249,46,68.6113387889001
-17.4227268034012,3.87359685783045,272.168787840272,46.5,68.6030603737834
-11.0656581301379,3.88628343718322,272.169993487811,47,68.5978025222097
-18.9153165902881,3.8703767640111,272.172555578911,47.5,68.5888149025009
-36.4037135000879,3.83525238202881,272.179557222539,48,68.5715176644998
6.23544973435668,3.92065988587703,272.178987714716,48.5,68.5744804407589
-16.7923036921197,3.87424208090328,272.18102206497,49,68.5665015714178
31.9214308750558,3.97234409723122,272.180474261432,49.5,68.5816690511634
25.4233002731731,3.95993129851496,272.179363058797,50,68.5937489417382
16.8341610705059,3.94312045943873,272.1780963251,50.5,68.6017476996282
-28.4944366500157,3.85199632145113,272.18240446074,51,68.5882085574624
-20.6540049925009,3.86730885318706,272.185284433904,51.5,68.578394799313
-7.25410710064168,3.8941016410905,272.185835898812,52,68.5749480076278
30.063176348917,3.96928837807402,272.18514971635,52.5,68.5892325370446
7.35547299242921,3.92415599415567,272.18407536979,53,68.592727492771
-6.91208997667603,3.89544044716318,272.184348483919,53.5,68.5894432106493
0.25033540444425,3.9098800432781,272.183926069449,54,68.5895621576098
-14.9342241438086,3.87924067394165,272.185445377756,54.5,68.5824661554568
-4.75775433183435,3.89962765253322,272.185594828614,55,68.5802055067175
17.1586687639271,3.94390909472548,272.184442511306,55.5,68.5883584545586
-8.36490489496604,3.89262739094387,272.184849919092,56,68.5843838668885
-10.2586886195043,3.88872005697181,272.185662436416,56.5,68.5795094471778
-10.2882280822305,3.8885564664141,272.186499508443,57,68.5746209917803
8.89064368771342,3.92725019068444,272.185530478962,57.5,68.5788453844332
-10.3899477003383,3.88843671065034,272.186261662371,58,68.5739085969214
-13.1750708179078,3.88270719384046,272.18754189066,58.5,68.5676484571251
13.3419666115246,3.93616855962968,272.186459026507,59,68.5739878975198
-14.7524718932531,3.87963626835725,272.187854165941,59.5,68.5669782550161
17.0240389305927,3.94366015172857,272.18676335639,60,68.5750672334419
5.74754662142532,3.92119974997845,272.185809940428,60.5,68.5777981823555
6.20369033527173,3.92224227560425,272.184884453333,61,68.5807458681242
-6.93133202036346,3.89580020114966,272.185126863291,61.5,68.5774524431384
-9.02588861391864,3.89149727681338,272.18572217589,62,68.5731637888085
-31.5544064926436,3.84621736386723,272.190849497229,62.5,68.5581707008346
30.9185879747212,3.97141962620019,272.190447228665,63,68.5728616794033
17.7404121811407,3.94555156575468,272.189180816855,63.5,68.5812910428454
-6.45527106387411,3.89697232626563,272.189287650951,64,68.5782238184
22.7250025073404,3.95577476181608,272.188320930509,64.5,68.5890216117883
5.11134857526263,3.92064838753696,272.187386348798,65,68.5914502709638
-12.6209900316953,3.88490607942909,272.18838244593,65.5,68.585453402859
-54.4142137816898,3.80217718156533,272.200702670743,66,68.5595984689545
-16.9653785543322,3.87519966478896,272.202976540292,66.5,68.5515373630283
-28.6114214892516,3.85168323503704,272.207451603844,67,68.5379426354727
-17.0530180378246,3.87446028582899,272.209538639418,67.5,68.5298398876133
2.12725735218593,3.91301794694051,272.208968671613,68,68.5308506547349
-17.4030389337784,3.8736728759587,272.210887337066,68.5,68.5225815943167
-28.4288891267854,3.85139040811714,272.215364068068,69,68.509073597081
-4.90219853468458,3.89834636722568,272.215591938714,69.5,68.506744315625
7.26645916926771,3.92296216267261,272.214584343031,70,68.5101969764003
-6.42683671019843,3.89544436447202,272.214740237315,70.5,68.5071432625485
-41.9559860040733,3.82444832833997,272.222978900495,71,68.4872078602035
27.3630731187871,3.9629361905452,272.222239571376,71.5,68.5002094345669
-42.2737056429176,3.8237611272169,272.230379617183,72,68.4801230676172
-9.40938816031685,3.88873540767504,272.231313873007,72.5,68.4756521933354
7.27626445492533,3.92241663194351,272.230292225252,73,68.4791095130958
-25.6389069612899,3.85623178904987,272.23393117124,73.5,68.466927176923
-11.9241029371045,3.88347008903702,272.235100591111,74,68.4612614349802
23.3057370181316,3.95444474321917,272.233910034049,74.5,68.4723351645872
-45.9138497391262,3.81622340453504,272.243277929032,75,68.4505191818172
-14.123258013305,3.87873135804144,272.244998837866,75.5,68.4438085105225
-21.9021327401528,3.86296214600964,272.247985193573,76,68.4334017040099
7.94455642258638,3.92296808682396,272.246973739517,76.5,68.4371765629471
34.5005595667451,3.97635313672496,272.246339832232,77,68.4535695166493
17.8563528606726,3.94370932430834,272.244848462101,77.5,68.4620539693483
-35.037192536925,3.8377119773258,272.25071857255,78,68.4454060342909
-5.73950379488577,3.89592001196062,272.250999968239,78.5,68.4426789069294
0.549778146756788,3.90861211923883,272.25038110314,79,68.4429401342202
-29.2090384202005,3.84882843824734,272.254856397879,79.5,68.4290614487576
-12.4454487700452,3.88205461788679,272.256078910914,80,68.4231479891485
-25.0712310364305,3.85658175922516,272.259698218509,80.5,68.4112353844024
-0.423672576655902,3.90593131731549,272.259312558357,81,68.4110340762201
-35.7756245413215,3.83507864425874,272.265681484032,81.5,68.3940352749214
5.51630966490162,3.91755914023568,272.264882999152,82,68.3966563515091
-34.592468505662,3.83712554102007,272.270899657546,82.5,68.3802197272404
-35.6879423274855,3.83450300480076,272.277619113189,83,68.3632625881781
20.2686848270743,3.94657889943143,272.276361036313,83.5,68.3728932613077
-7.32641022471439,3.89129354558232,272.276499384019,84,68.3694121147661
-4.88763746329543,3.89619473137904,272.276455807178,84.5,68.3670897520087
-9.70292689283301,3.88647448310571,272.277060709957,85,68.3624794026889
5.51797734275332,3.91717298549877,272.276025428903,85.5,68.3651012716744
-11.1032407606084,3.883745725015,272.276770186876,86,68.3598255626998
14.7057218007917,3.93576511880225,272.275359767469,86.5,68.3668129918797
-15.9066403594015,3.87426883295318,272.276852788439,87,68.3592549458003
-43.1521142616354,3.81994583763218,272.285599266727,87.5,68.338751202669
24.1954769807184,3.95434430396583,272.284478098158,88,68.35024769255
-8.07412304019198,3.88976080656716,272.284656058099,88.5,68.3464112699863
24.3998997501503,3.95513051898104,272.283314870544,89,68.3580048914221
-16.8404483703428,3.87247717254277,272.284889872753,89.5,68.3500031461193
1.3269667451619,3.90893076438701,272.284191625275,90,68.3506336548615
-58.0035451292513,3.79144297050902,272.298181941468,90.5,68.3230732488331
1.55697569543363,3.90867167088735,272.297833193107,91,68.3238130464135
19.9573332470579,3.94584944422461,272.296266581303,91.5,68.3332957807241
-23.0658263087762,3.85955080766096,272.299146099882,92,68.3223360447798
-15.2946556465747,3.87486179128954,272.300742283939,92.5,68.3150687834642
-17.6017596112978,3.87006698010736,272.302731827191,93,68.3067053008422
-42.1982848678695,3.8210109605231,272.311235353541,93.5,68.286654770102
-31.1575146033914,3.84221449493712,272.316746010377,94,68.2718502654567
-21.0240040719357,3.86207840678718,272.319693308843,94.5,68.2618607021072
-32.4800376352775,3.83900005742213,272.325447651186,95,68.2464278001518
20.0593873792942,3.94434269598485,272.323990247719,95.5,68.2559590255213
-33.3872128271618,3.83725865501224,272.329658551507,96,68.2400950789363
6.45031825749669,3.91695116755201,272.328626696774,96.5,68.2431599500539
-40.8483431357802,3.82234207352708,272.336651739598,97,68.2237508446294
-39.3282197636516,3.82478049574715,272.344682679526,97.5,68.2050640263902
-20.5291790746265,3.86169610905704,272.347669856378,98,68.1953095793221
-24.8271323413925,3.85289603550763,272.35149683286,98.5,68.1835129581617
-14.3501325629388,3.87370564861807,272.35309475228,99,68.1766944873404
-6.38074716392114,3.88971922337405,272.353271332403,99.5,68.1736626729537
-8.89909880616913,3.88465924537105,272.353753256973,100,68.1694342628481
-21.9870615556063,3.85828010464568,272.35677386618,100.5,68.1589871023772
25.1153419454223,3.95297351764829,272.355199127159,101,68.1709206664381
-12.4683000306999,3.87772920223863,272.356036957825,101.5,68.164996349044
-14.7834104693204,3.87297237814198,272.35750592081,102,68.1579720060644
5.26625556280705,3.91334900977773,272.356339457274,102.5,68.1604742693526
-16.2749680046796,3.87003520379671,272.357959413885,103,68.1527412122557
-15.6728971898909,3.87109648879369,272.35961828511,103.5,68.1452942293302
-5.33923409378299,3.8918123566856,272.359580896411,104,68.1427572902659
26.3548743485093,3.9556074751537,272.357951663203,104.5,68.1552798186088
0.449666184790491,3.90401639320588,272.356961903042,105,68.1554934776637
-0.895793614935712,3.90137950632193,272.356228082379,105.5,68.1550678409946
1.3167055105316,3.90590779035373,272.355277342305,106,68.1556934741073
-10.0350705756994,3.88308432704879,272.355739933894,106.5,68.1509253065932
-8.3380491375397,3.88642840655004,272.356020897575,107,68.1469634794462
-18.9477787579674,3.86502162006459,272.358182307055,107.5,68.1379604353263
-33.1765055634853,3.83642594601899,272.36396257487,108,68.122196606376
-15.1966802679847,3.87193372196965,272.365643903839,108.5,68.114975898098
-10.4574694244275,3.88135403552304,272.366340713676,109,68.1100070276138
25.5401824366612,3.95375028449079,272.364690939587,109.5,68.122142454792
-33.3135451650356,3.83604262183798,272.37019507675,110,68.1063135114241
-30.3607987005931,3.8414556208702,272.375350753269,110.5,68.0918875666362
-35.3259623729124,3.83123728421906,272.381975436908,111,68.0751024224839
10.8500921233496,3.92357960247613,272.380562006462,111.5,68.0802578477893
-6.00670536109655,3.88982033774662,272.380395427671,112,68.0774037595043
-13.2689730662853,3.87517736700549,272.38147981661,112.5,68.0710990020197
-17.1354185081074,3.86729176091973,272.383359992217,113,68.0629571015462
6.03675285687738,3.91388757048662,272.382078105118,113.5,68.06582546691
-23.8104704615829,3.85394170628702,272.385272279677,114,68.0545119130197
-48.0104979435554,3.8059152876255,272.396064692635,114.5,68.0316997070761
-33.1655066484222,3.83438305852245,272.402343895064,115,68.0159411042643
11.2580666144857,3.92335945547497,272.400845507871,115.5,68.0212903788008
-32.3057406033827,3.83602162040234,272.406338352814,116,68.0059402941449
3.65076326834142,3.90793182031864,272.405350298014,116.5,68.0076749556689
0.252380510431863,3.90123836982132,272.404423462075,117,68.0077948743622
-17.3823266351136,3.8657725760861,272.406265302302,117.5,67.9995356554005
7.6492887999809,3.91612350933061,272.404819756528,118,68.003170217817
4.32947625494109,3.90963971866107,272.40346039883,118.5,68.0052273700689
-38.6337235789379,3.82370272364674,272.410771460047,119,67.98687054195
9.74966220671521,3.92024194031487,272.409360883317,119.5,67.9915030975715
-43.3830866619095,3.81415000712443,272.418248714234,120,67.9708896078184
-13.0556982480282,3.87391030409796,272.419623820287,120.5,67.9646861879429
12.6641980945498,3.92572829754336,272.417840810797,121,67.9707035863749
34.462342775514,3.96946814276431,272.416369605598,121.5,67.9870783813546
0.816667287782712,3.90273411163274,272.415173747624,122,67.9874664211199
-9.33608955724549,3.88233579636234,272.415425397924,122.5,67.9830303746965
5.83466947738147,3.91286717513276,272.414000787125,123,67.9858027200675
-19.279638729282,3.86243950995258,272.416047585342,123.5,67.9766419925589
5.86572858439721,3.91287415680489,272.414689684001,124,67.9794290956761
-19.8055840447993,3.86133579203893,272.416851461049,124.5,67.9700184650554
-16.8187962251141,3.86710078272408,272.418595740502,125,67.9620270077774
-21.2344812090538,3.8580722763514,272.421272396606,125.5,67.951937436138
-23.1026771049978,3.85409722408559,272.424442611349,126,67.9409601905241
8.0725215248704,3.91662079376836,272.422952551649,126.5,67.9447958521272
-24.4270609512059,3.85142068093641,272.426213228939,127,67.9331893250366
-0.444186261209571,3.89938327762656,272.425474875301,127.5,67.9329782697695
17.3002361340316,3.93518253089429,272.423472677598,128,67.9411984833992
7.06823641629564,3.91495466497482,272.421793512887,128.5,67.9445569585597
16.1448455862608,3.93336634376007,272.419799632003,129,67.9522281879411
-12.8783784063001,3.87523690156776,272.420505965387,129.5,67.9461090216544
-22.0053802588627,3.85679290419928,272.423229010205,130,67.9356531570449
-49.9611665301384,3.80147304614583,272.434507838911,130.5,67.9119140901972
17.7785335597685,3.93589136241521,272.432861717322,131,67.9203615670265
18.9933617643705,3.93867044654989,272.430744808075,131.5,67.9293862699288
12.767382979757,3.92653835618872,272.428755798965,132,67.9354526966973
-10.7032336653106,3.87952442918049,272.429084039122,132.5,67.9303670512428
24.5143798789913,3.95017091048105,272.427246665314,133,67.9420150679545
-54.2492613918908,3.79394908661611,272.439596827902,133.5,67.9162385112394
-42.0810842512178,3.81667153155533,272.448365432345,134,67.8962436684156
-8.38230110106678,3.88320382099295,272.448788389321,134.5,67.8922608149317
18.8462514710703,3.93796226894555,272.446751597329,135,67.9012156183234
-30.3448199799487,3.83958523034649,272.451349978663,135.5,67.8867972658306
-24.528855946695,3.85076468110027,272.454847687514,136,67.87514237081
29.4201652033305,3.95872545439234,272.453152384857,136.5,67.889121373242
-21.5897776090336,3.85690772061696,272.455512984223,137,67.8788629823861
-0.873920349634397,3.89830663629906,272.454695432077,137.5,67.8784477388071
-0.792396790441971,3.89853706183539,272.453721981313,138,67.8780712311776
-9.31557941979737,3.88142759516901,272.453888168317,138.5,67.8736449301536
-2.36029669850703,3.89537443774657,272.453148626102,139,67.8725234343
25.7366173746222,3.95177075948248,272.451197210448,139.5,67.884752197612
0.288178053967814,3.90119750278327,272.449965422989,140,67.8848891255214
-38.3964220737982,3.82398269738698,272.456889880498,140.5,67.8666450513009
-10.1208278670564,3.87977525397085,272.457470783757,141,67.8618361361779
-21.3887701880464,3.8570886040847,272.46000587495,141.5,67.8516732540728
-4.42051724309224,3.89093991044115,272.459613239763,142,67.8495728436615
-14.3621491498162,3.87094744659045,272.460676416932,142.5,67.8427486631545
-2.39195774361891,3.89491060708044,272.459972119355,143,67.8416121235435
-24.8567431290631,3.84984596298159,272.46328048922,143.5,67.8298014328064
37.9843150666129,3.97526360286157,272.462216364185,144,67.8478496942293
-21.1507652058841,3.85762444819133,272.464391432834,144.5,67.8377999002798
19.9972020942497,3.94002826754853,272.462419188148,145,67.847301578288
31.6963087721319,3.96361201965702,272.460692575053,145.5,67.8623620911827
-5.30697626461305,3.89007207731831,272.460045023491,146,67.859840479438
22.62159059104,3.94607554130086,272.458072576631,146.5,67.8705891366158
-32.3440894318571,3.8363830821805,272.462936178358,147,67.8552208304999
-28.5510953884751,3.84342760999266,272.467234162796,147.5,67.8416547669134
8.31849286198956,3.9170108323248,272.465637368083,148,67.8456073018888
-46.9592665832819,3.80712009200838,272.475340272688,148.5,67.8232945889168
-48.318792139598,3.80379593380913,272.48616945349,149,67.8003358968713
-40.7927723787635,3.81775498685722,272.4945412887,149.5,67.7809531959126
-3.32261792485868,3.89198765913991,272.494163355528,150,67.7793744527706
5.18395127210735,3.90918828002583,272.492558286996,150.5,67.7818376091445
-5.56999940080491,3.88769930750136,272.49208397212,151,67.7791910218588
-10.2649033403131,3.87825301251528,272.492389609845,151.5,67.7743136492211
-17.144087827657,3.86436575030466,272.494004998175,152,67.7661676295172
-8.50897479049036,3.88155337139795,272.494122673575,152.5,67.7621245869827
-20.8050357227858,3.8568275103743,272.496526006401,153,67.7522390665256
-4.30121427604227,3.88977512722503,272.49606579299,153.5,67.7501953429636
-30.4303106710627,3.83745806126518,272.500869578224,154,67.7357363695371
10.6828943122953,3.91961649792088,272.499077752916,154.5,67.7408123507405
20.982770139005,3.94048644239045,272.496774256757,155,67.7507823217715
-38.1498100975091,3.82255540724993,272.503601777995,155.5,67.7326554253231
-9.98720491398799,3.87815654884896,272.504124828581,156,67.727910001196
4.04001377067973,3.90635254690282,272.502628000329,156.5,67.7298296152408
25.0954843818941,3.94865453522922,272.500425225095,157,67.741753743973
-29.7012693247457,3.83929848766962,272.50471520374,157.5,67.7276411748132
-32.047463442071,3.83425492256085,272.510093130962,158,67.7124138106465
-13.0675096109454,3.87173736317179,272.511096932873,158.5,67.7062047785976
-55.2401046185062,3.78855010033356,272.524492191162,159,67.679957422355
-18.1921362496873,3.86059692203737,272.526842358834,159.5,67.6713134220539
-17.4961369053455,3.86184122395803,272.528684120956,160,67.6630001260999
19.0769160919854,3.9352493982938,272.526438272392,160.5,67.672064529872
-21.3321329229341,3.85442824525828,272.528803558375,161,67.6619285589844
-18.3743381031842,3.86012382912225,272.530796551469,161.5,67.6531979854048
-3.71195722235173,3.88944941770317,272.530202842007,162,67.6514342475509
-10.5918426866166,3.87564307949635,272.530551544944,162.5,67.6464015295613
-7.67675924490021,3.88145605805579,272.530466475164,163,67.6427539145526
-16.1733051001042,3.86435435552645,272.531886731702,163.5,67.6350691626226
-50.6014722695343,3.79623668699795,272.543598473311,164,67.6110258542649
20.2173988343887,3.93672359643553,272.541585572421,164.5,67.6206321588359
-35.0349731380034,3.82639745473086,272.547662214477,165,67.6039852783267
-25.936293265228,3.84400540206366,272.551636821242,165.5,67.5916616389411
-15.5241651676156,3.86457937180655,272.553139145484,166,67.5842853260913
2.49388319022359,3.9007735919227,272.551768675627,166.5,67.5854702956161
-10.3307530237366,3.87508277049756,272.552038527486,167,67.5805616344769
-24.2491744973002,3.8471123818541,272.555348161765,167.5,67.5690396302009
-28.3732942791694,3.83862915346136,272.559893856102,168,67.5555580488777
-18.4756152577661,3.85809497009958,272.562061454533,168.5,67.5467793534205
-21.956975823321,3.85096399462329,272.564957032015,169,67.5363464881965
-2.68551644386865,3.88953754048956,272.564257634966,169.5,67.53507046406
17.4459236973467,3.93011106737988,272.561818644992,170,67.5433599011895
-31.7625881541538,3.83172976654104,272.566962394608,170.5,67.5282678956218
-6.49775660236101,3.8819465223275,272.566863056234,171,67.5251804841569
32.1148022215148,3.95926091109874,272.564701305106,171.5,67.5404398443697
-52.8095967726329,3.79091614019472,272.57691214924,172,67.5153473448335
2.53127989743457,3.90005046852608,272.575817969898,172.5,67.5165500834177
-4.28878677981449,3.88646107861242,272.57508317013,173,67.5145122647851
-32.7046711332699,3.82961256705538,272.580610857761,173.5,67.4989726281396
24.7026012058471,3.94427466064073,272.578326104745,174,67.5107100782847
-27.8730687623814,3.83931577952444,272.582267859285,174.5,67.4974661793016
6.90512862898086,3.90882008425302,272.580498587791,175,67.5007471537364
9.43807606005091,3.9141116252279,272.578301444295,175.5,67.5052316590845
-35.6351807328128,3.82409211728357,272.584512322539,176,67.4882995897135
7.1735439618864,3.90935137691713,272.582781687664,176.5,67.4917081017934
-10.7673368981309,3.87344753722124,272.582991515247,177,67.486591997664
-34.7148511838105,3.82559229779194,272.58910280814,177.5,67.4700972232203
-31.7732644614241,3.8309554361384,272.5946326771,178,67.4550001448012
-13.9933003922012,3.86609128761418,272.595814041093,178.5,67.4483512229184
-56.6675871134609,3.78198474252713,272.610173207956,179,67.4214255978378
-41.0183490891317,3.81145599418041,272.619144592453,179.5,67.4019357140214
62.5175651733884,4.01586279689988,272.620898436319,180,67.4316409583517
-19.4532911055606,3.85494937816938,272.622633373961,180.5,67.4223977198519
-13.9804798461108,3.86573271461321,272.623608695701,181,67.4157548896564
-19.7920508049944,3.85397157643916,272.625795986717,181.5,67.4063506893596
-32.4345870849158,3.82859267043739,272.631402056715,182,67.3909393832501
-10.9533232170106,3.87115958967896,272.631979885157,182.5,67.3857349076521
41.7222906883883,3.97615394969292,272.630343533104,183,67.4055592695811
-4.27066716985559,3.88533819388868,272.629290578031,183.5,67.403530060488
11.2726757519728,3.91661452050987,272.62691936954,184,67.4088862765616
-20.9244026356624,3.85219379787539,272.62906328984,184.5,67.3989440388716
-32.7090299626036,3.82852068228585,272.634593347177,185,67.3834023311267
-5.961322102512,3.8815955825272,272.634250108363,185.5,67.3805698067139
-42.6242987661368,3.80864215199949,272.642949475777,186,67.3603168553114
-48.2096239793744,3.7971919815107,272.654176394214,186.5,67.3374100345579
-20.8915624610036,3.85045300326296,272.65704545383,187,67.327483400889
-1.67513721920436,3.88894128059634,272.656029281406,187.5,67.3266874588166
1.6805204452018,3.89581542266122,272.654429479571,188,67.3274859587308
-1.23951022718885,3.89008349540737,272.653148713198,188.5,67.3268970049857
16.4964205706404,3.92580103841516,272.650464026497,189,67.3347352853516
-23.2923381177314,3.84625743417167,272.653198033967,189.5,67.3236679222371
-26.4508709396558,3.83969749353619,272.657065111299,190,67.3110997810781
-10.4915982958181,3.87137070963572,272.657422945552,190.5,67.3061146942481
5.85612892409617,3.90424152138844,272.655431216641,191,67.3088972360831
-29.4473816983151,3.8336219808015,272.659894942262,191.5,67.2949053017234
2.63858926758013,3.89763426318687,272.658370905019,192,67.2961590283947
-5.61375787517728,3.8811740626042,272.657668134883,192.5,67.2934916492536
-23.108114119958,3.84608775818744,272.660524255267,193,67.2825118202401
-20.2785180239887,3.85149480498558,272.662871022764,193.5,67.2728764748634
11.653242221365,3.91549439058503,272.66050892172,194,67.2784135172364
-14.2542970422378,3.86368278282357,272.661262609738,194.5,67.2716405826984
-19.0764593736256,3.853899350066,272.663228677494,195,67.2625763959362
-7.50592195703186,3.87695775579806,272.662985062953,195.5,67.2590099543283
-3.48008804001774,3.88506170652272,272.662032629795,196,67.2573563892026
-27.207808912894,3.83754591149642,272.665943514281,196.5,67.2444285886843
3.10626774253738,3.89807361793166,272.664335278531,197,67.2459045329568
25.1984103955071,3.94240354855569,272.661524756398,197.5,67.2578775670226
16.5993273520197,3.92574636787459,272.658691054904,198,67.265764743584
14.5081337616354,3.92188361207063,272.655977323276,198.5,67.2726582887336
-27.4505230480157,3.83809686968594,272.659632748631,199,67.2596151625038
-25.387825038628,3.84183579329813,272.663114657726,199.5,67.2475521279999
-37.1371892343971,3.81828214339666,272.670054103768,200,67.2299063787311
-14.079099654543,3.86366289448639,272.671141137878,200.5,67.223216689297
6.97981797033652,3.9059048759828,272.669032205432,201,67.2265331524
11.9507154112527,3.9160760782256,272.666442652454,201.5,67.2322115392698
24.3624848088322,3.94107251151602,272.663604197939,202,67.2437873829824
-8.96989438903041,3.87476714634573,272.663210508262,202.5,67.2395253343293
-37.1744101087825,3.81856178643093,272.669881477897,203,67.2218618995481
-20.8366752686365,3.85042863971497,272.672364002952,203.5,67.2119613455492
-50.6605358639017,3.7915697735554,272.684135270819,204,67.1878899731026
-43.355170943515,3.80499052030861,272.693645077506,204.5,67.1672897475135
-15.7833630630328,3.85909378711694,272.695225773243,205,67.1597902766873
-57.0107361034523,3.77795403628901,272.709904568333,205.5,67.1327016042365
-34.3877040669721,3.82111878510491,272.716710080633,206,67.1163622738671
-6.09691964138879,3.87737162031708,272.716431524043,206.5,67.1134653202332
4.35169834885762,3.89849279489242,272.714469462133,207,67.1155330313212
-1.25047090442247,3.88741875846581,272.713087304749,207.5,67.1149388696061
-25.8262839657385,3.83818642800512,272.716685727415,208,67.10266750118
-7.87664555203084,3.87392103979928,272.716546003629,208.5,67.0989249101182
27.1873075556828,3.94417400725775,272.713631533716,209,67.111842969409
12.6050676627451,3.91564420419203,272.710797037526,209.5,67.1178322719943
-10.1262183762748,3.87025561410294,272.710663701402,210,67.1130207955688
1.43978528635909,3.89345867005973,272.70897836855,210.5,67.1137049100828
-12.08974708436,3.86637669825785,272.709269745097,211,67.1079604622619
-10.0262399257435,3.87043439961691,272.709285046487,211.5,67.1031964906343
19.4179405404385,3.92944120234037,272.706419502179,212,67.1124229322999
2.00404075286671,3.89495436662227,272.704485349639,212.5,67.1133751530085
-7.94892595010806,3.87506330037096,272.704002865081,213,67.1095982178887
-47.7550935712217,3.79620668047293,272.714447356369,213.5,67.0869073674275
-17.1186177959666,3.85597901759468,272.716221232368,214,67.0787734498186
-15.0984931750624,3.859878829531,272.717282838995,214.5,67.0715993951743
-20.8755856331097,3.84819224259164,272.719627535625,215,67.0616803529012
-13.4047840542023,3.86295355533059,272.720392421493,215.5,67.0553110647752
-25.902339350267,3.83786575981624,272.724026400818,216,67.0430035586049
-33.5751330181658,3.8223550455114,272.730036106966,216.5,67.0270503216712
-15.4121213232592,3.8581636782843,272.731398261709,217,67.0197272464957
20.3971660433572,3.92994919390619,272.728467677287,217.5,67.0294189675229
8.69072172934569,3.90696277294954,272.725876245465,218,67.033548367183
-13.7358327664511,3.86212614000958,272.72643940924,218.5,67.0270217811384
-22.7946386578398,3.84388280047866,272.72921478981,219,67.0161909001072
-48.7758802223238,3.79251105038959,272.74045323156,219.5,66.9930150224893
16.359175755735,3.9215954442471,272.737913968849,220,67.0007880909304
-0.666370262132079,3.88780722675909,272.736295008633,220.5,67.0004714648527
25.1410309972947,3.93950353528459,272.733259159495,221,67.0124172350761
7.65719472991501,3.90509563605966,272.730705395947,221.5,67.0160555539982
2.61464258221503,3.89517040859011,272.728708264817,222,67.0172979023931
-36.5902189162079,3.8170359159704,272.735155251201,222.5,66.9999120462742
5.5782809991863,3.90077417875135,272.733198688199,223,67.0025625685645
-36.0864146095822,3.81772111049994,272.739530176688,223.5,66.9854160952492
-19.7312503577455,3.84969466115801,272.741744822528,224,66.9760407843075
-40.4314978037847,3.80850564881423,272.749856181297,224.5,66.9568297430974
-18.4535639773883,3.85154080279879,272.751902739202,225,66.9480615253143
10.7813435227919,3.91012412535089,272.749349139227,225.5,66.9531842846966
8.1557489040778,3.90513541788135,272.746792347849,226,66.9570594918199
4.88744353817438,3.89879969364721,272.744540009079,226.5,66.9593817624338
-0.349695247041808,3.88844693033478,272.742888606818,227,66.9592156046072
19.5582043833558,3.92837385251346,272.739861033282,227.5,66.9685086926898
-32.7703861520903,3.82414951745834,272.745000156297,228,66.9529378315287
-14.7005744941833,3.85967983727736,272.746014678777,228.5,66.9459528480935
3.62506193271259,3.89635254949521,272.744037458383,229,66.9476752976183
-14.5713308524001,3.85996643736066,272.74473018702,229.5,66.9407517243475
3.70490718036084,3.89653163630151,272.742742078547,230,66.9425121123714
-31.360399258688,3.82654767144061,272.747613499491,230.5,66.9276112070068
30.046627446353,3.9487476270537,272.744901219439,231,66.9418878732065
29.1415522136781,3.94747816769447,272.741852864481,231.5,66.9557344925729
-0.864591217105464,3.88816761021151,272.74010399813,232,66.9553236817347
-17.6271743962935,3.85461839030337,272.741357892595,232.5,66.9469481232682
-20.5133405030696,3.84864915181771,272.743419066445,233,66.9372012019033
0.574692232736496,3.89066707193243,272.74180553553,233.5,66.9374742671312
23.7976010541418,3.93711008007993,272.738782187182,234,66.9487817061178
-17.0434377569634,3.85587032992844,272.739768125766,234.5,66.9406835103324
-12.7140305785431,3.86433057852825,272.740157737708,235,66.9346424339772
-6.0670183022509,3.8775347219592,272.739381745165,235.5,66.9317596879757
2.10226373685886,3.89390839252486,272.737484165396,236,66.9327585793717
-20.3322887058241,3.84906873443373,272.739351328818,236.5,66.9230976848355
-17.3607940255327,3.85475884443378,272.740748329623,237,66.9148486971012
-21.6274538389123,3.84605637511039,272.743123178913,237.5,66.9045724043706
8.03504694051092,3.90525607589458,272.740789320847,238,66.908390259911
-21.0363955500152,3.84720541224422,272.742831116961,238.5,66.8983948087461
8.77768846109442,3.90671414903663,272.740434640847,239,66.9025655306811
6.94829814371817,3.90326094064442,272.737982570565,239.5,66.9058670171268
-37.5447497161262,3.81472537625248,272.744622146841,240,66.8880276153436
-31.1357662493525,3.82680944775649,272.749755676691,240.5,66.8732334444369
-21.6177321622804,3.84531500649282,272.752328291694,241,66.8629617709645
13.2750666045764,3.91502734143688,272.749630596644,241.5,66.8692694237961
-24.7017680478321,3.83926188821846,272.752596316913,242,66.8575323695264
-46.4971498790288,3.79613144374047,272.762831477244,242.5,66.8354392314781
5.52892581982089,3.89895088203996,272.760937999178,243,66.8380663026365
-25.0962912030097,3.83776857847213,272.764130795935,243.5,66.826141790543
16.2305554519149,3.92028774861329,272.761294898269,244,66.833853744999
64.9117790862071,4.0149427283079,272.762740444338,244.5,66.8646966009598
-12.4007005941048,3.86432494076569,272.762645721673,245,66.8588044034632
-23.3670562243226,3.84229556949329,272.765284850784,245.5,66.8477015380125
-40.5632876547889,3.80808934350858,272.773176245598,246,66.8284278768057
-12.1399498161162,3.86388153951108,272.773707326851,246.5,66.8226595751381
-18.3462330803461,3.85137444898628,272.775287009072,247,66.8139423556706
-18.8418259498276,3.85020079254696,272.777045316588,247.5,66.8049896550669
-3.2508393462307,3.88127386747189,272.77589608335,248,66.8034450175432
-0.426581356704935,3.8869982097495,272.774237635837,248.5,66.803242327253
-47.6988816203594,3.79334264650917,272.784672388721,249,66.7805781859212
2.16545950815764,3.89167120178234,272.783095732565,249.5,66.7816071048114
-13.4343437861823,3.8604989658415,272.783555104292,250,66.7752237713678
-1.67965090655875,3.8839978413725,272.782137766246,250.5,66.7744256846152
-20.6108273375291,3.84612554831642,272.784193324108,251,66.7646324423446
-16.3670192172984,3.85439314499052,272.785448030167,251.5,66.7568556470798
-0.864650574799221,3.88536577441812,272.783950522376,252,66.7564448080378
-8.51527571810249,3.87009371651242,272.78350454947,252.5,66.7523987716151
-4.97031429069209,3.87718549945622,272.782527392502,253,66.7500371249324
4.99039954313974,3.89720703247537,272.780257438358,253.5,66.7524083151303
-16.7513315017221,3.85376067560986,272.781361594827,254,66.7444489137407
1.81763875070584,3.89084980176666,272.779521386489,254.5,66.7453125654687
33.6324316514351,3.95418676881614,272.776638582764,255,66.7612930278692
-19.1099585093507,3.84962459351151,272.778041114021,255.5,66.7522129239803
-45.7824498338714,3.79685266130925,272.787808866012,256,66.7304593759241
-12.5071073292446,3.86198129896446,272.788483141538,256.5,66.7245166192277
-17.6211368221962,3.85165623507117,272.789930876338,257,66.7161439295167
-9.52571256584922,3.86771114374802,272.789786364108,257.5,66.7116177836503
13.925142397492,3.91468957053224,272.786859071231,258,66.7182343202365
-28.146232423778,3.83081458640643,272.79073026654,258.5,66.7048606274383
-22.6242067083494,3.8414377097746,272.793501994916,259,66.6941107272112
-56.9143224134522,3.77420580771513,272.808059284753,259.5,66.6670678657611
-0.191529248508283,3.88540339119052,272.806884175407,260,66.6669768605675
1.58690066036863,3.88910491371187,272.804940992461,260.5,66.6677308770061
-18.5645240106307,3.84880400568309,272.806536092414,261,66.658909936522
23.2627523982692,3.93236567954804,272.803368488724,261.5,66.6699632419709
-13.3511206853203,3.85955005410159,272.803652572899,262,66.6636194520146
-22.1810246658695,3.84178486313635,272.806174525528,262.5,66.6530801298998
-3.65476755442016,3.87866609712498,272.805084671641,263,66.6513435657378
-28.0259948684287,3.82997100388423,272.809116845801,263.5,66.6380270038586
11.9946536054658,3.90978500500694,272.806401886526,264,66.6437262679778
1.58381111047728,3.88920764035952,272.804353472319,264.5,66.6444788164156
-14.6015745225589,3.85684877031082,272.80501135762,265,66.6375408728537
-11.13990916438,3.86365774318999,272.805112004017,265.5,66.6322477408735
-48.76534978981,3.78926441521399,272.81617777982,266,66.6090768667946
-11.0870863657884,3.86304472989034,272.816661912203,266.5,66.6038088335867
14.1370156073728,3.91360286715689,272.813663948279,267,66.6105260418074
-18.9796904718431,3.8475307167639,272.815243794824,267.5,66.6015078348248
20.3543255516078,3.92611155134503,272.812087592778,268,66.6111792001765
-14.867417632582,3.85599594676243,272.812679022038,268.5,66.6041149411621
-13.0525716574881,3.85949387876282,272.813140324102,269,66.5979130068873
1.10523231674491,3.8878070664503,272.811301369286,269.5,66.5984381584334
-20.5051317070091,3.84460392832355,272.813288739916,270,66.588695137481
24.2035803390514,3.9337944705616,272.810126342374,270.5,66.6001954776757
-17.2010736154321,3.85146284471018,272.811172938871,271,66.5920223811535
-60.5811139689598,3.76658635732248,272.827154609382,271.5,66.5632372423329
-42.1363832163631,3.801067451421,272.836407561197,272,66.5432161241853
-32.6508989748051,3.81913134915492,272.842355843445,272.5,66.5277020374009
0.356149175960548,3.88479847622492,272.840811373748,273,66.5278712618143
-27.6317515513304,3.82886230453049,272.844841389189,273.5,66.5147420247937
30.3500034647631,3.94441722822131,272.841687757224,274,66.5291628402213
-38.3181804189578,3.8081126303074,272.848757646734,274.5,66.5109559425521
-23.8150109974922,3.83629229575815,272.852040745767,275,66.4996402312245
-34.6362922502665,3.81458196155554,272.858420955814,275.5,66.4831827840873
34.8657173919222,3.95276936189903,272.855456613466,276,66.4997492426659
-21.1440717707633,3.84168154561022,272.857459563621,276.5,66.4897026291046
16.6821614237672,3.91728216680409,272.854307986723,277,66.497629164306
7.99052040620242,3.90026841404263,272.851471348651,277.5,66.5014258630471
-38.555274612823,3.80764094386155,272.858638021598,278,66.4831063099836
-7.62607047477342,3.86865799472858,272.858281923236,278.5,66.4794827797629
-3.0477795982109,3.87785350282588,272.856906583241,279,66.4780346261539
-7.72591185622888,3.86852248974736,272.856249477214,279.5,66.4743636562637
21.9493939031793,3.92786856371597,272.852862200884,280,66.4847929189355
-49.3015823784129,3.78679351469604,272.863841721337,280.5,66.4613672537427
-34.0622590099625,3.81577050128949,272.870161040542,281,66.445182558713
-31.1476320090969,3.82109633174303,272.875490312511,281.5,66.4303827497861
0.13685543736465,3.8833407959013,272.873879364415,282,66.4304477766981
-1.77219052861845,3.87963883020436,272.872262277402,282.5,66.4296057197097
-36.3864448537205,3.81065950436662,272.878927886027,283,66.4123166869124
-5.62085768922564,3.87156340093794,272.878232970021,283.5,66.409645934292
-19.0877015900143,3.84458892334656,272.88001123542,284,66.4005764057865
-23.1808606474809,3.83624164078722,272.882949590649,284.5,66.3895620112335
16.5061624267833,3.91558747407785,272.879752881151,285,66.397404920446
-25.6239539537006,3.83155422464492,272.883029805253,285.5,66.3852296892003
-40.5046203387119,3.80188378355068,272.891384582215,286,66.3659839037906
0.632455257416501,3.88341397684641,272.889790660029,286.5,66.3662844151412
7.5028264070064,3.89735239911165,272.887035814045,287,66.3698493858974
-17.204471484698,3.84798360177062,272.888244635365,287.5,66.3616746748764
-18.9461887519335,3.84434874262049,272.890064470323,288,66.3526723862485
-12.1771578628293,3.85774736208709,272.890409361652,288.5,66.3468864051637
28.2937322332352,3.93856776580423,272.886933349591,289,66.3603301825512
22.8627007355429,3.9283517162804,272.883252278512,289.5,66.3711934033039
-33.6456139464453,3.81599015057526,272.888693649212,290,66.355206677331
-17.5632417344936,3.84748958738571,272.890250243825,290.5,66.3468614964925
-11.8648034180136,3.85874056840367,272.890452632064,291,66.3412239307383
3.07418920009903,3.88866132734978,272.888230695122,291.5,66.3426846328794
-41.2246766858012,3.80059472248894,272.896445443426,292,66.3230967124287
-46.3825581804287,3.78997882175339,272.907124133057,292.5,66.3010580226686
-38.7807137021175,3.80415054493453,272.915215231044,293,66.282631352138
-28.2439608942503,3.8244759042787,272.919887747459,293.5,66.2692112236207
9.01044375529376,3.89893079623301,272.917185720339,294,66.2734925393202
-38.8460114877497,3.80356712337647,272.924789564007,294.5,66.2550348425226
-15.7419226181026,3.84900630608037,272.926164380519,295,66.2475550621392
-20.5614678293568,3.83925723688092,272.928485028556,295.5,66.2377852730573
-20.780256866213,3.83864982525346,272.930913583469,296,66.2279115262832
-22.0503678756596,3.83593696891487,272.933687874418,296.5,66.2174342857908
23.576657856433,3.92722163087028,272.930118138343,297,66.2286367435349
2.95264226692514,3.88650820333832,272.927654397651,297.5,66.2300396926055
-20.4628267998915,3.83965963150236,272.929680400641,298,66.2203167728454
-33.7256556657966,3.81309069572089,272.935754231165,298.5,66.2042920150198
-22.8687199119101,3.83424910166472,272.938816324197,299,66.1934259342532
0.879659911301882,3.88174115176279,272.936955256163,299.5,66.193843904987
-6.34355121669447,3.86736723002864,272.936018880188,300,66.1908297642685
8.38516727348071,3.89700042727112,272.933131755547,300.5,66.1948139796153
-16.4822634503288,3.84730800687866,272.934157051924,301,66.1869824260103
-23.9423813785441,3.83225551945056,272.937258389547,301.5,66.1756061945988
-0.850680901246735,3.87833915336701,272.935623722064,302,66.1752019932524
-12.782772059164,3.8544737115704,272.935914807827,302.5,66.1691282543571
17.722036799229,3.91557361170963,272.932432653883,303,66.1775488867296
-8.09105013329308,3.8642280185035,272.931638703373,303.5,66.1737044212513
-6.24275743301939,3.86792528217884,272.930683739428,304,66.1707381727365
-29.2486316481503,3.82194721547343,272.935133395804,304.5,66.156840674537
10.8000192601152,3.90180431269626,272.932215745157,305,66.1619723077029
20.0711747646251,3.92054271428891,272.928513213193,305.5,66.1715091338528
13.738442680372,3.90832774971694,272.925057890297,306,66.1780369599991
10.2084112325778,3.90156371145897,272.92188412529,306.5,66.1828874903907
-33.343734514135,3.81484431308668,272.927265989675,307,66.1670442025423
-13.7999247466718,3.85325352207272,272.927929896266,307.5,66.1604871631694
6.0090090730048,3.89286468524523,272.92531136192,308,66.163342346064
8.23368038401086,3.89749776674486,272.922342112627,308.5,66.167254582359
-44.8692704529915,3.79217882421471,272.931736539068,309,66.1459349318251
15.6233492424022,3.91186959575111,272.928654005725,309.5,66.1533583720249
-31.4432717294486,3.8181824323197,272.933481884899,310,66.1384180897751
-16.3713393322389,3.84775075032187,272.934713597475,310.5,66.130639241806
11.4742348592842,3.90341441114483,272.931619963858,311,66.1360912287645
-29.4156607115837,3.82193265922802,272.935883899611,311.5,66.1221143666434
10.4744364129215,3.90134526586852,272.932976312178,312,66.1270912989984
-0.933933003031763,3.87875488312878,272.931019005978,312.5,66.1266475403848
-31.9498011423047,3.8169272635338,272.936112821452,313,66.1114665804962
-4.91900118051782,3.87044777341174,272.935108110636,313.5,66.1091293152568
-3.2080837966105,3.87391364179839,272.933597862514,314,66.1076049930484
32.5337035636691,3.9450156620596,272.930078062586,314.5,66.1230633943896
-12.0454356333285,3.85684445729897,272.929858331118,315,66.1173400011711
0.0942384472486442,3.88106339906652,272.927893225013,315.5,66.1173847786043
-24.8969331207316,3.83118243914968,272.930872032546,316,66.1055549915777
-2.56894156709521,3.87551335758268,272.929404587231,316.5,66.1043343580372
-28.9850925049505,3.8228230543653,272.933596350552,317,66.0905620805596
28.716785829528,3.9374898143112,272.930156601747,317.5,66.1042068720207
31.8553531808733,3.94412991749678,272.926520762957,318,66.1193429549253
-27.1628775894381,3.82722831573224,272.929829510399,318.5,66.1064365035421
-32.1167504991191,3.81706925894945,272.935063169238,319,66.0911762176045
-8.59311675824921,3.86346900687955,272.934643920903,319.5,66.0870931949827
-11.0086826789334,3.85859290848954,272.934478621727,320,66.0818624153158
-44.6600792259938,3.79198079718467,272.943967548131,320.5,66.0606421620712
-13.1665686100161,3.85359834364581,272.944635762503,321,66.0543860621021
26.0852071837341,3.93186261685523,272.940982301707,321.5,66.0667804579914
-17.8928129402347,3.84458168396716,272.94206252497,322,66.058278681272
-5.02718991533415,3.87014989329304,272.940898396549,322.5,66.0558900101151
18.8691166386836,3.91790634609943,272.937313859489,323,66.0648556778997
-8.32249308322615,3.86394125714246,272.936436263241,323.5,66.0609012422177
-14.3285975727909,3.85187139414016,272.936912067431,324,66.054093003755
-4.41022668979636,3.87159506311036,272.935610744974,324.5,66.0519974829041
-33.8938409503171,3.81290653048533,272.941275836575,325,66.035892811778
-44.4140957444988,3.79188313854675,272.950960759407,325.5,66.014789437676
-9.21954466460668,3.86096828144702,272.950855582351,326,66.0104087676017
-1.88249641572236,3.87566976837908,272.94916669934,326.5,66.00951429873
15.0333603764163,3.90958459728831,272.945696587512,327,66.0166574055009
-3.05912332934916,3.87372300310338,272.943990804078,327.5,66.0152038619138
-6.95333717193865,3.86595971740705,272.943030432823,328,66.011899981172
4.9400869939739,3.8897760857625,272.94042642211,328.5,66.0142472653434
-40.5481473269232,3.79945855465153,272.948269337601,329,65.9949807980691
-51.9725332574648,3.77677258148539,272.961067234037,329.5,65.9702860295733
-28.3349517638308,3.82216148760611,272.965749681108,330,65.9568226667105
-9.37745938545455,3.85972037694933,272.96554753864,330.5,65.9523669633978
-35.0259107555905,3.80861417280953,272.97191178604,331,65.935724388883
0.291025888669848,3.87872340930636,272.97015812138,331.5,65.9358626699421
17.9461071340765,3.91415826791397,272.966472325197,332,65.9443897694176
-27.5516035078613,3.82355471102474,272.97021733902,332.5,65.9312986147697
-37.1309468756947,3.80430857874318,272.977408598195,333,65.91365583156
-12.1388382732224,3.85354282973117,272.977851116915,333.5,65.9078880580424
-25.2083211842263,3.82735763282892,272.98126658558,334,65.8959103148616
3.44290358347715,3.88453659962432,272.978983362379,334.5,65.8975462117791
-20.0834837976956,3.83752105675567,272.980886211855,335,65.8880035369875
4.64495871060671,3.88695250092651,272.978400738763,335.5,65.8902105908454
-22.5951555039927,3.8325335986469,272.980921230687,336,65.8794744943089
20.056297019136,3.91767928010033,272.977300184154,336.5,65.8890042512926
-31.8252865594015,3.81444065019886,272.982333531007,337,65.8738824545543
2.24600893145372,3.88215950283611,272.980235024272,337.5,65.8749496465329
-38.6181950507019,3.8008410943737,272.98767371292,338,65.8566001968
42.0939112570319,3.9605544594388,272.98473897544,338.5,65.8766011343803
-6.25724339020394,3.86554168167964,272.983396943676,339,65.8736280028576
-42.4665195401452,3.79368478515841,272.992142002751,339.5,65.853450020313
6.5568681655948,3.89069401722394,272.989614432069,340,65.8565655186591
-48.0077411168462,3.78258232911351,273.000471236945,340.5,65.8337546226227
24.371101403417,3.92575032982507,272.996946175511,341,65.8453345605134
20.2775683488752,3.91811533241525,272.992980027506,341.5,65.8549694546517
-16.5289296667524,3.84492964283305,272.993748406436,342,65.8471157275767
-20.2214148765663,3.8373895849278,272.995680247149,342.5,65.8375075147816
21.5935455740917,3.92075037722185,272.991968274404,343,65.8477676959876
-38.1249244310876,3.80223375500865,272.998901016706,343.5,65.8296526239729
11.1439866759653,3.89992023931173,272.995872965106,344,65.8349476933843
-13.1409091967759,3.85155636244637,272.995956583092,344.5,65.8287037854949
-23.3969970032908,3.8309744647074,272.998678686384,345,65.817586693672
-38.9521917094844,3.79999053028795,273.006361281218,345.5,65.7990785453025
-36.236876107739,3.80477907300922,273.013381167422,346,65.7818605801504
-36.6758931385391,3.80344694681515,273.020613381808,346.5,65.764434015893
-14.7404963695462,3.84661119906753,273.021619042825,347,65.7574300635639
-47.3993329767149,3.781975067284,273.03270181421,347.5,65.7349082528815
-24.993104805595,3.82540780846452,273.036535774902,348,65.723032769843
14.5274856743521,3.90446301503214,273.033082824863,348.5,65.7299355100611
38.1290403601257,3.95128794604369,273.029274342485,349,65.748052537761
-12.4675912525575,3.85140901324999,273.029100925195,349.5,65.7421285571431
35.4658161540516,3.94666834967274,273.02540350365,350,65.7589801528715
-2.5268698419748,3.8719204067141,273.023385399743,350.5,65.7577795097268
1.69923091216192,3.88043726074455,273.020973891556,351,65.7585868999264
16.9270723568452,3.9109380353004,273.017204108957,351.5,65.7666298046486
-33.8398756014928,3.81006333801969,273.022649570375,352,65.7505507751781
-23.2099739211201,3.83062390535076,273.025466376255,352.5,65.7395225474422
14.6227514792283,3.90602083632556,273.021988114616,353,65.7464705532429
-17.861295159518,3.84136145991556,273.02305164566,353.5,65.7379837522087
4.94712129070516,3.88684616263782,273.020368264618,354,65.7403343787289
13.4990573917293,3.9040784767708,273.016765579703,354.5,65.7467484608662
-20.5271033284056,3.8363446466765,273.018440448993,355,65.7369950000897
-22.39527512661,3.83238275336643,273.020883632678,355.5,65.7263538767889
-15.3683427041939,3.84613903003312,273.02167464338,356,65.7190516030405
12.9895247020347,3.90274984233412,273.018245691022,356.5,65.7252235805309
-58.9252846669897,3.76121401654977,273.033454218217,357,65.6972252096186
-7.78484207011219,3.86066457284222,273.033125824564,357.5,65.6935262390153
6.8425530644574,3.88998249446974,273.030153236757,358,65.6967774806473
-14.8551959455084,3.84672891128816,273.030608933975,358.5,65.689719028772
-21.7772215339706,3.8327817501668,273.032914089671,359,65.6793715738654
19.7381911231465,3.91553142027132,273.029157514014,359.5,65.6887501827144
28.6279157802966,3.93343185650719,273.025083692077,360,65.7023527475385
10.990946317589,3.89902832220087,273.021530003695,360.5,65.7075750997668
-12.6994995343924,3.85189235705571,273.021391425278,361,65.7015409278425
-7.40574292738444,3.86235584274639,273.02042171142,361.5,65.6980220863378
17.8469742518709,3.91272501078218,273.0166815265,362,65.7065020827874
-28.6882413726642,3.82029471707487,273.020466186731,362.5,65.6928708542356
3.93225555514325,3.88498894320224,273.017978267391,363,65.6947392669243
-15.8892988623409,3.84548356457863,273.018591542307,363.5,65.6871894606637
7.49319758606936,3.89207882158973,273.015619829097,364,65.690749856282
-1.01120057318245,3.87526828854202,273.013492597759,364.5,65.6902693839538
12.0758486981159,3.90145318749109,273.010043243406,365,65.6960072279513
9.49705031052942,3.89655939308104,273.006720746829,365.5,65.7005197549365
-11.255860386213,3.85529339681761,273.006285857734,366,65.6951715286901
-7.44651609799607,3.86279389286174,273.005302686324,366.5,65.6916333137982
-40.9022581972122,3.79652619487378,273.013197680521,367,65.6721985906122
-40.1262232884243,3.79742974739812,273.02127669929,367.5,65.6531326007016
-12.0924917444458,3.85237231131436,273.021544444321,368,65.6473868487544
-32.9813004404958,3.81077825915361,273.02704722796,368.5,65.6317157715908
1.52664931315064,3.87917593506611,273.024936438875,369,65.6324411595794
-38.3977556948857,3.7998721659316,273.032154704012,369.5,65.6141964516883
2.64376862243435,3.88107517261418,273.029953578702,370,65.6154526393319
-23.8868236757292,3.82816287141711,273.032695724305,370.5,65.6041028061835
-1.40428457908651,3.87286920869644,273.030913816059,371,65.6034355598438
-2.75934374398145,3.87024544410529,273.029148921724,371.5,65.6021244566382
-15.0448991647731,3.8457024005746,273.029724152318,372,65.5949758672078
25.6904107530431,3.92682611873285,273.025818553916,372.5,65.6071826754264
-66.312280705143,3.74650467089325,273.044386225131,373,65.5756743706007
4.69160921682676,3.88468060723598,273.042233952923,373.5,65.577903590464
-6.19422151494191,3.8630596515655,273.040985902073,374,65.5749604038087
-25.2321270818076,3.82504134827499,273.044154190542,374.5,65.5629713492469
-27.2822860256091,3.82067932595309,273.04812333469,375,65.5500081609008
-9.12674973689473,3.85661778411489,273.047715228749,375.5,65.5456715823709
3.1890479655581,3.88130090329853,273.04515899777,376,65.5471868596971
-39.7625837771857,3.79595962236677,273.052928094557,376.5,65.5282936532354
34.7106846528916,3.94339187562184,273.049315020682,377,65.5447864479504
-11.8981785544496,3.85138961798707,273.04896421803,377.5,65.5391330239876
-0.995755270965212,3.87315135209047,273.046966632839,378,65.5386598905005
-16.8949538728623,3.84140072873087,273.047917004442,378.5,65.5306322468878
-60.4097739476469,3.7563361777128,273.064233248598,379,65.501928520342
16.0951711132008,3.9064300096664,273.060965112974,379.5,65.5095761468791
-57.2806678950559,3.76176152513447,273.075713724013,380,65.4823592162372
-27.2057265011011,3.81942407085817,273.080144151927,380.5,65.4694324051777
-5.21459388987318,3.86314318264988,273.079030147029,381,65.4669546889526
-19.5272351945656,3.83451519902435,273.080795380992,381.5,65.4576763158915
-21.7048532219866,3.82999780729116,273.083263192441,382,65.4473632468153
-17.6564111268958,3.83789044508424,273.084729419814,382.5,65.4389737965054
12.9940459273818,3.89922161876607,273.081189578506,383,65.4451479222577
-16.1733925928257,3.84108896131914,273.081965142804,383.5,65.4374631287555
-48.0345226107561,3.77810828137088,273.093210012895,384,65.4146395074823
-31.5688815211703,3.80963882731433,273.098965827611,384.5,65.3996395416932
-19.6579244337563,3.833002014495,273.101111120708,385,65.3902990715916
-15.6432224251751,3.84090096277795,273.102137085358,385.5,65.3828661886416
-26.1209485836472,3.81986363080612,273.105913901688,386,65.3704548102128
24.6537224475683,3.92122124316682,273.10183972762,386.5,65.3821690355977
30.1817812493828,3.93256828555349,273.097451235104,387,65.396509920177
16.8566936348228,3.90680671950739,273.09332708977,387.5,65.4045193844233
0.733030480781379,3.87495173947623,273.090815791037,388,65.4048676841287
-52.7290138873988,3.7694164312328,273.103583245792,388.5,65.3798134735805
-21.1485081409646,3.83049846591947,273.106175054227,389,65.3697647520763
-46.0297750409312,3.78127028173323,273.116688838696,389.5,65.3478936873561
74.4561831340294,4.01598393678688,273.118323512589,390,65.383271570448
5.28761209774723,3.88398707211906,273.115000958209,390.5,65.3857839813017
-13.1221085229283,3.84728600086927,273.114929025523,391,65.3795490065595
-13.1329253641103,3.84715000728374,273.115020971473,391.5,65.3733088921911
14.0775715242169,3.90147019807306,273.111271332499,392,65.3799978555336
-25.8502921077262,3.82202817270231,273.114317328837,392.5,65.3677150796299
-25.7210683166104,3.82195880606295,273.117697678123,393,65.3554937044586
17.4570212597659,3.90791172832618,273.113848035804,393.5,65.363788414599
-28.5264875393272,3.81650158072144,273.11768020995,394,65.3502340434412
-21.1279490422797,3.83083071847575,273.11986082786,394.5,65.3401950906004
-15.5205708759995,3.84180351184002,273.120619872147,395,65.3328204855796
-29.6860544928426,3.81348194103723,273.125166450022,395.5,65.3187151457529
-29.6300549763936,3.81322839068763,273.129893055296,396,65.3046364141172
-5.67898330859342,3.86073027106151,273.128768274715,396.5,65.3019380430872
-81.8320986776844,3.71368952119408,273.156330708593,397,65.2630554909831
-29.358585904929,3.81221896563742,273.161891815157,397.5,65.2491057479776
-5.17504700679483,3.86036125487431,273.160748621393,398,65.2466468224687
3.25613986971755,3.8773980977236,273.158005231877,398.5,65.2481939785382
-9.89756001313009,3.85117679253382,273.157420943055,399,65.2434911492189
-37.5073196942096,3.79618670351118,273.164699189623,399.5,65.2256695323246
-16.1096366013158,3.83825293977969,273.165922320235,400,65.2180150325054
-1.42496229925718,3.86767415330645,273.163955217766,400.5,65.2173379611393
16.3836966924159,3.90344852401472,273.15985929598,401,65.2251226807126
-4.84550848195885,3.86132930721948,273.158172543047,401.5,65.2228203355563
-7.64246833870518,3.85576576686714,273.157138465987,402,65.2191890138844
-13.869136505896,3.8432828161419,273.157429579907,402.5,65.2125990885184
-0.632197288904268,3.86976098642118,273.155263527038,403,65.2122986997416
8.15827644502176,3.88748670058008,273.151854615203,403.5,65.2161751078269
-29.980972616741,3.81147232983929,273.156299881042,404,65.201929637544
-6.63777392331767,3.85772009306609,273.155299269871,404.5,65.198775696797
-21.7700546944282,3.82744328953483,273.157532356694,405,65.1884316472169
7.39278842184401,3.88567053951575,273.154379289173,405.5,65.1919443333835
16.5012425180006,3.90405693812677,273.150239512091,406,65.1997849048995
-5.16595457763709,3.86109850268488,273.148561604919,406.5,65.1973302996617
-20.6117814799076,3.83021075597902,273.150385554,407,65.18753660403
-14.9385381987904,3.84132323782502,273.150987690517,407.5,65.1804385520521
-10.665673548061,3.8497627202555,273.150618960474,408,65.1753707533013
-29.8968079261449,3.81136629427581,273.155206122043,408.5,65.1611652739024
-1.95327530692781,3.86684738494642,273.153399600592,409,65.1602371744143
-13.0050087436367,3.8447765054422,273.153445807416,409.5,65.1540578396757
10.3421296093258,3.89147913573649,273.149921550316,410,65.1589719064038
-2.86132158517277,3.86531770064496,273.147909065839,410.5,65.157612348389
-0.187186085443711,3.8707400068607,273.145566938543,411,65.1575234068509
21.7429953301199,3.91452601361161,273.141284435197,411.5,65.167854599164
3.87625903714064,3.8793943035288,273.13822690127,412,65.1696964050864
4.67105204574798,3.88112061629934,273.135178124139,412.5,65.1719158572021
-22.57165822405,3.82682859520271,273.137353661684,413,65.161190925407
-30.8066828239448,3.81023395797519,273.14218789863,413.5,65.1465531186121
-67.6998881569661,3.73895262673698,273.16223755416,414,65.11438549159
-3.80623298424991,3.86273332746352,273.161196957923,414.5,65.1125769585727
-5.80105292700259,3.85881533807572,273.159817729777,415,65.1098205861181
-15.4746496983766,3.83946679056799,273.160452160716,415.5,65.102467800562
28.5732291148203,3.92715218982037,273.156136393389,416,65.1160443809967
-1.68295662808337,3.86755627156526,273.153806570524,416.5,65.1152447235293
2.8157890389969,3.8766340893953,273.151008737755,417,65.1165826467378
-10.2273002883145,3.85065242533347,273.150341343519,417.5,65.1117231412043
49.8739084847381,3.96887376313315,273.147446549103,418,65.1354207473592
-9.96503304859386,3.85198714209192,273.146425012151,418.5,65.1306858582021
41.0431132630847,3.9526723062337,273.142791985146,419,65.150187508725
25.4564983058431,3.92300591318389,273.138380215561,419.5,65.1622831733573
-32.1227518029813,3.8091006730189,273.142929535471,420,65.147020035898
-18.4262873753349,3.83571376893135,273.144225679346,420.5,65.1382647786024
7.76139159499153,3.88776264669737,273.140974193171,421,65.1419526067037
-63.4356455850398,3.74844946430587,273.158041169986,421.5,65.1118111361246
24.8756541414824,3.92096291293001,273.154277053207,422,65.1236308124364
-10.5690338667506,3.85091426583191,273.153452198719,422.5,65.118608932066
-10.190456624365,3.85158458303045,273.152785577626,423,65.1137669328131
-13.1536272969249,3.84559066757849,273.152737710458,423.5,65.1075169819137
-56.0331601771566,3.76157858736571,273.166817300998,424,65.0808928050277
-25.9796315111368,3.81913261823371,273.170596672593,424.5,65.0685485734584
-3.85454157393022,3.86301201159487,273.16898795847,425,65.0667170865968
-5.3528585349328,3.86007242727236,273.167433576154,425.5,65.0641736738743
-14.4285182677362,3.84194204130108,273.16770622264,426,65.0573179580562
17.0574091479361,3.90470763044423,273.163657920717,426.5,65.0654227923531
-4.46813125753902,3.86212708353203,273.161783156639,427,65.0632997581253
23.7735089662522,3.91832736996335,273.157459559913,427.5,65.0745957497474
-3.21547781747272,3.86510453303428,273.15532065322,428,65.0730679142672
-6.28017089708085,3.85900115997684,273.153863380717,428.5,65.070083888731
-18.5784666064783,3.83443179480396,273.155023852454,429,65.0612563234172
45.9974636753469,3.96164154122768,273.151821754814,429.5,65.0831120353801
17.1436082196209,3.90620746463545,273.147537583125,430,65.091257827198
-8.57497959132925,3.85529572427081,273.14630953082,430.5,65.0871834224578
-8.35899317700755,3.85564393233643,273.145224430521,431,65.0832116437427
-2.63803422384694,3.86699640027047,273.1431833324,431.5,65.0819581808007
7.91102675706513,3.88805431841773,273.139791406999,432,65.0857171081049
18.2507015603601,3.90873145682989,273.135652923895,432.5,65.0943889357352
7.03519593936679,3.88680031015166,273.132237956718,433,65.0977317117008
2.34528088634611,3.87760365998386,273.129407237808,433.5,65.0988460727857
23.0621901069753,3.91873067686077,273.125241488217,434,65.1098040809873
-24.5229994021283,3.82461046562367,273.127538074113,434.5,65.0981519687061
-11.4882403950251,3.85014108187704,273.127180767619,435,65.0926933270122
-3.27513410651674,3.86639558793554,273.125274659348,435.5,65.091137145824
5.93410604663308,3.88475727677431,273.122119826133,436,65.0939567385178
4.1040822779257,3.88125012723644,273.119108679105,436.5,65.0959067947377
0.261330926924684,3.87369793926126,273.116587569047,437,65.0960309662248
-3.62615817225202,3.8659928034235,273.114656726385,437.5,65.0943079958214
24.4532158849222,3.92166452762622,273.110556206851,438,65.1059269504385
-0.74068897384707,3.87214230945647,273.10806641374,438.5,65.1055750117972
-24.878102012943,3.82417393515612,273.110620118292,439,65.0937541723785
-29.1411954404164,3.81541203142198,273.114634568297,439.5,65.079907722533
-14.4231536924496,3.84416256469885,273.114994246876,440,65.0730545556949
-10.6576515054755,3.85151122318481,273.114457176112,440.5,65.0679905686205
13.5872522194074,3.89972213378564,273.110735554669,441,65.074446556563
-6.62152180047796,3.8597414780648,273.109242075655,441.5,65.0713003380183
-40.1716528138435,3.79340276477208,273.116722591759,442,65.0522127622518
-16.5596806656787,3.839330399221,273.117729107656,442.5,65.0443444238282
23.1917607089598,3.91822366612412,273.113653684825,443,65.0553639975495
-13.119079081984,3.84645247902477,273.113362891237,443.5,65.0491304622473
-15.6733322720621,3.84122585779439,273.113879883021,444,65.0416832725924
14.0894896438722,3.90037092498222,273.110164303475,444.5,65.0483778988338
9.60432407165786,3.89173986427736,273.106590749997,445,65.0529413969864
-16.7569728274171,3.83940081183285,273.10715625976,445.5,65.0449793151188
8.02410097156163,3.888603913524,273.103940840494,446,65.0487919696781
-44.3612799011322,3.78517443477599,273.112838600787,446.5,65.0277136910437
-3.48883879394392,3.86522576477603,273.111353066705,447,65.0260559679939
-30.1142536992916,3.81232817585789,273.115647264175,447.5,65.0117471691551
24.8008578728192,3.9210432230857,273.111667270472,448,65.023531305992
-25.998753101565,3.82054170091179,273.114542836349,448.5,65.0111779887919
-13.4652530605676,3.84509853996924,273.114735207041,449,65.0047799687951
-5.12429897006569,3.86162691124382,273.113231763869,449.5,65.0023451562347
-13.2076068231978,3.84549357711205,273.113203783882,450,64.9960695569433
-21.7599918117301,3.82834898455591,273.115274524773,450.5,64.9857302887457
7.24254238702862,3.88596230312623,273.11217779223,451,64.989171585453
-26.1538572672632,3.81959740500908,273.115281565908,451.5,64.9767445704509
-2.12123715068245,3.86715784659065,273.113429293487,452,64.9757366638303
25.3937846504643,3.92182974029204,273.109224200304,452.5,64.9878025300459
-13.3266910012798,3.84531008910507,273.109009567613,453,64.9814703478631
-50.2492498559719,3.77273590976298,273.120539591936,453.5,64.9575943981161
-8.2048927902259,3.85470123045065,273.119997374715,454,64.953695840257
-51.7171000026473,3.76912133078449,273.132301115596,454.5,64.9291224409672
-22.4058634804787,3.8256367546332,273.13511010738,455,64.9184762866061
-29.3131717668107,3.81171296883053,273.139614751086,455.5,64.9045481221453
12.2223424243582,3.89427462354113,273.136106213662,456,64.9103555726913
-12.4730848065091,3.84521766595227,273.135897911271,456.5,64.9044289818092
-26.7966766531812,3.81660891912049,273.139504664887,457,64.8916965309369
10.4600034846285,3.89070173472642,273.136118547302,457.5,64.8966666054807
-1.2930102516886,3.8674933057474,273.133861100253,458,64.896052231179
-24.0841924774151,3.82206855615304,273.136565422231,458.5,64.8846086181711
-54.3701160897397,3.7627356730233,273.150326521571,459,64.8587746373014
-17.3825767519698,3.83437734414695,273.151961959547,459.5,64.8505152994965
-15.641083633658,3.83772808356402,273.152782384044,460,64.8430834327941
10.3331085212418,3.88962216038033,273.149293918791,460.5,64.8479932131488
-6.83446617666121,3.8555537205546,273.147990006103,461,64.8447458140046
-27.9109265194671,3.81351702346887,273.151924237123,461.5,64.8314839268942
-0.51028113519586,3.86792683172255,273.149875091905,462,64.8312414666232
-29.2258895477319,3.810711475331,273.154183434259,462.5,64.8173547743412
-25.8733257013457,3.81700167946777,273.157803097303,463,64.8050610540169
-13.8978037877457,3.8406137836229,273.158312023446,463.5,64.7984575073812
-74.2211808028945,3.72386154304518,273.181932685303,464,64.7631912857344
-3.6441053578298,3.8600740960922,273.181035042224,464.5,64.761459787719
-29.796212104162,3.80788082937348,273.185783595692,465,64.7473021064623
-7.711483520936,3.85171607172971,273.185086741174,465.5,64.743637992201
-6.62847710120607,3.85393697264705,273.18395300913,466,64.7404884688425
7.70830019334443,3.88274859312825,273.180621301478,466.5,64.7441510705446
-14.2825117210547,3.83890328686791,273.180925995702,467,64.7373647297914
-35.1039869643581,3.79740292276186,273.187399098722,467.5,64.720685057337
2.88112702554166,3.87285379719842,273.184933831069,468,64.7220540259141
-9.68737894305875,3.84781684474253,273.184282300901,468.5,64.7174510642084
25.4567469553767,3.9179240839252,273.179852988614,469,64.7295468469867
-30.6123129313684,3.8066275269309,273.184424845206,469.5,64.7150013951186
-53.4807584380847,3.76171213659895,273.198159564513,470,64.6895899928677
9.91466132099543,3.88658438032236,273.195037407033,470.5,64.6943009478797
-35.6483441177641,3.79588226343859,273.201509759669,471,64.6773626239214
-8.57553968833338,3.84939091388371,273.200989313553,471.5,64.6732879530509
-47.2586020846082,3.77278872444532,273.212053429021,472,64.6508330107042
-8.58900636408383,3.84878500330544,273.211711048658,472.5,64.6467519411377
14.4117514951847,3.89492893398499,273.207711210541,473,64.6535996902176
-38.1248928276281,3.79041034557114,273.215044958004,473.5,64.6354846332193
-16.3323299171062,3.83319751777706,273.216305412412,474,64.6277243205883
-12.5463454150607,3.8406940991591,273.216455539024,474.5,64.6217629199008
-61.3135488230919,3.74508095579451,273.23388464454,475,64.592629764387
-0.916443475654596,3.86322564602769,273.232316518209,475.5,64.5921943159289
-17.6667662869391,3.82971579379432,273.233615441153,476,64.5837999453608
-20.9108859302651,3.8231040712899,273.235914748646,476.5,64.5738641301383
-19.7854113399198,3.82519137603368,273.237953290193,477,64.5644630845858
-25.3098888185788,3.81399874334169,273.241557238865,477.5,64.5524370815058
-12.4305248258405,3.83958120561312,273.241833787788,478,64.5465307130143
-35.9070106246403,3.79271167528254,273.248847993775,478.5,64.5294694835692
-6.69429020924092,3.85071082583719,273.248029181589,479,64.526288689088
-5.74950730494243,3.85269112037501,273.246719463707,479.5,64.5235568085549
-7.54949092826406,3.84914808830443,273.245734556069,480,64.5199696651342
-6.41140002750201,3.8514854057576,273.244525822026,480.5,64.516923286028
-4.27458818071098,3.85584427724668,273.242892137882,481,64.514892213865
-5.45376237803173,3.85355848212212,273.241447954177,481.5,64.5123008566439
30.3963968519872,3.92502772749827,273.236792533146,482,64.5267437159066
7.02870140527221,3.87927706403353,273.233192381469,482.5,64.530083405992
0.0697225145952878,3.86554901776578,273.230647159499,483,64.5301165346707
-16.0610709350456,3.83331047489745,273.231321883887,483.5,64.5224851108459
-22.3094570398448,3.82068355997669,273.233773297481,484,64.5118847640409
29.4554942207322,3.92367853169604,273.229300211429,484.5,64.5258805530686
5.52331004035904,3.87678781288787,273.225875758545,485,64.5285049558873
-30.1059721156496,3.80580047809672,273.230334275922,485.5,64.514200092046
-23.9596867758723,3.81759403475287,273.233347850594,486,64.5028156379685
-7.24197801778567,3.85076993403564,273.23233681053,486.5,64.4993746094215
-29.9979618182602,3.80535222950294,273.236990588543,487,64.4851210667131
14.4919928751875,3.89394333335026,273.233110580393,487.5,64.4920069425146
4.11598016692027,3.87356416113722,273.229943757136,488,64.4939626520208
-2.98442020975412,3.85950854368811,273.227895118299,488.5,64.4925446036488
-15.2039748211889,3.83508482010043,273.228360916634,489,64.4853204293611
-6.92874090124388,3.85153139165615,273.227183111128,489.5,64.4820282355465
-20.5596887787904,3.82425898090251,273.229041215149,490,64.4722592917811
15.9095163220731,3.89698754730505,273.224988173637,490.5,64.4798187043752
-7.73222391830136,3.85008253634575,273.22371890205,491,64.4761447353063
-33.6939989730151,3.79837976545801,273.229474986075,491.5,64.46013501917
-32.1499834333429,3.80096368437034,273.235070271733,492,64.4448589425913
7.81583465202853,3.88043097028155,273.231848736228,492.5,64.4485726393314
30.0965997095404,3.92474179825452,273.227177383095,493,64.4628730498705
0.534790792343509,3.86666390924315,273.224407938437,493.5,64.4631271559142
-12.9222755833593,3.83981728511397,273.224278387303,494,64.4569871318675
-23.7666391963086,3.81807500570145,273.226995189721,494.5,64.4456944044192
13.8782139973523,3.89302967100963,273.22312021504,495,64.4522886429586
-20.7134647266543,3.82421173556256,273.2247964101,495.5,64.4424466324945
1.11772641545802,3.86765450404778,273.222303172116,496,64.4429777206163
13.4113881221699,3.89230070639826,273.218274001548,496.5,64.4493501466676
-3.83135401558972,3.85816307973649,273.216282547165,497,64.447529677383
-40.8639279893906,3.78474044607514,273.224399895718,497.5,64.4281131668095
-8.12368082930372,3.84905259508152,273.223699936497,498,64.4242531968438
-7.8007876980971,3.84968518243897,273.222622298307,498.5,64.4205466496694
-31.055425502161,3.80334411864518,273.227523413009,499,64.4057906526986
5.93552807877834,3.87680964186987,273.224507521967,499.5,64.4086109210715
22.7843267525336,3.91046071294091,273.219950387318,500,64.419436902397
