curr_dens,Volts_tot,Temp_tot,t_tot,SOC_tot
-3.12781564650322,3.60119164534437,295,0,12
-3.12781564650322,3.60113792175204,295.000741733341,0.5,11.9985138172329
-32.6222226773041,3.53649326422521,295.011136595827,1,11.983013356002
24.725632627703,3.65974082867024,295.007402970021,1.5,11.9947617495357
-19.1338343165518,3.56602001980186,295.012548031253,2,11.985670301048
12.3330952872411,3.63386247648052,295.010288799155,2.5,11.991530375858
-48.1173863756388,3.50218807353013,295.027465786676,3,11.9686673818361
14.9331039444566,3.63881076220085,295.025095653474,3.5,11.9757628517261
19.9551928531083,3.6496203817233,295.02136649573,4,11.9852445690277
-27.5030111104081,3.54732367753055,295.029505256509,4.5,11.9721765030755
-7.62823160538377,3.59043338948844,295.031641735564,5,11.9685519459928
-21.72296813523,3.55942677297645,295.037939686318,5.5,11.9582302696088
-31.3403721605496,3.53787045806914,295.048018688739,6,11.9433388801273
-19.8509933212678,3.56264267839458,295.053943590103,6.5,11.933906673272
14.7360578119091,3.63734272744552,295.051156796172,7,11.9409085166188
14.7294171234899,3.63759063316604,295.048050077591,7.5,11.94790720464
-31.8939111557698,3.53636871982387,295.057958022893,8,11.9327528008992
-20.1806503326556,3.56162812953103,295.06397778053,8.5,11.9231639573924
15.9255688030624,3.63958805127208,295.060983431109,9,11.9307309973288
-6.38282446174615,3.59187896398335,295.062276702864,9.5,11.9276981959133
-26.9212650728631,3.54665962343624,295.070431353408,10,11.9149065468071
13.4259268815946,3.63408386746312,295.067881997723,10.5,11.9212858809554
-18.4558035409772,3.56513311316076,295.072815795373,11,11.9125165990428
17.5636492040639,3.642802181554,295.06953994284,11.5,11.9208619734906
-6.10580227926159,3.59224981377909,295.070722914464,12,11.917960799268
-9.90866476137915,3.58384819951485,295.073174651403,12.5,11.9132526935236
-38.2521721914989,3.5212276017232,295.086009526754,13,11.8950771596882
-35.5948475832259,3.52640282518326,295.098054119129,13.5,11.8781642546283
13.34046638377,3.63282384506934,295.095528560944,14,11.8845029821893
17.7860645794058,3.64248664881185,295.091827403659,14.5,11.8929540373853
-9.17822767540218,3.58469552690741,295.093806784501,15,11.8885929990938
-9.28591770875474,3.58432414769424,295.09606729702,15.5,11.8841807918428
-42.5934359329797,3.51067161400842,295.11086904175,16,11.8639425049271
-41.940040083641,3.51132701450752,295.12581194123,16.5,11.844014679292
-27.1908936683186,3.5432582587497,295.1344828061,17,11.8310949160585
-16.4122704014129,3.56667856468263,295.139102327289,17.5,11.8232966196767
24.1312599900564,3.65399865636845,295.134714086929,18,11.8347625968307
-4.15516951938552,3.59387706047023,295.135190544274,18.5,11.8327882664891
-42.8857450246298,3.50824249342083,295.150103734009,19,11.8124110887998
-22.8328295885113,3.55196084043314,295.157114640574,19.5,11.8015620613337
6.68671381235367,3.61640053111185,295.155478231647,20,11.8047392558871
-23.3151268448249,3.55070974306685,295.16208616545,20.5,11.7936610647004
39.5191186914902,3.68475175104024,295.156574835239,21,11.8124385886362
-16.4945378981213,3.56621140676701,295.160509525188,21.5,11.8046012028228
21.804679039484,3.64884529181103,295.15634705403,22,11.8149617041733
29.4284819296113,3.66503896948448,295.151086522923,22.5,11.8289446583009
27.5370765779777,3.66161242759811,295.145983467609,23,11.8420289104726
-2.73571446535205,3.59761288901794,295.1460240252,23.5,11.8407290347275
-23.5251113124433,3.55185238945635,295.152701999025,24,11.829551069343
-27.925841317766,3.54169134421597,295.161274614324,24.5,11.8162820954607
-30.0254557164872,3.5365417032451,295.170745388502,25,11.8020154890163
5.8608274649105,3.61492801441003,295.169326392376,25.5,11.8048002633648
-13.2973411328596,3.57319342029424,295.172471068385,26,11.7984820267828
-24.9220560019125,3.54726904510317,295.179793850664,26.5,11.7866403026099
2.46322321515284,3.60712862044003,295.179022459398,27,11.7878107040361
-11.2254094709805,3.57723887295335,295.181554597555,27.5,11.7824769465534
-0.427494454492649,3.6007612407867,295.181298691035,28,11.7822738224045
11.1729550047141,3.62587123948538,295.1785035214,28.5,11.787582656128
18.9029061521707,3.64251165415806,295.174402406545,29,11.7965643790125
17.6818134613555,3.64025465105333,295.170433762254,29.5,11.8049658992511
-18.3094055810108,3.56238705706395,295.175063409694,30,11.7962661783836
-26.4237050175679,3.54409969082377,295.182967758275,30.5,11.7837109451227
-43.1704699223062,3.5064511127277,295.198151571717,31,11.7631984802924
14.5118924974699,3.63248044744102,295.195223398494,31.5,11.7700938114067
11.4876756524766,3.62629259560934,295.19219758271,32,11.775552184763
-34.616289322506,3.52523596689246,295.203107882218,32.5,11.7591042420244
30.4825750488383,3.6658657854593,295.198146618285,33,11.7735880488894
9.94256827834948,3.62318483033103,295.195273375192,33.5,11.7783122639025
-39.0065547597017,3.51569708787471,295.208083327053,34,11.7597782849095
3.0300447924731,3.60781745099809,295.207280019796,34.5,11.7612180118189
9.79833678373711,3.62251650228808,295.204630595918,35,11.7658736951838
-18.9748626213301,3.55975398172205,295.209502772291,35.5,11.7568577821562
-1.473755293655,3.59798309041705,295.209509641678,36,11.7561575267807
-34.2710125469867,3.52546976533934,295.220372939132,36.5,11.7398736424302
-38.5001652039091,3.51543893006974,295.233491496075,37,11.7215802746229
-25.8977847093651,3.54280829261174,295.241426019846,37.5,11.7092749325919
-30.5098299183544,3.53210544211763,295.251039250008,38,11.6947781755655
16.8317856166978,3.63552180997588,295.247407313447,38.5,11.7027758047577
-14.2218353154488,3.56820277560233,295.250610350385,39,11.6960182944213
1.77947131738838,3.6032190522681,295.249687708148,39.5,11.6968638108792
0.239599335903234,3.59993129783727,295.248965895128,40,11.6969776565927
-21.0141026427759,3.55303883897612,295.254608323482,40.5,11.6869927979109
12.0278849300697,3.6252087498122,295.251651063053,41,11.6927078519063
16.3634803107085,3.63470594621536,295.247661453775,41.5,11.7004829656583
-20.4679687331664,3.55451468070955,295.252938924157,42,11.6907576027067
-13.7794175450125,3.56902317514261,295.256344466208,42.5,11.6842103073383
10.8677713044986,3.62275409068353,295.253513660293,43,11.6893741329132
-44.049701983065,3.50163842784392,295.268688398093,43.5,11.6684439006425
-36.5936126855431,3.51745001478036,295.281079932103,44,11.6510564319729
-18.8163481252713,3.55649106242146,295.286344774583,44.5,11.642115837167
19.7287646820402,3.64039248092259,295.282037023042,45,11.651489967039
-4.27570908884328,3.58884206482098,295.282220754549,45.5,11.6494583622761
-29.020736784721,3.53382895596516,295.290909666293,46,11.6356691484057
-38.8058175957937,3.511444261108,295.30410741361,46.5,11.6172305497507
-5.87938792310903,3.58419486705642,295.305314221632,47,11.6144369563937
12.5264917129973,3.62431974485354,295.301944326762,47.5,11.6203889235872
-31.5753710504146,3.52718973915717,295.311516571995,48,11.6053858742959
19.6744214155876,3.6393666445221,295.307282696846,48.5,11.6147341829446
-14.3818095208909,3.56547267561609,295.310395911927,49,11.607900660805
-34.9525216198665,3.51928975424135,295.321669358397,49.5,11.5912929571652
-19.5888473436421,3.55306558082761,295.327121478705,50,11.5819853090686
23.5442397191518,3.64693482162763,295.322184352252,50.5,11.5931723633227
-36.0237487846635,3.51647574993213,295.333548315599,51,11.5760556656975
5.72436924749433,3.60864405850847,295.331778525822,51.5,11.5787756018732
-12.4206215235084,3.56879766611801,295.334349214182,52,11.5728739389395
-20.3978874200605,3.55082698988221,295.339788081438,52.5,11.5631818751498
-21.7780893746027,3.54741632808088,295.345820275293,53,11.5528340078885
43.4412214014493,3.68704805456283,295.339422487509,53.5,11.5734751203847
-18.8628000261014,3.55446353883878,295.343791902707,54,11.5645124539409
-22.9043584740249,3.54511754490707,295.350179567291,54.5,11.5536294394983
-11.4343379318521,3.57035374879913,295.352704551824,55,11.5481964095797
18.1228571478892,3.63477683523061,295.348335206393,55.5,11.5568074918899
-39.3156768798945,3.50816672430314,295.36118342987,56,11.5381266334066
-18.8167208269212,3.5534336814033,295.366336991296,56.5,11.5291858615114
21.8744394785411,3.64222411286899,295.361474310278,57,11.5395795095605
-21.2653103974083,3.54812487968875,295.366831532907,57.5,11.5294752894207
-1.60336067716989,3.59153350161668,295.366517525858,58,11.528713451999
-8.87612789020341,3.57545283670239,295.367997040981,58.5,11.5244959565327
-8.08081512399456,3.5771083283451,295.36931493692,59,11.5206563542228
-17.9950538292019,3.55490234295796,295.373787188062,59.5,11.512105997707
-55.1425734525435,3.4711692571639,295.395033518477,60,11.4859049834342
-2.03441319247662,3.58922940039086,295.395218269896,60.5,11.4849383312496
37.4683417898988,3.6734728408914,295.388636683858,61,11.5027414277783
-2.78864049836933,3.5883043812008,295.388034299211,61.5,11.5014164042089
-7.82463902758616,3.57713685346224,295.389163307074,62,11.4976985240665
-8.7571384986633,3.57496681699861,295.390616407572,62.5,11.4935375664538
-25.8891127447738,3.53651735168981,295.39796162322,63,11.48123634491
-0.754088088797709,3.5921797169392,295.397410186594,63.5,11.4808780396743
5.34525618932074,3.60561368371088,295.395147021563,64,11.4834178401395
-22.9264864525957,3.54292401536836,295.401208607347,64.5,11.4725243115797
0.189683408256169,3.59408179467955,295.400376863304,65,11.4726144397216
-3.21240290156714,3.58661799362956,295.400170105182,65.5,11.4710880652889
-6.30730435832901,3.57974419892034,295.400845591959,66,11.4680911472785
-37.9071220185954,3.50879192399962,295.413255608089,66.5,11.4500795641611
41.1669968289926,3.68031328134162,295.406859872737,67,11.4696400780064
-39.1139770661007,3.5062699003085,295.419363999757,67.5,11.4510550572646
-37.6484331820473,3.50883673196415,295.432030963529,68,11.433166390244
-55.1136949452347,3.4687528267199,295.453532209786,68.5,11.4069790976047
28.0998240149162,3.65225710067273,295.448087697529,69,11.4203307394303
-5.81328879083095,3.5793305411811,295.448246630177,69.5,11.4175685531005
-2.61126271713627,3.58639414106213,295.447830058482,70,11.4163278106498
-56.7789606941336,3.46455548003968,295.46979905726,70.5,11.3893492663709
-5.75697301144532,3.57846440948586,295.470847821705,71,11.3866138385047
-8.11089190199811,3.57318005793074,295.471938044914,71.5,11.3827599452026
10.0271140468313,3.61315803002163,295.468565087473,72,11.3875243321691
-7.93406780316268,3.57373791528438,295.469441782537,72.5,11.3837544569032
6.71419566607224,3.60606893619974,295.466757136412,73,11.3869447094697
35.5795790347453,3.66755137797649,295.45996666483,73.5,11.4038503596732
21.043173098759,3.63779467355174,295.454449690343,74,11.4138490311929
-18.2562862813708,3.55182611219207,295.458533021633,74.5,11.4051745499803
-5.73636268506556,3.57951550792889,295.459057948953,75,11.4024489151183
14.0809838862852,3.62292205756367,295.454964675933,75.5,11.4091394998458
4.42952818428375,3.60218847458375,295.452611725252,76,11.4112441918091
5.03235260774445,3.60361234339406,295.450218137722,76.5,11.4136353160212
25.4845060560693,3.64767280829379,295.44445023627,77,11.4257442885465
1.28728550777345,3.59595849749704,295.442759769059,77.5,11.426355942734
-9.06033289472683,3.57307374579757,295.444052445595,78,11.4220509221913
-17.1724167101179,3.55479582966003,295.448041103038,78.5,11.4138914420084
15.7837479053394,3.62714031927039,295.443828759353,79,11.4213910956925
-17.2431937953787,3.55466491147136,295.44760251555,79.5,11.4131979857513
-16.7397558752234,3.55549978763358,295.451535084978,80,11.4052440845249
-24.863933519161,3.53695975081127,295.458416029672,80.5,11.3934299772712
-40.721175144818,3.50074191449994,295.472222675723,81,11.3740812957649
24.7798989123662,3.64507539840613,295.466928924366,81.5,11.3858554739439
-19.7743175648243,3.5477876191802,295.471505524215,82,11.3764596996027
22.2593784152897,3.63990571764031,295.466283826675,82.5,11.3870362515307
-25.0333101218243,3.53608151105064,295.472826485476,83,11.3751416649213
-11.0898822403693,3.56697845317062,295.474980430524,83.5,11.3698723032526
-24.4310660086851,3.53683118009601,295.481620373154,84,11.3582638731574
-9.74453856868761,3.56943218778104,295.483347976942,84.5,11.3536337520344
-21.6037284409421,3.54265761254948,295.488911610994,85,11.3433687324355
-16.5523085729116,3.5536849086362,295.49280726584,85.5,11.3355038968645
-15.9782217941064,3.55472578149302,295.496447239719,86,11.3279118388398
0.326293836024918,3.59092683966236,295.495260192237,86.5,11.3280668774773
-21.0689665780388,3.54307451823554,295.500519933498,87,11.3180559501763
-42.0898393457898,3.49512568423497,295.514999007139,87.5,11.2980569473661
-15.6715006186689,3.55418743845288,295.518841416161,88,11.290610628022
-22.1903967271258,3.53923678652207,295.524696550871,88.5,11.2800668527688
-12.7684527784313,3.56016928475384,295.527310175217,89,11.273999917685
-26.6510451643611,3.52860369918495,295.534872823664,89.5,11.2613366636688
8.41999968359097,3.60677981447316,295.531854681002,90,11.2653374296483
-32.498215835558,3.51512366306643,295.541636004959,90.5,11.2498958903142
-17.228260336691,3.54921103626692,295.545865373263,91,11.2417098760114
-18.9237075805982,3.54512424812052,295.550512639718,91.5,11.2327182693205
16.8864668030662,3.62445888967895,295.545772959415,92,11.2407418802987
-5.79608935125192,3.57482706675405,295.545803434729,92.5,11.237987866289
-42.7041160807149,3.49113264211114,295.560440356069,93,11.2176969896599
10.7930562474631,3.6108637948674,295.55707034451,93.5,11.2228253143478
0.440124908895854,3.5882714365565,295.555442453953,94,11.2230344398618
-34.1719500595367,3.51014675060455,295.56600635839,94.5,11.2067976250891
-21.0821666108349,3.53932526132553,295.571614373721,95,11.1967804257876
-6.76152522326987,3.57138028235675,295.572264756366,95.5,11.1935676845645
4.98515611572939,3.59753269264482,295.569673147598,96,11.1959363833459
11.9156118546896,3.6129148389224,295.565515141698,96.5,11.2015980907478
-24.4652823242769,3.53171485307932,295.571883710451,97,11.1899734027575
22.3669726364663,3.63538792965501,295.566325856957,97.5,11.2006010781196
-15.7594637724117,3.55155249623969,295.569390956875,98,11.1931129630503
-46.8270648216561,3.48058436569791,295.586170340729,98.5,11.1708630657944
-0.153295715209321,3.5856179339879,295.585281342387,99,11.1707902272783
11.204156551018,3.61078628294541,295.581264424932,99.5,11.1761138864282
-12.7416568674012,3.55766193450298,295.583394641014,100,11.1700596834315
10.1785340327284,3.60862157678437,295.579718082705,100.5,11.1748960176606
-26.1228335741553,3.52735473420052,295.586724370563,101,11.1624837435778
-19.091418495482,3.54290204785603,295.591437255548,101.5,11.1534124489833
16.2219096112145,3.62136160486217,295.586688961904,102,11.1611202953649
-3.68550763809983,3.57775833956239,295.586026227933,102.5,11.1593691250407
6.29445625230633,3.59994999478523,295.583066825013,103,11.1623599382687
6.51413907341177,3.60059039577671,295.579970446144,103.5,11.1654551338707
-49.7903588078428,3.47332439126424,295.598003422959,104,11.1417972263758
-0.539871662313335,3.5842584639376,295.597218045821,104.5,11.1415407061548
2.481724356525,3.59103922718553,295.59508291543,105,11.1427198984053
-24.2686314688351,3.53077885489089,295.601404996416,105.5,11.1311886491421
-20.3787443487963,3.53922602000524,295.606541983596,106,11.1215056811899
-26.2184203144803,3.52558184589239,295.613902107618,106.5,11.1090479890319
13.380542997087,3.6141076866495,295.609668848094,107,11.1154057590106
-36.7613662316014,3.50136833012837,295.621232219535,107.5,11.0979385821813
-27.3773443653363,3.52216537559316,295.629269576969,108,11.0849302268298
7.07492351244336,3.59955784373862,295.626286127792,108.5,11.0882918793665
-25.523952818451,3.52615731469167,295.633063912842,109,11.0761641636974
-44.7120825014715,3.48174257592777,295.648945174401,109.5,11.0549192010771
-28.3588336350183,3.51842926740383,295.657516684919,110,11.0414444907343
-11.8546150501126,3.55568494285849,295.659690917504,110.5,11.0358117659868
3.01978985523135,3.58909588658419,295.65739792719,111,11.037246620259
-11.8812244297475,3.55562909216608,295.659218389232,111.5,11.0316012520549
-17.7903895648693,3.54201410685279,295.6632269081,112,11.0231481418404
-9.19153980562835,3.56133874260239,295.664398172385,112.5,11.0187807782852
-58.0237403619423,3.44919751200902,295.687403354496,113,10.9912107764845
-43.2501429716278,3.48204790042656,295.703089795251,113.5,10.9706604549752
-16.3460740613838,3.54319896646155,295.706956426873,114,10.962893611809
7.49075075629841,3.59691124332924,295.703549052732,114.5,10.9664528448152
-2.13761642974143,3.5755581528729,295.702305062733,115,10.965437155574
-3.84141215138504,3.57175366661883,295.701631378064,115.5,10.9636119071624
3.20791141072739,3.58762787376246,295.699100452368,116,10.9651361474616
-7.87705169640195,3.56275136830415,295.699566360771,116.5,10.9613933634202
-4.26394738497307,3.57086989557392,295.699068845318,117,10.9593673472353
30.9734663029989,3.64812301271612,295.691823046649,117.5,10.9740844012621
-31.1050538204876,3.5101465189972,295.700647726251,118,10.9593048233774
7.9533184148781,3.59837637112946,295.697321842029,118.5,10.9630838455785
2.27939233943263,3.58592371278428,295.694905997508,119,10.9641668996959
-34.0556011996421,3.50312919079776,295.705286583421,119.5,10.9479853681272
6.79534022364831,3.59555763747401,295.702242021756,120,10.9512141765603
-17.7432958584937,3.54022132253266,295.705940400331,120.5,10.9427834429379
1.49621497021899,3.5836418696077,295.703966269556,121,10.9434943700372
-14.0421236447709,3.5485092497654,295.706412453242,121.5,10.9368222497678
-32.4562379098153,3.50598714304636,295.716262804887,122,10.9214006562608
-2.0072193563788,3.57512851226754,295.715374312652,122.5,10.9204469252375
9.52084824184321,3.60096491402651,295.711341475708,123,10.9249707598186
-3.5808608657358,3.57184390009757,295.710435314582,123.5,10.9232693124472
-4.90039093961319,3.56885065190029,295.710034159713,124,10.9209408898707
-28.1728133748762,3.51554332154397,295.7179162984,124.5,10.9075545671237
-7.80396166837815,3.56176750872989,295.718652453158,125,10.9038465118362
30.7221594064358,3.64657748467221,295.711406297798,125.5,10.9184441572977
-5.85789044717255,3.56674532769304,295.710970838936,126,10.9156607784744
-5.47084123527539,3.56756499741173,295.710747916024,126.5,10.9130613062279
-27.131276907708,3.5179374230993,295.718175415042,127,10.9001698699203
-21.7253370967262,3.52990336681841,295.723701827533,127.5,10.8898470679234
23.4380173907412,3.63082196320662,295.717448383774,128,10.9009836505987
-35.805014191007,3.49761290328537,295.728401054723,128.5,10.8839708847969
-27.9495397630944,3.5150813375997,295.736537757484,129,10.8706906505894
-23.50564221746,3.52484609071481,295.742769428354,129.5,10.8595219359526
5.8091927276015,3.59125699792427,295.739719844187,130,10.8622821760365
-23.4469182562706,3.52478589533272,295.745547478187,130.5,10.8511413641117
-13.2744191417823,3.54780125152554,295.747948671394,131,10.8448340189223
-22.0427062561581,3.52744728284018,295.753428318539,131.5,10.8343604188513
-10.0458666473074,3.55467359161948,295.754738733225,132,10.8295871215797
-14.8004509468854,3.54365664977353,295.757506164905,132.5,10.8225546818109
-25.9775359646942,3.51765913186775,295.764584100724,133,10.8102114459413
-39.2307661863988,3.48646776889828,295.777772549399,133.5,10.7915709328055
25.3846189072674,3.63232786877287,295.771263045354,134,10.8036324439149
-7.23092132566758,3.56029442194341,295.771182400115,134.5,10.8001966689592
-21.0307978368075,3.52850697696225,295.776176387189,135,10.7902038775498
-12.9707802600713,3.54675286999708,295.778404736479,135.5,10.7840408064879
-22.0516880354151,3.52562968766491,295.78386266719,136,10.7735629387212
-7.0925367463646,3.55972299774955,295.784192622415,136.5,10.7701929172498
-13.5894466524311,3.54475920058099,295.786468902706,137,10.7637358866216
-5.51258801106755,3.56310278011412,295.78621572603,137.5,10.7611165783791
-21.6486389197106,3.5259343573733,295.791429207973,138,10.7508302195495
9.20148526887971,3.5960085474878,295.78746429176,138.5,10.7552023086952
-48.5572347364419,3.46326838465023,295.80502725143,139,10.7321303205612
1.73260811868601,3.57865286320427,295.803157662807,139.5,10.7329535699528
16.2199893730047,3.61112996997097,295.797517500432,140,10.7406605039325
43.5063611472322,3.66946234722497,295.788855069597,140.5,10.7613325676031
9.53989688369773,3.59750499010545,295.78424411483,141,10.7658654531535
-0.0490835425025171,3.57618195061046,295.782190685872,141.5,10.76584213109
-6.52261981581331,3.56150983678084,295.782063342156,142,10.76274290586
-20.5737818589871,3.52913958392444,295.786795201997,142.5,10.7529672657623
-36.3673465824838,3.49214435242644,295.798418740554,143,10.7356873075157
-3.51014565862173,3.56735399630372,295.797806704648,143.5,10.7340194605013
21.1796534198289,3.62243188526922,295.791433774752,144,10.7440829806963
-15.543827655586,3.54023126386501,295.79405204044,144.5,10.736697325208
-20.7806672580898,3.52788712159376,295.79896046998,145,10.7268233834361
-24.9462823667337,3.51788051750502,295.805584648623,145.5,10.7149701480969
-43.3939685587611,3.47449170981395,295.820752833885,146,10.6943514878064
19.0956211559665,3.61674489587073,295.815093294727,146.5,10.7034247792966
-26.6937783902484,3.51305825006274,295.82202840135,147,10.6907412205722
3.82052369621696,3.58275997553048,295.819285908235,147.5,10.6925565438266
4.92487866500889,3.5853876308854,295.815946969623,148,10.6948966017549
-24.500193429849,3.5180171244005,295.822094427933,148.5,10.6832553257398
2.20416950098895,3.57901398427941,295.819729400542,149,10.6843026376975
7.00506882807804,3.58994166645421,295.815916652866,149.5,10.687631098755
-16.767565535822,3.53584838113481,295.819069799962,150,10.6796639837581
-23.3330855168527,3.52035676457172,295.824975265083,150.5,10.6685772595017
-24.9124660785698,3.51628245978356,295.831606281584,151,10.6567400919844
-23.2484875052185,3.51972565984916,295.837590638124,151.5,10.6456935645047
4.89262259363664,3.58404378976292,295.834506314131,152,10.6480182959487
10.1287955199486,3.5959659007472,295.829937431397,152.5,10.6528309969049
8.05482105723018,3.59156582691283,295.825785807299,153,10.6566582481243
-29.7437122538889,3.50490272505267,295.834092319172,153.5,10.6425255121909
-16.9361600897488,3.53415640187772,295.837701032867,154,10.634478289429
-48.923021644758,3.45921284738403,295.85570922994,154.5,10.6112324975096
-47.6572661615656,3.46117454600232,295.873516335732,155,10.5885881297784
-9.51530174588642,3.54936077434986,295.87478518584,155.5,10.584066930617
-51.2130052656763,3.45175742363843,295.894089979632,156,10.5597330521289
16.6680108514545,3.60780774081808,295.888721185261,156.5,10.5676528636805
1.59565417786639,3.57431943804105,295.885940512088,157,10.5684110393562
11.3283119362714,3.5964118066877,295.881004576896,157.5,10.5737936909836
-26.9655440282907,3.50861054563151,295.888079891902,158,10.5609810027153
-10.7667819731034,3.54588487095517,295.889435794639,158.5,10.5558651622587
-11.2061742894242,3.54474044932266,295.890747622236,159,10.5505405443797
-24.5042017864929,3.51361919672088,295.897033177621,159.5,10.5388973637925
-34.8822235521885,3.48885003114087,295.908065532064,160,10.5223230623057
-3.8076353944862,3.56072414070452,295.907313515513,160.5,10.5205138629327
-4.12569291904686,3.56000995502692,295.906288796185,161,10.5185535384087
5.68970248819662,3.5824455999032,295.902624618832,161.5,10.5212570026609
7.76038075434989,3.58730909587268,295.898384511563,162,10.5249443504609
-6.93037864022048,3.55396459824166,295.898097835536,162.5,10.5216513784739
-16.3010386440565,3.53216328907275,295.901125200757,163,10.513905933903
-17.3675158737619,3.52942735202372,295.904651308386,163.5,10.50565375228
19.5415764668023,3.61327523936528,295.898323218016,164,10.5149389396019
1.33724148817212,3.57283703883184,295.895550333633,164.5,10.5155743303921
-18.2071344520979,3.52776767070967,295.899183839923,165,10.5069232036895
14.8993619491528,3.60323235953288,295.893710290387,165.5,10.5140026410578
3.14154214927144,3.57710054995219,295.890518140977,166,10.5154953459777
21.9039502029755,3.61910832211652,295.883670308404,166.5,10.5259030160585
-2.50620180877065,3.56478110074335,295.881950869493,167,10.5247121933375
-18.7085697370411,3.52729844099212,295.885793045108,167.5,10.5158228094728
-7.9661349056901,3.55191631280993,295.886106022099,168,10.5120376975114
15.2165511368943,3.60443476124708,295.880506178865,168.5,10.5192678474401
-60.7586151256505,3.42854601766157,295.90490503408,169,10.4903983688789
-3.64845596147885,3.56101534727542,295.904440358673,169.5,10.4886648036726
13.8943164866296,3.60078883267106,295.898987151426,170,10.4952666933158
-30.7979284682691,3.49812181616075,295.907628149669,170.5,10.4806330461564
-17.6286352424647,3.52840275493517,295.911382701121,171,10.4722567935683
-26.04308168052,3.508416816285,295.918315539892,171.5,10.4598824136274
-8.08435729362239,3.54989032026789,295.918712749393,172,10.4560411282543
10.4120820745215,3.59208830868048,295.913973363584,172.5,10.4609884329223
-51.7393353718769,3.44762075678516,295.933247165345,173,10.4364044684885
30.8087951209159,3.63633369564526,295.925732734371,173.5,10.451043278942
-16.9735575112588,3.5291556310676,295.928589164185,174,10.4429782867814
-3.67580172879376,3.55976214757048,295.927495918251,174.5,10.4412317282237
-20.1615829206064,3.52142349359492,295.931867828017,175,10.4316519446048
-33.0290854100127,3.49082729993504,295.941890588573,175.5,10.4159581623951
-71.7474576000519,3.39859948735487,295.974125317726,176,10.3818673312475
-28.1083283536038,3.50039153097418,295.98271928505,176.5,10.3685116485823
-21.6373967876082,3.51518077939856,295.987969303546,177,10.3582306314559
-33.4515990444503,3.48691407880164,295.998281297334,177.5,10.3423360917358
5.37661300753488,3.57715367989448,295.994804542922,178,10.3448907914048
10.5045837576633,3.58900287133616,295.9896983534,178.5,10.3498820482819
-6.58629686001936,3.55006643837673,295.989103532856,179,10.3467525668807
19.4465565800878,3.60924962929972,295.982403203952,179.5,10.3559926054681
-37.0219414405552,3.47889903020818,295.993895454073,180,10.3384016162314
-37.0426366885156,3.47812546708493,296.006051063946,180.5,10.3208007936399
-3.07972392930932,3.55735769172179,296.004891179609,181,10.3193374616701
7.94955137649904,3.58271432725698,296.000416466949,181.5,10.3231146939616
14.5280052003531,3.59779260332616,295.994437708912,182,10.3300176810327
11.6258625016226,3.59160017121022,295.989010436148,182.5,10.3355417139217
-20.1155944334052,3.51848974818916,295.993127732542,183,10.3259837817496
2.03991020338514,3.56975813586474,295.990330662912,183.5,10.326953045841
-33.2976800308225,3.48711944237113,296.000181758724,184,10.3111316407974
0.0474650407171264,3.56472502292877,295.99807247711,184.5,10.3111541938291
-21.5108876514612,3.51445371450401,296.002858803101,185,10.3009332875658
28.6667497255069,3.62860238427537,295.994953412456,185.5,10.3145543043535
-13.0612391762646,3.53462532508505,295.996303715396,186,10.308348251704
-3.91009534175402,3.55575749994415,295.995084651645,186.5,10.3064903684489
3.01997289243186,3.57172511616453,295.991844148023,187,10.3079253096913
-20.5541401149789,3.51694855672214,295.99619976646,187.5,10.2981590023756
-32.3894382806917,3.4886043172112,296.005870445082,188,10.2827691487372
15.1196332144365,3.59844565558043,296.000202866455,188.5,10.2899532480791
-19.3224149869432,3.51930271884401,296.003965292996,189,10.2807721954158
13.1359543392129,3.59404812115884,295.998537909993,189.5,10.2870137490028
-6.10791734345629,3.55027357361173,295.997715882101,190,10.2841115698067
-30.0101462405831,3.49400611397782,296.006127727637,190.5,10.2698522376655
-14.1439091839519,3.53091254919652,296.008449504224,191,10.2631317539594
-40.0587958551646,3.46933396538775,296.021766663177,191.5,10.2440978022188
-31.6368980072183,3.48857679160156,296.031380900878,192,10.229065518371
-1.5313936885866,3.55891829995308,296.029634278035,192.5,10.2283378760907
-44.2519549390193,3.45798652641886,296.045037881576,193,10.2073115432527
-35.596032628853,3.47775374277813,296.056612081397,193.5,10.1903980751179
-26.5095014693029,3.49875131517296,296.063914303812,194,10.177802075641
-5.41887824922718,3.54815376026066,296.063222156203,194.5,10.1752272936266
-5.79770239209286,3.54726427449509,296.062401760877,195,10.17247251318
-13.1422355524507,3.52999006692012,296.064046297773,195.5,10.1662279750722
-14.8855745716126,3.52570452543559,296.06639942359,196,10.1591550887815
-19.4966732986166,3.51457375245219,296.070524602539,196.5,10.1498912372166
32.4753311427717,3.63303200517611,296.06188616535,197,10.1653219028804
12.4556981799753,3.5894010120997,296.055943244355,197.5,10.1712402325004
7.33203245570246,3.57803612959418,296.051323952672,198,10.1747240504471
-28.7990103671048,3.49352122256276,296.059041447779,198.5,10.1610401899664
-54.3912245236917,3.43176285286287,296.080408446799,199,10.1351961794165
-28.790908465987,3.49191509610756,296.088924746112,199.5,10.1215161685571
-11.8406517272132,3.53170052456578,296.09032924781,200,10.1158900784877
-32.5712099640687,3.48220111236429,296.100031344391,200.5,10.1004138559664
9.4365474656855,3.58056341872806,296.095295376027,201,10.1048976350023
4.50264791742456,3.5694969087021,296.091305290654,201.5,10.107037069834
-37.6220577028062,3.47001229171328,296.103241856579,202,10.0891609351321
-39.9680264147813,3.46363170026665,296.1168915181,202.5,10.0701701125248
-52.8452450529851,3.43182032800983,296.137695409831,203,10.045060674695
-10.5001792511249,3.53231282250337,296.138916764108,203.5,10.0400715106209
-33.2304257478788,3.47787475086741,296.148952572031,204,10.0242820614749
6.18696559387847,3.57075754332166,296.144887976009,204.5,10.0272218004765
-0.42378055530984,3.55562005133383,296.14216524493,205,10.0270204409881
10.5061443721907,3.58100092349041,296.136703020061,205.5,10.0320124393918
-8.69445996161793,3.53658239838504,296.13651232017,206,10.0278812635092
37.0272918747527,3.63994765199914,296.127092243873,206.5,10.0454747950068
-14.3230337464604,3.5240210435581,296.128633554833,207,10.0386692001982
-8.49348018911189,3.53760132174177,296.128617979833,207.5,10.0346335199293
-15.6183944414863,3.52063304350583,296.131047933788,208,10.027212434005
-22.7590760786253,3.50336108397839,296.136372448298,208.5,10.0163984505465
-19.1471939376062,3.51159923598166,296.140327592533,209,10.00730065423
10.4151006526221,3.58065380906666,296.135090261395,209.5,10.0122493931764
-18.2258848038741,3.51380180264604,296.138321397773,210,10.0035893572372
-8.88208360033012,3.53570680312963,296.138473339219,210.5,9.99936903191296
31.1457893000881,3.62688803117282,296.12963858294,211,10.014167965276
-60.9559647209541,3.41138331525291,296.154401429432,211.5,9.98520471598114
-22.5479265668129,3.50262203622358,296.160230386384,212,9.97449106029173
20.0811721753795,3.60175024813185,296.153050693525,212.5,9.98403263671514
-12.0918681065465,3.52770803401204,296.153881302278,213,9.9782871810897
-6.85658355556201,3.53993629622687,296.153254082651,213.5,9.97502927286465
-23.6929647500656,3.4997944415122,296.158833152613,214,9.96377155185685
-6.50389269775301,3.54032304605469,296.158224413278,214.5,9.96068122482399
-12.2075278830898,3.5267684209863,296.159349260191,215,9.95488081341273
0.798569108549147,3.55727099312524,296.156407829099,215.5,9.95526025382149
-0.502950416181669,3.55432549874475,296.153702406703,216,9.9550212767443
-4.58787936434183,3.54480672697631,296.152232224838,216.5,9.95284134415899
3.57798524035695,3.56389543131955,296.148466121756,217,9.9545414251759
-28.6111997333378,3.48767508487738,296.156063782838,217.5,9.94094680298767
-44.3835943679551,3.4490512787937,296.171843300517,218,9.91985792162611
45.2524589019508,3.6551354475179,296.162192934453,218.5,9.94135964429395
16.2105302793445,3.59273673557402,296.15511678853,219,9.94906208378172
6.1525270127638,3.57009131229046,296.150483748369,219.5,9.95198545927876
11.0427675189926,3.58150908222081,296.144813892472,220,9.95723243437007
13.3700023487729,3.58707705835176,296.138622782972,220.5,9.96358519595579
17.6005475989286,3.59694626680155,296.131615599986,221,9.97194810268964
1.96330181399895,3.56152187429215,296.128102222074,221.5,9.97288096627633
-13.6865165494696,3.52482931012105,296.129631660452,222,9.9663778128505
29.6108065620055,3.62380673345428,296.121130069616,222.5,9.98044739859493
9.5647651986088,3.57953384730811,296.115678471835,223,9.98499210033433
1.75527115641628,3.56174864126594,296.112323514978,223.5,9.98582611807674
23.0216951142586,3.61014701999157,296.10462653475,224,9.99676488506756
-12.3452847696506,3.52926257702318,296.105502674016,224.5,9.99089901842046
-8.78781514573518,3.53744361756456,296.105519246172,225,9.98672348478748
-11.0247579590084,3.5320325337484,296.106248557165,225.5,9.9814850669453
-57.8552952678825,3.41966903826198,296.129234275107,226,9.95399510189363
25.5904277351684,3.61483027921042,296.121803747786,226.5,9.9661544031441
8.48528616661549,3.57683469642519,296.116616897155,227,9.97018619002019
29.8624698899872,3.62488911221123,296.107928659448,227.5,9.98437535368846
-7.51224307607684,3.54048096517932,296.107128212246,228,9.98080590859852
14.6477744730498,3.59157278937187,296.100981243991,228.5,9.98776580408405
-0.478259922112494,3.55715471555032,296.09821368916,229,9.98753855870429
-30.0072690933176,3.48730447624627,296.10632174643,229.5,9.97328059364073
-4.97168793808799,3.54614177451367,296.105332937983,230,9.97091829426894
26.266529172581,3.61727241398422,296.097257223117,230.5,9.98339884536871
38.6926891975232,3.64459786305966,296.087727486804,231,10.0017836910232
-13.4407080990689,3.52755011277239,296.088860869662,231.5,9.99539733357393
27.1673626123608,3.62024796534908,296.080854819879,232,10.0083059160174
-3.15933188473408,3.55202142554887,296.078781608791,232.5,10.0068047582981
-17.1849781289627,3.51899740079434,296.081633345101,233,9.99863930955235
33.3284085361869,3.6338144373779,296.073018976013,233.5,10.0144753152567
-11.0455688117086,3.53389275760735,296.073381013069,234,10.0092270091301
-20.5961713165062,3.51111050398743,296.077621254727,234.5,9.99944073067334
-14.2848063368104,3.52567126057342,296.079619855606,235,9.99265329963267
37.792776423696,3.64325538692093,296.070598745295,235.5,10.0106105513982
-33.6908716253894,3.4801020487257,296.080002776894,236,9.99460232122229
-14.0488296078546,3.5261410607413,296.082071795497,236.5,9.98792701461209
4.08209235167391,3.56828949295636,296.078411636103,237,9.98986662231032
4.1625697871753,3.56859373042007,296.074554148939,237.5,9.99184446889194
1.86570968439549,3.56340538601535,296.07129532923,238,9.99273096154198
-7.44795168127005,3.54177023515589,296.070763456068,238.5,9.98919206453218
-39.1409562577775,3.4663170241699,296.083242796579,239,9.97059422461739
-4.51718156315388,3.54780152094769,296.082267078589,239.5,9.9684478841186
-15.0207871220903,3.52302492467469,296.084366962126,240,9.96131075153423
8.90187043143136,3.57860811540574,296.079558157707,240.5,9.9655404785786
5.15083382143793,3.5702104861923,296.075405340291,241,9.96798789918345
-45.5824639226108,3.45013324732619,296.091115281867,241.5,9.94632937450737
-4.49892072762026,3.54709546731538,296.090212525733,242,9.94419171065137
-18.3141571417897,3.5144285871694,296.093540733242,242.5,9.93548973207798
-12.8742693363655,3.52702506844618,296.095029443393,243,9.92937251821737
-27.2722130860232,3.4925117950884,296.102116167458,243.5,9.91641411603231
-26.624705814865,3.49354408979329,296.109106767456,244,9.90376337716783
-9.37733887517942,3.53414803808593,296.109495151212,244.5,9.89930773111569
-23.7613188488243,3.49978445203662,296.11507262415,245,9.88801753163246
-29.0729830383271,3.48660656079245,296.123119889731,245.5,9.87420349293521
24.1322947068844,3.61026202642824,296.115497577777,246,9.88566996173529
1.75317246534253,3.55982328435964,296.112005502762,246.5,9.88650298228386
6.75482826490222,3.57151162056995,296.107444362164,247,9.88971254144473
-9.732802771221,3.53315177619654,296.107575640827,247.5,9.88508799659026
25.9189971355221,3.6148566575256,296.099557283784,248,9.89740341771343
1.27471899346961,3.55942667407188,296.096210940086,248.5,9.89800910091699
-9.7159878011632,3.53371666424788,296.096394280354,249,9.89339254570179
-28.39689601742,3.48904090695566,296.103919194777,249.5,9.87989975000383
0.925125233015601,3.55805083548386,296.101205217448,250,9.88033932360217
-12.9448555063561,3.52548266302199,296.102502769296,250.5,9.87418857069665
-32.779184758062,3.47781408042214,296.112078610208,251,9.85861352887466
1.8563486397234,3.5595313319407,296.109153028164,251.5,9.85949557362084
-5.15298020690058,3.54321519310031,296.107863581697,252,9.85704713316014
18.9024736955833,3.59864807048763,296.100870506751,252.5,9.86602865056275
-22.1408213913092,3.50326219269393,296.105483448053,253,9.8555084310488
-3.96851358505089,3.54601692343381,296.104095926672,253.5,9.85362279034375
-4.44346555435661,3.54488157849453,296.102654128575,254,9.85151147603393
-40.8649092988713,3.45773780971658,296.116107885243,254.5,9.83209449919087
1.45553656357212,3.55793706278192,296.113388118322,255,9.83278609793008
-61.1762237657415,3.4077890828224,296.138411790331,255.5,9.80371819246826
-4.24011018364335,3.54353780341263,296.137592507103,256,9.80170350253843
7.0504211139374,3.56992575942538,296.132950367321,256.5,9.8050535127514
-16.6759711805092,3.51420650150801,296.135532750348,257,9.79712991884643
11.919784211883,3.58109816401703,296.129922150435,257.5,9.80279360874535
10.0106080780968,3.57700742918807,296.124458570152,258,9.80755015289466
-35.6015253448476,3.46901425933613,296.135148896854,258.5,9.79063407489377
-41.3665530311077,3.45432170777334,296.149284181901,259,9.77097874184488
-26.0830925005904,3.49044855132757,296.156245744027,259.5,9.758585350748
-22.142118804816,3.49947441282006,296.161349770989,260,9.74806451476754
-9.06145281706112,3.53044059154046,296.161514054783,260.5,9.74375896209332
7.39578105031056,3.56905268571228,296.156777216453,261,9.74727307020843
41.7885426962988,3.64573353544966,296.146825083703,261.5,9.7671289118036
-16.6032248977221,3.51352676229899,296.149055931117,262,9.75923988332195
-14.9259809902274,3.51725608194385,296.151192990548,262.5,9.75214779790637
32.6688111441968,3.62650868613997,296.142247935281,263,9.76767039566471
-10.4073759150632,3.52854093038149,296.142320358911,263.5,9.76272532713019
-8.59051185791048,3.53270090506667,296.142177427134,264,9.75864354222776
-29.6560345467018,3.48206938139556,296.150249374284,264.5,9.74455246638959
-42.2967275117133,3.45084215950166,296.164773663853,265,9.72445516059047
-8.85426500951289,3.53062984570753,296.165098902393,265.5,9.72024805328002
-29.5300530740374,3.48081723727829,296.173162496663,266,9.70621683758542
9.08731131416694,3.57218446262606,296.168228373505,266.5,9.71053467693415
-22.9429684171465,3.49647337883912,296.173240130036,267,9.69963331696271
-27.8112203682171,3.48428140785162,296.180699436348,267.5,9.68641880526717
-19.3456454736908,3.50422771443543,296.18466461615,268,9.67722671462947
16.5087093388626,3.58838300232186,296.177999278392,268.5,9.6850708340082
-37.0722557981667,3.46138553441415,296.189407677295,269,9.66745593788574
-0.860703522355552,3.54781381569578,296.187129097846,269.5,9.66704697428717
-30.0048352370305,3.47789485223435,296.195336941689,270,9.65279016567133
-37.7897325871079,3.45835089506178,296.207652796802,270.5,9.63483436018591
6.98958740682184,3.56513884054976,296.203239207785,271,9.63815546524033
-6.59501565026849,3.53331658172208,296.202198865176,271.5,9.63502184110271
3.43105094808619,3.55699293611301,296.198335677073,272,9.63665210623603
-33.7716781295227,3.46777305304409,296.208270266734,272.5,9.62060548081967
-15.0958247970534,3.51242524655741,296.210650431154,273,9.61343269405615
-3.72307051498848,3.53943715741652,296.208919710981,273.5,9.61166367571707
-1.74364096156004,3.54414656439071,296.20646839632,274,9.61083518406606
-22.2345008130369,3.49499696811443,296.211289637793,274.5,9.60027045274006
6.36868101060799,3.56293239178863,296.206821270251,275,9.60329653388953
34.5670446685156,3.62687631160334,296.197218414891,275.5,9.61972107801253
-16.372205236256,3.50984411415543,296.199362904768,276,9.61194181860888
16.0743590565166,3.58604998703718,296.192708418561,276.5,9.61957955628951
-38.6201782373091,3.45595721080285,296.20485674994,277,9.60122916424472
16.8948388254126,3.58762383840313,296.198298034851,277.5,9.60925675319252
6.59326014254614,3.56423385240923,296.19340419722,278,9.6123895432
-13.6349897473112,3.51645855933255,296.194760266639,278.5,9.60591087275337
-2.1363471881121,3.54369142063926,296.192538966709,279,9.60489578659284
1.40358424636056,3.55207312153992,296.189188267527,279.5,9.60556270016923
14.718222132053,3.58311417150841,296.182647716061,280,9.61255606888611
5.68307807327542,3.56254290798514,296.178037258929,280.5,9.61525638554505
14.1830192056511,3.58237496192445,296.171603093934,281,9.62199545239253
-8.99777198824783,3.52835371504429,296.171293323815,281.5,9.61772015768779
-37.1202662778483,3.46023239746049,296.182889704293,282,9.60008244936806
-12.5506213320273,3.51899949574649,296.184366268783,282.5,9.59411901697701
-23.0221672614471,3.49352970538903,296.189596363868,283,9.58318002564527
-2.49027321697035,3.54241747641502,296.187601492395,283.5,9.58199677140059
14.8229017944765,3.58285857995413,296.181076350422,284,9.58903987869798
3.28967773160963,3.55643304385267,296.177081704522,284.5,9.59060297029495
-0.0173999924067303,3.54877084778606,296.174103803218,285,9.59059470268209
8.67200459844446,3.56917405727192,296.168927066006,285.5,9.59471520889047
-13.0437048568111,3.51803080763454,296.170075044485,286,9.58851748767934
-34.7025635101109,3.46533575231909,296.18055966139,286.5,9.57202855172838
9.9572867485874,3.5715664606313,296.175460893702,287,9.57675976022815
-17.1080521441072,3.50763543907014,296.178103683969,287.5,9.56863086289272
3.10401206042642,3.55555001069736,296.17448343258,288,9.57010573537701
-0.119555862156007,3.54807737943994,296.171543279016,288.5,9.57004892836467
-77.8679878342474,3.35887286475759,296.208027954601,289,9.53304992500129
-22.2352491488919,3.49349954147152,296.213855836581,289.5,9.52248483810324
-24.2004631635217,3.48832052025149,296.219716496182,290,9.51098597903565
12.0563526352549,3.57442428435328,296.213905968521,290.5,9.5167145594717
-7.76125678334749,3.52799138764455,296.213160609794,291,9.51302679542619
-15.2187210386869,3.50995282496694,296.21524075407,291.5,9.50579561446777
-0.366472007103336,3.54531126657359,296.212479966415,292,9.50562148515738
-29.5424844995758,3.47493623335096,296.220448315638,292.5,9.4915843626663
-4.14706222931529,3.53586211295337,296.218984195203,293,9.48961388450656
-4.54445400009332,3.53490871789961,296.217354546042,293.5,9.48745458549922
-11.8035127603378,3.51746482859479,296.218155445466,294,9.48184614202371
-21.8875773305048,3.49284229019687,296.222917444213,294.5,9.47144625151939
2.4097183789805,3.55089872445362,296.219440012229,295,9.47259123010287
34.0765947221217,3.6232755738944,296.209865040096,295.5,9.48878273675154
20.0067221234249,3.59257323832449,296.201995512264,296,9.4982889382051
1.28686852011502,3.54957753043487,296.198443347405,296.5,9.49890039426077
-3.6875487297868,3.53785224099562,296.196510690309,297,9.49714825411113
-12.7870544083507,3.51602075301511,296.197647549577,297.5,9.49107248045598
-6.3823063108792,3.53119281120133,296.196710465975,298,9.48803992524003
-15.2278389878934,3.50984143628247,296.198775764822,298.5,9.48080441188466
-34.0363038328607,3.46375456148878,296.208993336474,299,9.464632049467
32.21805615334,3.61931821516066,296.200066475954,299.5,9.47994047082388
6.63948319463218,3.56181435524877,296.195026500791,300,9.48309522373174
-5.03542755249779,3.53438432634854,296.193464002777,300.5,9.48070263845847
21.8984437665544,3.59707649758358,296.185672880961,301,9.49110769215392
-30.4828539331307,3.47329347219717,296.193796773332,301.5,9.47662375277696
-17.2605494651397,3.50484873413248,296.196902109923,302,9.46842239628276
-9.54812978188816,3.5231575035835,296.19706160658,302.5,9.4638855988678
-21.5724487074062,3.4939268052441,296.201645645039,303,9.45363544184588
16.2642524478989,3.58344651803648,296.194989803563,303.5,9.46136340744201
-12.3187046329102,3.51637265105721,296.195779053453,304,9.45551017035675
6.22866955996485,3.56034900222351,296.191249777284,304.5,9.4584697250134
18.0743465931222,3.5879506305321,296.18400394726,305,9.46705775751546
-24.1381513938125,3.48816044601648,296.189375352593,305.5,9.4555885059084
10.0240300555161,3.56937637910015,296.184096483065,306,9.46035142751527
29.8234332706142,3.61459029080261,296.175093229856,306.5,9.47452204291933
-29.6854951985034,3.47516687336304,296.182781167156,307,9.4604169688415
-0.156775408654433,3.54580948991571,296.180178835491,307.5,9.4603424769478
-2.02533377016191,3.54142245032753,296.17779328839,308,9.45938013885408
-25.2626575421644,3.48540277406988,296.183834355065,308.5,9.44737657773266
39.6794821713097,3.63582206594589,296.174271605307,309,9.46623029843543
2.39399204694861,3.55229432726759,296.170327559838,309.5,9.4673678046464
-1.02199868889235,3.54430584643226,296.167639357851,310,9.4668822015895
-12.4479535886699,3.51701406190582,296.168645827149,310.5,9.46096755181487
13.1348579948014,3.57726523000301,296.162621872145,311,9.4672085844734
28.7432901987021,3.61288231569063,296.153824498973,311.5,9.48086596949534
28.5984630896474,3.61311338987684,296.144978302532,312,9.49445453986259
-8.81158395351168,3.52711835448662,296.144499243475,312.5,9.49026771247177
8.0319170673881,3.56675305859329,296.139635644778,313,9.49408408085185
-16.6937362099756,3.50822182523026,296.142111955039,313.5,9.48615204588653
18.3833785955345,3.5904761757698,296.135226277392,314,9.4948869150594
-0.998558284253027,3.54584078580402,296.132458210298,314.5,9.49441244971946
-3.83332044620425,3.53913113558136,296.130698168169,315,9.49259104608458
5.07656818655206,3.56009787730061,296.126527497373,315.5,9.49500317934542
-16.8025217156835,3.50816438622028,296.129095438278,316,9.48701945490662
13.1456736784388,3.57867077403764,296.123238298065,316.5,9.49326562664125
-40.7374990370289,3.44998120795042,296.136371017182,317,9.47390918883145
-31.4983382645137,3.47164763729631,296.145640820068,317.5,9.45894274169697
-14.0811147279787,3.51328226910811,296.14761901749,318,9.45225209479995
-40.7224730959706,3.44815619990714,296.161117921857,318.5,9.43290279657163
7.51928255073107,3.56365638980747,296.156698759695,319,9.43647558647057
-13.7430104640511,3.5132854089808,296.158122525804,319.5,9.42994558994022
-8.81986227739592,3.5249095263169,296.158053398629,320,9.42575482910073
-12.0784503453235,3.51694836154118,296.15904961633,320.5,9.42001574892952
1.72471304222623,3.54973775302475,296.15577008143,321,9.42083524697262
-30.8972416943596,3.47110564227793,296.164322461661,321.5,9.40615441109687
-1.97690556886288,3.54048999872773,296.1623042672,322,9.405215083681
-0.271640025598153,3.54456847771957,296.159469199553,322.5,9.40508601382187
23.0354503914479,3.59868007173545,296.151540551629,323,9.41603131663776
-41.0553966939358,3.44625213873571,296.164863244542,323.5,9.39652382963812
26.7997148460593,3.60690323935838,296.15684330097,324,9.40925772410883
-44.3708576856434,3.43790927951382,296.171882558565,324.5,9.38817489458661
-29.0459350820835,3.4745542034602,296.180136247448,325,9.37437370773583
-6.71947651597035,3.5282099271947,296.179529656723,325.5,9.3711809459716
-31.6845610686472,3.46742322691203,296.188558235029,326,9.3561260150025
-22.6508885285528,3.48891547227882,296.193888497391,326.5,9.3453634368987
18.2331484705958,3.58588412340625,296.186873870991,327,9.35402692417187
4.1758671283588,3.55358634940754,296.182583790336,327.5,9.3560110889901
-13.9878473341803,3.51023222542089,296.184105287329,328,9.34936475812991
-46.2005079134568,3.43100231504011,296.200632068048,328.5,9.32741256962185
33.8778004483139,3.6205575288886,296.191691332893,329,9.34350961909743
1.96958239399673,3.5481946716103,296.1878545148,329.5,9.34444546690404
-11.4508837099899,3.51614282089365,296.188470097355,330,9.33900457525289
10.7424617172277,3.56875233578025,296.182870776262,330.5,9.34410885993086
20.6587482860945,3.59185747742002,296.175145470226,331,9.35392487185796
-26.3741373429268,3.48044603663647,296.181454512272,331.5,9.34139319069606
-3.84542931693211,3.53453459981214,296.179892087686,332,9.33956603352675
28.8324586087659,3.61022750088954,296.171129221164,332.5,9.35326578695189
-21.3892099706316,3.49276962254086,296.175268161126,333,9.34310269588385
-16.48818729481,3.50427947279264,296.177974485466,333.5,9.33526832756198
25.1596756038007,3.60198221784355,296.169839457904,334,9.34722295677711
-5.28530729555672,3.53160956715965,296.168225028086,334.5,9.34471164105105
-1.21167035462989,3.54127653789848,296.165664003695,335,9.34413591543166
11.6610547807668,3.57159356483872,296.159827150853,335.5,9.34967666994522
18.6923046647309,3.58805963464102,296.152520933326,336,9.3585583254547
-13.9886521744133,3.51133944137692,296.153908392001,336.5,9.35191161217437
-10.743356879565,3.51891945714008,296.154472962618,337,9.34680690215968
-9.59771458986005,3.52149881370447,296.154617012687,337.5,9.34224654450478
-13.9060542060868,3.51094035776729,296.15625855201,338,9.3356390776798
13.4579285672744,3.57566602301037,296.150198656829,338.5,9.34203361744093
-17.3104738529374,3.50277919140923,296.152885979002,339,9.33380853935532
-11.4061332933095,3.51675877233831,296.153732851221,339.5,9.32838891088127
-8.08290596347433,3.52458238608303,296.15339285469,340,9.32454831510827
-16.9299501125064,3.50306558351259,296.1561588807,340.5,9.31650404301936
37.4217646609817,3.62897154330348,296.146750088049,341,9.3342850084079
1.56599299579004,3.54804582551859,296.143096889679,341.5,9.33502909056193
-27.481693294013,3.47798049390692,296.150074880095,342,9.32197115377816
-23.3438321913103,3.48753197559216,296.155616028607,342.5,9.31087932323543
-36.5345155650791,3.45469861354623,296.1671472781,343,9.2935199345846
-0.443728787027201,3.54173623022352,296.164740392581,343.5,9.29330909668651
33.3140615418858,3.61939924336836,296.155477844777,344,9.30913828541116
1.39276323244254,3.54689021632545,296.151879174667,344.5,9.30980005737875
-5.88494830002327,3.52959513759695,296.150695224116,345,9.30700382200653
-3.41459325859426,3.53543823395622,296.148826782033,345.5,9.30538137675049
3.08281000991199,3.55087275701647,296.145103449082,346,9.30684617507259
-34.2948519465021,3.46043958761976,296.155228135446,346.5,9.29055096342262
-36.5507291546515,3.45414502748469,296.166911040453,347,9.27318387087869
-1.54006947932854,3.53866945308975,296.16482155159,347.5,9.27245210629314
17.6412064327764,3.58370607150027,296.157776416118,348,9.280834332087
-32.107035446762,3.46482318506006,296.166753017669,348.5,9.26557866226011
0.192529554316195,3.54265807715933,296.164105644007,349,9.26567014274941
10.7615539971493,3.56766151578808,296.158440195798,349.5,9.27078349913128
-5.70898363784063,3.52887476323102,296.157110066595,350,9.26807087343371
-13.1501527725549,3.5108350482256,296.158453169542,350.5,9.26182257345584
-21.17027464532,3.49106537353763,296.162953537307,351,9.25176350958901
1.31519360963158,3.54502379519326,296.159869416372,351.5,9.2523884243215
-2.52964380713748,3.5359314202023,296.157655132592,352,9.25118646312625
-1.33732836154129,3.53878896869696,296.155132022885,352.5,9.25055103105817
-30.9859088461002,3.4666891966766,296.16379208649,353,9.23582806495232
-43.0269705660296,3.43628041269226,296.178838081861,353.5,9.21538378389451
-33.1534587079893,3.45977160411231,296.189072460015,354,9.19963090566609
-13.8358285545683,3.50658666130792,296.190989686927,354.5,9.19305680658553
-7.16365940869725,3.52258598263357,296.190347863747,355,9.18965299115472
-26.7526492949456,3.47459277446205,296.197203473232,355.5,9.17694145989812
-10.2821424158025,3.51446381811274,296.197762708624,356,9.17205589610733
6.74907300954556,3.55523315080869,296.193051092961,356.5,9.17526272065648
-13.2774805776362,3.50725552321988,296.194313410491,357,9.16895392082471
12.5570260519281,3.56890605765571,296.188295201969,357.5,9.17492039642079
-10.8246051870539,3.51336752840892,296.188627340511,358,9.1697770812426
20.9595316892384,3.58850400945681,296.180993765101,358.5,9.17973601051551
-36.5021184627358,3.45057996309652,296.192139166874,359,9.1623920153599
21.8771216518649,3.59042346680281,296.184643933596,359.5,9.17278693784463
-1.78151174074063,3.53540060276964,296.181977108315,360,9.17194045187882
-18.0741487244664,3.49586818701713,296.185120586908,360.5,9.16335251339413
-24.4963161394009,3.47974519026747,296.191084603407,361,9.15171307967508
-9.35626011418849,3.51635687836408,296.19129044609,361.5,9.14726744920405
-36.8637271418781,3.44849935333585,296.20294816746,362,9.12975163555014
22.1371264695596,3.59007669294751,296.195366557836,362.5,9.14027009942065
-13.8757137368063,3.50504870566662,296.196699791917,363,9.13367704888093
-11.4839864419102,3.51065680431292,296.197514058241,363.5,9.12822042845439
-40.8571571055675,3.43793424139662,296.211258329387,364,9.10880713506886
-6.48742794875814,3.52184280057236,296.210692699459,364.5,9.1057246312676
-5.48816601617745,3.52420845095369,296.209393013571,365,9.10311692714502
-22.310469376897,3.48297597458791,296.214313265525,365.5,9.09251609932767
20.5320359038066,3.58537769155459,296.206777427741,366,9.10227190381923
-57.2396133368459,3.39609887137549,296.229629296014,366.5,9.07507448026595
4.5301028120274,3.54727727383245,296.22600207329,367,9.07722696030094
14.6208633388663,3.57127068250342,296.219267816522,367.5,9.08417406895106
-7.17815765695898,3.51961354439168,296.218290584399,368,9.0807633646722
-3.35645706518122,3.5287963171059,296.216302746836,368.5,9.07916854285006
-8.6538926282067,3.5159366524848,296.215993222817,369,9.07505664255107
-41.9192554663082,3.43352410689807,296.230286125287,369.5,9.05513869273464
-0.696036762257454,3.53430496118684,296.227896413905,370,9.05480797060834
-18.5198929879982,3.49085207253176,296.23119902036,370.5,9.04600823657114
44.8974120052894,3.6383818693887,296.220905069997,371,9.06734125857407
-23.8985361409172,3.47833426336253,296.226021016069,371.5,9.0559858602435
-0.217567093946927,3.53578728829349,296.223258716201,372,9.05588248315794
-28.0597618291066,3.46760238757253,296.230589420248,372.5,9.04254987689487
-18.9327266712624,3.48963778897327,296.234343029394,373,9.03355398477962
-5.99892404331976,3.52101169081355,296.233292787327,373.5,9.03070359379061
-18.5626356101621,3.49014966393229,296.236652630152,374,9.02188355058061
-35.7987941078786,3.44695434969149,296.247924502042,374.5,9.00487374025364
6.91218428672784,3.55108625460033,296.243335090226,375,9.00815806718678
14.8066608339996,3.56994181894225,296.236482573545,375.5,9.01519345758577
-22.3380190587821,3.48040779026782,296.241183773136,376,9.00457953952683
3.73831761070127,3.54370749554364,296.237267004369,376.5,9.0063558025291
-10.7369620230653,3.50875109158239,296.237578243899,377,9.00125413103286
-7.57430957278084,3.51632686423606,296.236950325164,377.5,8.99765519502394
-18.1452751762818,3.49025631981974,296.240160542924,378,8.98903346077923
-14.065926876913,3.49999493447139,296.241918165736,378.5,8.98235003039529
-7.52436553383542,3.51581642644904,296.241311185567,379,8.97877482531504
-6.47398697847884,3.51829613334359,296.240285981542,379.5,8.9756987079958
33.2922797123135,3.61147905392623,296.230698961746,380,8.99151754707602
43.2187352179617,3.63390339201943,296.220069792,380.5,9.01205294517948
10.1047029603274,3.5597796432757,296.214045871163,381,9.01685419854705
-24.055741116404,3.47705801255747,296.219470842231,381.5,9.00542410421394
26.0959596712903,3.59664300507372,296.211092819729,382,9.01782360915177
-47.2101478931727,3.41949150633319,296.227848135933,382.5,8.99539168983206
-12.5491325495917,3.50459199958259,296.229388132169,383,8.98942896483654
-14.2104928711973,3.50029650735586,296.231111276459,383.5,8.98267684386668
-3.30915825217747,3.52668970319296,296.229144918223,384,8.98110449609312
25.4914970287486,3.59455356824081,296.220576126203,384.5,8.99321679038166
-5.69923135611885,3.52147618454986,296.219003235727,385,8.99050879848437
-22.3405131241521,3.48052271115464,296.223868195494,385.5,8.97989369536933
0.136651160839859,3.53512432017916,296.220980024451,386,8.9799586252192
-6.10389730487284,3.52006285276446,296.219763450509,386.5,8.97705835614594
6.92805794693155,3.55138515098787,296.214889154678,387,8.98035022545462
1.7499180268035,3.5391934874369,296.211260361713,387.5,8.98118169965551
-7.6734549467823,3.51645832223937,296.210557801154,388,8.97753565468528
-12.3317058571968,3.50494743584885,296.211566005732,388.5,8.97167624006348
13.5369078270776,3.56698324909457,296.205265852164,389,8.97810830684926
5.6238294558743,3.54857911743355,296.200572619572,389.5,8.98078047150562
-7.05807636608194,3.51815189094714,296.199647837593,390,8.97742682389675
-33.2122897452198,3.45343302103433,296.209450343859,390.5,8.96164599207912
-35.1296084991587,3.44791358901775,296.220526721574,391,8.94495414554288
-12.2822524497786,3.50390634636595,296.221847739855,391.5,8.93911822872599
-10.7243858696767,3.50753648791178,296.222340991393,392,8.9340225327937
13.1620099021566,3.56491788257219,296.216060452116,392.5,8.9402764666911
19.6029299196378,3.58027012179281,296.208318923531,393,8.94959080612893
-0.646742691495448,3.53275246823065,296.205277434582,393.5,8.94928350609867
8.16465505120136,3.55390640872144,296.200082718476,394,8.95316294498109
-27.0281706910788,3.46818378386586,296.20687231394,394.5,8.9403204996307
1.91722563916147,3.53868071785577,296.203575262281,395,8.9412314701058
3.63965856244499,3.54291187053098,296.199505667642,395.5,8.94296085522462
6.6755880690667,3.55029570979592,296.19464805768,396,8.94613276337699
9.24944097269514,3.55659559690446,296.189156518896,396.5,8.95052763869323
1.24307684468106,3.53770284270846,296.185705426076,397,8.95111828711804
-33.9004425776916,3.451284516375,296.19576553971,397.5,8.93501047922628
3.7167052327399,3.54306475321437,296.19209029698,398,8.93677647309914
-15.3545310462448,3.49676426977882,296.194136047983,398.5,8.92948076196516
-24.3773716316491,3.47412898081561,296.200034975303,399,8.91789784477318
7.94935520670979,3.55260489520556,296.195156201595,399.5,8.92167498385446
-11.5466744314676,3.50561614891699,296.195772265949,400,8.91618857720639
4.10694233188627,3.54346265851339,296.191732788938,400.5,8.91813999238196
32.9218787303152,3.61044044835696,296.182286430679,401,8.9337828352979
14.2598325416976,3.56838984475521,296.175527454026,401.5,8.94055840003055
-19.4523464940759,3.48722539139685,296.179066943512,402,8.93131561036334
25.9571902123536,3.59538243694386,296.170780409385,402.5,8.94364917894118
25.4390740341564,3.59473181195239,296.162194908597,403,8.95573656442435
-10.6512908557087,3.50970606096724,296.162364815691,403.5,8.95067559961512
8.48847427005371,3.55566682789211,296.157312187358,404,8.95470890131974
-11.9488917383986,3.50654627499746,296.158087848344,404.5,8.94903138096878
-6.09199694603731,3.52062197215289,296.157097402214,405,8.94613676635544
0.428925820913738,3.53631339148569,296.154089717323,405.5,8.94634057061868
-6.3237363449961,3.52001333878161,296.153057966627,406,8.94333584494379
-46.5589994368199,3.42014721581962,296.169780666919,406.5,8.92121331905515
-23.2544369307244,3.47728814530225,296.175603659984,407,8.91016396470372
-0.577986826518496,3.53248920598265,296.173037319728,407.5,8.90988933404826
-28.6246602634007,3.46349924606185,296.18068409723,408,8.89628831608416
14.5564636495201,3.56808042688672,296.174429722398,408.5,8.90320482519795
-12.1321368060259,3.50417542422103,296.175225670282,409,8.89744023588498
27.4390118721739,3.59796111570886,296.166641327231,409.5,8.91047789257527
-2.20092932952314,3.52885855724635,296.164082377546,410,8.90943212018625
-1.3520688994175,3.53091093617604,296.161533396974,410.5,8.90878968414612
14.9894313657667,3.56985236960111,296.154963295147,411,8.91591191803121
21.6153808244627,3.5855623381208,296.147079234277,411.5,8.92618247426451
-5.60400050044826,3.52146480890577,296.145643358254,412,8.92351973134369
11.3580874137689,3.56204024573574,296.139928153968,412.5,8.9289165308002
-10.7679753749067,3.50905552811627,296.140299566444,413,8.9238001232983
32.2729033343548,3.61016139518772,296.13130169629,413.5,8.93913460531363
-62.9902090181773,3.37949471412734,296.157482892697,414,8.90920478408485
-37.014089542951,3.44316615004651,296.169889348555,414.5,8.89161752568018
18.5828300437532,3.57779808916789,296.163003026796,415,8.90044716428281
15.5207213527405,3.57107784507639,296.156146891193,415.5,8.9078218408027
-13.6268210757938,3.5013444859014,296.15747030154,416,8.90134705170338
-18.3211509812696,3.48951399682801,296.160856964631,416.5,8.89264175000455
-24.2052856192321,3.47456430816164,296.166720006935,417,8.88114059954534
-23.8200806689752,3.47502313564377,296.172499114121,417.5,8.86982247936143
28.6309768712698,3.60022548801773,296.163891854432,418,8.8834264986641
-1.83144563311233,3.52930614997291,296.161214782,418.5,8.88255628659077
-42.6099584903123,3.42830516086865,296.175768621888,419,8.86231014897575
3.20610438118818,3.54063813287065,296.172379270411,419.5,8.8638335306642
-21.9974187131354,3.47902018992094,296.177093245176,420,8.85338144898609
-32.1613932899907,3.45320997825106,296.186629894928,420.5,8.83809995100979
-0.212696572884083,3.53150417826211,296.18403874597,421,8.83799888815412
-10.2585223060142,3.50703638625806,296.18430059675,421.5,8.83312454746727
-23.5569794709507,3.4739261189539,296.189828570261,422,8.82193143991539
26.6514805439417,3.59430433828479,296.18139329458,422.5,8.83459490080234
-9.77266902556037,3.5082759669995,296.181250739023,423,8.82995141348229
-11.1308999999496,3.50477848966156,296.181913583485,423.5,8.8246625622099
8.2449666431231,3.55161899746696,296.176848105896,424,8.82858016117508
-9.10065776445692,3.50982480955387,296.176635986114,424.5,8.82425598025554
-33.7482312263614,3.44838490228736,296.186802689534,425,8.80822049564393
10.2439799656386,3.55584064851999,296.181514221142,425.5,8.81308792653235
-27.5475715238192,3.46350381649658,296.188592700593,426,8.79999868768323
-11.717248881163,3.50231200498889,296.189670593318,426.5,8.79443123252198
-8.02596929981817,3.51121311320239,296.189285943419,427,8.79061769022587
-8.38720317477255,3.51021687144543,296.188985913381,427.5,8.78663250751982
-1.52200682330363,3.52689898102378,296.186504288969,428,8.78590932541198
22.9000471816618,3.58491424641982,296.178398628244,428.5,8.79679029134242
-60.0269178222633,3.38116877400178,296.203083472501,429,8.76826847902685
37.5081704943116,3.61732006414732,296.193861814999,429.5,8.78609050017921
-26.8156816106703,3.46457649050619,296.200371599133,430,8.77334901909437
-16.4544620415882,3.48986684155599,296.203175636488,430.5,8.7655306753391
38.9386730405771,3.62053115996923,296.193297645615,431,8.78403240030804
-9.34020734952586,3.50808961399464,296.192887655319,431.5,8.77959439731411
-29.2595251814409,3.45839335360458,296.200899599837,432,8.76569172304822
29.1230616086922,3.59874687951596,296.192172920751,432.5,8.7795295565968
34.646408234807,3.61175740104046,296.182347394575,433,8.79599181034782
-19.5032116751195,3.48373403990656,296.185732380593,433.5,8.78672485207095
0.875448005229755,3.53339551297456,296.18266261959,434,8.78714082151604
-30.404023530885,3.45617716993754,296.191070651873,434.5,8.772694338434
-12.305480984731,3.50060401805303,296.192356002332,435,8.76684738457009
-5.99218141684103,3.51592311633869,296.191276628925,435.5,8.76400019734255
-25.0683524902715,3.4685618459379,296.197380050584,436,8.75208896033876
26.2226838652627,3.59195007042343,296.188998819109,436.5,8.76454867832445
-10.3538761816526,3.50527208254795,296.189034429196,437,8.75962903020814
-10.1812875664745,3.50552047575663,296.189343177106,437.5,8.75479138763649
-39.4333743883016,3.43224039990111,296.202371445726,438,8.7360546051383
-20.4711169121345,3.47899127258987,296.206936162772,438.5,8.72632774632827
12.1429102918319,3.55832330855501,296.200994683373,439,8.73209745466702
-2.93102616644821,3.52230591651363,296.198704197236,439.5,8.73070477649456
-19.6170726457545,3.48106620048979,296.202494073163,440,8.72138371713515
-31.8924591909508,3.44988756678051,296.211903357198,440.5,8.70623000329597
-15.5065928882486,3.4902737951818,296.214409938311,441,8.69886203992124
-14.997673500483,3.49126482640109,296.216530318944,441.5,8.69173588978277
29.0446348489115,3.59656872740556,296.207552123862,442,8.70553645882728
17.2171582323757,3.56985463844627,296.200111973551,442.5,8.7137171979611
-26.4306967475453,3.46361396600333,296.206604055556,443,8.70115864257707
-37.7375296191248,3.43454422097085,296.218988198782,443.5,8.6832276413513
-10.7076563650593,3.50151347078766,296.219786978897,444,8.67813989444935
-33.6313563907829,3.44389077847805,296.229969584048,444.5,8.66215994295932
10.3109394395816,3.55195383731475,296.224527255963,445,8.66705918966667
-31.4551709987198,3.44899086221575,296.2334485336,445.5,8.65211325347457
-24.3386272771267,3.46626797910279,296.239572763802,446,8.64054874567704
3.35708046002339,3.5344664722026,296.235754071853,446.5,8.64214386370547
8.19367843986798,3.54629776788034,296.230395719194,447,8.64603709306181
2.19260971821161,3.53202220581129,296.226579717328,447.5,8.64707891238442
-34.0423289867807,3.44183315533505,296.236834986679,448,8.63090368711262
0.895134339212545,3.52831832245143,296.23382992431,448.5,8.63132901052663
-7.50174580513166,3.50777402353783,296.233065300859,449,8.62776455321888
-44.0271524193486,3.41569307492216,296.248682789915,449.5,8.60684503538169
20.4529716418821,3.57427455641473,296.241231228592,450,8.61656327245982
18.338153658034,3.56979090536062,296.233516179028,450.5,8.62527665298683
-34.2218107392574,3.44074593325691,296.243702232696,451,8.60901614689363
-12.5421610758105,3.49457713729349,296.245088223175,451.5,8.60305673439647
-2.62788542038269,3.51892085726188,296.24286301641,452,8.60180809366218
-15.0250431924007,3.4881810858136,296.244827064951,452.5,8.59466893880442
-22.9021736414681,3.468126762386,296.250129940202,453,8.58378696248582
7.8838550583536,3.54387738188712,296.24508051204,453.5,8.58753297914727
31.4223920998982,3.59926120375729,296.235461680987,454,8.6024633404334
-6.41006931252711,3.50992393120188,296.234061774481,454.5,8.5994175936169
8.0517516028176,3.54514705366975,296.228834994397,455,8.60324338638386
-32.1801131887818,3.44546676779343,296.238104450119,455.5,8.58795299364068
-19.0791336697442,3.47783215858787,296.241997304633,456,8.57888753618569
-25.7327392622477,3.46068848370704,296.248582826081,456.5,8.56666061556023
4.91957362417054,3.53637562403841,296.244330048987,457,8.56899815279639
13.9652911962847,3.55829420046182,296.237605298721,457.5,8.57563376609928
-8.48891220221486,3.50397694815561,296.237043766527,458,8.57160025631102
1.06030143837329,3.52738080568853,296.233688975177,458.5,8.57210405893358
-12.2425729170804,3.49459401385484,296.234581398814,459,8.5662869958614
-24.7441180685678,3.46297676012525,296.240654645537,459.5,8.5545298189636
-19.8848272090109,3.47472272531744,296.244807231249,460,8.54508153592394
47.0022846435398,3.63282426199967,296.234244205002,460.5,8.56741468894332
11.3784442930686,3.55247333096662,296.227810693019,461,8.57282116097861
-18.9659372631256,3.47813772923688,296.23117812442,461.5,8.56380948883829
24.6016307129545,3.58354427998429,296.222813667857,462,8.57549896281612
3.05613592634226,3.53288645428495,296.218633761672,462.5,8.57695108693749
15.155008091877,3.56205252645437,296.211772962052,463,8.58415199466555
-34.9077534936166,3.43865661985578,296.222278591406,463.5,8.56756556261766
-24.353615867649,3.46457173572786,296.228414837793,464,8.55599393298577
-9.77646362776199,3.50060259457731,296.228694966246,464.5,8.55134864265908
21.6994986007346,3.57655101492301,296.220695127276,465,8.56165916748503
-2.89713824969192,3.517994127977,296.218269817172,465.5,8.56028259116881
-22.7387428084003,3.46851753011381,296.223350901015,466,8.54947826907129
-11.5213546335179,3.49617291510318,296.224239964294,466.5,8.54400389313462
-29.5962284744012,3.45048395563449,296.232503492312,467,8.52994123417393
-3.5546467860723,3.51514422810068,296.230782105962,467.5,8.52825224243225
-7.11524632331601,3.5063209241618,296.229931720894,468,8.52487143049695
5.90498857810508,3.53818772618344,296.225254988323,468.5,8.52767718801476
-31.3545277193248,3.44546069278827,296.23419267859,469,8.51277907251427
9.60051600894582,3.54670537190783,296.228859252294,469.5,8.51734076126449
-29.6262803161552,3.44946253051973,296.236950896533,470,8.50326382316003
-25.2207124064263,3.45999703042452,296.243461060252,470.5,8.49128019228543
-53.2374086062981,3.38782643679723,296.264750246046,471,8.46598441779751
6.50302732341997,3.53741907467165,296.260395961387,471.5,8.46907433364744
-13.0946773222898,3.48916371246161,296.26154696412,472,8.46285239285039
-13.8374875713608,3.48707909121988,296.26317383111,472.5,8.45627750548739
10.6748834636838,3.54731514348061,296.257298217017,473,8.46134968033307
-47.6785046712545,3.40093483605919,296.274922565191,473.5,8.43869522111617
2.10578112433203,3.52582818752268,296.271659938478,474,8.43969578380012
-22.7641614835851,3.46371654064086,296.276752468918,474.5,8.42887938400963
-19.1587534093665,3.47240725903683,296.280589508651,475,8.41977609520576
-9.30010369673305,3.49689161784805,296.280605260097,475.5,8.41535714747736
12.0294125445279,3.54923981778246,296.274314879152,476,8.42107292731929
-11.9571245655981,3.49045236133252,296.274977493101,476.5,8.41539149513742
-18.8258900023474,3.47292051675431,296.278552272038,477,8.40644636650512
3.2357310602651,3.52768168674312,296.274598333101,477.5,8.40798382532114
-6.34567604284291,3.50411142176042,296.273366520594,478,8.40496867499066
-32.6727892133975,3.43733922888837,296.283148055892,478.5,8.38944418705126
6.94283442996012,3.53620282782109,296.278351608441,479,8.39274307741135
-13.2675454257762,3.48625799818142,296.279550825591,479.5,8.38643899827067
6.83238737996293,3.53594429664508,296.274565719927,480,8.38968540967389
-29.8852799414735,3.44402143016986,296.282867174986,480.5,8.37548540780119
0.724488515966092,3.52060257656198,296.279753543443,481,8.37582964878884
-36.3466709625829,3.42688128940746,296.291340079111,481.5,8.35855951457071
7.68230667661491,3.53706083045067,296.286377458808,482,8.36220976544366
-51.8102204290577,3.38637951158711,296.306616546204,482.5,8.33759211994866
-20.5561103981187,3.46563358442367,296.311426389156,483,8.32782487645218
3.29029046941297,3.52515553059778,296.307402499407,483.5,8.32938825919173
10.749820168023,3.54354529205685,296.301202146863,484,8.33449604024034
4.26372626406334,3.5280148228504,296.296612376342,484.5,8.33652195135956
11.7948282813293,3.54653240501752,296.290191532257,485,8.34212626840164
17.9984270378944,3.56171500148771,296.282412574068,485.5,8.3506782276988
-17.1404151278556,3.47546743219844,296.284997169668,486,8.34253395307962
-9.90672752892764,3.49340259073364,296.285183093169,486.5,8.33782676781186
1.27220806854344,3.52111819240248,296.281669258619,487,8.33843125794852
-34.9593264176759,3.42949601881193,296.292517644097,487.5,8.32182032100659
-32.0847304424988,3.43609316769597,296.302364632033,488,8.30657524941077
13.0060336017659,3.54858288693641,296.296036664578,488.5,8.31275507111106
-14.2535669705088,3.48135774190215,296.2975387337,489,8.30598248346689
12.2605848941672,3.54689565725499,296.29118790243,489.5,8.31180810493668
-52.2221298012553,3.38380728583199,296.311629611184,490,8.28699474055038
33.8394639879898,3.59693912693035,296.302065987103,490.5,8.30307357444259
-35.4340643906046,3.42700076576374,296.312882474956,491,8.28623706557636
3.92089781555246,3.52593683392751,296.30884444246,491.5,8.28810008163083
28.6075440379244,3.58515882632271,296.299307241421,492,8.30169296681403
12.744795749297,3.54827858225754,296.292468036211,492.5,8.30774866125161
-14.0246974913299,3.48229101379626,296.293848789382,493,8.30108482102555
8.40530596311815,3.53783398635199,296.288426642028,493.5,8.30507860527822
-9.97608912306776,3.49249454722782,296.288357804532,494,8.30033846282323
-18.172894578714,3.47158083165463,296.291604339968,494.5,8.29170360520919
-23.8319430198318,3.4567770960579,296.297352197053,495,8.28037984862486
-29.2311902502299,3.44241822335576,296.30565765946,495.5,8.26649063771207
-31.7707604320905,3.43523141955745,296.315277814309,496,8.2513947490834
-6.66690433902393,3.498592039,296.314468879255,496.5,8.24822696700859
-61.4843867655888,3.35713856697632,296.341128761307,497,8.21901263778283
-40.0943621853988,3.41140491284636,296.355586676539,497.5,8.19996178668715
14.1953834271592,3.5480294029423,296.348925913326,498,8.20670672839907
-2.77540822949179,3.50660670544821,296.346292107278,498.5,8.20538799214719
-14.1508994795877,3.47788114866218,296.347849334158,499,8.1986641869995
4.6444723949136,3.52486618450192,296.343274322651,499.5,8.20087100978432
-48.4933874080778,3.38903488494708,296.361672094691,500,8.17782935873211
