curr_dens,Volts_tot,Temp_tot,t_tot,SOC_tot
10.6307558603207,4.01103809639833,301,0,81
10.6307558603207,4.01116958215411,300.999925715174,0.5,81.0050512075986
44.2110360397345,4.06448458551348,301.002885762939,1,81.0260580978063
-4.41158991794532,3.98785588845155,301.002945902525,1.5,81.023961929217
-8.50289714892041,3.98127158504313,301.003356755765,2,81.0199217744761
-47.9502336796311,3.91906847654299,301.009744290979,2.5,80.9971382031199
9.82550272168364,4.00975028378247,301.009889135459,3,81.0018067943903
17.5173724714973,4.02211610497925,301.009967375689,3.5,81.0101301804314
-5.14994016756106,3.98625051417269,301.010094308406,4,81.0076831844465
-26.5248452730609,3.9523055649066,301.012420306044,4.5,80.9950798943556
-6.26617479941323,3.9840996487178,301.012799859556,5,80.9921025190705
-6.55761351367493,3.98357641135925,301.013093609481,5.5,80.988986666572
-30.3591361762313,3.94582377582939,301.016057864971,6,80.9745615117332
-16.8451509803594,3.9668335461301,301.017351080518,6.5,80.9665575319834
-45.813802217352,3.92111258746613,301.023474687898,7,80.9447890868306
-0.687373070973232,3.9918447026277,301.023706531826,7.5,80.9444624812604
34.0380901154416,4.04706992812919,301.025015493119,8,80.9606356924309
-8.36651353834631,3.98010892079416,301.025285411017,8.5,80.9566603404133
7.93010136988914,4.0059645541463,301.025129507743,9,80.9604283310269
-33.3792827076745,3.94058278139068,301.028552228287,9.5,80.9445681524411
-11.3272980716188,3.97506046537849,301.029325142789,10,80.9391859825519
-5.63819733444566,3.98400436811534,301.029567517606,10.5,80.9365069909927
-9.7754334101447,3.97739345427724,301.03006572206,11,80.9318621901743
-20.28277177341,3.96064147547125,301.03164102582,11.5,80.922224823627
-4.01803988052128,3.98626270984323,301.031839185565,12,80.9203156504842
-4.34080285911711,3.98574161239675,301.031973156236,12.5,80.9182531163922
23.9509898942214,4.03073576985833,301.032326746076,13,80.9296334381431
9.22644095599137,4.0076335512013,301.032042348307,13.5,80.9340173849929
-36.9033435204967,3.93468170734071,301.036115512779,14,80.916482747602
7.29453791814106,4.00426441741752,301.036078136996,14.5,80.9199487500052
0.558805497944215,3.99365708779541,301.035939124958,15,80.9202142666453
22.1495934365154,4.02802986022139,301.036160822816,15.5,80.9307386541997
-22.0279757723593,3.95810933163986,301.037784093463,16,80.9202720533235
-11.0406564794457,3.97526983421836,301.038437694905,16.5,80.9150260812935
48.0437074288296,4.0688203890205,301.041803875401,17,80.9378540667364
-24.8532090763437,3.95387965402277,301.043727493714,17.5,80.9260450552057
-9.58057400404539,3.97777110575391,301.044255449583,18,80.9214928419065
-20.6892036145833,3.96005774833199,301.045818492057,18.5,80.9116623591188
-0.0776600754301455,3.99255692293699,301.04580007116,19,80.911625458905
21.0892008341043,4.02624803848295,301.045929194762,19.5,80.9216460005203
12.0038521559172,4.01207079310421,301.045655988554,20,80.9273496353341
52.736132727658,4.07654037195138,301.049894674436,20.5,80.952407228402
3.7881026517857,3.99975683071928,301.049576489292,21,80.954207146785
-24.8482190567992,3.95435395335106,301.051532518707,21.5,80.942400506264
-24.4862824458383,3.95460914963108,301.053605098422,22,80.9307658400581
8.76059706570884,4.00709407634112,301.053457911763,22.5,80.9349284410102
-5.69645947095078,3.98421029888504,301.053539473468,23,80.9322217661752
14.7757488370358,4.01671116413449,301.053415161683,23.5,80.9392424687274
-16.5162599036251,3.96715660609321,301.054345859772,24,80.931394761695
-11.1802432336526,3.97542308553988,301.054917880021,24.5,80.9260824649668
5.71581780058246,4.00216536324177,301.054701333043,25,80.9287983379193
-10.8045088953649,3.97597788066252,301.055145270652,25.5,80.9236645715016
-10.5314916256741,3.97629328484206,301.055641292986,26,80.918660529341
-37.6174451636923,3.93343906205585,301.059885778773,26.5,80.9007865862889
-61.8371762372381,3.89549376579927,301.070350399304,27,80.8714046290145
1.57763338811572,3.9943265997134,301.070509267191,27.5,80.8721542421053
-27.9660012188507,3.94755059055315,301.073082644473,28,80.8588661862311
-11.5762133218357,3.97321374289417,301.073786609385,28.5,80.8533657441683
10.2055082269085,4.00778738270496,301.073491663272,29,80.8582148951957
5.44072573452233,4.00037635152264,301.073128328049,29.5,80.8608000580508
0.391079917130389,3.99244523421915,301.072905444721,30,80.8609858798188
26.536464952455,4.03403348438055,301.07328892858,30.5,80.8735946910047
-31.3789725544248,3.94251031658333,301.076258555302,31,80.8586849605317
2.63196086146513,3.99603650115714,301.076140314665,31.5,80.8599355377134
7.82119101703818,4.00435417508015,301.075780784402,32,80.8636517795323
-36.1249916925165,3.93488993941446,301.079679755506,32.5,80.8464869763017
-31.2253342347293,3.94216722456048,301.082966712537,33,80.8316502471335
-16.1455016051477,3.96565236242704,301.084119468154,33.5,80.8239787060444
-9.96156224902888,3.97532738890441,301.084593337533,34,80.819245466039
14.1846689776029,4.01366766350589,301.08431109354,34.5,80.8259853167763
5.52346430708647,4.00010335641085,301.083901171095,35,80.8286097928949
-20.3010953338939,3.95919394486132,301.085325221539,35.5,80.818963719901
4.10698286913256,3.99774311499816,301.085083407419,36,80.8209151543378
-5.55022340649414,3.98247070637169,301.08512628924,36.5,80.8182779636232
-5.08186152406577,3.98318279180571,301.085180782268,37,80.8158633152311
28.3156791358422,4.03621223886917,301.085667754691,37.5,80.8293175206976
-16.0097547416639,3.96617783900058,301.086498192898,38,80.8217104797811
-35.4301586138265,3.93538468631409,301.090390910247,38.5,80.8048758267462
-19.0017300934887,3.9608703445719,301.091878120574,39,80.7958471476292
-8.56302748789225,3.97724338461626,301.092235724566,39.5,80.7917784219354
13.4451962631591,4.01218602254832,301.091905326068,40,80.7981669119375
-7.27423552485996,3.9794396625607,301.092015314037,40.5,80.794710556224
-9.7216212847256,3.9754999262836,301.092392784862,41,80.790091324257
-25.5174987122919,3.95041261703853,301.094610193476,41.5,80.7779666752588
-29.1285792409733,3.94445443616745,301.097510323314,42,80.7641262200053
26.4080053794652,4.03227004789121,301.097865442464,42.5,80.7766739935773
9.08949981001825,4.00513140823444,301.097356538528,43,80.7809928727906
-11.4337555650573,3.97265223050925,301.097796638393,43.5,80.7755601195839
-28.8988392623152,3.94493151928388,301.100540050707,44,80.7618288253666
-9.69246809963212,3.97500122395129,301.101030766083,44.5,80.7572234455463
20.8795599544725,4.02352002510751,301.100931898815,45,80.7671443762197
-14.3557296834925,3.96782711447613,301.101609602719,45.5,80.7603232459245
-15.96739262148,3.96513272460497,301.102604178312,46,80.7527363333852
-29.4575523042512,3.94367405814553,301.105487435558,46.5,80.7387395664583
-4.4075764367592,3.98302169124129,301.105601423875,47,80.7366453048761
-17.0310790494053,3.96298949571274,301.106688020426,47.5,80.7285529813352
-42.2173276906197,3.9232200306112,301.112115299517,48,80.7084934023906
-52.4656019182868,3.90684889126495,301.120292083137,48.5,80.6835643521374
-2.43593068368312,3.98501598038768,301.120456335111,49,80.6824069187676
51.8235427341784,4.07087554641677,301.123761910453,49.5,80.7070308943608
-29.4508244697949,3.94299112405652,301.126427653785,50,80.693037324167
1.01071205872589,3.99093068384978,301.126224487332,50.5,80.6935175643774
13.8349595631217,4.01137923818249,301.125736146627,51,80.7000912505563
-10.312477199778,3.9732166023263,301.12602355946,51.5,80.6951912731816
-28.3764889638469,3.94456889469192,301.128683965358,52,80.6817081739027
-10.8459904346206,3.97199134589321,301.129232602264,52.5,80.6765546975162
-16.0819671765552,3.96361609269772,301.130216522913,53,80.6689133448345
-11.4807532009256,3.97077409822709,301.130757308261,53.5,80.6634582606837
-10.3803172498781,3.97244172395881,301.131174484239,54,80.6585260490839
-15.6332661854996,3.96404709300465,301.132114052451,54.5,80.6510978968449
-33.7864663312348,3.93528357386054,301.135829743537,55,80.635044244809
-30.2389826360914,3.94051095270886,301.139046602937,55.5,80.6206761809695
20.6702820817179,4.02096363282611,301.138852952536,56,80.6304976731839
-24.7939256086549,3.94913571589773,301.140879996347,56.5,80.6187168302149
0.271808761494521,3.98863652040508,301.140651734125,57,80.618845980249
17.5150588316136,4.01610138838261,301.140187680878,57.5,80.6271682669633
-17.7529371624496,3.96036847491464,301.141235475141,58,80.6187329522716
-10.6267269769061,3.97149423813158,301.141689637257,58.5,80.6136836589986
14.1613303824608,4.01079737875241,301.14119275912,59,80.6204124203936
17.5223158004685,4.01634240287074,301.140694220716,59.5,80.6287381552593
-5.57400427381122,3.97990357753796,301.140577734489,60,80.6260896650568
10.7216538932356,4.00574966202672,301.140037582674,60.5,80.6311840628894
3.3684610864113,3.99422384123956,301.139521574474,61,80.6327845884267
-12.5891428248349,3.96896105028284,301.140020713144,61.5,80.6268028525341
-40.1685310209748,3.92542435497634,301.144906903833,62,80.6077167600886
-34.2822784986343,3.93417313835955,301.148833587403,62.5,80.591427522717
-13.7104762484632,3.96625946879342,301.149688937124,63,80.5849129848313
-52.4487538973643,3.90543646857171,301.157692983715,63.5,80.5599919399215
-20.6012946206016,3.95469246697766,301.159551697458,64,80.5502032271249
1.43538099667519,3.98949507188689,301.159212183014,64.5,80.550885248939
-5.43811378769297,3.97867279137863,301.159143411438,65,80.5483013271514
-16.2586670369976,3.96151951036257,301.160122500629,65.5,80.5405760154654
-56.8026266548052,3.89799150428404,301.169429404276,66,80.5135862262965
3.35581241766138,3.99193178646007,301.169250351401,66.5,80.5151807418141
11.3457018201722,4.00475699910092,301.168560112209,67,80.5205716562512
-44.1065026972799,3.9173873962836,301.174401612313,67.5,80.4996144351
-15.7557281678746,3.96147980186492,301.175572093518,68,80.4921280950045
-63.7044720734656,3.8865947957792,301.187072519106,68.5,80.4618588914195
18.5788780073458,4.01523267042361,301.186848359351,69,80.4706866522106
12.9712953075616,4.00664905110184,301.186052300344,69.5,80.4768499679975
-46.6150448402609,3.91283193162271,301.19252041227,70,80.4547008121145
7.99531877691951,3.99850141459602,301.192076694588,70.5,80.4584997908033
24.3471621967457,4.02460840570853,301.191660788421,71,80.4700683539711
-32.0195145604538,3.9357054768003,301.194869359526,71.5,80.4548542697259
-44.9844335362974,3.91511710747161,301.201171645637,72,80.4334798994101
-16.8131028063661,3.95888454285487,301.202449462191,72.5,80.4254911473621
-51.1960782505567,3.90489777369608,301.210333873104,73,80.4011653117515
-17.0205509630903,3.95792474213878,301.211718235275,73.5,80.3930779906348
-5.18655299995158,3.97660104813678,301.211655479952,74,80.390613598049
37.2955743012004,4.04393084720545,301.212246087316,74.5,80.4083346040412
9.81851058884313,4.00099524015311,301.211333343188,75,80.412999872997
-0.240539494674174,3.98520153129719,301.210788196254,75.5,80.4128855805668
11.3787682416318,4.00369275220822,301.209989575814,76,80.4182922065263
-14.7809839585323,3.96238843057774,301.210617830377,76.5,80.4112690165043
-5.76593459256858,3.97654068100459,301.210526151801,77,80.4085293305394
0.228796214980845,3.98603469921045,301.210020875013,77.5,80.408638043146
8.93505800097232,3.99990239539607,301.209235539092,78,80.4128835392764
-20.2101736532118,3.9538716766394,301.210537790347,78.5,80.4032806677528
-34.3474519449009,3.93143678179031,301.214353250277,79,80.386960463194
-26.3335050311106,3.94365738784819,301.216856182339,79.5,80.3744480884902
50.4146458977502,4.06460766952882,301.2194250742,80,80.3984026262279
-1.83798209240262,3.98282821682747,301.218843663504,80.5,80.3975293083535
5.20077907329968,3.99400710918206,301.218110939144,81,80.4000004604633
15.9736356035992,4.01117989815016,301.217333526277,81.5,80.4075903393579
0.429778357022503,3.98675526392524,301.216704143471,82,80.407794548704
-53.306506841761,3.90246070457884,301.224728979169,82.5,80.3824659421638
7.39367739584798,3.99723232439448,301.224250948239,83,80.3859790507267
4.58614953307517,3.99291859237321,301.223481274238,83.5,80.3881581613821
-5.10250714776507,3.9776529225135,301.223201568178,84,80.3857337032142
13.3855000693194,4.00694270197741,301.222408093446,84.5,80.3920938285476
3.50252804638986,3.9914686837746,301.221654797996,85,80.3937580560507
35.162499546035,4.04157905953798,301.222124111586,85.5,80.4104655307801
-2.10082377580226,3.98309107610445,301.221554197274,86,80.4094673235821
10.605573891044,4.00321076587365,301.220760434069,86.5,80.4145065659586
2.35040891446295,3.9902632846164,301.220059908494,87,80.415623363628
35.0954415941386,4.04204431016166,301.220601133145,87.5,80.4322989757466
-37.9566309477993,3.92720692006296,301.224657742467,88,80.4142638684431
43.6354628092916,4.05539340578937,301.226467360332,88.5,80.4349972748164
-27.3613282686117,3.9438659800907,301.228552036517,89,80.4219965295192
-6.0035931457134,3.97723219650668,301.228450357824,89.5,80.4191439200045
10.9349225819772,4.00400984722317,301.227659593197,90,80.4243396525339
21.7021887796147,4.02118397030336,301.227100809608,90.5,80.4346514555994
-10.332665602756,3.97073200837292,301.227112950437,91,80.4297418856975
-0.693380067272152,3.9858685789625,301.226603929618,91.5,80.4294124259008
-20.4317423334181,3.95466277634077,301.227816326119,92,80.4197042759365
-48.7028923737976,3.91025750821546,301.234592256608,92.5,80.3965630785219
22.2973286808189,4.02149739424237,301.234318329089,93,80.4071576625327
-17.3182440411686,3.95909403491277,301.235072302609,93.5,80.3989288924392
-5.87908415457371,3.97700496532291,301.234900943851,94,80.3961354434179
-4.29602644810456,3.97947718788144,301.234563740478,94.5,80.3940941848542
-7.9843761230861,3.97362005295159,301.23448848809,95,80.3903004055715
-20.3353168935289,3.95404347917633,301.235762780037,95.5,80.3806380721908
-22.672860518474,3.95015309406085,301.2374470994,96,80.3698650540878
-11.2426870342815,3.96797411662757,301.23777638843,96.5,80.3645230871645
16.8295581213768,4.01236260963478,301.237034837901,97,80.3725196579615
32.203405353919,4.03686103817849,301.237120901933,97.5,80.3878211179856
-43.9522476288421,3.91723933015851,301.242530679306,98,80.3669371911875
-4.52610317955878,3.97868313659726,301.242427872168,98.5,80.3647866115793
-24.7581391508086,3.94671518407029,301.244325215944,99,80.3530227725591
-25.76459329735,3.94487645256674,301.24651463555,99.5,80.340780716477
-3.46842610963145,3.97984420536025,301.24622723649,100,80.3391326925218
-6.57414903076474,3.97494137692846,301.24603677117,100.5,80.3360089831662
1.82716884126907,3.9882281115282,301.245364001249,101,80.3368771631203
8.03866894739826,3.99814188307395,301.244486692925,101.5,80.3406967396586
4.36547427645659,3.99245741153384,301.243665391721,102,80.3427709963838
-5.121663562161,3.97751409282104,301.243324477904,102.5,80.3403374360385
1.26211768988801,3.98759824703972,301.242670720647,103,80.3409371317279
-17.5655231806639,3.95785967373606,301.243541444222,103.5,80.3325908668594
34.1370944633151,4.03941951719437,301.243913533275,104,80.3488111199826
15.9741921219286,4.01119961928073,301.243006739372,104.5,80.356401263307
12.1246688485645,4.0053081407149,301.242095840373,105,80.3621623042173
26.7725130603704,4.02859551456473,301.241795249663,105.5,80.3748832737493
-22.3235967990036,3.95131415486636,301.24312337801,106,80.3642762084325
-0.606171970657729,3.98534990704885,301.24263544536,106.5,80.3639881855953
-40.4148342043391,3.92272539020871,301.247323400323,107,80.3447850621007
-10.6071492377996,3.96906549975369,301.247660103067,107.5,80.3397450711977
-33.2956710451023,3.93326248989557,301.251026109261,108,80.3239246207244
-44.2030953393559,3.91589821588531,301.256904408451,108.5,80.3029215035434
17.5236244166643,4.01270179788877,301.256312443277,109,80.3112478601986
-4.04172563286365,3.97881606445495,301.255828179178,109.5,80.3093274327618
-24.6041104074885,3.94634292188448,301.257696438807,110,80.2976367805562
4.01204689631736,3.99133375807858,301.257011706103,110.5,80.2995431061303
24.2524942520646,4.02345210548188,301.256442775918,111,80.3110666877889
-12.6037218655314,3.96546140417168,301.256640436372,111.5,80.3050780246596
-12.2331495506179,3.96592760028209,301.256954664945,112,80.2992654391036
-1.89211459959829,3.98218286061765,301.256457844364,112.5,80.2983664001482
1.17908042299928,3.98706427459732,301.255759007092,113,80.2989266406495
-20.1523891030757,3.95339054216081,301.256940743879,113.5,80.2893512254764
-20.6660663336091,3.95237624784234,301.258318368622,114,80.2795317363763
-47.887223127152,3.9096314768224,301.265046067384,114.5,80.2567781045075
-15.0891265746975,3.9604563532703,301.265949274051,115,80.2496085004068
2.92711607973976,3.98887267547513,301.265231979069,115.5,80.2509993207001
-32.9844498221305,3.93230377508262,301.268573397888,116,80.2353267471066
-39.7090066135804,3.92146315739,301.273552599508,116.5,80.2164589978541
-37.4828882087261,3.92452739129698,301.278151080784,117,80.1986489895892
-1.58384677465723,3.98075560166916,301.277792167572,117.5,80.1978964242055
-1.97031277123951,3.98021909270792,301.277238400565,118,80.1969602293599
-17.495088250562,3.95571514290523,301.278165122895,118.5,80.1886474316746
0.900157302719139,3.98469815961557,301.277528335742,119,80.1890751417516
-15.7437857437388,3.9584418830104,301.27821558231,119.5,80.1815944761034
36.3590140012183,4.04066918095726,301.278542201025,120,80.1988704751209
-7.79587887047171,3.9713959057225,301.278260803235,120.5,80.1951662603778
-16.6100757848371,3.9574191255309,301.279052601818,121,80.1872739766946
2.25282205130718,3.98711354998884,301.278334615822,121.5,80.1883444059297
-1.37366490387815,3.981450270966,301.277703986747,122,80.18769170854
49.9208067683647,4.06222983397157,301.279871138305,122.5,80.2114115984318
34.098502754563,4.03811296938304,301.279910755809,123,80.2276135146903
7.10317981765751,3.9959367024023,301.278867096837,123.5,80.2309885932209
16.8572365805125,4.01144168454036,301.277953840628,124,80.238998315448
40.2132001584792,4.04836635562566,301.278843386813,124.5,80.2581056324508
13.0882292875364,4.00614157348591,301.277808111736,125,80.2643245094618
27.1397321805608,4.02843891345032,301.277453122515,125.5,80.2772199632953
-16.7203900591375,3.95947348203351,301.277971336443,126,80.2692752637437
-6.56749187615259,3.97527252180151,301.277718776565,126.5,80.2661547175375
-15.2821740035353,3.96142918395479,301.278218552347,127,80.2588933868793
-1.14415807350197,3.98358223408874,301.277628669763,127.5,80.2583497397454
54.8845253901711,4.0715972166558,301.280967146476,128,80.2844281423854
-4.99596863813614,3.9781352378222,301.280380933777,128.5,80.2820543060299
-45.8460853932282,3.91403492418608,301.286158035782,129,80.2602705215141
8.13061006978708,3.99827184537435,301.285456507759,129.5,80.264133783911
-31.5223012595034,3.93586633990256,301.288245916413,130,80.2491559507505
-26.0306489549908,3.94410423831014,301.290353395802,130.5,80.2367874782238
-16.5543452035012,3.95873345272472,301.291129829389,131,80.228921674947
-18.0254559716085,3.9562578694767,301.29203928428,131.5,80.220356872842
-3.89020745217893,3.97841464461038,301.291606431209,132,80.2185084393251
-15.3813093066046,3.96025819912187,301.292137833386,132.5,80.2112000044907
30.4761359228716,4.03256400154626,301.291990456785,133,80.2256807518026
31.1432455135732,4.03399852578027,301.291781225981,133.5,80.2404784764845
-12.7152512244341,3.96512381199768,301.291853796168,134,80.2344368201389
-15.0243919373973,3.96133767000312,301.29234439862,134.5,80.2272979747252
-1.48697668125035,3.98256548812912,301.29173802092,135,80.2265914372023
-26.7510738267239,3.94273459591418,301.293789879842,135.5,80.21388065453
10.5831635222514,4.001381057602,301.292909683523,136,80.2189092486115
5.74833013446708,3.99389126326719,301.291912742128,136.5,80.2216405698115
-22.5095799689165,3.94936306487323,301.293283846283,137,80.2109451345224
-23.4251417491912,3.947678285297,301.294954049804,137.5,80.199814669713
11.8209087760905,4.00311430134971,301.294046131203,138,80.2054313789119
-22.5076512479759,3.94906297986679,301.295414279651,138.5,80.1947368600552
-33.6108452986369,3.93141738259998,301.298849306954,139,80.1787666544182
3.79859883071217,3.99002474871456,301.298118720105,139.5,80.1805715600645
11.8309813096622,4.00283051284319,301.297060189822,140,80.1861930552315
30.8979470693056,4.03307643537326,301.296825610259,140.5,80.2008742262664
-3.24467673939281,3.97955713115628,301.296134397711,141,80.1993325169076
-0.863741732850421,3.98330072433575,301.295427530718,141.5,80.1989221097022
30.9357755060884,4.03350586183346,301.2952922135,142,80.2136212549329
-4.79873637289159,3.97746878805401,301.294695865933,142.5,80.2113411335616
-41.2365113086954,3.92021839597066,301.299489550914,143,80.1917475898855
-43.8103685197159,3.91573133483518,301.305175118418,143.5,80.1709310769988
14.0349680690687,4.00625646068897,301.304382563442,144,80.1775997972937
17.266830441525,4.01157319938842,301.303355005492,144.5,80.1858041381961
26.3934837202724,4.02619429497679,301.302768580764,145,80.1983450117964
22.4798298471867,4.02035382905109,301.301958373555,145.5,80.2090263113042
-15.0593057746784,3.96133099409366,301.302264138112,146,80.2018708765677
16.0967270098746,4.01037980319518,301.301375191996,146.5,80.2095192423897
-4.2737178042616,3.97838034046864,301.300765209247,147,80.2074885837864
-27.6188920988166,3.94156354475387,301.302901656573,147.5,80.1943654569396
44.6427972671198,4.05504658241462,301.304498994661,148,80.215577498655
18.4032398475,4.01439667771304,301.303507671354,148.5,80.2243218049092
-52.4351204407826,3.90348637088163,301.3107965533,149,80.1994072379413
-12.6252143554691,3.96496745285194,301.311245334975,149.5,80.1934083626474
12.5485591993061,4.00463022576616,301.310252406418,150,80.1993708152153
-0.0215175432071657,3.98493029532175,301.309398939543,150.5,80.1993605911467
-12.8028904072926,3.96475804554696,301.30953807486,151,80.1932772930108
6.18839720740641,3.99463624054625,301.308591458894,151.5,80.1962177122441
-40.694458533387,3.92101241848106,301.313186541644,152,80.1768817251456
-16.462224149723,3.95849004406636,301.313992092132,152.5,80.1690596932218
28.8741586853524,4.02992417486238,301.313676034612,153,80.1827792604538
25.1942878209352,4.02450238337139,301.312972516647,153.5,80.1947503356768
-11.5102112252627,3.96684950820292,301.312879363425,154,80.1892812545347
-38.851665434354,3.92384137565867,301.317145577594,154.5,80.1708208712622
-15.6522498954714,3.95974830349751,301.317829331296,155,80.1633836989063
-44.3823985352874,3.91465023620277,301.323452307212,155.5,80.1422953857451
-14.0422368978466,3.96165871207443,301.32402663398,156,80.1356232116635
-10.4720156693736,3.96719177836086,301.324036372388,156.5,80.1306474295257
-2.18892202616738,3.9802224905374,301.323382097181,157,80.1296073624114
-16.4183737928521,3.95777887683599,301.323971161553,157.5,80.1218061660009
9.29878363602434,3.99828552585203,301.32294511087,158,80.1262244865019
45.5905219112384,4.05548350418074,301.324330863447,158.5,80.1478868399343
18.8468935411962,4.01408924054273,301.323253469962,159,80.1568419484059
-33.1850766953669,3.93232440809945,301.326243292791,159.5,80.141074046879
-10.8613988910545,3.96700864200844,301.32636123271,160,80.1359132491587
-50.3865688972383,3.90513890012477,301.333428551171,160.5,80.1119720522182
34.4587664619587,4.03786585946294,301.333713745365,161,80.1283451479111
2.24126404268677,3.98751963020321,301.332645956068,161.5,80.129410085354
-32.3151801148993,3.93315815571333,301.335577822773,162,80.1140555155108
-22.1287458639436,3.94876936189299,301.33705330773,162.5,80.1035410336881
28.461046116692,4.02840063445718,301.336627508494,163,80.1170643103296
-1.29820129374,3.98180417910682,301.335729482211,163.5,80.1164474695023
-3.99572701414989,3.97755614117677,301.335097566508,164,80.1145488983263
-33.2545874766963,3.93151383313954,301.338243089359,164.5,80.0987479687259
1.58172532664752,3.98600123030495,301.337487577184,165,80.0994995261027
-5.73100396707001,3.97450710370207,301.336969682093,165.5,80.0967764374376
-6.88485048047208,3.97265877202831,301.336575586451,166,80.0935050981727
3.24342940732546,3.98862952252638,301.335605087211,166.5,80.0950462148611
-24.621697131821,3.94475357774455,301.337247748714,167,80.083347206317
13.8382883302647,4.00520390593212,301.336231900008,167.5,80.0899224741608
-8.32813615320972,3.9703766565864,301.33587331475,168,80.085965357172
-2.45423677189414,3.97959485314288,301.335184216413,168.5,80.0847992256576
-5.13989041509298,3.97535929532402,301.334645265498,169,80.0823570048163
25.6470825129223,4.02394707720492,301.333966667358,169.5,80.0945432256055
-33.8220863142993,3.93057840563821,301.337090249074,170,80.0784726487214
4.19449414930817,3.99005003670846,301.336242009904,170.5,80.0804656641756
22.9302804384646,4.01971405991778,301.335372019174,171,80.0913609954492
-11.0878890715227,3.9662945565614,301.335218463901,171.5,80.0860925808355
8.060515247965,3.99643439679024,301.334156327834,172,80.0899225376517
-23.7287811975266,3.94640498198502,301.335606896044,172.5,80.0786477984455
-19.6775443145285,3.95251031999117,301.33666682315,173,80.0692980059502
23.6423431515877,4.02069301235247,301.335937413068,173.5,80.0805316740867
-10.289215387066,3.96742723164454,301.335710018382,174,80.075642749571
-24.3136122942167,3.94525146858504,301.337350368986,174.5,80.0640901276519
-38.6798082201642,3.92253337070911,301.341745919982,175,80.0457114023986
-11.1823353724917,3.96525085323849,301.341946495247,175.5,80.0403981115898
-10.9918406378125,3.9654788828386,301.341957875363,176,80.035175334425
17.1050529916931,4.00980510707891,301.340892922876,176.5,80.043302806712
31.3786538763962,4.03251708633421,301.340513820807,177,80.058212385765
-15.9944825923563,3.95818827492505,301.340858294258,177.5,80.050612601416
37.7736921725931,4.04276345443424,301.34129019657,178,80.0685607852925
-38.2781364235274,3.92360240072757,301.345234251586,178.5,80.0503729145427
-38.2817970609651,3.92313939938758,301.349596170147,179,80.0321833044396
26.9211566554096,4.02537012396609,301.349117895514,179.5,80.0449749020312
3.32198536950763,3.98849804023349,301.347985483673,180,80.0465533446143
1.15964554232437,3.98514884935117,301.347019518149,180.5,80.0471043506248
-9.5718330144936,3.96824077595267,301.346783112575,181,80.0425562906101
-31.7948123171081,3.93323151282915,301.349667788237,181.5,80.0274489737193
4.79228153318457,3.99050521784769,301.348754163762,182,80.0297260280711
-57.9355047096323,3.89255053172606,301.357860691122,182.5,80.0021979514734
12.4577704694409,4.00208253158177,301.357005691917,183,80.0081172657426
18.332389365684,4.01155973276155,301.355830412664,183.5,80.0168279073639
-31.3849879642236,3.93346478918382,301.358533489667,184,80.0019153186667
-35.1084285452615,3.92730871032566,301.362250570741,184.5,79.9852335357935
-49.6937222665413,3.90431187302344,301.369440260259,185,79.9616215451871
-24.284622314252,3.94335331993029,301.371437984604,185.5,79.9500826978678
15.3454965078341,4.0057212091119,301.370303429311,186,79.9573741162374
-19.801648649223,3.95047678153254,301.371221369209,186.5,79.9479653555214
16.3942534905487,4.00747038662401,301.370080219014,187,79.9557550911612
0.358874132664612,3.98239317338896,301.36905934681,187.5,79.9559256103388
-5.50853497194956,3.97318029458042,301.368477175121,188,79.9533082278993
20.4558013925335,4.01417010165118,301.367392915206,188.5,79.9630278095345
-8.33925805180506,3.9689873875351,301.366956528945,189,79.9590654079714
31.2785614734605,4.03140356972317,301.366558429327,189.5,79.973927428082
-12.1554439043055,3.96331353978764,301.366437985198,190,79.9681517643926
-18.7632192747159,3.95278496989922,301.367266550597,190.5,79.9592364137798
-36.6282204906673,3.92461613138464,301.371184794924,191,79.9418325011988
9.6157320462078,3.99699509324279,301.370141789193,191.5,79.9464014198548
13.595492083583,4.00344273162775,301.368849638993,192,79.9528613229718
-1.92285103663665,3.97913337120993,301.367957234988,192.5,79.951947679587
-37.7533652055102,3.92286540480605,301.372005345945,193,79.9340091540765
-21.7848109052418,3.94742312770085,301.373455299309,193.5,79.9236580930773
-25.5666533165632,3.94128045058694,301.375402242966,194,79.9115100882507
-18.8586041999091,3.95157786936767,301.376389374278,194.5,79.9025494154552
-20.6697408457777,3.94857344223168,301.377597276099,195,79.8927281804093
-11.5319295057223,3.96279678378581,301.377686950985,195.5,79.8872487798182
27.99837199086,4.02511877883411,301.376945243568,196,79.9005522166768
-14.9735604353652,3.9577125011651,301.377172897105,196.5,79.8934375238702
-41.8300359837398,3.91554695746307,301.382294067099,197,79.8735619667241
20.6958564485396,4.01346199983031,301.381359051968,197.5,79.8833956106083
-6.15777692717502,3.971370521819,301.380731378766,198,79.8804697406125
-20.8586499143606,3.94818251789803,301.381864341779,198.5,79.8705587453524
-7.10121569082423,3.96967069470426,301.381512007558,199,79.8671846000774
30.9247950046697,4.02961260764677,301.38095971511,199.5,79.8818785279188
2.93088005037872,3.9859116712503,301.379749314912,200,79.8832711366641
26.5412840703598,4.02320209674629,301.378898040291,200.5,79.8958822376557
-23.527327234229,3.9446333579283,301.380225792573,201,79.8847032193751
-5.12822026384684,3.9733442758577,301.379706095032,201.5,79.8822665436106
-6.97075958575773,3.97041153878334,301.379232506205,202,79.8789543846023
14.418875203756,4.00413314536696,301.377989732355,202.5,79.885805518515
-15.5432341197198,3.95706128183977,301.378288639423,203,79.8784201450455
25.1921405349563,4.02114653703645,301.377454659369,203.5,79.8903901999847
-55.63870563175,3.8948682077348,301.385793567931,204,79.8639534483226
-3.56935376819361,3.97548509994745,301.385390168394,204.5,79.8622574685529
-6.37325050705422,3.97106975813236,301.38485585145,205,79.8592292162055
-26.8459002741116,3.93883049905093,301.386890427697,205.5,79.8464733767115
-43.1915853251101,3.91307873047965,301.392399233154,206,79.8259508788897
-31.0781312754711,3.93147143345699,301.395504358106,206.5,79.8111840932622
-56.8505621401532,3.89126547626519,301.404818130741,207,79.7841715275297
-2.93486655747198,3.97488507183885,301.404398787752,207.5,79.782777024594
-5.4382458690251,3.97099978313079,301.403800625133,208,79.7801930400479
-3.14255270118468,3.97465436503611,301.403033067068,208.5,79.7786998549638
-24.8089633729088,3.94055989831429,301.404803254684,209,79.7669118667956
11.7693448754108,3.99804578654004,301.40355021493,209.5,79.7725040753879
-20.3158848989461,3.94763091490813,301.404546611742,210,79.7628509751266
-40.8269758546203,3.91538506479031,301.409579809899,210.5,79.7434520223737
-22.0707537231332,3.94428704898307,301.411186211207,211,79.7329650955383
18.6072356381839,4.00831304903522,301.409933500442,211.5,79.7418063304682
-17.1926644855827,3.95211163926774,301.41048041363,212,79.7336372295472
-31.2268712830609,3.9299537298278,301.413481314555,212.5,79.7187997700499
-1.07806482937522,3.97711700057851,301.412713562167,213,79.7182875271455
-0.665267457454447,3.97784230694381,301.411742238825,213.5,79.7179714250658
19.6622270793906,4.0099936107573,301.410408073609,214,79.7273139395711
-15.5995806922336,3.95465336236416,301.410723626538,214.5,79.7199017930068
4.9907690024554,3.98701641041637,301.40954662132,215,79.7222731587534
-9.16891968277369,3.96478162637678,301.409207712993,215.5,79.717916543158
26.0241106177964,4.02022445264829,301.408200709228,216,79.7302819089913
18.6382333722831,4.00895683585024,301.406791888492,216.5,79.7391378725061
-29.4264491082943,3.93352916377689,301.409155150802,217,79.7251558842743
13.9463113073111,4.00150538396433,301.407925929539,217.5,79.7317824792759
12.6957959401965,3.9997380464451,301.406487538851,218,79.737814891436
-10.0041618358164,3.96411209282366,301.406166718314,218.5,79.7330614102211
16.2073559451009,4.00536439434311,301.404866055506,219,79.7407623414228
12.9640773545859,4.00047249117545,301.403440163296,219.5,79.7469222275966
-20.2604285572289,3.94829212259419,301.404321339794,220,79.7372954774368
-43.8612627631297,3.91125643240725,301.409884573298,220.5,79.7164547821314
-41.7526571947888,3.91401584934257,301.415198643523,221,79.6966159915456
-27.3154167193939,3.93606797558825,301.417606509944,221.5,79.6836370611381
18.9164948438663,4.00866652332378,301.416384181329,222,79.6926252406945
-4.03701495032206,3.97274906942174,301.415532661942,222.5,79.6907070515403
16.5413998977881,4.00522303363623,301.414157861037,223,79.6985667038502
-11.4598688800168,3.96130474805043,301.413970171625,223.5,79.6931215428922
9.66263360832273,3.9945314075888,301.412643188005,224,79.6977127468429
-18.7244671767173,3.94994269617812,301.413352519247,224.5,79.6888158093038
-50.8789614371282,3.89969933493172,301.420777072955,225,79.664640651865
-35.9585571238373,3.92221845407423,301.42493326936,225.5,79.6475549300816
-18.988996861367,3.94843076326383,301.426011931908,226,79.6385323011646
-30.7821408323831,3.92979583030729,301.428946159518,226.5,79.6239061555062
-13.6207493154686,3.95646280236164,301.429306490588,227,79.6174342514061
10.3574712674312,3.99424028923731,301.427926453332,227.5,79.6223556077287
-13.0570165357024,3.95749684076062,301.427972299518,228,79.6161515614684
-5.37205507631524,3.96953543978394,301.427368469132,228.5,79.6135990275021
2.09153503311082,3.98132734199495,301.426223495009,229,79.6145928211506
14.9415494077117,4.00169113496184,301.42475470291,229.5,79.6216923039054
13.2999967105322,3.99933499542731,301.423244158398,230,79.6280118022862
-13.9695642870797,3.95653913376196,301.423347208022,230.5,79.6213741586226
-44.8568256027695,3.9081648330854,301.429237558244,231,79.6000604212639
-25.494494126746,3.93782305890572,301.431376666717,231.5,79.5879467029032
-6.97594467745674,3.9667283846434,301.430985520819,232,79.5846320801967
11.1535032288055,3.99533344827616,301.429553439713,232.5,79.5899316714016
5.51851403194851,3.98664326690809,301.428179343995,233,79.5925537953952
-25.0916555005064,3.9385635832862,301.429908619923,233.5,79.5806314859574
-2.38728543727695,3.97405201318302,301.429137665738,234,79.5794971663945
10.7905181666606,3.99487766092661,301.427695742422,234.5,79.5846242851123
-38.31043873588,3.9179183888192,301.431950898555,235,79.5664210659068
7.26818724752654,3.98911091777144,301.430789466841,235.5,79.5698745477791
-24.2304727484356,3.9396500524658,301.432381602177,236,79.558361429646
-41.3818352192054,3.91266293322594,301.437589353967,236.5,79.5386988352598
-37.91407224409,3.91761161995375,301.442191152303,237,79.5206839497401
-20.5372692100235,3.94442213964505,301.443553667708,237.5,79.5109256586412
-25.311291417305,3.93678119535246,301.445572344897,238,79.4988989891159
-31.0618614620123,3.92757208026892,301.448694590781,238.5,79.4841399340964
-4.18549537154203,3.9695763138985,301.44811302621,239,79.4821511944148
-28.2904537003267,3.93170057607909,301.450584010031,239.5,79.4687089748234
-71.3122955480117,3.86523780554167,301.464999709548,240,79.4348249110865
-72.3279061254425,3.86289646582587,301.480365834701,240.5,79.4004582796064
-8.44209965177101,3.96120467617398,301.480562784594,241,79.3964470128189
-20.81121580525,3.94176377728284,301.481879546239,241.5,79.3865585558934
-7.30418025892086,3.9629582182468,301.481509047991,242,79.3830879719283
24.4235872080033,4.013062124184,301.480031770122,242.5,79.3946928484686
-20.1066183023248,3.94325483354853,301.481002508544,243,79.3851391813085
-34.1021229074829,3.92118696566027,301.484754167114,243.5,79.3689355449331
7.43638994942243,3.98626273762595,301.483432859309,244,79.3724689483817
-3.01319046089166,3.96996331165843,301.48247364257,244.5,79.3710372298142
-8.90825369656995,3.96072535683673,301.482103769933,245,79.366804469759
-14.9221740399781,3.95123700829519,301.48247177197,245.5,79.3597141932172
-21.2562020874092,3.94119024446427,301.483791748363,246,79.3496143008944
-22.1601417278993,3.93961120756373,301.485307513564,246.5,79.3390849013153
5.52674168072755,3.98308911164141,301.483975046334,247,79.3417109346792
19.1218601871212,4.00467444503535,301.482306429136,247.5,79.3507966936548
20.6941904767834,4.0074459343299,301.480638043128,248,79.360629545952
-10.3020043857393,3.95891489707665,301.48027241189,248.5,79.3557345447388
6.23635880907099,3.98492300320606,301.478842489639,249,79.358697752945
-2.17592752992765,3.97179312947,301.477796929899,249.5,79.3576638601704
-1.85761905077778,3.97232553608961,301.476768456382,250,79.3567812117879
-2.5155185679985,3.97132242264724,301.475787324387,250.5,79.3555859622053
-16.9662228897376,3.94859731482932,301.476327153773,251,79.3475244550928
-5.84137876812453,3.96596179966636,301.475704663824,251.5,79.3447489217999
-32.5941012529815,3.92397090417428,301.478919654162,252,79.3292618224741
7.34271193000871,3.98641930175515,301.477592091999,252.5,79.332750714777
0.128067617170144,3.97520432580776,301.476390088249,253,79.3328115661529
-5.91929688051069,3.96573828181083,301.475682040171,253.5,79.3299990100399
10.1297510161498,3.99102173638217,301.474127647684,254,79.3348121650004
-34.3720250541454,3.921290941621,301.477601856681,254.5,79.3184802845197
-32.7713799157414,3.92341804050454,301.481053777207,255,79.3029089511715
8.61840323860413,3.98815703289402,301.479682339929,255.5,79.3070039886738
14.8941954942253,3.99821543784609,301.477995867806,256,79.3140809711991
-31.1852163769689,3.92601394552088,301.480816670937,256.5,79.2992633040459
0.166364892409273,3.97494382967396,301.479823094862,257,79.2993423523864
-7.41928218338234,3.96306189425232,301.479251271528,257.5,79.2958170776991
-63.5847064219538,3.87583710774536,301.490724711004,258,79.2656047808079
2.69911905281628,3.97830353667492,301.489831818863,258.5,79.2668872682292
7.14241073073253,3.98543229811139,301.488277949133,259,79.2702809873428
-8.16765866519811,3.96146771011289,301.487740980365,259.5,79.266400121292
20.5938901927132,4.00673299176723,301.486168679741,260,79.276185315872
-30.613242452445,3.92654732553804,301.488851494505,260.5,79.2616394223416
-24.9866241937402,3.93502790179604,301.490812874158,261,79.2497670185682
-59.39162408427,3.88156326197657,301.501140029424,261.5,79.2215470663084
10.6335639876966,3.99024036156225,301.499874846315,262,79.2265996081897
24.2401647603569,4.0118504578936,301.498266741783,262.5,79.2381173314858
-38.0717438651413,3.91437874962781,301.502530240905,263,79.2200275282368
-0.181623576072736,3.97340490417955,301.501569916164,263.5,79.2199412297271
-35.5572543932745,3.91797644921174,301.50541589417,264,79.2030461870853
-0.951458006315009,3.971930651693,301.504491493081,264.5,79.20259410146
-20.3019765769155,3.94155667845287,301.505531395645,265,79.1929476097431
17.4680379112139,4.00085984854651,301.503908233931,265.5,79.2012475544496
-16.9267557305845,3.94699732349823,301.504351031903,266,79.1932048001724
5.07028457845931,3.98149963306318,301.502945717001,266.5,79.1956139477746
57.3554268077767,4.06317156445196,301.504971996375,267,79.2228664001416
-36.6845501392239,3.91689776275862,301.508729713106,267.5,79.2054357225071
-11.2537960234546,3.95626564148176,301.508711239986,268,79.2000884771435
-21.207100248109,3.94055830956605,301.509870341217,268.5,79.1900119155778
4.05888514208653,3.98010456551347,301.508519396696,269,79.1919404963618
-36.9852869173939,3.91585316631783,301.512577108365,269.5,79.1743669235353
-42.5244290145204,3.90687122112721,301.518244086413,270,79.1541614252825
4.99143330184209,3.98089410166511,301.51698742614,270.5,79.1565331066712
-23.8812357898303,3.93563153442537,301.518544712745,271,79.1451859286089
-23.4042578882225,3.93617357873493,301.520201851585,271.5,79.1340653867738
3.22701509383002,3.97787573728656,301.518894993131,272,79.1355987041952
-24.1699121683345,3.93491769227872,301.520519708643,272.5,79.1241143614443
-2.786754776647,3.96832491909668,301.519622783368,273,79.1227902338763
-37.193340681911,3.91444731886027,301.523864762699,273.5,79.1051178042263
19.5493861067272,4.00318372003945,301.52231259474,274,79.1144067023015
-7.99100804522615,3.96015267281183,301.521654267036,274.5,79.1106097718585
-1.53162566990982,3.97030487804085,301.520551757011,275,79.1098820193522
1.22826025186768,3.97470741222508,301.51922747471,275.5,79.1104656276674
-20.9912494100742,3.93985256517812,301.520315239108,276,79.1004916277076
-16.4696420263236,3.94676329689615,301.52087839475,276.5,79.092666071177
-32.1354746582506,3.92212071639903,301.524107021137,277,79.0773968884482
-6.14022547393241,3.96258684001115,301.523559409471,277.5,79.0744793580319
-24.1989474099161,3.93423251144752,301.525258872886,278,79.0629812191752
-6.87189824641684,3.96125092204648,301.524730676078,278.5,79.0597160341691
31.5936681289963,4.02169885165132,301.523470916087,279,79.0747277773241
-60.4581161070864,3.87848030856459,301.53383058354,279.5,79.0460010809832
-10.6910984223933,3.9550530818996,301.53398041937,280,79.0409212015939
5.27549316006444,3.9801636976944,301.532460004917,280.5,79.0434278541298
18.0410979833192,4.00038680212714,301.530618430475,281,79.0520000885426
18.2306011648445,4.0009626132063,301.528747316464,281.5,79.0606623654625
-1.35057176038673,3.97044088738254,301.527483849607,282,79.0600206407885
0.740337554389727,3.97376539973707,301.526164598496,282.5,79.0603724124527
6.76437599236389,3.98330210958527,301.524536295915,283,79.0635865082198
-0.662307630253816,3.97174463433865,301.523274395731,283.5,79.0632718125031
-9.34788570644343,3.95812120485778,301.522802499744,284,79.058830161135
-29.3265036247766,3.92675431485042,301.525336984579,284.5,79.0448956620369
-5.27026844304402,3.9641722873232,301.524651779441,285,79.0423914920272
0.0437217158404728,3.97253526964632,301.523406574303,285.5,79.0424122664167
-30.5565902343888,3.92459918191039,301.526153073498,286,79.0278932912088
11.5410959191004,3.99038436461472,301.52457097677,286.5,79.0333770472247
-9.81268183952822,3.95699651928642,301.524108109685,287,79.0287145478012
-43.4388363611508,3.90445076860457,301.529788458161,287.5,79.0080745685577
-37.086350078255,3.91381544276238,301.534269211252,288,78.9904529755328
-22.8364807132092,3.9356794166397,301.53594244045,288.5,78.9796022132335
-29.6474104521534,3.92485018451876,301.538763645569,289,78.9655152351371
-12.0456355342537,3.95218548053665,301.538840457353,289.5,78.9597917469356
-60.0381872098049,3.87764721438788,301.549485407477,290,78.9312645799663
-36.0771876304935,3.91389493125868,301.554059298703,290.5,78.9141224908536
11.2657364909124,3.98794121611091,301.552444838609,291,78.9194754097348
-14.3436628873603,3.94787601946357,301.552583794402,291.5,78.9126600129822
-35.195585304099,3.91517818070573,301.556565279363,292,78.8959368175426
28.2372289585659,4.01445198955474,301.5551164821,292.5,78.9093537473782
-58.1616232344873,3.87994520484554,301.564970639708,293,78.8817182304793
-9.00383054151585,3.95575084318453,301.564909626589,293.5,78.8774400570507
-28.7374555581351,3.92479667836768,301.567519943445,294,78.8637854443605
22.125850263713,4.00450545934688,301.565780430368,294.5,78.8742985503376
-46.0164171182834,3.89812838787247,301.572168296145,295,78.8524338326392
11.9322125043456,3.98841506273218,301.570560443974,295.5,78.8581034278459
7.21190525053049,3.98123297182285,301.568753083877,296,78.8615301673065
-21.2769172978218,3.93661774700979,301.569873656447,296.5,78.8514204321437
13.5764725698202,3.99124825344045,301.568063072742,297,78.8578712981316
-0.532456169072834,3.9693004348531,301.566694956185,297.5,78.857618301385
4.36300731287361,3.97707122487415,301.565083078126,298,78.8596913859315
-14.393930981887,3.94770153094303,301.565173125492,298.5,78.8528521042751
-23.801773381122,3.93285170986645,301.566804244864,299,78.8415426828058
21.1594555734208,4.00326550476947,301.565040427691,299.5,78.8515966059866
-11.9377863510644,3.95158051588697,301.564743373172,300,78.8459243623646
2.4557311780615,3.97413335342878,301.563301396612,300.5,78.8470912039466
-41.3743090151854,3.90566256815743,301.568462516175,301,78.827432185639
15.06015316418,3.99361973017077,301.566783696906,301.5,78.8345880230129
18.5504750105652,3.99934438946305,301.564796402207,302,78.8434022881095
30.6774330543718,4.01857589730033,301.563256209658,302.5,78.8579786818282
8.54382099571671,3.98431813300763,301.56135995495,303,78.8620382815501
-27.5096268382907,3.92791216823938,301.563411487725,303.5,78.8489670721324
-28.4127582758918,3.92620400609555,301.565874131975,304,78.8354667394765
-20.2523465060391,3.93866487823135,301.566968114629,304.5,78.8258438295063
-19.4163682333533,3.93979763563904,301.567892701183,305,78.816618134923
-57.0117638698607,3.88141301390411,301.577514453604,305.5,78.7895289741286
17.4406203047609,3.99694814779231,301.57592599677,306,78.7978158913492
8.62595873831189,3.9834032394426,301.574024009458,306.5,78.8019145188501
-15.139636972601,3.94623524721297,301.574165830784,307,78.794720914715
-0.863028002014386,3.96855455157256,301.572941922321,307.5,78.7943108466391
10.4413555587019,3.98638283296321,301.571074591141,308,78.7992720606139
-41.0460821836588,3.90600073154114,301.576072390021,308.5,78.7797689994073
16.1266864680999,3.99507514596765,301.574366525153,309,78.787431600477
27.1595909393153,4.01259718609119,301.572597237904,309.5,78.8003364902072
-32.7395776059703,3.91912591907934,301.575613002372,310,78.7847802677382
-2.36694076207942,3.96632651475136,301.574607548281,310.5,78.7836556149553
-31.2146570350293,3.921182568285,301.577479515033,311,78.7688239590624
20.3786629841725,4.00176829223485,301.575730824942,311.5,78.7785068883542
0.711958243922144,3.9712067886738,301.574211141543,312,78.7788451755785
-37.870246767748,3.91092775321279,301.578473650995,312.5,78.7608511137502
-39.7721732766489,3.90757099527985,301.583492967041,313,78.7419533508343
19.4889836475287,3.99997432704459,301.581764385228,313.5,78.7512135486585
-26.7703372479134,3.92771093305615,301.583697581422,314,78.7384936129645
-25.165393314448,3.92996410299121,301.585614666077,314.5,78.7265362669771
1.69353668976406,3.97188961644486,301.584257008582,315,78.7273409515647
-6.49626793126216,3.95912196281728,301.58341265891,315.5,78.7242542474425
-13.0432614173028,3.94884208372543,301.583351459362,316,78.7180567369318
-38.8357828215,3.9085064624126,301.588012657843,316.5,78.6996039002887
-9.21503646229676,3.9543918535323,301.587729049851,317,78.6952253722883
-15.2367678835523,3.9449229626847,301.587997197648,317.5,78.6879856163649
-22.8148850497983,3.93295901828347,301.589472215022,318,78.6771451152531
2.07168518924342,3.97185151045573,301.5880753137,318.5,78.6781294772408
-30.5226638324585,3.92086776730032,301.590880788259,319,78.6636266221754
22.5602400625993,4.00385112569388,301.589095305003,319.5,78.6743461286268
-1.77393806097272,3.96600690518167,301.587736409946,320,78.6735032412978
9.03046524116322,3.98303487424852,301.58587290757,320.5,78.6777940702138
-41.1517544799148,3.90471613927773,301.590937379599,321,78.6582407987764
-29.974331527947,3.92162351049051,301.593902089478,321.5,78.6439984840092
22.2387501937495,4.0032372427344,301.592098343571,322,78.65456523443
6.65562508807908,3.97914222274734,301.590211879219,322.5,78.6577276571646
-21.1297040540069,3.93568336194791,301.591230256732,323,78.6476878704293
21.4671563740707,4.00232985947633,301.589379814672,323.5,78.6578879977599
-48.7246831173864,3.89302090571867,301.596319864586,324,78.6347364464654
-6.03627695425012,3.95897286635404,301.595751553185,324.5,78.6318683072269
6.17477664512528,3.97816963091368,301.594002408759,325,78.634802254645
-9.07175371836879,3.95436907923576,301.593385218061,325.5,78.6304918074938
-14.0451650196795,3.94652779390495,301.593452173614,326,78.623818242114
-43.2558924720575,3.90093140652975,301.59919985013,326.5,78.6032651887274
-18.5833137207489,3.93887551782691,301.600186060135,327,78.5944353203055
21.2295012581586,4.00124109984112,301.598265293394,327.5,78.6045225257195
-3.90753306288529,3.96212694942818,301.597069717157,328,78.6026658599322
-9.90796714198324,3.95273136168875,301.596597859415,328.5,78.5979580856618
-18.6762457143834,3.93893842441676,301.597331824448,329,78.5890840605686
20.3351288364459,4.00000346242148,301.595419124466,329.5,78.5987463045939
20.972945456634,4.00130373231632,301.593351190308,330,78.6087116074234
-5.74899089697801,3.95969210646254,301.592312784454,330.5,78.6059799722617
13.6498747310159,3.99011386058754,301.590358657512,331,78.6124657153139
-21.005970360362,3.93597949519589,301.591273987164,331.5,78.6024847206891
-23.2483807547029,3.93226622764203,301.592763284256,332,78.591438243932
8.6380306712353,3.98204562339922,301.591023486476,332.5,78.5955426074162
-2.85514425135708,3.96416696392641,301.589784430994,333,78.5941859845639
-23.7338893552273,3.93147776608595,301.591250916967,333.5,78.5829088182148
-12.9007834628985,3.94820125083255,301.591251394122,334,78.5767790061571
-30.4502777428249,3.92068769599886,301.59405713903,334.5,78.5623105453691
-29.2626568246548,3.92223650658167,301.596779947627,335,78.5484063831018
1.44728689593859,3.97008446014333,301.595445956434,335.5,78.5490940620083
19.0801390041717,3.99784554255965,301.593412479681,336,78.5581599971484
-4.4086967078162,3.96129187412266,301.592268544683,336.5,78.5560652032689
26.2208934688324,4.0092987410412,301.590470688178,337,78.568524070547
-6.80638313315754,3.95790718711003,301.589517360446,337.5,78.5652900150714
-23.4306098851293,3.93184244211924,301.590942541951,338,78.5541569520752
-20.8447464394398,3.93564967445238,301.592068622976,338.5,78.5442525630564
22.2994257702118,4.00309647510264,301.590234989065,339,78.5548481434999
-6.25888655612992,3.9586476797088,301.58924487272,339.5,78.5518742312263
-8.30899831466319,3.95540808352702,301.588593213724,340,78.5479262075886
-13.3624583135673,3.94744014112458,301.588545902408,340.5,78.541577030554
-0.622816789802249,3.96732248549983,301.587253415466,341,78.5412810989248
3.35933324705754,3.97362369780191,301.585634826797,341.5,78.5428772873658
-23.8494735627277,3.93108476707333,301.58708857305,342,78.5315452011375
24.1784102304929,4.00609768697459,301.585349134464,342.5,78.5430335817458
-24.106481349425,3.93080580800511,301.586743054881,343,78.5315793781721
-22.3424719292671,3.93331483825854,301.588111380214,343.5,78.5209633443301
-5.42947382547641,3.95959929574628,301.587283748104,344,78.5183835278237
-21.6964733797163,3.93411797554167,301.588449612331,344.5,78.5080744404327
-30.0713386604642,3.9208604083223,301.591250147718,345,78.4937860326905
-22.3708386501012,3.93258083995726,301.59272654111,345.5,78.4831565203906
13.9772926171704,3.98940824590597,301.590843761612,346,78.489797836173
-33.2143269370486,3.915760136568,301.594101993774,346.5,78.4740160363829
7.96882627250491,3.97991379690399,301.592450590291,347,78.4778024271484
-50.6857263527274,3.88865002783192,301.600078100824,347.5,78.4537190854317
-1.90284908445793,3.96406880960954,301.599161536799,348,78.4528149459819
-21.5873400983504,3.9332766384261,301.600344917135,348.5,78.4425577133101
-50.4019570295121,3.88843252808601,301.608165816186,349,78.4186092046928
-13.513455337149,3.94524143926061,301.608522377045,349.5,78.4121882813664
3.24651410189729,3.97151592323368,301.606955560399,350,78.4137308637487
23.7761531424188,4.00382924059452,301.604930301179,350.5,78.425028111752
-42.1411638522805,3.90113536142262,301.610243438735,351,78.4050047220834
-40.1049286332997,3.90383426750034,301.615518210902,351.5,78.3859488503361
-23.9019909055278,3.92864249131824,301.617402789657,352,78.3745918104729
-33.6252049514651,3.91330793587985,301.621111417117,352.5,78.3586147818415
-39.8129076443717,3.90341030618433,301.626364079277,353,78.3396976639756
-28.2843823582661,3.92096738819262,301.629142989228,353.5,78.3262583291846
16.2807428542184,3.99068415511887,301.627149079231,354,78.3339941302035
14.0939249565877,3.98756321876025,301.62494957634,354.5,78.3406908638854
14.530780922808,3.98850932529647,301.622763436049,355,78.347595169842
-5.68529440441202,3.95703908223834,301.621732697349,355.5,78.3448938000925
-12.1441596995056,3.94691625360367,301.62153318652,356,78.3391234980972
18.2828875292762,3.99457791915649,301.619469995175,356.5,78.3478106189026
-38.133361818171,3.90662663533776,301.62382799496,357,78.3296915378603
-2.06321015664761,3.96258158397283,301.62277674883,357.5,78.3287112027875
-16.1480161724567,3.94055107688438,301.623099356483,358,78.3210384669008
3.09732781036174,3.97063323478583,301.621515352035,358.5,78.3225101633612
1.1548569098488,3.96770224922441,301.61995393542,359,78.3230588940512
49.5210013041956,4.04309583100708,301.619993352821,359.5,78.3465888162281
-26.4138656479054,3.9252926402835,301.62172202612,360,78.3340382581474
-9.19535494734135,3.951934802845,301.621255818051,360.5,78.3296690818262
-41.0052102296304,3.90232183112379,301.626389408225,361,78.3101854409437
-30.1319325104081,3.91873353922396,301.629374490599,361.5,78.2958682420112
14.3073722794538,3.98805282181029,301.627428133304,362,78.3026663952679
-53.1739141506644,3.88317275914524,301.635793165022,362.5,78.2774007901942
-28.1005833520074,3.92131237885495,301.638526630139,363,78.2640487875693
-4.79986165640468,3.95755518688245,301.637638759821,363.5,78.2617681315191
-16.5384738157992,3.93919536046089,301.638038540927,364,78.2539098695381
20.8517455211589,3.99772161355309,301.635954913056,364.5,78.2638175841732
10.9804430827099,3.98260098985176,301.633791917606,365,78.2690349457854
-7.81153665549575,3.9533309123201,301.632957540799,365.5,78.26532329124
-15.6305828824713,3.94105537906748,301.633196838329,366,78.2578964139734
-10.6148050448497,3.94879653355549,301.632834433552,366.5,78.2528527854108
13.0401089564473,3.98583919520086,301.63077789037,367,78.2590487980285
-35.9867964813685,3.90940503977389,301.634637819893,367.5,78.2419496583039
-26.3607127476741,3.92399179375648,301.636854649697,368,78.2294243558434
-15.140179365549,3.94129362423449,301.637175919983,368.5,78.2222304939902
-22.0579942472756,3.93038307894674,301.638504237798,369,78.2117496298245
-46.2513527184715,3.89266958925728,301.645240468471,369.5,78.1897732823885
-11.4421118748899,3.94637385261588,301.64525356973,370,78.1843365586781
0.0226062468597625,3.96434555057107,301.643824858106,370.5,78.1843473000446
22.2001062562104,3.99919530778644,301.641641343555,371,78.1948956887842
-17.9089348260455,3.93669848328881,301.642089791978,371.5,78.1863862517447
-0.626416789645598,3.96365281088385,301.64074067361,372,78.1860886095743
3.24267094159508,3.96979671048661,301.639016044089,372.5,78.1876293658775
38.8956961450617,4.02552604236241,301.637754126675,373,78.2061106703586
-7.99252275897518,3.95282080813892,301.636819436729,373.5,78.2023130201988
-20.3981326866147,3.9333632972017,301.637745897893,374,78.1926208398706
-27.6743409431417,3.92182543394351,301.640052629936,374.5,78.1794713664848
8.88015870243284,3.9787765710385,301.638205982222,375,78.183690777193
-11.8871319509266,3.94640231096335,301.637847095603,375.5,78.178042602028
-42.7572246664704,3.8982962112657,301.643479670527,376,78.1577264908347
21.6989296715689,3.9985034491989,301.641580167975,376.5,78.1680367453337
-35.77364779369,3.90899758224088,301.645366422101,377,78.1510388832873
0.687359844092761,3.96559402276555,301.644028619876,377.5,78.1513654825728
-24.9231831776537,3.9255958081524,301.645727641454,378,78.1395232228218
-7.59397826561087,3.95248351503138,301.645073910755,378.5,78.1359149412261
-30.6158725081239,3.91650744869017,301.647942018544,379,78.1213677980238
-23.3550143735006,3.9275332402177,301.64960282847,379.5,78.1102706542631
-28.4727595352032,3.91936850853431,301.652188945595,380,78.0967418119864
-39.7295865816792,3.90165192866478,301.657343363432,380.5,78.0778642841545
9.75392143578007,3.97863823966082,301.655512405308,381,78.0824988635503
-14.2342226620371,3.94124267928261,301.655505207912,381.5,78.0757354673615
-31.1466256740627,3.91476669229271,301.658594845003,382,78.0609361365951
15.8669586936568,3.98810420190173,301.656535265043,382.5,78.0684753279162
-33.7191979472727,3.91080791473032,301.65999285224,383,78.0524536384779
22.2630049163131,3.9980813272013,301.657955504214,383.5,78.0630319135392
-6.10500042869359,3.95400351013783,301.656879416356,384,78.0601311203162
-50.5285809809968,3.88496761465784,301.664686361564,384.5,78.0361224462814
-40.0117099675994,3.90059983884971,301.67009989095,385,78.0171108674177
-33.3578863619089,3.9105274424252,301.673912233672,385.5,78.0012608553135
0.17746883725504,3.96271398695434,301.672580073157,386,78.0013451796975
-3.32018928704523,3.95734973992574,301.671333518985,386.5,77.9997675905236
-20.6142718071782,3.93032387998101,301.672378831802,387,77.989972711612
-34.1940243490182,3.90902144637227,301.676216248471,387.5,77.9737254082325
-9.29031736311143,3.9476188954467,301.675848669635,388,77.9693111104841
20.3973818284644,3.99415983337794,301.673568113018,388.5,77.9790029340417
-38.0762360700185,3.90308958001973,301.678034505886,389,77.9609109963199
-39.0477762544374,3.90120850424041,301.683149828852,389.5,77.9423574309183
-38.4410290441832,3.90177599555247,301.688178348271,390,77.9240921616793
-10.9956385635686,3.94425676014774,301.688069798738,390.5,77.9188675799287
-5.89354504780696,3.9522642960372,301.687146721433,391,77.9160672598085
-29.1723682998446,3.91589520627403,301.68985325347,391.5,77.9022059981673
-41.3096087148985,3.8968253734032,301.695556748258,392,77.8825777222314
-24.4954003600371,3.92257761255807,301.697649137221,392.5,77.8709387236453
-37.503701814531,3.90217469628848,301.702431296926,393,77.8531188257878
-20.4390644798575,3.92844972917035,301.703786425638,393.5,77.8434071967029
-23.0281802354399,3.92430335661205,301.7054737904,394,77.8324653483043
17.3820630556939,3.98754722107274,301.703185155409,394.5,77.8407244420262
-24.1301986778697,3.92281540540876,301.704806467372,395,77.8292589691551
-9.81411660154063,3.94506044887167,301.704423810979,395.5,77.8245957880039
-20.2808381339172,3.92867204611173,301.705503327282,396,77.8149593402261
5.34493429776137,3.96873617897514,301.703649262704,396.5,77.8174989877444
1.34787806913118,3.96264596336586,301.701925122817,397,77.81813943251
-19.2368173718774,3.93050712630524,301.702727574118,397.5,77.8089990515853
-17.8324889913572,3.93257591256501,301.70343610505,398,77.8005259378126
-33.7331281421226,3.9076766035701,301.707217645378,398.5,77.7844976294371
10.8698229199406,3.97718166382806,301.705171415528,399,77.7896624298379
-11.3702589935098,3.94255204929787,301.704757685229,399.5,77.7842598470507
14.154816559792,3.98253037116472,301.702460310347,400,77.7909855134006
-11.8098817372501,3.94210783338214,301.702068999459,400.5,77.7853740437033
-16.8181340678493,3.93421781595972,301.702539578005,401,77.7773829010496
-39.675154738884,3.89854175312381,301.707678562025,401.5,77.7585312365279
-29.2239968964124,3.91436221769745,301.710648565565,402,77.7446454435399
0.133794791350891,3.96006773300386,301.709231310797,402.5,77.7447090161847
26.4379759404207,4.00132308330482,301.706867692591,403,77.75727103028
25.9069944770322,4.00089045169461,301.704414896561,403.5,77.7695807483355
-3.84808642988898,3.95474926052424,301.703026330604,404,77.767752328638
-15.0890691059196,3.93717488284851,301.703139912891,404.5,77.7605827518436
-7.64592820051565,3.94871346481188,301.702363532766,405,77.7569497862171
7.84412552874374,3.97296040956259,301.700281762872,405.5,77.7606769253778
-45.0004695957194,3.89079122118456,301.706525022953,406,77.7392949355225
1.05252441327199,3.96203406943203,301.705133825906,406.5,77.7397950428887
-15.1433365159355,3.93677679606279,301.705246065593,407,77.7325996809143
-74.2160405497598,3.8460258319987,301.72127237577,407.5,77.6973359016606
4.26068133646454,3.96628597604862,301.719906481374,408,77.6993603659813
-11.7426086680631,3.94137856126401,301.719542317414,408.5,77.6937808611078
17.8744570528564,3.98772356086923,301.717142038891,409,77.7022739160206
-4.76554134426134,3.95259499893419,301.715862074853,409.5,77.7000095672795
18.4932400945585,3.98901696296376,301.713440334906,410,77.7087966371844
-7.28540012124707,3.94898229969938,301.712417207607,410.5,77.7053349766088
-0.492104443011729,3.95960251475725,301.710857379223,411,77.7051011529998
-36.1335042302774,3.90408116096762,301.714907585155,411.5,77.6879323050338
-12.3935475221532,3.94068066220581,301.7148602427,412,77.6820435063219
-49.317215192525,3.88334406497267,301.722483990589,412.5,77.6586104131917
3.60126023152887,3.96517867703507,301.720914590431,413,77.6603215533293
1.28989220675403,3.96170724503604,301.719148004351,413.5,77.6609344460908
13.1809578026717,3.98042400152361,301.716766609699,414,77.6671973830901
16.3829400855472,3.98565818196447,301.714277987836,414.5,77.6749817431614
-1.2628516653343,3.95832603989174,301.712655358131,415,77.6743816987232
-16.5070707501501,3.93453289750389,301.712923666071,415.5,77.6665383579205
-2.39619972471178,3.95646967304027,301.711581784414,416,77.6653998027306
25.326051141782,3.99980260783962,301.709252836205,416.5,77.6774334853445
-6.86926930617264,3.94987870679796,301.708138524264,417,77.6741695494803
-22.1503374439388,3.92598728782414,301.709332910902,417.5,77.6636448084104
-10.3744864074924,3.94416218644145,301.708888030833,418,77.6587153673376
10.9189722430996,3.97741523753231,301.706674322611,418.5,77.6639035210576
-7.52893700092721,3.94875579697735,301.705699827154,419,77.660326143843
-11.0975839166295,3.94314657633975,301.705250576835,419.5,77.65505312272
-27.7949710259434,3.91704228603171,301.707537171104,420,77.6418463319055
-26.8437587884105,3.91825016473554,301.709781604295,420.5,77.6290915099392
-9.80807382329108,3.9445908286081,301.70932635771,421,77.6244312000164
-40.5237350622857,3.89678469903721,301.714528138636,421.5,77.6051763322386
-33.7451301880416,3.9068515786362,301.71839563315,422,77.5891423210866
-49.3243963350997,3.8825246221093,301.726264462114,422.5,77.5657058158338
-34.9359299494162,3.9042021005099,301.730578982925,423,77.5491059957324
1.99634111386225,3.96160379245718,301.729011202969,423.5,77.5500545579548
-3.89116765420428,3.95253289157806,301.727724778483,424,77.5482056681975
-7.84009631043843,3.94641862639611,301.726900666151,424.5,77.5444804435214
24.5445229324,3.99706215752361,301.724479590932,425,77.5561427827161
2.76822938368969,3.9634363001916,301.722496013662,425.5,77.5574581079367
-55.9912625224008,3.87239994733317,301.732006584367,426,77.5308538387369
2.89980584543516,3.96317804143167,301.730522462219,426.5,77.5322316825622
-10.4731662799943,3.94238194231358,301.729959790999,427,77.5272553537114
9.14080012315823,3.97305204702852,301.727759781375,427.5,77.5315986082876
-11.6003482368751,3.94079597685528,301.72729929873,428,77.5260866985109
-21.0277589350639,3.92601820968209,301.728394809336,428.5,77.5160953510368
8.24503434860347,3.97163363137989,301.726308480236,429,77.5200129821722
-35.7964125011062,3.90310401400474,301.730276367799,429.5,77.5030043034666
6.93825019771763,3.9694382815277,301.728361814254,430,77.506301015627
-15.4422141548224,3.9346018346075,301.728456192028,430.5,77.4989636418315
3.74165866518231,3.96451564534659,301.726597079082,431,77.500741492337
18.8903470508158,3.98830491735456,301.724092380735,431.5,77.5097172477599
-15.8758724784347,3.93427176012704,301.724167028576,432,77.5021738210506
-0.985519128165493,3.95742837216704,301.722676605997,432.5,77.5017055512705
-3.96347819299136,3.95283105175047,301.721375429617,433,77.4998223031339
1.38039160783901,3.96121288946687,301.7196240966,433.5,77.5004781967194
3.43825505082699,3.96451492411551,301.717698730051,434,77.5021118848848
-13.2127198787418,3.93858942070092,301.717461865653,434.5,77.4958338561232
4.33054679674384,3.96592113603864,301.715565866073,435,77.4978915170434
15.1846152584918,3.98298489051366,301.713143572758,435.5,77.5051064926276
-8.6343564778021,3.94600721257873,301.712262018554,436,77.5010038749378
-45.6656020532562,3.88850499226586,301.718688984789,436.5,77.479305847148
2.12255841715183,3.96229513250452,301.717179569845,437,77.4803143815689
-2.00204595845764,3.95594854454414,301.715682571781,437.5,77.4793631086876
-29.2069996346986,3.91356484268842,301.718211506156,438,77.4654853919548
-3.68300665012953,3.95309436985873,301.717074608393,438.5,77.4637354099759
7.07729245450736,3.96995710542975,301.714964198949,439,77.4670981881164
-18.0432808543738,3.93085973060931,301.715429475114,439.5,77.4585249165116
-39.8632228820697,3.89685495404964,301.720491122582,440,77.4395838913418
-6.80282943986438,3.94787451767735,301.719774539993,440.5,77.4363515244048
-73.4190381719905,3.84550311068008,301.735430557242,441,77.4014664411272
-0.50027949982687,3.95697003839344,301.734392704943,441.5,77.4012287331368
-16.8539764603492,3.93150737815908,301.734770693425,442,77.393220559957
-22.4000192668487,3.92276432038515,301.736184193608,442.5,77.3825771824762
-37.844283017857,3.89862626860797,301.740929085879,443,77.3645954573333
-1.45572393082241,3.95501292575472,301.739650025379,443.5,77.3639037695665
-0.543082601477768,3.95654563005695,301.738033682042,444,77.3636457236665
-18.1343764257646,3.92913911869635,301.738613477924,444.5,77.3550291679672
-43.387227961497,3.88984771479784,301.744740310606,445,77.334413710474
5.2377195677098,3.9651813734547,301.742966731028,445.5,77.3369024148735
57.7319141071261,4.04650581142436,301.743273173002,446,77.3643337553208
-4.07627590583488,3.95156902782812,301.741739562498,446.5,77.3623969113089
-3.50232887611749,3.95248329792416,301.740369948238,447,77.3607327784416
12.9427231175503,3.97820284662593,301.737961565963,447.5,77.3668825181418
-11.4615050204578,3.94029463813495,301.737408851606,448,77.361436579771
1.45681348500615,3.96040635489902,301.735654361103,448.5,77.3621287852399
-24.9657711268978,3.91925707620668,301.737306140917,449,77.3502662898091
-19.4746177140847,3.92756708483013,301.738180593425,449.5,77.3410129179634
-77.2055572925498,3.83923278472006,301.755360732525,450,77.3043286687181
-22.3552714185335,3.9220658697536,301.757280522812,450.5,77.293706553194
-5.34284761908904,3.94850129820079,301.756236083718,451,77.2911678971619
7.00190888266521,3.96786714863425,301.754046747547,451.5,77.2944948567701
-39.7244429090887,3.89525115286724,301.759001920691,452,77.2756197729561
-29.1441567758192,3.91123789104368,301.761885922574,452.5,77.261771916031
-32.9777131004393,3.90504982020825,301.76554645283,453,77.2461025433933
-6.65756560407718,3.94581664965348,301.764733232172,453.5,77.2429391986219
8.53504648406042,3.96963314910049,301.762450943145,454,77.2469946291313
-49.6623144105858,3.8793595494113,301.770153932563,454.5,77.2233975619794
17.9528764049624,3.98407034594759,301.767863560109,455,77.2319278778764
-52.5691243310535,3.87477255680868,301.776387892011,455.5,77.2069496389102
-5.73736985901385,3.94685241313725,301.77561448772,456,77.2042235254891
-27.3135734420467,3.9132278378753,301.777900429171,456.5,77.1912454709155
-6.42317921022427,3.94563158042292,301.776996611498,457,77.1881934949263
-14.3626889413835,3.93326332763723,301.7770019167,457.5,77.1813690579371
-37.9564225645013,3.89651761366457,301.781747061532,458,77.1633340496469
-13.317057206889,3.93450551125118,301.781841100711,458.5,77.157006444965
-22.353311461284,3.92036819350267,301.783243512548,459,77.1463852607154
-27.2369843225371,3.91261979833792,301.785666889158,459.5,77.1334435974904
-16.5649477874246,3.9290604408481,301.786187982661,460,77.1255727563919
-30.2460035497251,3.90767701760255,301.789222859743,460.5,77.1112013565627
-5.50509141885593,3.94606504560324,301.788248051194,461,77.1085856103287
-26.4346699197073,3.91344447950646,301.790410703417,461.5,77.0960251670905
-22.1500775771902,3.91992814636747,301.79190077191,462,77.0855005494964
-70.5774346804548,3.84553695791201,301.8071066826,462.5,77.0519656551739
11.0222648514358,3.97098474473529,301.805133495537,463,77.0572028884151
-34.6117579317795,3.89999488385831,301.809042293711,463.5,77.0407570987685
-29.655034923108,3.90740637877078,301.812149868292,464,77.0266664979018
-4.28989389542571,3.94682550978133,301.811024157752,464.5,77.0246281532228
-6.91007801951667,3.94282202742775,301.81002139102,465,77.0213448270833
7.54179327149089,3.96549809112975,301.807700039292,465.5,77.0249283129596
-0.843424611080562,3.95259429203835,301.805951019164,466,77.0245275594422
-20.1275970817939,3.92255643319276,301.806857590202,466.5,77.0149639242072
7.0878957553177,3.96497689454163,301.80465001135,467,77.01833174051
-25.4045495086724,3.91441516767997,301.806482159563,467.5,77.0062607593679
17.0424245925268,3.98051257441885,301.803906975407,468,77.0143584737478
-30.5277873906405,3.90658530892478,301.806726541239,468.5,76.9998531842218
1.16092053616015,3.95575468644228,301.805027993301,469,77.0004047960461
-21.665725256783,3.92021857849112,301.806169456483,469.5,76.9901103186371
-39.338520473324,3.8926469398414,301.811334662607,470,76.9714186060118
5.45096742856793,3.96207362109527,301.809370733634,470.5,76.9740086352116
-38.2265708917949,3.89419004445815,301.814092514374,471,76.9558452658434
-10.2957347458693,3.93728754922119,301.813736086348,471.5,76.9509532436519
-3.5938575560718,3.94777123606216,301.812355821106,472,76.9492456208983
-12.7604232909142,3.93351628266164,301.812088176921,472.5,76.9431825010285
-31.3716246486941,3.90449116231265,301.815311555805,473,76.9282762619157
-23.9153272024246,3.9158097397481,301.817146165535,473.5,76.916912885306
-8.9203112200515,3.93905489370986,301.816501183737,474,76.9126743961141
28.3036980374407,3.99714073650121,301.813813714291,474.5,76.9261229087572
-34.9232210229641,3.89906563281754,301.817587497948,475,76.909529127307
-7.45986886606194,3.94149539599294,301.816814106781,475.5,76.9059845678424
-24.7781671574509,3.91449834353999,301.818608703561,476,76.8942112125073
27.3605492686328,3.99563417423037,301.816003042179,476.5,76.9072115876624
-28.0004340600644,3.90975939869011,301.818223186685,477,76.8939071710108
0.328166364340966,3.95370062885934,301.816551646266,477.5,76.8940630993808
-34.690123038946,3.899255968438,301.820396297627,478,76.8775800745244
-4.47306987804027,3.94598778233859,301.819262482314,478.5,76.8754546937092
10.7672541742803,3.96985095313161,301.816722209911,479,76.8805707585323
-2.69262009192129,3.94905678590303,301.81509616997,479.5,76.8792913590948
14.5717685187887,3.97605783029112,301.812417803624,480,76.8862151403229
-29.9666572513131,3.90689041736811,301.815061105217,480.5,76.8719764719912
5.32414671907792,3.96161611060882,301.813007613376,481,76.8745062422837
4.01650911269673,3.95972476005402,301.810824047292,481.5,76.8764146880816
-6.6120449098933,3.94325785724001,301.809651604632,482,76.8732729724849
-18.8583970364898,3.92415777189018,301.810284721507,482.5,76.8643123981233
9.47516785201197,3.96822269777272,301.807917759861,483,76.8688145276501
-4.19109116621684,3.94708728239316,301.8064498305,483.5,76.8668231291246
-8.49635633113894,3.94039258206993,301.805551599632,484,76.8627860822557
-7.58712612627594,3.94178569505574,301.804571167547,484.5,76.8591810564567
-8.45187268712717,3.94042306102209,301.803693267759,485,76.8551651460078
-24.9710706466201,3.91467171751239,301.805443613146,485.5,76.8433001325082
-14.0145023573875,3.93150467859479,301.805454165882,486,76.8366411365038
-20.9874192890746,3.92056403830475,301.806530586503,486.5,76.8266689564274
9.52009345081123,3.96800311116674,301.804184185342,487,76.8311924323693
-16.7131719488377,3.92727316767256,301.8043940209,487.5,76.8232511625054
-30.1924431551813,3.90620724356195,301.807296608082,488,76.8089052119175
-21.5706335458017,3.9193187890009,301.808616929506,488.5,76.7986559173703
-33.9901609980317,3.89988786866073,301.812458945452,489,76.7825054797378
-6.91790446065242,3.94171437745845,301.811619834596,489.5,76.7792184348619
-17.345106790791,3.9254740199807,301.812072823523,490,76.770976900923
-3.19987085222361,3.94745859642177,301.810687797792,490.5,76.7694564810981
-0.292760302397289,3.95206981270122,301.80892371247,491,76.7693173759316
29.4269923675459,3.99840670016599,301.80627117213,491.5,76.7832996222932
8.35910422734339,3.96609879858941,301.803725229008,492,76.787271453774
10.0589590227893,3.96891275822163,301.801190447084,492.5,76.7920509718926
-39.0904786035475,3.89268552430961,301.805920332249,493,76.773477116454
-12.3033455639606,3.93381636605864,301.805783703148,493.5,76.767631177236
-14.6653144972896,3.93007164960567,301.805800002493,494,76.7606629476015
5.78473519176009,3.96188945752617,301.803625241871,494.5,76.7634115666781
24.8114084370366,3.99162752136862,301.800874688444,495,76.7752007166195
-8.32413792811761,3.94039873194439,301.799806952889,495.5,76.7712454993888
17.4112788445813,3.98046080317648,301.797154800997,496,76.7795184750036
-16.8824393868256,3.92730014517512,301.79730129748,496.5,76.7714967776537
9.54726414754939,3.96834611578707,301.794948867983,497,76.7760331637622
-2.6216254063504,3.94955085397491,301.793323578802,497.5,76.7747874974759
-16.857359806068,3.92739437200773,301.793571176253,498,76.7667777166981
-18.554488581512,3.9246098254176,301.7941935691,498.5,76.7579615445517
40.248912543314,4.01575946743386,301.792387309294,499,76.7770858303074
3.9949314119114,3.96013506192253,301.790100078761,499.5,76.7789840234527
-59.9717858042091,3.86151036959327,301.800777614141,500,76.750488407136
