curr_dens,Volts_tot,Temp_tot,t_tot,SOC_tot
8.42832948939613,3.72753645490557,289,0,22
8.42832948939613,3.72763698148367,288.998735797225,0.5,22.0040047238897
-29.4787738303821,3.65656307224442,289.005978856054,1,21.9899978735468
-8.68878307842697,3.69530654208055,289.007988610348,1.5,21.9858693950374
-22.4113703741317,3.66936705362148,289.013256390731,2,21.9752206240737
-1.71676337850436,3.70808647880978,289.013770357094,2.5,21.9744049033163
-10.7613024685686,3.69106173045089,289.015931364107,3,21.9692916664483
-22.6609221253657,3.66852629801681,289.021303926911,3.5,21.9585243208773
-6.56067403981744,3.69862544383727,289.022761013537,4,21.9554070141686
-37.238559414152,3.64088631593909,289.032930492148,4.5,21.9377130988212
-5.07740199090585,3.70096474203028,289.034244782376,5,21.9353005693779
14.2113782974641,3.73702937426849,289.03221657124,5.5,21.9420531110584
4.67212320306129,3.71946166153071,289.031237674882,6,21.944273072135
-6.32653414363302,3.69887687999732,289.032329070623,6.5,21.941267017085
1.19000702554948,3.71296242988355,289.032104015557,7,21.9418324493656
15.0226099295431,3.73878038389907,289.029955302076,7.5,21.9489704480576
-5.60394394656021,3.7004166076378,289.030799936801,8,21.9463077320084
20.6849979070689,3.74933210666191,289.028260781814,8.5,21.9561362164526
-5.33985112586156,3.70111392844432,289.029003287394,9,21.9535989842053
14.7951127418582,3.73867508234248,289.026969871395,9.5,21.960628887524
-10.9988020927675,3.69057404079648,289.028985038631,10,21.9554028026213
-29.9021641556845,3.65486301349692,289.036559376096,10.5,21.941194778208
-23.9136606492076,3.66574714898811,289.042492081604,11,21.9298321934617
-2.28472777823513,3.70625680855513,289.043059014057,11.5,21.9287466042086
-12.0426879390601,3.68786536352669,289.045476359855,12,21.923024516558
-2.5434841112223,3.70565793151561,289.045951084318,12.5,21.9218159791371
-23.9528788909933,3.66527944491045,289.05159361993,13,21.9104347598287
24.0963658250107,3.754891435566,289.04893219612,13.5,21.9218841570072
3.13494947906102,3.71638227013689,289.048064806516,14,21.9233737294174
1.43126687379788,3.71324033200602,289.047661687045,14.5,21.9240537964045
-14.2712367052395,3.68369434891443,289.050564200094,15,21.9172728129793
-0.234223434066944,3.70999530274695,289.050621698881,15.5,21.9171615216276
-11.1905813219662,3.6893706052645,289.05279278951,16,21.9118443127528
41.9031685667607,3.78689874016873,289.049835726136,16.5,21.931754618873
-36.9784253232389,3.64131922538145,289.059358664448,17,21.9141843063355
-10.1474947147046,3.69130884495761,289.061681344357,17.5,21.90936272045
2.53066035870322,3.7150745490863,289.061192458755,18,21.9105651646601
25.5607670302035,3.75772273171829,289.058181762751,18.5,21.9227103726156
-1.15920760300587,3.70850813457682,289.058009343595,19,21.9221595746921
-1.98060150313923,3.70695473437323,289.058223444717,19.5,21.9212184911517
-0.465463510507198,3.70978511878867,289.058170199848,20,21.9209973259917
-30.7237240686883,3.65281049582316,289.065865820897,20.5,21.9063989370802
-23.3957523818124,3.66620740260439,289.071604691805,21,21.8952824366397
-5.70162410187007,3.69933471564387,289.072771283135,21.5,21.8925733078284
-23.6281989798698,3.66546590579219,289.078303254528,22,21.8813463603004
-8.20910795363149,3.69431878768502,289.08000382929,22.5,21.8774457996048
9.88602584603329,3.72824281702669,289.07836671351,23,21.8821431484602
0.707117751439288,3.71120835991532,289.07794480019,23.5,21.8824791357227
-47.1657194654522,3.62134335045577,289.091896744757,24,21.8600683265869
-26.0348112342001,3.66023947843885,289.098692509889,24.5,21.8476978763517
-13.7390646573597,3.68319268392938,289.101717972654,25,21.8411697546729
21.7314892451069,3.7494665031848,289.098884255495,25.5,21.8514954798654
-2.49639523003342,3.70462707723002,289.098899174734,26,21.8503093167439
-25.2700354725096,3.66162227101168,289.104880750872,26.5,21.8383022499962
-16.8341569399009,3.67727594355619,289.10867865026,27,21.8303034940688
-21.8318077698048,3.66766671236106,289.113792813831,27.5,21.819930102492
-14.7368727789344,3.68086551072678,289.116999224663,28,21.8129278719133
16.8196479512616,3.7400133303872,289.11452356994,28.5,21.8209197338893
-5.43436659661804,3.69858912206505,289.115137034519,29,21.8183375925809
-18.2578438095828,3.67431095915365,289.119079207074,29.5,21.8096623713083
-0.174033323894847,3.70831107410137,289.119001890918,30,21.8095796793097
-2.36037616076489,3.70423057271429,289.119142299583,30.5,21.8084581456996
-37.5921622955982,3.63776983473868,289.129368142114,31,21.7905962158116
-15.7967356266272,3.67841915286389,289.1330247152,31.5,21.7830903910069
25.2177407781773,3.75502055790149,289.129868764231,32,21.7950726099112
22.4011320926127,3.75019376227324,289.126542246327,32.5,21.8057165161516
-22.2991043619457,3.66666421510229,289.131331618371,33,21.7951210884254
-22.0524258614307,3.66687658499176,289.136510704244,33.5,21.7846428700803
8.31033655369288,3.72394235554438,289.13506063558,34,21.7885915295828
-13.8070519990396,3.68238543261328,289.137639518938,34.5,21.7820311036933
17.7176883338341,3.74143381770628,289.13501396358,35,21.7904496698909
-11.030266237033,3.68776023391659,289.136813590381,35.5,21.7852086347883
-8.59303047280485,3.69226506689228,289.138324925335,36,21.7811256531651
-15.4437299608114,3.67922793565837,289.141485977029,36.5,21.7737875591337
-14.9453043833362,3.68001708616533,289.144594589962,37,21.7666862922007
-10.7081579871847,3.68789813760938,289.146639281922,37.5,21.7615983069528
4.04506590405544,3.71566381212054,289.145675390297,38,21.7635203215207
4.83284167945807,3.71722909252377,289.144438720475,38.5,21.7658166480411
-17.5873212884326,3.67497154241272,289.148028155768,39,21.7574600257936
-10.3694621206456,3.68845797093108,289.15001080679,39.5,21.7525329720126
-15.1729902720905,3.67927274995211,289.153113601961,40,21.7453235200449
-41.3861975687705,3.62972385423561,289.164946233173,40.5,21.7256588528866
37.3101942272607,3.77608588348498,289.161651829789,41,21.7433868055421
-3.15281821592882,3.70193796313546,289.16152041749,41.5,21.7418887427949
-11.1423559308451,3.68681753229259,289.163496416302,42,21.7365944482327
32.9413583859335,3.76863096590119,289.159939544259,42.5,21.7522465469143
2.22164353789688,3.7123846983013,289.158849449653,43,21.7533021616671
-9.08176089610093,3.69109456853464,289.160272019962,43.5,21.7489869596016
-16.3429947915031,3.67725794487342,289.163613038533,44,21.7412215795516
-12.1656543068841,3.68499236635411,289.165965205567,44.5,21.7354410643856
-26.1737713603128,3.6583640444162,289.172239015839,45,21.7230045871949
-5.99085066278366,3.69628715282791,289.173278809647,45.5,21.7201580322756
28.8549312577997,3.76106884474128,289.169731983274,46,21.7338684635883
-27.6737249744393,3.65561876272298,289.176070963724,46.5,21.7207192828802
7.57889624539397,3.72189567221089,289.17467654845,47,21.7243203982483
12.8656760346055,3.73188151062016,289.172227796979,47.5,21.7304335289984
20.3704514196949,3.7459296968318,289.169028112156,48,21.7401125565623
-1.20790642485808,3.70592866989092,289.168621047201,48.5,21.7395386193755
-3.30354447988123,3.70197144661001,289.168814209811,49,21.737968938988
7.75042712849664,3.72272705132983,289.167155720699,49.5,21.7416515573189
-21.4949889760605,3.66764496283451,289.171728647018,50,21.7314382053172
-60.3443967527908,3.59498097693387,289.19186789448,50.5,21.7027655427697
-21.7989987834604,3.66608145491141,289.197398191704,51,21.692407740395
-6.59040876451393,3.69469235818615,289.198465719932,51.5,21.6892763052208
-24.7720838031991,3.66020737642162,289.204221454677,52,21.6775058403938
20.9292057320582,3.74595197959932,289.201207556364,52.5,21.6874503602769
-34.6680811754282,3.64160767894276,289.210029934013,53,21.6709778086201
-21.9356317232642,3.66524785295788,289.215234929541,53.5,21.6605550850532
-9.52638657635951,3.68857662045531,289.216945256438,54,21.6560286189304
0.554265828361686,3.70760628104396,289.216387739096,54.5,21.6562919785448
12.7398522967866,3.73053265857268,289.213875267698,55,21.6623453240991
-0.975170377948707,3.704974350687,289.213385629556,55.5,21.6618819715315
10.3235421892351,3.72623763409059,289.211207961609,56,21.66678720644
-4.478153705031,3.69853546853868,289.21143832301,56.5,21.6646594100425
-8.87941111907375,3.69017663641434,289.212778230622,57,21.6604403545488
9.90635553786172,3.72551561605595,289.21074003278,57.5,21.6651473630648
-11.6399914708146,3.68502077155743,289.21259302569,58,21.6596166167908
-44.2755907284419,3.62335267424212,289.225437737609,58.5,21.6385790533987
40.0613296819716,3.78007904268572,289.221990818254,59,21.6576142090881
6.12006727737499,3.71848898530715,289.220048949987,59.5,21.6605221613298
-4.13422017828656,3.69925595368924,289.220217474067,60,21.6585577850754
-17.7040880633619,3.67351490803032,289.223759159913,60.5,21.6501456810514
-3.31707356196792,3.70058903369638,289.224004134844,61,21.6485695723155
19.5161754671634,3.74330290958572,289.220836149996,61.5,21.657842690343
13.3611108059432,3.73214762529457,289.218094689241,62,21.6641912271088
15.7920327169747,3.73682548111537,289.21516139262,62.5,21.6716948173243
-35.7288712740634,3.63996044928535,289.224269768019,63,21.6547182308578
8.82582753513694,3.72364598858224,289.222663418582,63.5,21.6589118260917
-13.5805234029449,3.68149160356788,289.224963039293,64,21.6524590353488
-19.3499197596499,3.67040842819929,289.229051498841,64.5,21.6432649137826
-50.3081884046165,3.61205256354477,289.244521105777,65,21.6193609593623
3.57842324100422,3.71303958509984,289.243855582598,65.5,21.6210612484954
13.4226572770863,3.73156843295641,289.241156254004,66,21.6274390290899
-44.0597568677044,3.62336330051566,289.25361355013,66.5,21.6065040192369
-23.329449457309,3.66184926598651,289.259282416837,67,21.5954190226556
27.2091968665147,3.7564799945489,289.255659829169,67.5,21.6083474826605
-34.9713274090736,3.64002418936235,289.264457374048,68,21.5917308434431
28.9685361606176,3.75967183731606,289.260889784888,68.5,21.6054952541676
-17.0410500439378,3.6739673312294,289.263882151759,69,21.5973981929049
17.0539277712817,3.73803464798143,289.26094746047,69.5,21.6055013730245
-21.3027441575829,3.66595708699174,289.265245912778,70,21.5953793662197
3.83193040900408,3.71334133410337,289.264107698408,70.5,21.5972001093779
-44.0959855144837,3.62286679414073,289.276645496902,71,21.5762478854699
-35.2996360200577,3.63880525349989,289.286360311266,71.5,21.5594752502939
14.8582056677688,3.73324255944051,289.283785189137,72,21.5665351322398
-12.5633183586911,3.68175520795253,289.285692287783,72.5,21.5605656668519
-5.02287618541176,3.6959700808255,289.2861012539,73,21.5581790453653
5.01486265788988,3.71493437441824,289.284533829596,73.5,21.5605618592213
29.6908497127054,3.76069416936178,289.280443711875,74,21.5746694774985
-42.2442874903664,3.62607480289083,289.291950811604,74.5,21.5545970885951
-33.9118654484362,3.64118797334048,289.301086261853,75,21.538483853122
-32.7311812033205,3.64302040882556,289.309720884773,75.5,21.5229316202069
10.0002709571602,3.72365367193814,289.307652246192,76,21.5276832526693
-29.9416963560973,3.64813543886723,289.314798474166,76.5,21.5134564445162
-7.04336557733518,3.69133291264877,289.315809258123,77,21.5101097867441
3.4606528766597,3.71121707385201,289.314445034218,77.5,21.5117541172448
42.2534163643199,3.78239715455341,289.3101278423,78,21.5318308437361
-2.35859557250938,3.70085896989863,289.309427448186,78.5,21.5307101561732
-20.308930642299,3.66677164219749,289.313538203621,79,21.5210603602295
-5.66126198179373,3.69438606857759,289.314095745162,79.5,21.5183704094946
-6.2167573196888,3.69330308523083,289.314612934245,80,21.5154165149433
19.3759315043084,3.74132296675238,289.311175260387,80.5,21.5246229959997
-40.2274791872914,3.62912620663663,289.321945196892,81,21.5055088943111
37.8553926778668,3.77468861277386,289.318066496702,81.5,21.523495898213
20.0296013058734,3.74281502340363,289.314214147813,82,21.5330129707187
25.0445189252026,3.75225831158443,289.310175773958,82.5,21.5449128831951
1.20458235888517,3.70819315872237,289.308919846666,83,21.5454852409507
4.61110751942956,3.71462755069881,289.307298303657,83.5,21.5476762104025
-37.0101748715102,3.63595430462804,289.316848864065,84,21.5300908120555
-32.2607438236609,3.64441718563353,289.325189259123,84.5,21.5147621076362
10.6256466104666,3.72520920194505,289.322995530963,85,21.5198108875727
13.5735680158953,3.73086628428339,289.319987325222,85.5,21.5262603734609
-35.8090191296376,3.63772883085496,289.329036951625,86,21.509245704711
6.57539335769414,3.7175645698363,289.327458759891,86.5,21.512370005309
-18.4830068211145,3.67020660032657,289.330899271753,87,21.5035877977477
-23.8420903363834,3.65982975463228,289.336215103301,87.5,21.4922592196622
13.0619280570421,3.72940526887795,289.333571530127,88,21.4984655996337
-12.7201106457153,3.68091514230151,289.335395197466,88.5,21.4924216343322
0.496602259778424,3.70587167785675,289.334560417311,89,21.4926575950805
-47.4363288487697,3.61527002192303,289.34846998389,89.5,21.4701182057957
5.55060566469376,3.71493324660839,289.34715398463,90,21.4727555781405
52.5104073566227,3.8000071678923,289.343208478622,90.5,21.4977059177144
-14.8070314837593,3.67714843298933,289.345228291998,91,21.490670351201
-6.84068763862874,3.69211480609541,289.345884208697,91.5,21.4874199959268
8.59225997564991,3.7212017729953,289.343625848466,92,21.491502611448
-29.7619610801489,3.64868127175337,289.350528767574,92.5,21.4773612045781
19.4881360154396,3.74129427134423,289.347248585187,93,21.4866209996497
-19.1457365345253,3.66874284713682,289.350705896039,93.5,21.4775238958187
1.652941133778,3.70800232677138,289.349688264318,94,21.4783092914129
-10.6481622375229,3.6847335954271,289.351055101872,94.5,21.4732498131677
0.746818738228821,3.70624352208317,289.350107382551,95,21.4736046643688
1.87050919663125,3.70840574781689,289.348840215677,95.5,21.4744934375088
-23.5573895345117,3.66019313426342,289.353786710764,96,21.4633001351151
-6.05199770367353,3.69319991626579,289.354360038143,96.5,21.4604245261566
-29.5837820696265,3.64845468018263,289.361381216441,97,21.4463677811098
20.145207891395,3.74204249387418,289.357988138561,97.5,21.4559397841275
-4.46150785087978,3.69615251857276,289.357763251993,98,21.4538198970138
13.5724941317592,3.7300944599058,289.354788424038,98.5,21.4602688726455
34.2599653430693,3.76815300043746,289.350311561994,99,21.4765475079128
9.50970934898011,3.72309476479904,289.347567030211,99.5,21.4810660498448
-5.48370450010864,3.69493748532083,289.347657612323,100,21.4784604656133
16.2739530709213,3.73575899571868,289.344457056532,100.5,21.486193040464
-21.8558948450216,3.66400565003768,289.348694398045,101,21.4758082039045
25.4212667745278,3.75254758478003,289.344939112359,101.5,21.4878871282616
42.1423911001052,3.78282145281555,289.340550212609,102,21.5079111010574
21.6076832393774,3.7463157314401,289.33657540517,102.5,21.5181779997803
-47.0509285649211,3.61751349551315,289.349788985636,103,21.4958217335835
-3.72748884507649,3.69863205052398,289.350141334854,103.5,21.4940506158733
-12.744302567456,3.68149972294904,289.352035570947,104,21.4879951557712
-45.0099758705321,3.6204437274184,289.364859280216,104.5,21.4666086490059
22.7646416089337,3.74747417019499,289.361488011184,105,21.4774252769281
6.2629790067048,3.71708855293552,289.359266766859,105.5,21.4804011337311
-42.013953977458,3.62590462398722,289.370656720072,106,21.4604381878819
4.32472444530016,3.71306146675571,289.369405441087,106.5,21.4624930823096
-20.6415258959233,3.6658097928964,289.373376631055,107,21.4526852536076
30.6456971609189,3.76162323727175,289.369263914263,107.5,21.4672465680048
-30.9277629938995,3.64651839451332,289.376282008482,108,21.4525512299222
-3.10192321577573,3.69894600222158,289.376247127411,108.5,21.4510773499533
-10.3220284102596,3.68523875342731,289.37750859954,109,21.4461728343174
-13.2809500962093,3.67951905643041,289.379587487257,109.5,21.4398623859426
17.0583513728597,3.73657460924312,289.376267085887,110,21.447967667938
-24.7903402569101,3.65777018619391,289.381374582847,110.5,21.4361885285503
-6.09389915632403,3.69301254633055,289.381893750366,111,21.433293010101
26.6823965801641,3.75420242181156,289.377755901389,111.5,21.4459711607541
0.107057486643077,3.70507113475215,289.376505330624,112,21.4460220291586
-47.9081931689105,3.61433993368012,289.39043326533,112.5,21.4232584333667
-14.5406962144108,3.67673056518518,289.393295240082,113,21.4163494161556
16.3587567803696,3.7349116308787,289.390008277385,113.5,21.4241222855204
-14.5713975097389,3.67678173297801,289.392138046645,114,21.4171986805774
5.96113617577013,3.71555525139016,289.3902282956,114.5,21.4200311166471
5.57086210212825,3.71492283103525,289.388176416442,115,21.4226781138456
-24.4394476102465,3.65808615541708,289.393266091979,115.5,21.4110657012294
22.5497490990284,3.74637454189357,289.389545977782,116,21.4217802228956
-28.9107763941108,3.64965154400756,289.39593436166,116.5,21.4080432567457
12.2469111957447,3.72726173742832,289.393286971455,117,21.4138623811526
-13.3083223151296,3.67913735585682,289.395110139108,117.5,21.4075389268578
7.58831569457099,3.7185796783782,289.392928026017,118,21.4111445178807
-17.3570105296206,3.67142397007112,289.395882066787,118.5,21.4028973278758
18.2754493396206,3.73846072225168,289.392436114234,119,21.4115809144226
14.516151376521,3.73171512868227,289.389057200432,119.5,21.4184782691449
-32.6191242694544,3.64275591538802,289.396778119438,120,21.4029792801236
1.83818483567386,3.70775108711752,289.395763970421,120.5,21.4038526943315
-30.9046218072916,3.6456418851222,289.40303147337,121,21.3891683517923
-13.3348494622409,3.67865828586545,289.40532668369,121.5,21.3828322931137
-5.71226743577914,3.69303629764972,289.405582100731,122,21.3801181071183
-5.61078748497613,3.69320187942591,289.405731818506,122.5,21.3774521393593
7.77881753255039,3.71849750146269,289.403405524214,123,21.3811482474013
5.54706488056382,3.7144237158543,289.401302810326,123.5,21.3837839373412
20.2867372270379,3.74201972640631,289.397426791814,124,21.3934231880753
-10.4012078349744,3.68457074186767,289.398434369831,124.5,21.3884810503063
-13.8688914069018,3.67786423587357,289.400613872373,125,21.3818912413992
25.9540778145087,3.75244015701924,289.396538067593,125.5,21.39422333112
-36.721501369261,3.63473705065851,289.405664756828,126,21.3767750960948
-5.23028392327918,3.69405696348134,289.406083931165,126.5,21.3742899247446
-18.7119429344927,3.66837694675587,289.409538099876,127,21.3653989381039
26.1216858881837,3.75246199472626,289.405457183897,127.5,21.3778106668633
-1.8792238289974,3.70054050574464,289.404523255546,128,21.3769177529624
-10.3646732206561,3.68442435653624,289.405715440153,128.5,21.371992974629
16.9008611671332,3.73570975732496,289.402302738224,129,21.3800234250947
5.01227090418019,3.7136850997353,289.400211727321,129.5,21.3824050074779
-3.54759154626363,3.69757624565677,289.399807852965,130,21.380719368036
-36.0923930505515,3.63578238440718,289.408973090462,130.5,21.3635700540623
-52.079488861967,3.6053790510614,289.42524254232,131,21.3388244655713
-38.2321656678836,3.63062429380054,289.435950971595,131.5,21.3206584378431
-10.8682482053503,3.68220627264746,289.437689528346,132,21.3154943856686
-27.568144872625,3.65030845434315,289.444009832664,132.5,21.3023953713851
-39.5722969541968,3.62726825809204,289.454979831243,133,21.2835925797781
-18.0083394757242,3.66781157183382,289.458672827319,133.5,21.2750359105824
-24.6176697977569,3.65505017665214,289.464130084162,134,21.2633388156275
-17.5257052564337,3.66836203007227,289.467489044344,134.5,21.2550114702605
-5.57550268637872,3.69105983230743,289.467674728963,135,21.2523622680866
31.758151739941,3.76080887939926,289.462888264095,135.5,21.2674521656905
-24.6217820289781,3.65518263219944,289.467795565292,136,21.2557531168074
-13.905720011672,3.67538472778798,289.470096826572,136.5,21.249145808775
42.5745523199442,3.78022302300204,289.465325138411,137,21.2693751231351
-10.4936783206172,3.68238630433697,289.466077187154,137.5,21.2643890479805
38.2797758400215,3.77303224534295,289.461320787338,138,21.2825776976996
-8.51425268979907,3.68658024988216,289.461611439517,138.5,21.2785321473693
40.4308872139173,3.7772186453868,289.45691899199,139,21.2977428984574
-6.35913955513183,3.69111867158794,289.456695514785,139.5,21.294721350934
-32.5187435745361,3.64128272563743,289.464510962541,140,21.2792700578372
-17.4053989461243,3.66961822404753,289.46780132315,140.5,21.2709998760582
4.77116676550556,3.71161055481898,289.46590686297,141,21.2732668977203
-13.0415666902395,3.6778531795466,289.46759422427,141.5,21.2670701924599
22.6892963751284,3.74503009871876,289.463474820221,142,21.2778510200662
-40.3294964428763,3.6262240634153,289.474001419659,142.5,21.2586884448407
-15.0768039586458,3.67368346843411,289.476748073357,143,21.2515246958356
-4.87813010136399,3.69298882503038,289.476676341959,143.5,21.2492068505047
6.62339096420898,3.71478036866033,289.474318311394,144,21.2523539571833
5.07683692714743,3.7119789320012,289.47210587835,144.5,21.2547662181363
-14.9716900095309,3.67395322914261,289.474292569539,145,21.2476524140633
19.8965333548016,3.73965891368186,289.470399951822,145.5,21.2571062592824
-27.1938545008758,3.6507971577389,289.476136241679,146,21.2441850892083
18.1611801131277,3.73641974236382,289.472543762988,146.5,21.2528143806896
-22.4782395448689,3.6597268598701,289.476775848736,147,21.2421338368146
-13.1519056811632,3.67726194005021,289.478770220443,147.5,21.2358847039415
-67.2768237012422,3.57535583341846,289.502330961284,148,21.2039180961527
-5.93697745952754,3.69011865688757,289.503159500757,148.5,21.201097139106
-17.0633108755466,3.66885874074709,289.506042985369,149,21.192989500601
-0.345787119304363,3.70062426275098,289.504993477932,149.5,21.1928251997227
23.8733700921431,3.74607856691307,289.500487394887,150,21.2041686403959
-3.6314414896417,3.6947733312958,289.499712583561,150.5,21.2024431596222
-22.3160496117131,3.6591016271225,289.504100114544,151,21.1918396803542
19.3054550810163,3.73774696007948,289.500230642552,151.5,21.2010126745119
-54.197710778967,3.59895433848929,289.516887738319,152,21.1752606120897
-24.5721937215821,3.65419216602937,289.522648638005,152.5,21.1635851251093
3.98574282355303,3.70845843224039,289.520831706877,153,21.1654789522934
-36.2176524389178,3.63189242955759,289.530014685899,153.5,21.1482701212748
3.99593511019752,3.70821889839356,289.528323674488,154,21.1501687913277
-23.7483400915445,3.65535665439758,289.533100617155,154.5,21.1388847587058
-13.197383149725,3.67531052651448,289.535076133642,155,21.1326140171967
-20.4443061417049,3.66133720984166,289.539008422527,155.5,21.1228998975342
-30.7158389532423,3.64151138440037,289.546455792915,156,21.1083052552383
-19.1755796225237,3.66325810045643,289.550229638602,156.5,21.099193971453
-1.04844660689583,3.6978075121384,289.549256278978,157,21.098695801658
-51.787567867189,3.60121485630126,289.565220075163,157.5,21.0740889195362
-1.57992612606362,3.69630701645673,289.564758312998,158,21.0733382170502
-26.6338008154335,3.64835874502613,289.570586515219,158.5,21.0606831566928
-14.0789755747916,3.67218626796916,289.57282465029,159,21.0539935262152
-10.2859794047982,3.67938152202963,289.573895908611,159.5,21.0491061392776
9.66236469385668,3.71738614636846,289.570843218583,160,21.0536972154535
-25.0721381970911,3.65117698052388,289.576001737891,160.5,21.0417841796697
-14.9069104738771,3.67043615004344,289.578427129887,161,21.034701155617
20.1710043268019,3.73695385197787,289.574097536296,161.5,21.0442854158206
-33.4500807505704,3.63515020776658,289.582099903479,162,21.0283915975184
-45.1172457149429,3.61260045796214,289.595469389907,162.5,21.0069541214466
2.27982690931817,3.70276242580964,289.594063524248,163,21.00803738205
-19.8985955378803,3.66034540211575,289.597631455276,163.5,20.9985825569837
50.0657725664058,3.79028401452644,289.592515254976,164,21.0223713274284
-27.9226010825149,3.64554428765996,289.598230983736,164.5,21.0091038931451
-5.42768451912922,3.68839088107412,289.598192997093,165,21.0065249268283
-3.43158116417064,3.69220976753044,289.597446637751,165.5,21.0048944097626
-8.48188627951341,3.6825551747816,289.59785517928,166,21.0008642383441
-10.4641808159279,3.67870807918658,289.59881605041,166.5,20.9958921789398
-30.6100163990275,3.63998506212165,289.606039259684,167,20.9813478182699
-22.4525869808069,3.65528295164275,289.610739471622,167.5,20.9706794632203
4.34063197913637,3.70645314870072,289.608606745786,168,20.9727419161186
49.6327376733742,3.78946274227476,289.603223686941,168.5,20.9963249298728
-5.41872321858917,3.68861300246011,289.602428661475,169,20.9937502215214
-0.456758693555775,3.69806922545084,289.601026800478,169.5,20.9935331924583
1.74358965560229,3.70229950916774,289.599144329851,170,20.9943616597313
27.7796132956073,3.75109433087014,289.594041041818,170.5,21.0075611533145
-15.8201092494592,3.66913634011761,289.5960436115,171,21.0000442225242
-10.1013540321147,3.67992945216339,289.596948685676,171.5,20.9952445604012
-32.9629023466392,3.63604727485852,289.604928020713,172,20.9795822250987
-38.8737297562438,3.62438660860228,289.615515786136,172.5,20.9611113579554
-6.03681244893736,3.68683885301755,289.615717790641,173,20.9582429642764
1.23134326016684,3.7007328388452,289.613961383237,173.5,20.9588280374841
13.4117658941323,3.7238840230858,289.610144122229,174,20.965200643034
-3.03918490625335,3.69286862043238,289.609080958931,174.5,20.9637565731961
-41.6565327994966,3.6189694912204,289.620433080629,175,20.9439634561524
5.34020952924641,3.70840346638414,289.618331575704,175.5,20.9465008586952
-30.5352736905674,3.639782818366,289.625299284233,176,20.931992012051
-38.1191309099907,3.6249483212793,289.635601656784,176.5,20.9138796928301
-44.2462825597325,3.61284464133912,289.648617165123,177,20.8928560552252
-38.7869600428847,3.62269106720501,289.659474058987,177.5,20.8744264167435
-25.6403845678924,3.64746061043437,289.665343432018,178,20.8622433784854
-14.5586165801031,3.66859286295211,289.667563649429,178.5,20.8553258464059
-20.5366706219427,3.6569809685259,289.671439492116,179,20.8455678397263
-30.8923643835985,3.6368734717872,289.678944106137,179.5,20.8308893213066
-1.02672157713689,3.69412758759642,289.677831435889,180,20.8304014741675
-34.5606766257776,3.62962310752982,289.686497499929,180.5,20.8139799558224
5.13066140693172,3.70567882317567,289.684189423593,181,20.816417791497
18.123641504327,3.73041494754965,289.679509530018,181.5,20.8250292464944
-11.5380444771,3.67413717597453,289.680364650725,182,20.8195469403724
-13.461955709289,3.67035743474931,289.68204146873,182.5,20.8131504871132
-13.1409944762897,3.67088480792021,289.683651672702,183,20.8069065387033
16.8654249067111,3.72812062307409,289.679315033182,183.5,20.8149201516167
-6.95168038336434,3.68302227770759,289.678996563795,184,20.8116170580985
-33.0451646730735,3.63274127954629,289.687037030112,184.5,20.795915635821
-25.7712792549054,3.64635071564469,289.692793989581,185,20.7836704029037
-29.2350741395385,3.63941729482814,289.699696816904,185.5,20.7697793465595
-16.4953172867759,3.66370607294349,289.702457698177,186,20.7619415904193
-15.9260513782101,3.664688593113,289.704892445389,186.5,20.7543743211871
-5.6176773167026,3.68448778240091,289.704568373686,187,20.751705079722
-32.6760612970313,3.63227297781368,289.71252145108,187.5,20.7361790370508
3.57411063757251,3.70185861652557,289.710407117686,188,20.7378772770488
-16.4799819102382,3.66334187312144,289.712768019759,188.5,20.7300468075185
-0.258906746753713,3.69452487642905,289.711221710257,189,20.7299237878815
-12.5078755503436,3.67098640550417,289.712475597592,189.5,20.7239806661645
6.67479223692326,3.70780957394802,289.709543110826,190,20.7271521961769
-23.5134001760874,3.64980460803976,289.714059180987,190.5,20.7159797953432
-27.558075696391,3.64175763902555,289.720314332598,191,20.7028855654326
-30.6130612477719,3.6355766969808,289.727750807732,191.5,20.6883397580017
42.968128360367,3.77435910479548,289.72194403304,192,20.7087560801636
33.8932899610621,3.7585989315242,289.715680761598,192.5,20.7248604894869
22.2949354191399,3.7377119832294,289.710270147271,193,20.7354539363384
-11.0786077920059,3.67452592569332,289.710848691682,193.5,20.7301899317281
-26.5095060242537,3.64465007537002,289.716458318452,194,20.7175939300869
-15.2949080315067,3.66599072400504,289.718720317886,194.5,20.7103265488506
5.7089480340443,3.7062568520375,289.71596441468,195,20.713039157631
19.448456212224,3.73234368475574,289.711058767285,195.5,20.7222800988293
15.0002549988985,3.72426844923708,289.706576017607,196,20.7294074755677
33.3805889731242,3.75847918291305,289.700690582547,196.5,20.7452682748261
-30.7262691864914,3.63729095513976,289.707300309303,197,20.730668676601
-33.52625588067,3.631519452556,289.715644648075,197.5,20.7147386636574
-27.1320237315357,3.64339398241736,289.721735102049,198,20.7018468724962
-22.5148717686439,3.65199116015976,289.726206560106,198.5,20.6911489228065
4.71688838935452,3.70422631739439,289.72369315225,199,20.693390154078
-24.9004357460065,3.64728705305597,289.728594104001,199.5,20.6815587027776
-3.11094067086404,3.68909114212929,289.727698876133,200,20.6800805381615
-28.737567868399,3.63964525008785,289.734027862879,200.5,20.6664258721069
-4.32351286867602,3.68649146595913,289.733451694271,201,20.6643715533603
-10.6592138398971,3.67428220746998,289.734162985765,201.5,20.6593068239422
17.3260732781504,3.72771061480238,289.729590502675,202,20.6675393141005
-62.1940743402833,3.57594459547576,289.750494688163,202.5,20.6379877765598
-15.7619208989185,3.66389157387434,289.753373054799,203,20.6304984939859
-29.7147370748239,3.63678081873873,289.760236288536,203.5,20.6163795256197
-39.3952799367753,3.61782394481257,289.771091951102,204,20.5976608437143
19.4546551618887,3.73055930485269,289.766487423287,204.5,20.6069047303459
-12.36388389158,3.66999293455655,289.767392016633,205,20.6010300263191
-5.90199872799455,3.68241957992432,289.766936719327,205.5,20.5982256894296
-37.853146164083,3.6206444834468,289.776828127355,206,20.5802397529595
-3.56538345247819,3.68654400598248,289.776126279413,206.5,20.5785456596868
-13.4731646942376,3.66741114795796,289.777557284047,207,20.5721438804743
-2.23756687349003,3.68906677325949,289.776245004013,207.5,20.5710806997427
-46.2403899757634,3.60414319161078,289.789722249208,208,20.5491095612579
-44.4697664265262,3.60693958755369,289.803032466435,208.5,20.5279797352107
-10.7443465999144,3.67168460661318,289.804212042212,209,20.52287455493
11.3464031405705,3.714216075883,289.800236608381,209.5,20.5282658025997
2.85074650599319,3.69818882077011,289.797545574056,210,20.5296203358617
-5.71242638160122,3.68178492430434,289.796826525506,210.5,20.5269060743432
-26.5769186747147,3.64131518079096,289.802416526924,211,20.5142780415561
-0.786352077622584,3.69106258076325,289.800887828413,211.5,20.5139044060741
-45.0552966908131,3.6054928991597,289.813836751869,212,20.4924963651042
4.23521919771756,3.70033495454114,289.811500294781,212.5,20.4945087310802
-12.5619372895451,3.66798769451593,289.812545429722,213,20.4885399219077
-7.57255161509919,3.67760096702844,289.812432543323,213.5,20.4849418211931
20.7653127485121,3.73179729363901,289.807169418679,214,20.4948084672641
6.1462143255982,3.704394258269,289.803745795686,214.5,20.4977288432855
29.9995734317842,3.74936106185387,289.797650837066,215,20.5119831517526
6.67756237066591,3.7059657812669,289.794084043475,215.5,20.5151559979951
-11.8026587208609,3.67046777525623,289.794846914557,216,20.5095479603168
-10.8494423173348,3.67220873913735,289.795551012867,216.5,20.5043928437669
-7.80103095217264,3.67802589838289,289.795456933083,217,20.5006861810103
-24.1673650812418,3.64624471874513,289.800158789633,217.5,20.4892030485088
-11.7148808931163,3.67014475311976,289.801254091637,218,20.483636718498
-31.4094649565444,3.63186034709946,289.808615117649,218.5,20.4687124995488
-7.15981353807508,3.67855966135906,289.808610010501,219,20.4653105114848
-13.7014906809203,3.66584993966037,289.810068529917,219.5,20.4588002430949
-43.033190713223,3.60895829107502,289.822224402261,220,20.4383530065318
-15.9396792955072,3.66091007532851,289.824794622393,220.5,20.4307792619897
-36.3482579448364,3.62116846054435,289.834219715982,221,20.4135083737164
-2.38490918089989,3.68675141117,289.833113618229,221.5,20.4123751832326
-24.8979276533842,3.64304108689302,289.838079829764,222,20.4005449236534
-4.0222840807018,3.68342345820691,289.8371985983,222.5,20.3986337338773
-17.9220365611515,3.65643088245747,289.839882428043,223,20.3901180715436
5.93325062061743,3.70255696952816,289.836806256603,223.5,20.3929372577814
8.40385733057799,3.70745127218375,289.833040722713,224,20.3969303537158
-33.9587458457855,3.62549929348583,289.841199338171,224.5,20.3807948430045
-12.193151475608,3.66744361419758,289.84253064254,225,20.3750012625486
-31.3023614590655,3.6301736142753,289.849918637237,225.5,20.360127933866
-36.2323818719612,3.62026515696672,289.859515116358,226,20.3429121041518
-7.68742620013905,3.67545682163818,289.85966282031,226.5,20.3392594207354
-27.8313736729358,3.63618154606387,289.865741722382,227,20.3260353331896
4.52818278904941,3.69889150886022,289.862994976397,227.5,20.328186900925
-46.681688270901,3.59958134429777,289.876716852582,228,20.3060060793912
-28.6401795330025,3.63395130518478,289.883612935298,228.5,20.2923976874404
13.8797044478809,3.71625496369306,289.87923062045,229,20.298992634168
12.2174853403526,3.71334891944712,289.874651964428,229.5,20.3047977768687
-26.3438778880095,3.63874610371405,289.879934798479,230,20.2922804734981
-9.10650197051931,3.67212541722357,289.88027346615,230.5,20.2879535157019
-6.50428650619624,3.67717195911982,289.8797295155,231,20.2848630015508
-26.998552346872,3.63717880412239,289.885447171859,231.5,20.2720346293676
21.1617116835162,3.73004212998031,289.88010898949,232,20.28208962454
-20.868611465121,3.64926082721745,289.883414701876,232.5,20.2721738960454
27.3981435410739,3.74184081741441,289.877443285568,233,20.2851921341329
1.88691940310541,3.69380724668197,289.874608758301,233.5,20.2860887045887
-1.93554299723453,3.68649418539,289.872832852771,234,20.2851690306141
-5.77875014793048,3.67907037881544,289.872005550195,234.5,20.2824232553333
8.13696507495025,3.70595196310025,289.868307489273,235,20.2862895373132
-24.1968534821552,3.64333754879087,289.872799046851,235.5,20.2747923933871
-34.239149814019,3.62352812437807,289.881383291267,236,20.2585236486261
-16.5707408960832,3.65755984193284,289.883923614941,236.5,20.2506500549299
-36.2186156504587,3.61912240686056,289.893262601105,237,20.2334407662409
-14.9948640847257,3.66010534821596,289.895366349743,237.5,20.2263159509974
35.1654372934482,3.75566662134398,289.888822149015,238,20.2430248215985
-2.15085280522862,3.68558755685879,289.886774446462,238.5,20.2420028430887
-4.28476895377662,3.68148122146867,289.885559289687,239,20.2399669335276
-11.1655632964712,3.66809210307335,289.886138406996,239.5,20.234661611977
-11.3811215305506,3.66759324812695,289.886855578089,240,20.2292538678513
-13.4978696109077,3.66338293627826,289.888176259766,240.5,20.2228403500885
19.1386466114964,3.72620955252927,289.882915691927,241,20.2319340851399
-13.0028483217247,3.66456932700835,289.883777176067,241.5,20.2257557769266
1.70416411874605,3.69305836608714,289.88134742972,242,20.226565511141
-47.3876764297639,3.59773321995158,289.895245909194,242.5,20.2040492390712
-28.4044032517007,3.63389566439966,289.901931784866,243,20.1905528763081
-36.9404042011825,3.61696283800897,289.911720421074,243.5,20.1730006295209
-33.3108966694839,3.62358856357102,289.92019023185,244,20.1571729445866
-27.5512798650653,3.6344677481223,289.926435160354,244.5,20.1440819437177
-10.3072090184003,3.6679797063736,289.927053715704,245,20.1391844695214
-28.9334662286373,3.63146469942579,289.933526143302,245.5,20.1254367222881
-7.28668372254201,3.67359162428775,289.93334114302,246,20.1219744518089
1.41055993187966,3.6905607456961,289.930823700432,246.5,20.1226446798848
15.8401492611631,3.71843824613276,289.925678567139,247,20.1301711326941
6.64725058814342,3.70109301026153,289.921894430241,247.5,20.1333295762819
38.1148981654055,3.76026002041441,289.914960327208,248,20.1514398843127
-25.1571686722393,3.63983165147698,289.919468365214,248.5,20.139486446267
-28.8295909447362,3.63236466485466,289.925949666935,249,20.1257880554135
22.3883392265473,3.731217104051,289.920387891288,249.5,20.1364258831189
19.1815556710365,3.72550013709488,289.914683712841,250,20.1455400064259
-15.2019470330881,3.65939395148063,289.916111376058,250.5,20.1383167956424
-32.0898958624268,3.62625192433513,289.923671797057,251,20.1230692696954
-31.5975518038364,3.62681834142018,289.931290231788,251.5,20.1080556812109
-61.8798687509911,3.56802855222042,289.952950127772,252,20.0786534385727
10.4096962230749,3.70764228270264,289.949375956321,252.5,20.0835996096025
11.7851990446149,3.71049908102516,289.944693634633,253,20.0891993513091
21.2683403470325,3.7287332692676,289.938753308849,253.5,20.0993050111306
-16.8325646976819,3.65545159426259,289.940634795047,254,20.0913070117577
-10.7871883503137,3.66712501130709,289.941146370439,254.5,20.0861814752034
-0.344238908225334,3.68742429453699,289.938996144575,255,20.0860179099582
1.30316167180476,3.69068612134918,289.936380951292,255.5,20.086637107711
34.3380080400748,3.75323393358852,289.929608734208,256,20.1029528249949
-2.19342159026611,3.6844677093749,289.927463217767,256.5,20.1019106199109
23.1583538694239,3.73298535654535,289.921563423143,257,20.1129143203601
23.2249123250703,3.73341343054485,289.915465575372,257.5,20.1239496460841
52.954479044672,3.78743460270924,289.908812166522,258,20.1491109864857
-21.8072198919207,3.6476607808259,289.911934960281,258.5,20.1387492778482
26.390725271602,3.73998841212548,289.906088518688,259,20.1512888407705
-34.7373161666007,3.62260376681196,289.914051569791,259.5,20.1347833920819
15.9497792249374,3.72032079912072,289.909414283251,260,20.1423619356093
-35.0369404132359,3.6217989100884,289.917613378505,260.5,20.1257141203485
19.1035473490028,3.72610720559724,289.912574425872,261,20.1347911779723
-0.94750389726882,3.68799519906157,289.910289901796,261.5,20.1343409711433
-2.88966849000603,3.68424693700516,289.908630317815,262,20.1329679440862
-10.1448992648679,3.67013433656159,289.908785959278,262.5,20.1281475914296
-7.67496376526957,3.67484445781496,289.908382670393,263,20.1245008295437
-5.99504546846289,3.67805020233983,289.907537560207,263.5,20.1216522814609
2.31930714933736,3.69413066589853,289.904824488936,264,20.122754301115
-4.99519639931298,3.68002328181499,289.903640675942,264.5,20.1203808316892
-26.3506749800257,3.63836181443901,289.90885342835,265,20.1078602986777
-15.3171832955098,3.65957992337666,289.910759213882,265.5,20.1005823333414
-1.1968452454335,3.68693502917967,289.908889310301,266,20.1000136518781
-7.60673726401489,3.6745095341669,289.908392109388,266.5,20.0963993078397
-32.9358847208868,3.62503799718198,289.916111209702,267,20.0807498099721
12.2090456163567,3.71239522402764,289.911944343926,267.5,20.0865509425349
13.0478132301706,3.71419693410396,289.90717517115,268,20.0927506158411
-18.3440349150351,3.6535721607323,289.909570488859,268.5,20.0840344408327
-30.1005746538863,3.63041961316012,289.916335970928,269,20.0697321415973
14.6835028983775,3.71702943540044,289.911771921073,269.5,20.0767090134574
-18.7087345145765,3.65257040743824,289.914275570775,270,20.0678195512987
-21.7192211889762,3.64648566299018,289.918110182478,270.5,20.0574996552776
15.0151737824383,3.71751223079077,289.913390397307,271,20.0646341206816
9.88355409099996,3.70794810574709,289.909080098353,271.5,20.0693302950817
-22.1918447656372,3.6457853906527,289.912746288621,272,20.0587858317924
19.1712606388452,3.72556185459025,289.907530408284,272.5,20.0678950634111
-33.238237196669,3.62430639768915,289.915083443301,273,20.0521019026522
14.6215055790589,3.71686028964724,289.910573455707,273.5,20.059049316463
11.7782152534753,3.71166200214832,289.905978370369,274,20.0646457398187
-10.9381511589197,3.66788897093376,289.906226154547,274.5,20.0594484732298
-33.0089059211203,3.62470096385834,289.913996330106,275,20.0437642793118
-38.5286737798094,3.61354900968906,289.924305039702,275.5,20.025457365644
-28.7309045320093,3.63214567288519,289.930875800908,276,20.0118058656762
4.66979006458644,3.6970422157827,289.927917099103,276.5,20.0140247181612
-9.13661088220838,3.67031949314995,289.927751649746,277,20.0096834541044
-8.0538548930725,3.67238554996353,289.927446424622,277.5,20.0058566619583
21.9776292708077,3.73012073569129,289.921697799572,278,20.0162993406755
-25.4788811618353,3.63861648798878,289.926387920357,278.5,20.0041930408208
-32.2231759668802,3.62514179558769,289.934089493217,279,19.9888821867826
-11.5937074030074,3.66514701535326,289.935015473933,279.5,19.9833734324006
-24.9935496780154,3.63881050166539,289.939916832254,280,19.9714977379809
-23.9940512525462,3.64050205461492,289.944644447836,280.5,19.9600969556095
-21.343699602413,3.64545513296161,289.948469718752,281,19.9499554888099
-31.9993610815493,3.62436381020647,289.956122428037,281.5,19.9347509804976
-28.5452840451217,3.63076970798264,289.962618858435,282,19.9211876781731
-15.4804722976857,3.65614111286732,289.96465308833,282.5,19.9138321260067
39.5856119178993,3.76112540236198,289.957702054908,283,19.9326412442237
14.844691525154,3.71559727076099,289.952302119453,283.5,19.9396947049197
5.09831180568707,3.69710601382572,289.948735283619,284,19.9421171696693
-3.51646266549393,3.68048796679693,289.947107525069,284.5,19.9404463211267
-23.8003426072626,3.64077070708605,289.951458646695,285,19.9291375794901
-23.5503929753076,3.64099406742877,289.955977142089,285.5,19.9179476015141
-53.3801099728503,3.58266072624409,289.97308043999,286,19.8925840224188
11.078937767136,3.7077325242125,289.969203836787,286.5,19.897848183817
3.7349999592437,3.69376746396021,289.965900516071,287,19.8996228704359
7.91248636822269,3.70197127555027,289.961883057346,287.5,19.9033824912749
-20.0469381640176,3.64753634439349,289.964863126106,288,19.8938571811547
9.65962337149418,3.7053198332502,289.960803313721,288.5,19.8984469547902
-7.96212480269733,3.67124993052149,289.960219785273,289,19.8946637482307
-34.0931631559282,3.61995986679535,289.968455079965,289.5,19.8784643690845
16.5954792529571,3.71839745778665,289.963507867875,290,19.8863497172202
-26.2311232150428,3.63526694118433,289.968515889185,290.5,19.8738859892743
-20.2857554171173,3.64664791999687,289.971964850504,291,19.8642472050475
-20.3555601470313,3.6463107769009,289.975373381082,291.5,19.8545752530774
16.5187990006904,3.71792381014127,289.970241056881,292,19.8624241665627
-29.8692556524779,3.6277452729653,289.976599934699,292.5,19.8482317786369
4.3683636701665,3.6945207856778,289.973602567442,293,19.8503074082585
10.2230532126584,3.70596387228528,289.969159120876,293.5,19.8551648957924
5.61947492296765,3.69726535514096,289.96549153985,294,19.8578349913909
9.18417167889662,3.70427681891372,289.961236056679,294.5,19.8621988539779
2.78674325661849,3.69206822396185,289.958152678122,295,19.8635229760721
8.16945930899605,3.70256699701878,289.954121591762,295.5,19.8674046976994
-15.8899633798987,3.65579670196407,289.955768671834,296,19.8598545756931
20.550074295318,3.7262051036511,289.950176284587,296.5,19.8696189511331
-5.53664662999011,3.67624036103197,289.94887791971,297,19.8669882114289
14.6120898390525,3.71518831935699,289.943947468709,297.5,19.8739311513473
28.8570049300519,3.74221327245468,289.937381704807,298,19.8876425679661
10.186232869792,3.70730642017339,289.932854879663,298.5,19.8924825603004
-12.9130115427467,3.66257696163361,289.933602663846,299,19.8863469380661
-2.78096062736359,3.68222506669892,289.932001926875,299.5,19.8850255635903
-7.1776081048811,3.67364212292892,289.931355599744,300,19.8816151204313
-2.47914626858012,3.68274751051601,289.929630640992,300.5,19.8804371531603
-28.610130106186,3.63161005511949,289.9356254562,301,19.8668430392058
-7.44962133209295,3.67272087871842,289.935354719817,301.5,19.8633033488608
-8.60186025959407,3.67041859308222,289.935136713733,302,19.8592161717611
13.6574341882059,3.71349715649806,289.930410716605,302.5,19.8657055066921
-4.45685359508826,3.67868047984603,289.928947866755,303,19.8635878310498
-28.5732066466988,3.63142373155157,289.934974151249,303.5,19.8500112612908
-32.8440122545808,3.62271048521421,289.942932539189,304,19.8344054166597
0.336960889463993,3.68732782382004,289.940878085134,304.5,19.8345655237516
-25.6532057013021,3.63646719510236,289.945846296341,305,19.8223763935272
-11.4006074529496,3.66417234524325,289.946609766748,305.5,19.8169593906583
5.84506975930586,3.69774935502154,289.943176038716,306,19.8197366777271
0.825586507462827,3.68814195604114,289.940576773258,306.5,19.820128955463
-19.8190847068947,3.64777322227013,289.943566660005,307,19.8107119099976
7.74702746626517,3.70143716137986,289.939889410659,307.5,19.8143929129778
-16.4563050655792,3.65433997706725,289.941755993186,308,19.806573693509
-37.4372991287338,3.61302121408574,289.951458964005,308.5,19.7887853469123
4.65183958341318,3.69504930188435,289.948562205115,309,19.7909956702195
3.96401837975745,3.69384120713963,289.945318808894,309.5,19.7928791750261
-38.6910309858391,3.61037694382822,289.955325133192,310,19.7744951172715
5.26480944636022,3.69605484431932,289.952316828945,310.5,19.7769966934369
-38.3095183603679,3.61078297930347,289.962175393194,311,19.7587939115481
18.3167695326697,3.72086464935981,289.957069929749,311.5,19.7674971314
17.9024169598279,3.72036167379593,289.951424252375,312,19.7760034714729
-4.64801753400161,3.67704970403862,289.949942481645,312.5,19.7737949642139
13.7334007947529,3.71266949181335,289.945111632951,313,19.7803203947063
-33.1614673555795,3.62131190987511,289.952721629681,313.5,19.764563711166
-26.2866551605572,3.63437761451409,289.958313414638,314,19.7520735971956
-44.1479917420767,3.59910968309475,289.971082273334,314.5,19.7310966625093
2.45050770132316,3.68999208093839,289.968679447937,315,19.7322610221545
-20.2016074413188,3.64563855762385,289.971793099158,315.5,19.7226622208697
6.02499686423718,3.69687174910334,289.96836507757,316,19.7255250003693
-6.54224646549126,3.67248661638004,289.967450397362,316.5,19.7224164495294
-18.0768291181426,3.64977810892639,289.969966501036,317,19.7138272374546
22.135437357786,3.72771346333045,289.964144279418,317.5,19.7243448987431
12.0943844422928,3.70890577782491,289.959264372728,318,19.7300915500064
-7.18143324256324,3.67162749790503,289.958452104175,318.5,19.7266792893318
-33.5771989398141,3.6196931230004,289.966465673095,319,19.7107250707747
-37.1443077890247,3.61227611650113,289.976293966928,319.5,19.693075939122
1.27054335445389,3.68734630049564,289.974031769667,320,19.6936796382691
3.57685179281635,3.69193262701486,289.970839123596,320.5,19.695379180728
36.4220304394183,3.75421823527794,289.963800542431,321,19.7126851220296
30.0716926700052,3.74299021431362,289.956875806108,321.5,19.7269736979796
-13.798105399197,3.65899252051173,289.957693731833,322,19.7204175230703
-27.6809891000476,3.63154401854367,289.96348591633,322.5,19.7072648908102
-14.5125495891316,3.65711080203546,289.96512082034,323,19.7003692474786
17.567880609623,3.71934137360616,289.9598248682,323.5,19.7087166324803
-3.21278365096784,3.67943864755383,289.95797739816,324,19.7071900771343
-1.34929038632341,3.68308394378201,289.955905387111,324.5,19.7065489613057
29.634339160156,3.74231159382986,289.949361532346,325,19.7206297285729
-23.7356908369089,3.63961252284074,289.953322971508,325.5,19.7093517062491
-18.6735797574854,3.64927335448128,289.95617433988,326,19.7004789478862
-20.6496565007296,3.64517710625476,289.959614770963,326.5,19.6906672559243
21.6991106721081,3.72722417314308,289.953926959549,327,19.7009775964259
10.4586246925657,3.70609025444617,289.949347575686,327.5,19.7059470158361
34.9497755166153,3.752329591189,289.942467843456,328,19.7225534146638
-28.8211018666576,3.62997219012398,289.948163937804,328.5,19.7088590573989
10.1933644355568,3.70587466204329,289.944171341874,329,19.7137024382994
-15.9352112157987,3.65508337591614,289.945797457209,329.5,19.706130816767
-5.05853650381781,3.67624385249091,289.94474830649,330,19.7037272512669
-20.5094784394308,3.64588262822085,289.947973637179,330.5,19.693982164963
4.10242742342245,3.6938605072589,289.944968553662,331,19.6959314348781
-18.0411321083614,3.65060604035117,289.947321232858,331.5,19.6873591842508
1.51280897623196,3.68874122518272,289.944813677483,332,19.6880779959982
12.530610431696,3.71011240335232,289.940116955437,332.5,19.6940319202025
-45.7142074163633,3.59651269869724,289.953013810653,333,19.6723107975564
30.5611925395397,3.74382984111851,289.946930776924,333.5,19.6868319595513
-32.5893496681356,3.62201772172646,289.95413122605,334,19.6713471179429
-32.1229510799722,3.62250987083331,289.96185046237,334.5,19.656083885797
0.0536740585756466,3.68535094017779,289.959800845965,335,19.6561093890458
-17.9453498468568,3.65007792458332,289.962175425226,335.5,19.6475826493957
35.0187978972018,3.7517011447358,289.955468587077,336,19.6642218442333
0.696802849702264,3.68700357232496,289.952608285593,336.5,19.6645529303663
21.3632698183126,3.72677328944503,289.94676865586,337,19.6747036959613
-31.4137050463279,3.62436877108351,289.953565373259,337.5,19.6597774623319
-35.6800537181691,3.61559508548024,289.962652537709,338,19.6428240715452
25.1682231934138,3.73351495958279,289.956802364783,338.5,19.6547827621508
5.13361539655664,3.69559945104324,289.953120067354,339,19.6572220014146
-51.5217188532217,3.58486340607414,289.968805875944,339.5,19.6327414375506
-35.203794990459,3.61592141565008,289.978022098741,340,19.6160143412755
-35.2888812681626,3.61531455843385,289.987084502026,340.5,19.5992468162238
-20.9298419970683,3.64316958216229,289.990855045761,341,19.5893019940192
15.2283424241504,3.71368249913807,289.985851749263,341.5,19.5965377465825
-35.0087792430429,3.61554345559087,289.994222802071,342,19.5799033121122
-4.38604386818627,3.67547919219028,289.993187048672,342.5,19.5778192817379
22.272947500596,3.72701819354506,289.987121963053,343,19.5884022810218
35.3225795721585,3.75164237081879,289.979919245154,343.5,19.6051858178351
19.8639935670333,3.72324878552978,289.973860362193,344,19.614624201762
-43.8958802754744,3.59911937884446,289.985824500272,344.5,19.5937670579328
-13.2186550556295,3.65878658709715,289.987242478637,345,19.5874862090697
-19.0624072359516,3.64714870298042,289.990062583838,345.5,19.5784286991859
-12.6214845854381,3.65965199564475,289.990998423227,346,19.5724315960936
21.2465588373106,3.72529433099249,289.985156251147,346.5,19.5825269064227
-20.7481807524604,3.64388156355004,289.988169310808,347,19.5726684006259
-4.3384680558124,3.67596664017803,289.986926247054,347.5,19.5706069759166
10.3001246992578,3.70447735536296,289.982514828734,348,19.575501083996
4.09912608282457,3.69264221376685,289.979095242771,348.5,19.5774487852779
19.4538785934129,3.72227380199221,289.973341286185,349,19.5866923029227
-42.9502299459631,3.60071001419109,289.984904084912,349.5,19.5662844851991
14.9656876944995,3.71351311730777,289.980251801253,350,19.5733954372699
-60.8208630033547,3.56579812150768,290.00060094579,350.5,19.5444963816064
4.05178340743043,3.69196301908421,289.998021312604,351,19.5464215879985
3.60660318107535,3.69121579969271,289.994721366206,351.5,19.5481352668406
-28.6158352257464,3.62794736866676,290.000656081832,352,19.5345384420965
15.9181798189882,3.71481063349152,289.995629470257,352.5,19.5421019711543
-30.264931391813,3.62466029721174,290.002059844501,353,19.5277215777539
20.8575726871738,3.72416291025926,289.996433367228,353.5,19.537632061169
-24.1533561113261,3.63670884443643,290.000587026776,354,19.5261555850348
2.06299508403136,3.68802863740293,289.997908431284,354.5,19.5271358179158
-0.67587360154935,3.68276185023291,289.995535904424,355,19.5268146763228
-30.1719855256422,3.62471247748786,290.002093417702,355.5,19.5124784461852
-20.4287347272887,3.6435715594586,290.00556370099,356,19.5027717252861
-26.7629334787085,3.63084876340558,290.011121480374,356.5,19.4900553074958
23.8118672409475,3.72921871010573,290.005094770414,357,19.5013695250663
-6.21545347614125,3.67152314854859,290.003833825724,357.5,19.4984162500368
27.7256338738178,3.73689090182806,289.9972776979,358,19.5115900952777
-25.3315323279659,3.63423466578748,290.001771182482,358.5,19.4995538082762
-0.378076164019953,3.68309556789371,289.99962894584,359,19.4993741652463
8.74497020618229,3.70090952384239,289.995405311329,359.5,19.5035293410903
-13.899420466113,3.65672608848828,289.99637919402,360,19.4969250262894
12.8142277281817,3.70879581001464,289.991646668839,360.5,19.5030137113575
-29.6872237993852,3.62567330111715,289.997863836752,361,19.4889078159344
-26.3934840195008,3.63179560608604,290.003369641895,361.5,19.4763669421919
-17.1237116934948,3.6498027332328,290.005730655602,362,19.4682306042158
-23.0897760320346,3.6378445236743,290.00994558963,362.5,19.4572594885515
-17.0225322998077,3.64959784492928,290.01224710297,363,19.4491712260019
39.3664951088009,3.75774301452017,290.005162799043,363.5,19.4678762307856
-1.5918503687235,3.68046295622288,290.002661820243,364,19.4671198624912
-3.15442316404724,3.67742797480489,290.000883896559,364.5,19.4656210371523
-4.20905954973014,3.67536767202317,289.999379380666,365,19.4636211009427
-13.7440488989115,3.65657972233664,290.000442624487,365.5,19.4570906109997
-5.95828526322325,3.67180054758735,289.99949243484,366,19.4542595295421
8.09853473485868,3.69926083387451,289.995439207865,366.5,19.4581075513316
-10.0370488732253,3.66390766025984,289.995334594657,367,19.4533384438287
-37.6696867416777,3.60930858783788,290.004997979849,367.5,19.4354396781714
24.160159762685,3.72967833010473,289.999104671636,368,19.4469193870631
-45.4544993973736,3.59400220204165,290.011831889287,368.5,19.4253216647787
-0.164660855407821,3.68265309650392,290.009894364078,369,19.4252434261121
5.03449303174845,3.69288085219878,290.006324039993,369.5,19.4276355673475
-37.029127194839,3.61012244995703,290.015574844988,370,19.4100411637969
8.69467428580135,3.69971985240589,290.01174343751,370.5,19.4141724415157
22.7049670762569,3.72675030251453,290.005454087319,371,19.4249607150615
-4.92809469309066,3.6736130703438,290.003871194831,371.5,19.4226191290363
-10.9177030063936,3.66179573350459,290.004126070847,372,19.4174315783946
9.29396495300291,3.70129310092719,289.999905173148,372.5,19.4218476092967
-20.8043081126828,3.64234724631418,290.003027584925,373,19.4119624345639
43.8137143958753,3.76589254455217,289.996032455306,373.5,19.4327805372448
39.120573203896,3.75793943604198,289.988611031867,374,19.451368692144
-6.46376696539436,3.67160938593277,289.98728835855,374.5,19.4482974308678
18.6348669157351,3.72020238378313,289.981744549654,375,19.4571517948095
-24.0304868980672,3.63720589746298,289.985799435778,375.5,19.4457337000276
-9.59646735159978,3.66535185727936,289.985904852707,376,19.4411739349984
20.2725992470613,3.7232039884305,289.980193902251,376.5,19.4508064680661
0.720731899726088,3.68578886442524,289.977375004677,377,19.4511489240961
-11.9308973530403,3.66099599916069,289.977851920318,377.5,19.4454799537841
14.3797767241631,3.71214922903304,289.972938476313,378,19.4523125100396
-14.1363220501238,3.65674238373025,289.973920337815,378.5,19.4455956313629
-10.1349199445685,3.66446176960731,289.974077006042,379,19.4407800203841
-11.1498857325579,3.66236287969006,289.9744718101,379.5,19.4354821480338
-18.3134494559318,3.64812521920519,289.977000464228,380,19.4267805057176
16.037458861327,3.71500998679889,289.971918771891,380.5,19.4344007102567
17.3654578324701,3.71777825881618,289.966343865313,381,19.4426519140007
-17.1807456031905,3.65068927029942,289.968225927139,381.5,19.4344884763411
28.0262106960999,3.73796061985036,289.961945303576,382,19.4478051407709
-19.1800832432135,3.64696146414817,289.964356565908,382.5,19.4386917170885
23.7628327293744,3.73012115408283,289.958471435534,383,19.4499826358927
-29.7886900180278,3.62618839253096,289.964569027256,383.5,19.435828528758
27.8081704718372,3.73768357952308,289.958471991765,384,19.4490415912941
16.8457821832081,3.71734327842941,289.952929837208,384.5,19.4570458709602
-8.04051625166421,3.66928080826764,289.952243166232,385,19.4532254166745
-53.7035141101431,3.5797203822065,289.968991687883,385.5,19.4277081719831
8.15156307357088,3.70014309326073,289.96560983644,386,19.4315813902075
-16.220672208312,3.65255686125961,289.967290858275,386.5,19.4238741317785
13.871865250947,3.7111507292011,289.962518748899,387,19.4304653537087
-12.0789893807864,3.66077020756443,289.962941877139,387.5,19.4247260174146
-2.62077682891247,3.67923256148376,289.961217882646,388,19.4234807543302
-15.1801518327342,3.65453816684221,289.962706607051,388.5,19.4162678995443
4.27802105082087,3.69255658956461,289.959555903878,389,19.4183006028368
-18.786238153465,3.64736322812463,289.962087149553,389.5,19.4093743147952
27.0408335699857,3.73598038650377,289.955899132077,390,19.4222227769172
13.9825484814738,3.71158568210551,289.95073938763,390.5,19.4288665900256
7.9661328013331,3.70019041237028,289.946653520168,391,19.4326517009872
-19.8115483316243,3.64589815185327,289.949458321059,391.5,19.4232382364333
16.2316215739187,3.71598868043486,289.944465493701,392,19.4309506974576
-15.3225517850289,3.65475160601104,289.945820338951,392.5,19.4236701812814
9.66713827236348,3.70344371638218,289.941752887007,393,19.4282635256249
11.1218225132518,3.70639488557403,289.93721160081,393.5,19.4335480637261
58.5203491115362,3.79334027006658,289.930917792232,394,19.4613540293588
-45.1100708594362,3.59735006553968,289.942938895086,394.5,19.4399199624222
-23.9425772859653,3.63814517096319,289.947709061801,395,19.4285436379252
-12.1977165646819,3.66097014214847,289.948578460054,395.5,19.4227478883656
13.7514390931748,3.71140233280819,289.943840589062,396,19.4292818897622
-14.6774903680936,3.65617670253214,289.945020887776,396.5,19.4223078747581
-33.5635690009209,3.6188307089326,289.952967286364,397,19.4063601324715
21.310903729765,3.72548805165026,289.947519242142,397.5,19.4164860163001
-28.0534973684796,3.62957673312777,289.953024084727,398,19.4031563865978
-3.46064412062152,3.67764918251341,289.951703856355,398.5,19.4015120602576
10.7624995607017,3.70532302705179,289.947306480407,399,19.4066258659243
-22.2788660483939,3.64079150544123,289.95090681916,399.5,19.3960400544403
39.0176043959043,3.75828809965586,289.944246108049,400,19.414579283672
-11.628719306773,3.6620863596279,289.944354482936,400.5,19.409053893371
-24.7634550686455,3.63608131041964,289.949014414784,401,19.3972875284904
-27.8586317503155,3.62967318096341,289.954951694299,401.5,19.384050489259
2.81274815714913,3.68966661461447,289.952258547292,402,19.3853869675914
16.4926096264319,3.71616817202136,289.946964980155,402.5,19.3932234371858
7.49055919376627,3.69908554979314,289.942941542227,403,19.396782579171
-22.2606557964571,3.64087078525667,289.946563781841,403.5,19.3862054202949
38.9563592489225,3.75821126723311,289.939928662814,404,19.4047155488723
-45.3180634406298,3.59596954585815,289.952281891068,404.5,19.3831826541835
-17.1139057755007,3.65073338465638,289.954882148258,405,19.375050975493
1.28399869448377,3.68670686372588,289.952372309465,405.5,19.3756610679499
-42.6927737281771,3.60030427626882,289.96398318228,406,19.3553755806438
-43.1099050498802,3.5989024640673,289.976380964443,406.5,19.3348918932352
-4.89428333529808,3.67367282752587,289.975582318994,407,19.3325663726892
-0.0331838562896909,3.68322405115614,289.973182562226,407.5,19.3325506053675
-23.9267891044905,3.63617877611853,289.977488993636,408,19.3211817826308
-1.4224896374073,3.6803253807317,289.975614224183,408.5,19.3205058861509
-6.79815353553051,3.66980660030538,289.974784126118,409,19.3172757409716
-7.65439552783191,3.66809508247218,289.974232981787,409.5,19.3136387520913
3.02362061170722,3.68901842565562,289.971218623454,410,19.3150754265489
-15.4020660550199,3.65286479856033,289.972738193247,410.5,19.3077571291378
-2.15526687740322,3.67883567925852,289.970937940398,411,19.3067330532799
-19.3301997705595,3.64498155302565,289.973740109766,411.5,19.2975483016738
-37.0716306725879,3.60973783735539,289.983297061494,412,19.27993370258
0.671920522114455,3.68381710777902,289.981120359274,412.5,19.2802529658658
-49.6061428376442,3.58478856198832,289.996095617804,413,19.2566825886576
-14.78450623853,3.65282718709986,289.99810090444,413.5,19.2496577250229
-40.049286342899,3.60271837393846,290.00896033526,414,19.2306282917305
-20.2877325170244,3.64134100283272,290.012588167933,414.5,19.220988568084
-25.6501313765715,3.63051527334156,290.017822643253,415,19.2088008986261
4.31590596255627,3.68955918911169,290.014670058321,415.5,19.2108516029485
3.23621658826614,3.68759260689983,290.011405333921,416,19.2123892924633
3.87472343336526,3.6889678896606,290.00802485618,416.5,19.2142303687429
-16.1185550876724,3.64962696710659,290.009753619844,417,19.2065716313017
-5.90236303550549,3.66972502607909,290.008821994478,417.5,19.2037671213114
-16.3148342449416,3.64909540722222,290.010718213205,418,19.1960151217556
25.4012696458367,3.73027979170608,290.004390011124,418.5,19.2080845444696
-11.43494293995,3.65905505707298,290.004523603204,419,19.2026512270813
-34.8865506770469,3.61247899191188,290.013119106485,419.5,19.1860748695596
15.4605824422179,3.71126846313542,290.008173316996,420,19.1934209710538
-47.4980392555832,3.58753309798194,290.022029476437,420.5,19.1708522600462
-24.9078712586953,3.63151842305416,290.027320161425,421,19.1590172757593
-32.0146735988147,3.6171455968323,290.034996847724,421.5,19.1438054916987
-19.6214217651314,3.64141511998445,290.038279407342,422,19.1344823658537
-22.7461648684951,3.63502370109233,290.04246886162,422.5,19.1236745171615
4.91362184161895,3.68963279934572,290.039100613231,423,19.126009226406
-0.803752717386737,3.67854565706364,290.036660307295,423.5,19.1256273230036
34.0879533078903,3.74559563596913,290.029443361087,424,19.1418242266885
-17.8878861140921,3.64529863180001,290.031415883303,424.5,19.1333247909523
-12.7617929479641,3.65530418997493,290.032334505195,425,19.1272610202895
-9.49218843288205,3.66169354906191,290.032270097347,425.5,19.1227508034273
20.5716008785942,3.72035882596712,290.026299572041,426,19.1325254072314
-4.49446490895182,3.67187916393829,290.024596307229,426.5,19.1303898605593
-12.5325771165283,3.65595677510216,290.025293654163,427,19.1244350018839
-10.9083841959596,3.65907307568357,290.025620884365,427.5,19.1192518790785
27.4322192204169,3.73349464058672,290.019019381074,428,19.1322863082378
-3.89593083873158,3.67330106402286,290.017120374758,428.5,19.1304351552516
-14.395164217933,3.65250803416107,290.018355769847,429,19.1235952876227
-5.26702143523007,3.67045513159653,290.017206478881,429.5,19.12109266043
39.4750317080791,3.75603902530755,290.009985939094,430,19.1398492364191
8.55228349077464,3.69811590592558,290.005424709144,430.5,19.1439128570987
-37.6919959891944,3.60696081931027,290.014850799496,431,19.1260034911941
-15.1278960195217,3.65117457726984,290.016709091248,431.5,19.1188154657773
7.52899815487764,3.6956921310385,290.012802841201,432,19.1223928720492
-26.6942476768918,3.62822104346309,290.017986696826,432.5,19.1097090903431
-16.5912635698756,3.64796596962332,290.020164230004,433,19.1018257452908
-25.3157117837935,3.63046168677887,290.025145272296,433.5,19.0897969754268
-67.2206627435465,3.54789454271095,290.049770124175,434,19.0578570525379
-27.3043535282138,3.62532712764541,290.056246191897,434.5,19.0448833788098
-11.1367940359418,3.65725642723241,290.056817189473,435,19.039591726984
1.80557360786365,3.68284859806386,290.053922984088,435.5,19.0404496459549
-10.1642372010683,3.65926132029504,290.053869323841,436,19.0356201048708
-32.9798260672343,3.61377190305354,290.061736717049,436.5,19.0199497282561
10.0755203870026,3.69878855312969,290.05747520055,437,19.0247371155131
-39.4434607377117,3.60080897533057,290.067826598151,437.5,19.0059955404823
-33.5347179512259,3.61203857290782,290.07632092673,438,18.9900615067827
16.0619329388164,3.70988272924689,290.071070464033,438.5,18.9976933401889
2.02519653072107,3.6827663874093,290.06781792939,439,18.9986556130732
-7.78340476929775,3.66345370460291,290.067079405971,439.5,18.994957325404
-2.01558403529371,3.67487175053121,290.064986074854,440,18.9939996199004
12.4442166589195,3.7032928268196,290.059957630412,440.5,18.9999124940715
-58.3382663192788,3.56355445171554,290.079333048924,441,18.9721930451452
-7.23489291012886,3.6641042503205,290.079205253813,441.5,18.9687553830897
-14.8233833116382,3.64897802068415,290.080583781107,442,18.9617120469993
-42.3142013583844,3.59407877093057,290.092505475677,442.5,18.9416064384954
3.82275729699605,3.68542665732778,290.089494967978,443,18.943422823046
8.14871370380345,3.69406682168814,290.085083057643,443.5,18.9472946873913
3.97241194718273,3.68605453685804,290.081456076654,444,18.9491821804046
-33.8810483520398,3.61084322811141,290.08950168584,444.5,18.9330835876863
-18.3348104841,3.64147022439566,290.092307763987,445,18.9243717956697
15.5668150130676,3.70832286230233,290.08689535622,445.5,18.9317683736094
1.40318855539696,3.68089069864466,290.083741986552,446,18.9324350991731
-23.7667968980956,3.63086703093382,290.087953274739,446.5,18.9211422967927
-49.6395046111044,3.57917531044066,290.103404380895,447,18.8975560677254
-22.0998730272997,3.633315318928,290.107714463181,447.5,18.8870553048419
6.07304424587751,3.68920654333166,290.103944304705,448,18.8899409140727
-12.2025409349215,3.65310029672993,290.104366869771,448.5,18.8841428722117
27.2147267417826,3.7301345826308,290.097478637393,449,18.8970739597389
-38.2060037194674,3.60157121878931,290.107104428268,449.5,18.8789203628703
-54.6211352605333,3.56858951569659,290.125286079196,450,18.8529671101482
-2.122616546394,3.67249103218131,290.123730540568,450.5,18.8519585481072
-25.6235934552917,3.62557355079204,290.128680424686,451,18.8397834881525
6.42147385769539,3.6892317374149,290.124833473253,451.5,18.8428346538429
3.67964821702204,3.68400381212428,290.121194183774,452,18.844583040061
-13.5487881828015,3.6498521337727,290.122006763834,452.5,18.8381453283197
-23.51569053283,3.62978520550398,290.126296098144,453,18.8269718392222
-6.83769319559686,3.66293621180034,290.12550564027,453.5,18.8237229067587
9.20589288932267,3.69470207728248,290.120915435658,454,18.8280970901869
7.67445171896435,3.69189534542562,290.116457614131,454.5,18.8317436087738
-15.4442923040223,3.6461325811886,290.117801614481,455,18.8244052475448
-11.9173094001776,3.65305231448665,290.118332129876,455.5,18.8187427335536
39.5576222331327,3.75258054341937,290.110696351113,456,18.8375385524614
18.848860303136,3.71415338746158,290.104266143744,456.5,18.8464945954407
5.19568220783768,3.68785749176109,290.100242811874,457,18.848963325773
-25.0935197511891,3.62770118862442,290.104801187004,457.5,18.8370401305359
-40.5163516910497,3.59663493336638,290.115916597748,458,18.8177887709697
-37.6423991730278,3.60179995558758,290.126047237515,458.5,18.7999029710108
-22.1944585015901,3.63221715636154,290.130158498944,459,18.7893572658039
-30.7306492284863,3.61488522082956,290.137255104702,459.5,18.7747555864003
-15.9501963912095,3.64417753868416,290.139207961865,460,18.7671768446562
1.75797204517307,3.67941401388126,290.136193416578,460.5,18.7680121457269
-35.911154854166,3.60416587181277,290.14513578153,461,18.7509489471496
17.7878506384786,3.71057089536721,290.139463757975,461.5,18.7594008509923
-10.209129654546,3.65562695569586,290.13912810376,462,18.7545499792422
-6.53467471283656,3.66291886748503,290.138061832888,462.5,18.7514450261234
-38.6835797123814,3.59850389543024,290.148264375808,463,18.7330645088442
-31.9567052137611,3.61146496291928,290.156089666101,463.5,18.7178802684834
-48.4991550778175,3.57805647679574,290.171247183532,464,18.6948358769207
-21.4721307688039,3.63156734073285,290.175310602303,464.5,18.6846333860046
6.90278529109958,3.68816407913014,290.171207865206,465,18.6879132470015
24.9975816698227,3.72351192409068,290.16408445858,465.5,18.6997908572237
-55.2269571224809,3.56466034822515,290.181927847749,466,18.6735497480188
-41.3267280632572,3.59149500432694,290.194046818992,466.5,18.6539133378181
0.931617133285993,3.67587505056683,290.191444108019,467,18.6543559960453
-5.00822519068712,3.6641400624469,290.189787946252,467.5,18.6519763359844
-23.9627668424022,3.62605790227877,290.194123769973,468,18.6405904184121
18.4318602582046,3.71023395578755,290.18805787773,468.5,18.649348323665
-10.516017480576,3.6532692965324,290.187739127559,469,18.6443516340503
-2.65441441108475,3.66896740741145,290.185595107535,469.5,18.6430903880562
-18.888069220927,3.63643323342635,290.188101263927,470,18.6341157149451
-32.3207389390092,3.60921146441525,290.195793441315,470.5,18.6187585038244
23.2171328175113,3.71931681061697,290.189228339256,471,18.6297901331126
28.9531313467542,3.73060128660061,290.181558369352,471.5,18.643547224234
41.3525091062474,3.75407635397694,290.173282757551,472,18.6631958843068
-24.9506689007716,3.62533285231305,290.177412104081,472.5,18.6513405647043
-15.7303687435057,3.64354943940612,290.179083682803,473,18.6438662741488
3.7504633985238,3.68231087351375,290.175523754363,473.5,18.6456483082266
-49.379562022334,3.57614216197664,290.19046261045,474,18.6221855909771
-3.14663606601757,3.66812285129014,290.188917234556,474.5,18.6206904656807
-16.9079727472467,3.640561704136,290.190731133885,475,18.612656636145
-11.423784773449,3.65143318043566,290.191010792715,475.5,18.6072286205637
-31.2305578438293,3.61150330898444,290.198110941655,476,18.5923894093956
-28.5183200825492,3.61658367022514,290.204416397788,476.5,18.5788389190079
-3.89894859202517,3.66581668506255,290.202770438319,477,18.5769863321352
-12.849223011776,3.6478909135533,290.203334618497,477.5,18.570881019045
-19.6189675974859,3.63416430685535,290.20617990049,478,18.5615590592986
-10.8781650094145,3.65159702771844,290.206338728845,478.5,18.5563902951509
-13.6962191937216,3.64586940097106,290.207243024721,479,18.54988253151
18.3859521526305,3.70947606374883,290.201026485327,479.5,18.5586186235095
-12.7673654362705,3.64800089651393,290.20133349742,480,18.5525522050768
5.55953285181685,3.68455486922426,290.197317386961,480.5,18.5551938191778
-21.8614634199996,3.62974414394614,290.200712674401,481,18.5448063367078
-23.4247628961244,3.62635590026667,290.204985015595,481.5,18.5336760519106
-29.4851012738885,3.61387871037437,290.211575545739,482,18.5196661950805
-2.54287760021937,3.66783171972535,290.209590046822,482.5,18.5184579458436
-2.0964572732875,3.66878567203835,290.20717559123,483,18.5174618133909
23.1206514472618,3.71840070451317,290.20024188879,483.5,18.5284475995202
29.0282481389081,3.73001271151644,290.192546053611,484,18.5422403824133
9.92924841398468,3.69353433526027,290.187318378281,484.5,18.546958268488
-2.23321135052914,3.66960930898106,290.184824605262,485,18.5458971572847
17.9383263915813,3.70936369971369,290.178645683838,485.5,18.5544205597374
-7.40476690484678,3.65958508581389,290.177412668405,486,18.5509021819902
-10.4221516248969,3.65348131643272,290.177273155344,486.5,18.5459500927717
-23.2902248423112,3.62750794095784,290.181302064587,487,18.5348837337807
6.71967490721532,3.68731050608314,290.17722281013,487.5,18.5380765898106
-3.23274663611169,3.66768337533675,290.175027050452,488,18.5365405490449
-64.3819714143604,3.54548472780902,290.197956568115,488.5,18.5059494313962
0.0986900925476384,3.67354692312551,290.195839044511,489,18.5059963240303
28.3461543116952,3.72871965319489,290.188421514648,489.5,18.519465009788
-8.49814328733226,3.6568879320217,290.187390015507,490,18.5154271138462
-2.6871709750954,3.66846749766355,290.185196046021,490.5,18.5141503035585
3.77176833239135,3.6813501586478,290.181469840397,491,18.5159424606837
-41.5554455553603,3.59052498112192,290.192714623625,491.5,18.4961973752816
-28.0443137699853,3.61708982595485,290.198925206392,492,18.4828721091696
16.7921202009849,3.7062889061753,290.193138247336,492.5,18.4908508913248
8.70149249837328,3.69072969627637,290.188226914508,493,18.4949854087198
24.993091191829,3.722537642497,290.181086919946,493.5,18.5068608852897
-19.7682876265133,3.63440211713307,290.183525693711,494,18.497467976076
14.6862567769246,3.70280323850386,290.178011151082,494.5,18.5044461564425
11.1985347006594,3.6962191912899,290.17272271037,495,18.5097671443681
12.260500831463,3.69848454904733,290.167306992853,495.5,18.5155927258954
-11.9475960994702,3.65059255933278,290.167402780294,496,18.5099158211678
-6.22363566489772,3.66194264273392,290.166167248137,496.5,18.5069586583682
21.0804807094039,3.71564830957153,290.159697916851,497,18.516975056613
-3.07287022414528,3.66852812574336,290.157348795382,497.5,18.5155149811838
-61.7670616386553,3.55128549830406,290.178654952739,498,18.4861663388871
-21.5425541939231,3.63063943989437,290.182764206723,498.5,18.4759303862544
-32.0634661617556,3.60921252223029,290.190271008844,499,18.4606954183894
3.46742802361294,3.68020268330186,290.186945500356,499.5,18.4623429681037
-45.9542580133708,3.58109792317788,290.200277815625,500,18.4405077853272
