curr_dens,Volts_tot,Temp_tot,t_tot,SOC_tot
-5.84837185633623,3.75474609668816,298,0,34
-5.84837185633623,3.75468388883781,298.000845149485,0.5,33.9972211439386
-1.91512961041748,3.76092605474052,298.001161033211,1,33.9963111693923
-6.52690831822208,3.75352487770918,298.002131894026,1.5,33.9932099064789
-52.2920861775252,3.68088586125868,298.015149436322,2,33.9683633022943
-6.45609995377354,3.75307352771115,298.016681147121,2.5,33.9652956840015
-53.5433549708216,3.67835154145246,298.030254098852,3,33.9398545389848
11.582086807098,3.78141303292908,298.0295212643,3.5,33.9453577718363
6.25674866748183,3.77308013665656,298.028580622507,4,33.9483306682913
-10.0113791903865,3.747119001998,298.030024902112,4.5,33.9435737577477
7.58399549264074,3.77522920217046,298.029152273708,5,33.9471772960251
-4.10938784264532,3.75662052812195,298.029596965965,5.5,33.9452247188642
-18.5908925241269,3.73339196240612,298.032837789521,6,33.936391249371
-15.941295783438,3.73747341866727,298.035676201612,6.5,33.928816736754
-29.3198326942245,3.71596413556463,298.041657924127,7,33.914885407351
-15.8490257132735,3.73723784124858,298.044610645645,7.5,33.9073547368922
15.0848951009148,3.78664160528746,298.043099022358,8,33.9145223304065
-45.2153336208636,3.69065840802775,298.053551231045,8.5,33.8930382478298
29.9882953799849,3.80993071266208,298.0517746339,9,33.9072871975264
-54.0375429007676,3.67683249739605,298.065202469671,9.5,33.8816112389311
-9.08820791964082,3.74760816005321,298.067125281168,10,33.8772929735599
-14.9302258884451,3.73820009344194,298.069623682069,10.5,33.8701988711794
2.09349058181536,3.76542885577956,298.069327243535,11,33.8711935940075
-5.30681633501706,3.75363366201241,298.069932262812,11.5,33.8686720582533
17.9444477101019,3.79077014223679,298.06804442196,12,33.8771983692528
-4.64319562671972,3.7549128987638,298.068391037016,12.5,33.8749921531249
3.36895752180402,3.7677386153291,298.06782459811,13,33.8765929145436
-8.07746819643585,3.74945066266481,298.068867791231,13.5,33.8727549025276
-0.2262801375901,3.76199118133366,298.068802441232,14,33.8726473854362
-27.0876462904183,3.71898102636921,298.073972203468,14.5,33.8597766802326
-9.76921978519251,3.74647097029376,298.075638189666,15,33.8551348318204
-36.2767821091871,3.70405852577187,298.083492664437,15.5,33.837897905317
27.401091358289,3.80533210128133,298.081521748264,16,33.850917544061
-15.7574130439808,3.73681710908396,298.083796022411,16.5,33.843430403396
14.6510267734893,3.78537991359804,298.082194525886,17,33.8503918442133
35.6301299218132,3.81851120895515,298.079754301766,17.5,33.8673215136896
-19.3373464487286,3.73153268807278,298.082694692014,18,33.8581333663367
12.899952547107,3.78294826154347,298.081287532444,18.5,33.8642627835844
-44.8721000601281,3.69096406873486,298.091514484412,19,33.8429417885616
15.7995711913438,3.78728332037244,298.090159322509,19.5,33.850448960686
-17.6177877324058,3.73400106149468,298.092881946133,20,33.8420778622963
-19.7006409474089,3.730510706484,298.096403108111,20.5,33.8327170954273
18.7467722243384,3.79183884596535,298.094547041574,21,33.841624631218
-7.37651239825121,3.75033491374777,298.09526158331,21.5,33.8381196786101
-22.3203490907753,3.72633111146479,298.099264871236,22,33.827514156443
25.3907560282074,3.80229685028176,298.097159990495,22.5,33.8395785836077
10.3945904226416,3.77881759713077,298.095500719332,23,33.8445175771107
-36.0478646909592,3.70470332442341,298.102949909594,23.5,33.8273894208036
39.0753020087573,3.82365810365207,298.101044930465,24,33.8459560650776
-34.3187678876153,3.70752594013357,298.107724825887,24.5,33.8296494897593
-7.13371841606248,3.75062813913307,298.108913829717,25,33.8262599008022
-35.7759501705643,3.70481504645028,298.116473985901,25.5,33.8092609447806
-37.9761693232642,3.70098261806903,298.125072200374,26,33.7912165538107
-5.29617569756437,3.75288444689839,298.125990430398,26.5,33.7887000739594
21.7415531662066,3.79603211147831,298.123722683289,27,33.7990305810277
-41.8724511039436,3.69478205560877,298.132910807404,27.5,33.7791348703215
16.9527861458969,3.78834474213428,298.131299121018,28,33.7871899929602
-8.89108990413634,3.74722925633794,298.132218412237,28.5,33.7829653882874
-17.2749191923296,3.73372462635833,298.135044126442,29,33.7747572040119
11.6509829285217,3.77995111737162,298.133546673072,29.5,33.7802931728812
26.5043267915356,3.80360138264329,298.130960176977,30,33.7928867136079
-0.116328391247412,3.76157675145337,298.130398211869,30.5,33.7928314401296
35.0909907417811,3.81727964766629,298.127942042075,31,33.8095049374241
-8.11687663795385,3.749122797193,298.128554326989,31.5,33.8056482004725
19.8841291075805,3.79371706612935,298.126459097666,32,33.815096151809
-6.00597935154654,3.75262497486721,298.126838224741,32.5,33.8122424084876
11.3268152577178,3.78027444887422,298.125306505506,33,33.8176243489676
16.1571056650283,3.78805479633006,298.123261349992,33.5,33.82530140373
11.483582677028,3.78078069259395,298.121533779536,34,33.8307578323075
8.33442267193337,3.77586480800569,298.120140023634,34.5,33.834717936338
17.3569096606592,3.79026559078678,298.118085199456,35,33.8429650784149
-48.6544831582707,3.68542110597106,298.129340229208,35.5,33.8198468826572
37.0248952931719,3.82073888376791,298.127527027913,36,33.837439275418
16.8211156124798,3.78944792177558,298.125253855963,36.5,33.8454318347538
-0.2183712111628,3.7624543248521,298.124797054008,37,33.8453280755917
3.32938099836837,3.76810761602441,298.124046301674,37.5,33.8469100322106
26.9153682183208,3.80549244422385,298.121691979469,38,33.8596988794241
-12.1323023766471,3.74363146016487,298.123067128093,38.5,33.8539342114402
20.7542120571848,3.79591062669127,298.121050255115,39,33.8637955830136
37.5444773228414,3.82229496526621,298.11868008837,39.5,33.8816348553691
-11.644018073741,3.74480786414779,298.119879185423,40,33.8761021958532
-23.0469873262522,3.72643056534203,298.123896417021,40.5,33.8651514112584
-1.27481809579591,3.76100140238503,298.123979941545,41,33.8645456809663
-3.03446489340243,3.75816532669572,298.124085206751,41.5,33.8631038538443
-58.734302630368,3.67002728957993,298.139215967263,42,33.8351962281177
-6.45029802851027,3.75207919266411,298.140513537505,42.5,33.8321313666118
-7.37951300816407,3.75055533463582,298.141331566395,43,33.828624988263
22.2868354369962,3.79776928048964,298.139094495015,43.5,33.839214586405
-28.606601488824,3.71681334943232,298.144202865296,44,33.8256221490743
-3.11535945821458,3.75731094193791,298.14457391851,44.5,33.8241418848698
-62.7875601339899,3.66301569832615,298.161453868076,45,33.7943083523336
10.4933561166968,3.77847440568816,298.160571764875,45.5,33.7992942743929
-3.72326417269208,3.75589138002567,298.160596139077,46,33.7975251640373
-20.8468886537334,3.72844671567731,298.164055303787,46.5,33.7876197571446
-24.3605490724058,3.72265346240132,298.168549507739,47,33.7760448331979
-36.5738691949708,3.70301201220641,298.17645606494,47.5,33.7586667456552
-6.70146218368426,3.75044080774493,298.17745759242,48,33.7554825434076
-32.0468138850046,3.70986436717071,298.183865080255,48.5,33.7402554878782
7.37168373879171,3.77273751856872,298.182825966132,49,33.7437581461468
-44.8204653104045,3.68954149210446,298.193054209038,49.5,33.7224616853945
-57.0402204245318,3.67004241906669,298.20842276599,50,33.6953590034577
11.785666331724,3.77906971584151,298.207194518279,50.5,33.700958967196
12.6300642857506,3.7806123393039,298.205107448031,51,33.706960146936
-28.7044834459555,3.7145737391904,298.210379311161,51.5,33.6933212009571
8.89363143401566,3.77462236203725,298.209061147709,52,33.6975470132388
-19.3276146663415,3.72950303138365,298.212021056717,52.5,33.6883634899459
23.7639488275499,3.79823989262728,298.209543052198,53,33.6996549390645
17.088764123308,3.78795963581185,298.20702486406,53.5,33.7077746716896
-26.2720044511267,3.71877788845022,298.211543234897,54,33.6952915190092
-6.29102854121675,3.75057042771901,298.212254040894,54.5,33.6923023344595
4.84821622999356,3.76841273024766,298.211132742196,55,33.6946059662033
9.83462149264912,3.7764650007072,298.20936614046,55.5,33.6992788902611
14.0027749223484,3.78322711478275,298.20719991281,56,33.7059323139703
-10.0151580030553,3.74496208237916,298.208141215196,56.5,33.7011736079225
15.3871198189342,3.78550660474668,298.206072004574,57,33.7084848036239
-1.00205506192324,3.75951468984789,298.205526625911,57.5,33.7080086767888
-25.0874452987029,3.72092534298252,298.209879641741,58,33.69608836783
-31.8021732197325,3.70998081531698,298.216306598522,58.5,33.6809775534036
-31.3433986835861,3.71040976489862,298.222717714358,59,33.6660847258686
7.85750118176903,3.77294633409103,298.221505378815,59.5,33.6698182204758
-8.37048035416048,3.74706150496722,298.222195092142,60,33.6658409836241
-17.9001963153991,3.73172578851529,298.224954231405,60.5,33.6573356986913
12.2827360140689,3.77996967052205,298.223147873959,61,33.6631718452739
4.85363292523875,3.76827052573302,298.221817160076,61.5,33.6654780507625
-47.6485128857582,3.68461785932571,298.232932089842,62,33.6428378421536
9.58392896207211,3.77548859015124,298.231715893041,62.5,33.6473916495623
6.65879119613755,3.77095908669968,298.230175871046,63,33.6505555766743
2.50440430509494,3.7644154136616,298.229170337148,63.5,33.6517455453107
-8.43684011910265,3.74692170405947,298.229893908307,64,33.6477367775921
-27.0562449122411,3.71702924213745,298.234834024224,64.5,33.6348809927651
0.783253251940563,3.76143930578032,298.234407088397,65,33.6352531558389
-29.6253054358114,3.71274473862362,298.239951964758,65.5,33.6211766809492
-14.5435066695252,3.73663065473361,298.242212671293,66,33.6142663283493
-30.5801029294987,3.71086199926196,298.248214190431,66.5,33.5997361810755
-43.4767738518177,3.69014910621191,298.258410152692,67,33.5790781758193
2.44724331018805,3.76323211838397,298.257917318475,67.5,33.5802409843878
-40.6449134264872,3.69434206201025,298.266820244481,68,33.5609285386653
-4.55564493273395,3.75175642772038,298.26733257526,68.5,33.5587639222821
27.1201504741156,3.80227908474492,298.264370469864,69,33.5716500718606
-35.1157584831232,3.70317207589869,298.271260477564,69.5,33.5549648061646
-4.81208786219535,3.75142924643673,298.271717724157,70,33.5526783408282
-32.5996294528532,3.70688014844822,298.278188584807,70.5,33.5371886147762
-34.8367638498445,3.70304041925929,298.2856721459,71,33.520635913484
10.0507399534063,3.77477698767401,298.284089794776,71.5,33.5254115263088
18.7709434135431,3.78883374798721,298.281308299082,72,33.534330547049
-20.40225453575,3.72630191406026,298.284302267562,72.5,33.5246364082227
-4.85579633473479,3.75114107463648,298.284555122138,73,33.5223291747893
-52.9642905616911,3.67453203889419,298.297813988256,73.5,33.4971631724418
-19.4797549752926,3.72715572869256,298.301432855871,74,33.4879073596246
20.474790296237,3.79109590706121,298.298783207799,74.5,33.4976359638444
-3.3057381787702,3.75335455494438,298.29834125978,75,33.49606524112
-3.97375576120525,3.75230851382216,298.298228477453,75.5,33.494177109593
15.6674328179242,3.78377169801345,298.29576210743,76,33.5016214961201
12.5951894494292,3.77907720200572,298.293380120034,76.5,33.5076061050687
-31.3854666246958,3.70874074882899,298.299221494185,77,33.4926932889358
-43.4108140435932,3.68937231221056,298.309319071541,77.5,33.472066624507
16.739369211197,3.78521055092914,298.307188369639,78,33.4800203420098
-12.8107435530361,3.73807191675676,298.308478595471,78.5,33.4739333124488
-31.1223973584209,3.70863717540147,298.314537740392,79,33.4591454937755
-24.7414923266449,3.7185734320462,298.319103783343,79.5,33.4473895645
-19.3225278226496,3.727087308601,298.322266272501,80,33.4382084582228
7.08778069721159,3.76943952016478,298.320719279914,80.5,33.4415762198556
-18.9456356362055,3.72772636676303,298.323431596293,81,33.4325741940409
-52.7328217184509,3.67393848395493,298.336796166492,81.5,33.4075181742003
12.2292288099792,3.77724745641868,298.335081899007,82,33.413328896815
43.4930679662425,3.82646577431312,298.33181230031,82.5,33.4339946442258
35.7070553723004,3.81489861847045,298.328198722667,83,33.4509608648584
-2.64452396272527,3.75447673975802,298.327432726312,83.5,33.4497043183146
-4.11288044835528,3.75211219688731,298.327237713352,84,33.4477500816407
-16.2179007337918,3.7326416300907,298.329359555489,84.5,33.4400441400788
16.1865270820028,3.78444285762304,298.326905771502,85,33.4477351744384
11.7127158486203,3.77750746791642,298.324519355362,85.5,33.4533004757276
-21.3173189273618,3.72467301063818,298.32763382938,86,33.4431715437155
-9.78706896499144,3.74299187997658,298.328637141739,86.5,33.4385212142589
-40.8925380197851,3.69321708367321,298.337529824696,87,33.4190911096188
-57.7911050975714,3.66634713239037,298.353003094131,87.5,33.3916316445504
13.0915205569689,3.7787547817831,298.351236434915,88,33.3978520854092
-36.5355863484011,3.69938756902583,298.358582527799,88.5,33.3804921879753
-8.18734100300189,3.74452098460602,298.359457970048,89,33.3766019698545
12.661804906886,3.77797688225295,298.357101578665,89.5,33.3826182311624
0.0882007643908267,3.75802446072951,298.356050588183,90,33.3826601397884
-1.81123667793612,3.75502748743814,298.355406550878,90.5,33.3817995300077
1.43985565427224,3.76028335517955,298.35430078318,91,33.382483677957
12.1604342247214,3.77750418943527,298.351917198899,91.5,33.388261712799
-11.7876494706003,3.73924266504522,298.352916102705,92,33.3826608067715
-43.1785021656471,3.68902706682671,298.362587513614,92.5,33.3621445254178
-25.0826814447596,3.7174031558449,298.367283900861,93,33.350226480006
17.1856363168508,3.78503981495466,298.364720087231,93.5,33.3583922414899
-4.90027478057101,3.74990585895477,298.364394767004,94,33.3560638741065
-27.2108907169668,3.71405793440192,298.369169956001,94.5,33.3431346092678
-39.1234497529225,3.69483964000501,298.377746121924,95,33.3245450875754
-27.4477139274013,3.71309962751484,298.383040614364,95.5,33.3115032961003
30.8939631044734,3.80618779820356,298.379839046945,96,33.3261825741528
-15.0960616540059,3.7331443886797,298.381336974698,96.5,33.3190096748466
4.94215491149978,3.76528285385551,298.379838647802,97,33.3213579415899
-33.6091258125699,3.7034880748058,298.386314164251,97.5,33.3053885529673
-2.30624599972109,3.75346693939305,298.386063733063,98,33.3042927393233
-23.9176636335481,3.71873673479715,298.389946682268,98.5,33.2929282525575
8.34352380321127,3.77043876423852,298.388119342364,99,33.296892680994
-19.2837564670995,3.72615636244844,298.390747874364,99.5,33.2877299969407
-20.2186051972032,3.72451466759333,298.393897457381,100,33.2781231191659
17.6950909323794,3.78524182125811,298.391154479986,100.5,33.2865309481998
-18.0520507461825,3.72811127678162,298.393396040137,101,33.2779535095777
-32.6809125585933,3.70452988246199,298.3998504158,101.5,33.2624251618278
-6.90737538259679,3.74565984912987,298.40034992801,102,33.2591431198473
-25.6455887861213,3.71550777034354,298.404730653606,102.5,33.2469576088029
20.0323580211074,3.78863572601032,298.401854034412,103,33.2564759911628
-12.6505968894733,3.73649872486242,298.402887744405,103.5,33.2504650553485
-9.14509708394817,3.7420759944347,298.403548559527,104,33.2461197590697
-38.7305325489146,3.69461114576778,298.411766508599,104.5,33.2277169321328
30.1841150395666,3.80448594564938,298.408615889515,105,33.2420589256134
-9.5542552072191,3.74143697449617,298.408926959541,105.5,33.2375192177004
-28.9438751317672,3.71022655451145,298.414179628334,106,33.2237665246729
-42.2689992656416,3.68875990489996,298.423802384562,106.5,33.2036823939602
10.3412871918903,3.77280205679952,298.42188949621,107,33.2085960604134
-57.6190123483982,3.66450206740264,298.436775645857,107.5,33.1812183652787
-26.8401774177121,3.7126309503634,298.442127942828,108,33.1684652450021
3.62318622404897,3.76154426205565,298.440797251784,108.5,33.1701868032832
-8.33593670704214,3.74240159792005,298.441085578398,109,33.1662259798583
11.7321854425366,3.77467604619497,298.438576350133,109.5,33.1718005321322
-29.3440121775411,3.70879519491102,298.443728113001,110,33.1578577138388
13.5426316233079,3.77753782657766,298.441276178593,110.5,33.1642925002884
-19.8488374434654,3.7240310612999,298.443914489987,111,33.1548613177993
-3.88678195087918,3.74962437258983,298.443629682942,111.5,33.1530145119106
32.9843472804054,3.80833741519946,298.439942973013,112,33.1686870367813
14.8890880869063,3.78014827751623,298.436786710953,112.5,33.1757615925202
4.26962894909045,3.76334217792653,298.434923866149,113,33.1777903083024
1.20782605443546,3.7584981258569,298.43358171365,113.5,33.1783642073011
9.7100207833378,3.77217113804881,298.431216842764,114,33.1829779272856
10.1408440477773,3.77298043607634,298.428735454633,114.5,33.1877963531043
-16.7738958245465,3.72985996246155,298.430625506131,115,33.1798262302683
-52.1178705535711,3.6735025495826,298.443441272599,115.5,33.1550624047023
-5.36982602801034,3.74758365123938,298.443801134961,116,33.1525109298691
-23.8908989819944,3.71777257206757,298.447588113209,116.5,33.1411591603374
-15.987980950878,3.73029638590104,298.449696210619,117,33.1335624652458
-12.6609623153955,3.73556081102106,298.45099653903,117.5,33.1275466042955
-0.966279691174184,3.7543486345498,298.450128475965,118,33.127087476141
13.7202371764681,3.77795261359182,298.44733435987,118.5,33.1336066519353
16.1011217219443,3.78192666533736,298.444216819177,119,33.1412571059063
26.8264721113033,3.79907886912132,298.440519789059,119.5,33.1540037141016
18.3338844832548,3.78594299122658,298.437180143749,120,33.1627150661286
-34.1886572919899,3.70197245911395,298.443490673188,120.5,33.1464703129082
3.98972148407765,3.76292534834652,298.442168389165,121,33.1483660305544
-0.470056920706743,3.75583415402809,298.441050985429,121.5,33.1481426828338
-40.5513914121592,3.69161613383164,298.449572024417,122,33.1288746741311
7.99903593588276,3.76908660547413,298.447823569263,122.5,33.1326754190293
-18.9553167706302,3.72586216086417,298.450214324971,123,33.12366879322
-16.3891941672635,3.72983906722836,298.452311787091,123.5,33.1158814615194
-33.729091821338,3.70190885027818,298.458929356809,124,33.0998550710033
-22.558867312644,3.71950129700041,298.462696167139,124.5,33.0891362168144
-14.3111036252856,3.73261859729494,298.464399018766,125,33.0823362906073
34.5797352627157,3.81051574582587,298.460755499433,125.5,33.0987668646709
-17.8087727011027,3.72733791776918,298.462638124976,126,33.0903050197023
-5.31017208626672,3.74733878228342,298.46250191852,126.5,33.0877818894617
7.55613376455449,3.76802085126268,298.460357595173,127,33.0913721892286
-5.6656622845457,3.74688817841534,298.460015850875,127.5,33.0886801476882
-20.5293812720549,3.72293527469294,298.462906728089,128,33.0789256045459
-9.36918283776077,3.74074527213581,298.463546748196,128.5,33.0744738338379
0.821552952016319,3.75711833503019,298.462330796017,129,33.0748641950284
27.4503933369129,3.79958359243223,298.458681314737,129.5,33.0879072596259
20.3110770266636,3.78861382853104,298.455147382382,130,33.0975580754249
13.8563012759461,3.77857388232417,298.452161293442,130.5,33.1041419021266
7.27746898072834,3.768213604095,298.449901998792,131,33.1075997942179
-32.5122403894692,3.70442425828846,298.455782646558,131.5,33.0921515911119
0.569351049386377,3.75723437342057,298.454878949129,132,33.0924221184746
-3.17983395885014,3.75124210285293,298.454183979191,132.5,33.0909112191871
-12.1680423562678,3.73676973138135,298.455167888017,133,33.0851295693386
4.47944580243498,3.76345641886928,298.453493686943,133.5,33.0872579796766
29.6523427616854,3.8034805793492,298.449833029089,134,33.1013473013618
-41.7745259983508,3.68974850399098,298.45838768007,134.5,33.0814981198059
-21.4382857060721,3.72176032737513,298.461894384399,135,33.0713117103839
-4.76997595426304,3.74841285766737,298.4616946869,135.5,33.0690452545362
7.80413226307616,3.76861017106981,298.459520442468,136,33.0727533908818
-24.5224883664932,3.71674858416847,298.463235788451,136.5,33.0611015214194
-8.61379922989044,3.7421301435083,298.463760327939,137,33.0570086715135
-25.6406198376278,3.71469303150901,298.467956968235,137.5,33.0448255214669
33.1500423994296,3.808397303201,298.464477806105,138,33.060576776435
-19.9813841737234,3.72396859243501,298.466833873617,138.5,33.0510826143177
2.05445057786555,3.75926890736944,298.465543106853,139,33.0520587872734
-15.5617645553967,3.73096986512603,298.467174359658,139.5,33.0446646090605
-14.6965586465112,3.73224295757466,298.468811606508,140,33.0376815337568
-15.0303141930699,3.73160057622136,298.470516052012,140.5,33.0305398743812
-5.41925032665828,3.74698649835644,298.470343272758,141,33.0279649155741
-17.9832669934452,3.72673836604697,298.472610676135,141.5,33.0194201595777
-22.6703516888881,3.71906311596762,298.476156850405,142,33.008648333546
15.4949392210363,3.78024383927093,298.47337346399,142.5,33.0160107596764
-39.4440913078028,3.69229570434666,298.481396950839,143,32.99726888503
15.4741510485493,3.78008594993614,298.478803601936,143.5,33.0046214336525
12.7896549320983,3.77600834197677,298.475864462839,144,33.0106984429475
-10.2082480004255,3.73922925348064,298.47627133064,144.5,33.0058479901156
7.67394739765352,3.76793238927228,298.474128731799,145,33.009494269074
6.87793601858303,3.76676960177377,298.471905580064,145.5,33.0127623229298
-28.8577061249314,3.70940666253288,298.47676947145,146,32.999050573138
30.4485183638638,3.8040017498015,298.473342241101,146.5,33.0135181979565
17.0691362112629,3.78321867793378,298.469961721299,147,33.021628604372
-2.86635000264698,3.75149420795212,298.469017998563,147.5,33.0202666571028
-52.1753532802258,3.67277078634109,298.481563705217,148,32.9954755185978
-28.0971435208629,3.71038260653133,298.486932667387,148.5,32.98212515041
-19.8540648144901,3.72338315699216,298.489877925467,149,32.9726914841335
-6.07626223647581,3.74545244457591,298.489840558062,149.5,32.9698043458733
3.28594526714017,3.76052938598768,298.488172407691,150,32.9713656639884
-47.6931727527524,3.6789326538104,298.499132478477,150.5,32.9487042352271
-15.8406065112954,3.72936628483852,298.501411396396,151,32.9411775651552
-4.46685882691438,3.74763398238704,298.501032303,151.5,32.9390551355233
-17.5959205199741,3.72647921548966,298.503178318749,152,32.9306944273477
-22.9214893446017,3.7177877598283,298.506771518273,152.5,32.9198032731656
-4.94360841670056,3.74662836661172,298.506551119189,153,32.9174543157888
10.2926972607891,3.77116356503718,298.503972873392,153.5,32.9223448947181
23.6737815648239,3.79261169596839,298.500228012895,154,32.9335935008283
12.6464110229573,3.77536281512641,298.497173276087,154.5,32.9396024477266
20.0768839572592,3.78733845274768,298.493655978605,155,32.9491419866016
-4.33837081423158,3.74848134059818,298.492876275287,155.5,32.9470806080966
26.5180164389427,3.79769742330588,298.489251228067,156,32.9596806534645
-46.0392177878156,3.68201341234103,298.499247871882,156.5,32.9378051020196
4.31770763646253,3.76222866293943,298.497889361178,157,32.9398566624079
-0.974359623846225,3.75380170162112,298.496704219987,157.5,32.9393936950705
-26.7803382288731,3.71228494628773,298.501032265877,158,32.9266690074067
3.35719048945862,3.7605641424567,298.499554470795,158.5,32.9282641777156
17.9652052133006,3.78398943068156,298.496253690662,159,32.9368003516505
-40.0048223732625,3.69125000974437,298.504319105402,159.5,32.9177920454298
25.2711721625608,3.79540346533109,298.501085508771,160,32.9297996522763
-1.53759887322825,3.75291042423683,298.499788432814,160.5,32.9290690616001
-18.8426866965807,3.72504792727502,298.502111310663,161,32.9201159520123
-5.09584367851313,3.74703953089796,298.501836313502,161.5,32.9176946599943
-37.9840899050545,3.69421320335723,298.509504228191,162,32.899646505557
-23.2686347812426,3.71739861051749,298.513372573543,162.5,32.8885904050917
-16.9066036915064,3.72746455391141,298.515527749228,163,32.8805572260634
15.4073902390299,3.7793328542798,298.512570274096,163.5,32.8878780532624
-36.2497950913472,3.69654281002245,298.519519272345,164,32.8706539496506
5.38388915159198,3.76319936882793,298.517847958962,164.5,32.8732121065821
-20.9085393492971,3.72093530297886,298.520620957241,165,32.8632774063385
-33.8379723436464,3.70001946884793,298.527245069221,165.5,32.8471992812017
12.5908859572109,3.77445606670872,298.524706143177,166,32.8531818453443
7.15644900450096,3.76593884725722,298.522263598729,166.5,32.8565822347489
7.25879959912116,3.76622640227905,298.519866954362,167,32.8600312560766
-36.8259100363247,3.69544975385649,298.527054389596,167.5,32.8425334112344
3.59701703499346,3.76014992199081,298.525607050539,168,32.8442425352156
-10.4321351063312,3.73762704096092,298.526053198522,168.5,32.8392857023422
-36.9024969529454,3.69502621271604,298.53348263744,169,32.8217514671981
-3.80362617533557,3.7479641416033,298.533166820456,169.5,32.8199441728071
11.4536496306281,3.77253205743217,298.530381191999,170,32.8253863786865
-31.2861817623961,3.70389640645542,298.535868355432,170.5,32.8105207377928
15.6426371599875,3.77914597237856,298.532996471535,171,32.8179533426538
32.1630029784806,3.80542843826,298.528874651592,171.5,32.8332356054742
-36.7218160506093,3.6955793675718,298.535755993129,172,32.8157872209281
-14.5930180377621,3.7307567710438,298.537502423148,172.5,32.8088533429831
7.52357763433216,3.76630815557527,298.535257558701,173,32.8124281736926
-20.098940357812,3.72191506602114,298.537764619632,173.5,32.8028781547107
16.5646356615557,3.78073881532337,298.534686996677,174,32.8107488475025
-30.5969650143099,3.70511314738177,298.539878463794,174.5,32.7962106882029
27.288423132305,3.79766721554042,298.536322746105,175,32.8091767925975
-5.9194078956873,3.74491888217358,298.535660636425,175.5,32.8063641837356
13.1857931359691,3.77558945633652,298.532734489925,176,32.8126294182453
12.2698006378848,3.77428469676969,298.529722703924,176.5,32.8184594185792
-14.4041798395436,3.73153104384237,298.530850129448,177,32.8116152671743
-22.1528603875427,3.71892446563973,298.534059127198,177.5,32.8010893273268
7.82309696002645,3.76701805009239,298.531876026353,178,32.8048064747553
12.49814244421,3.7746128087629,298.528891873519,178.5,32.8107449717833
-21.7401645272892,3.71968181029665,298.531713027434,179,32.8004151245272
5.99188291547131,3.76416421907698,298.529751774279,179.5,32.8032621699217
-2.03416823286861,3.75135046974918,298.528635324008,180,32.8022956341297
-13.5475767872916,3.73279685946727,298.529731678599,180.5,32.7958584979835
0.209966935896244,3.75487483006592,298.528473626847,181,32.7959582638512
-10.7696790421322,3.7372132435224,298.528982880734,181.5,32.7908410468512
6.11997302421052,3.76434384853669,298.526889756998,182,32.7937489543084
-35.7553422371132,3.6970915023323,298.533689448291,182.5,32.776759790154
-29.9217169978598,3.70607124791635,298.53927308879,183,32.7625424752004
-5.37930325609551,3.74536839270949,298.539114878299,183.5,32.7599864972588
-13.0692157502185,3.73295992732709,298.540164483441,184,32.7537766545372
-17.845666120035,3.72517545696466,298.542360579839,184.5,32.7452972796469
-25.5332951832311,3.71266337033993,298.546542650046,185,32.7331651249497
7.69675580359541,3.76606329735542,298.544380133753,185.5,32.7368222413307
4.67021457019159,3.7613393292483,298.542244171279,186,32.7390412955197
13.2519888664626,3.7751959990068,298.539177732807,186.5,32.7453379829554
-30.6544695607891,3.7046998327256,298.544408199199,187,32.7307725003492
11.0741629103274,3.77163355931885,298.541937739099,187.5,32.7360343929724
-36.9788670035279,3.69447955980207,298.549109876907,188,32.7184638705704
-6.92754169712684,3.74250155276693,298.549303318853,188.5,32.715172246558
-29.0106775518493,3.70687564618722,298.554307707858,189,32.7013878123358
-0.920134912821162,3.75196679898777,298.553366456793,189.5,32.70095060989
-31.1887305029115,3.70320011428676,298.558943789911,190,32.6861312729985
22.1959111478855,3.7888020375434,298.555534498348,190.5,32.6966776684307
6.67140932702013,3.76429304751815,298.552981770761,191,32.6998475910523
23.3589188110659,3.79101785546901,298.549145890673,191.5,32.710946590008
12.8574853566702,3.77458108491994,298.545938384873,192,32.7170558289544
-56.5901800886326,3.66365924671451,298.560029581687,192.5,32.6901669838504
-18.3590596451868,3.72392283051253,298.562861881326,193,32.6814436698358
-20.3590035737713,3.72056670053019,298.56568664009,193.5,32.6717700817202
-34.3999711287416,3.69784308022192,298.572431205999,194,32.6554249226517
14.0319602334377,3.7755878786116,298.569630973723,194.5,32.6620922137724
35.5453997408288,3.80972996963562,298.565361269998,195,32.6789816236717
-6.74021378115322,3.74278144569064,298.564716006388,195.5,32.6757790085882
-5.60576359809067,3.7445822598567,298.564256441241,196,32.6731154279309
-6.44176119344202,3.74321701750449,298.563937135417,196.5,32.6700546227054
-18.1879971305087,3.72422530265829,298.56606925316,197,32.6614125891082
-5.59726678518348,3.74442161788619,298.565741003167,197.5,32.6587530457147
-28.302163361468,3.70778491086227,298.570475409161,198,32.6453052622734
-6.60106617704447,3.74256374898097,298.570450878677,198.5,32.6421687632258
-24.0361730499991,3.71439892432843,298.574060202584,199,32.6307479666667
-11.0732210871168,3.73514800649065,298.574854085247,199.5,32.6254865215512
-23.4752245338766,3.71506760772075,298.578380201181,200,32.614332259888
14.5242865540897,3.77617357947737,298.575384100658,200.5,32.621233480043
-43.8886648436411,3.6824407846848,298.58484467991,201,32.6003797646289
-27.2231507015665,3.70867755450684,298.589800651076,201.5,32.587444674454
18.602002747487,3.78233931612755,298.586473695727,202,32.5962834229739
8.01857598161875,3.76565849607189,298.583703895727,202.5,32.6000934523322
-32.3866922014724,3.70061963802703,298.589486422627,203,32.5847049034943
-16.3673433604284,3.72615218458706,298.591512395527,203.5,32.5769279542128
-5.89326091365333,3.74300386507972,298.591187922054,204,32.5741277690991
-32.2224668200979,3.70050647946503,298.597100795718,204.5,32.5588172520122
-5.09545562010687,3.74405499497507,298.596820714435,205,32.5563961443804
-12.7111048178524,3.73175689132081,298.597718693718,205.5,32.5503564582014
-15.2075777344984,3.72766257133777,298.599248107528,206,32.5431305719881
-4.31436365962512,3.74521874498024,298.59861817417,206.5,32.5410806004915
14.4150143961257,3.77540840782211,298.59535546788,207,32.54792989994
13.5951764027761,3.7742963461858,298.592002544713,207.5,32.5543896530612
8.96358090709674,3.76705444462951,298.58915398789,208,32.558648701861
-30.8499010402597,3.70295883560584,298.594436456243,208.5,32.5439903599146
-2.03655067184818,3.7492052494168,298.593596503928,209,32.5430226921059
-28.5805582463434,3.70635806746208,298.598365447965,209.5,32.5294426292316
-10.4163537264989,3.73545694098547,298.599038217785,210,32.5244932948867
-45.3194165434186,3.67930788572356,298.609294901475,210.5,32.5029597572706
13.4371270488515,3.77351471232828,298.60658308315,211,32.5093444131825
-6.51972831585012,3.74155578018029,298.60602981133,211.5,32.5062465618498
22.3224436356214,3.78787489585534,298.602182411762,212,32.5168530792406
4.95283242666046,3.76036747370895,298.599723321662,212.5,32.5192064194092
-14.2882881939211,3.72937537558654,298.600804475055,213,32.5124173339628
-2.15205538580137,3.74890418682354,298.599767400322,213.5,32.5113947840463
-2.47484985487087,3.74841068457512,298.598653768595,214,32.5102188582178
18.8453242868659,3.78266086061991,298.595029006812,214.5,32.5191732210577
32.2728335525889,3.80404927038533,298.59068835067,215,32.5345076699162
-4.35958080551291,3.74597148947281,298.58957969207,215.5,32.5324362134759
-17.3636403676822,3.72493536183957,298.591421753786,216,32.5241858733011
16.9758147003945,3.78006545696109,298.588136171863,216.5,32.532251937966
28.6801308746634,3.79876207169469,298.583935353071,217,32.5458793128116
5.73111609065818,3.76255043453867,298.581378098147,217.5,32.5486024547524
21.9372841099718,3.78847167021388,298.577595786316,218,32.5590259634514
1.32553975376245,3.75574604511932,298.575701998768,218.5,32.5596557941581
24.7846360473618,3.79318836428387,298.571863329575,219,32.5714322231886
-31.8804500741491,3.70253697334874,298.57714728054,219.5,32.5562842154858
-7.43193183269424,3.74156569015049,298.577249152915,220,32.552752930313
-9.35031998055921,3.73841011556797,298.577431859778,220.5,32.5483101222986
-10.671727165904,3.73620203149285,298.577897460942,221,32.543239447169
5.74682585607626,3.76258981942788,298.575720556498,221.5,32.5459700536107
-8.51174901804594,3.73969199939843,298.575615787757,222,32.5419256929009
-30.3453290911747,3.70443793474642,298.580855487767,222.5,32.5275070985037
1.16863409502945,3.75497952874282,298.579524313664,223,32.5280623754283
10.4235876039801,3.76990294159002,298.576677440464,223.5,32.5330151469529
-0.569544060518327,3.75236542204607,298.575170759023,224,32.5327445278808
-11.6714705989454,3.73446476212991,298.575754908127,224.5,32.5271988242874
-22.3889016884295,3.71707389066436,298.578904114607,225,32.516560729328
-3.67099127433223,3.74710881583891,298.578246787567,225.5,32.5148164564595
-19.0386441073173,3.7222857074413,298.580503085401,226,32.5057702376351
11.6711330731869,3.77165354129012,298.577737556867,226.5,32.5113157808531
-18.0010541090338,3.72397482182412,298.579592428865,227,32.5027625733021
-5.20730869365088,3.74450411578947,298.579150240295,227.5,32.5002883186407
20.1629414789511,3.78520131394302,298.575545735094,228,32.5098687477791
-42.5439123909735,3.68470855831428,298.5843409141,228.5,32.4896539919927
1.65721182134301,3.75542446587751,298.58308974161,229,32.4904414168057
3.42156821359738,3.75833217327573,298.581076002836,229.5,32.4920671762142
26.953051316723,3.7959231670041,298.577058075192,230,32.5048739285659
28.7922495318032,3.79908893491238,298.572825984486,230.5,32.5185545766332
11.0422945245928,3.77122582508137,298.569705711018,231,32.523801326981
15.337887372244,3.77819439250063,298.566363452701,231.5,32.5310891298671
-29.2946869581926,3.70655455710724,298.571007210798,232,32.5171697484699
-18.1292927222143,3.72421607236523,298.573307939419,232.5,32.5085556082942
7.78287974532124,3.7658352182971,298.570981410383,233,32.5122536464981
-47.7768475891877,3.67674206847216,298.581676478278,233.5,32.4895524596072
-46.7244520631486,3.6778934550966,298.59274044917,234,32.4673513188417
49.3630331989515,3.83028400062889,298.589515935627,234.5,32.4908061824147
-25.1342904158945,3.71254704388247,298.592783133864,235,32.478863614981
0.890752032458265,3.75433530029971,298.591397344312,235.5,32.4792868561403
-10.8491036725462,3.73542892799789,298.591771706633,236,32.4741319004977
-21.5139204517917,3.71813097009203,298.594671474111,236.5,32.4639095531981
-20.2057314848445,3.72006313990352,298.597385150026,237,32.4543087923726
23.9653027316601,3.79090073749232,298.593671716408,237.5,32.4656959148735
15.5197277629371,3.77776029269852,298.59009837892,238,32.4730701192888
-36.439932297113,3.69433054799317,298.59689269187,238.5,32.455755671913
-32.4264987902696,3.70038892777755,298.603086930739,239,32.4403482089597
1.28910151831538,3.75452090848008,298.601714358753,239.5,32.4409607260252
-13.0705539861614,3.7313842473432,298.602543088472,240,32.4347502474403
-7.87731599080868,3.73970592775383,298.602485456029,240.5,32.4310073378192
-64.5328630878157,3.64937498202249,298.620169418183,241,32.4003445239359
8.49630379176975,3.7655265064296,298.618238459555,241.5,32.4043815458406
-57.0601377371642,3.6605123628564,298.632686517438,242,32.3772694001853
1.76785638568441,3.75436076136292,298.631523505051,242.5,32.3781093978041
19.1117255470535,3.78229718187676,298.627725192349,243,32.3871903413017
29.9348514683225,3.79964559992001,298.623288859609,243.5,32.4014138971038
-24.1303579857867,3.71322267126545,298.626419354382,244,32.3899483485375
-14.8895830994721,3.72794624495845,298.627880535217,244.5,32.3828735575932
-4.19721300220176,3.74515383197825,298.627123242131,245,32.3808792502751
11.0944712739165,3.76981008150628,298.624119796902,245.5,32.3861507924248
16.9312725025378,3.77929521016938,298.620445381093,246,32.3941956928478
-29.6943880590987,3.70436881801189,298.6251961702,246.5,32.3800863933239
-5.90259299513876,3.74252553634342,298.624914207003,247,32.3772817740683
-48.8347409716952,3.67354047396547,298.636220908021,247.5,32.3540779287434
-3.20411359891839,3.74644629376208,298.635711940019,248,32.3525554929759
18.1131933667104,3.78075159094359,298.632035820313,248.5,32.3611619835369
-9.46664037263197,3.73659629592875,298.631902900759,249,32.356663905845
-22.2288719377109,3.71590388829685,298.634929983062,249.5,32.3461018490812
-28.0507472721946,3.70633148647959,298.639681021374,250,32.3327735260882
15.7313323307227,3.77677448767602,298.636462471926,250.5,32.3402482744926
21.4560270430752,3.78609605846263,298.63238537183,251,32.3504431137174
-25.3937809593337,3.71090905076119,298.635904298548,251.5,32.3383772492556
26.0933509362111,3.79347789142689,298.6320349779,252,32.350775514652
-6.5630807156352,3.7414505680607,298.631266355962,252.5,32.3476570644104
13.033733036283,3.7729810405692,298.628091028292,253,32.3538500475073
31.5037775723842,3.80237474886104,298.623746237794,253.5,32.368819079131
40.7792149509791,3.81707410336132,298.61937541925,254,32.3881953382728
-15.7027127315117,3.72758064766649,298.620306967511,254.5,32.3807341884816
-7.07749306344661,3.74134681170647,298.620040136238,255,32.3773713150218
0.0234659441601242,3.75274575508624,298.618502386368,255.5,32.3773824648739
-30.569094512869,3.70341131206562,298.623590781825,256,32.3628575482534
-37.7510622911197,3.6915987125663,298.631252318209,256.5,32.3449201169735
-23.2285084641204,3.7145559754521,298.634845535511,257,32.3338830825426
-32.0172397516651,3.70021226787625,298.640713461947,257.5,32.3186700791736
4.03340523730141,3.75818220508544,298.638849975546,258,32.3205865531713
-56.1868842307381,3.66166027840497,298.652882024674,258.5,32.2938893342441
-1.91056530456759,3.74819439605667,298.652223469909,259,32.2929815284295
33.608252899309,3.80488485126535,298.647837761906,259.5,32.308950502287
-3.70904181089919,3.7457488786715,298.646471104023,260,32.3071881496919
-8.16697887091049,3.73854557581624,298.646254817801,260.5,32.3033076066456
-30.5136083505591,3.70240445420728,298.651476470933,261,32.2888090542958
0.685122262702381,3.75257261168352,298.650050052104,261.5,32.2891345903936
3.49802304519393,3.75717775190978,298.647861727616,262,32.2907966773438
-3.9188060989603,3.74528509951197,298.646801595924,262.5,32.2889346551692
-2.96646005031309,3.74683405708563,298.645657901729,263,32.2875251405736
-51.5722671209241,3.66877193580815,298.657915546066,263.5,32.2630205586814
6.12508730872147,3.76107048121484,298.655988706438,264,32.2659308961929
0.965330022082613,3.75287453686298,298.654100869821,264.5,32.2663895731117
-59.9595897043655,3.65531667219012,298.669711241095,265,32.2378997517764
-0.141146819643234,3.75061876267413,298.668782560569,265.5,32.2378326858126
-31.4489516697987,3.70003680303622,298.67424709013,266,32.2228897047369
0.0402598703640535,3.75075592431636,298.672893844098,266.5,32.2229088342293
-17.8423035239859,3.72185707790237,298.674710599762,267,32.2144310570778
-0.346761896911284,3.7501082867769,298.673249614984,267.5,32.2142662930336
-2.34141055169967,3.74695125555971,298.671921855498,268,32.2131537709396
10.5287755561439,3.76775966251274,298.668831343334,268.5,32.2181565225587
17.6022165898329,3.77923927005407,298.664966258098,269,32.2265202223142
4.47551799836527,3.75839712356575,298.662443881417,269.5,32.2286467663547
-5.43209847011429,3.74247189590348,298.661603074522,270,32.2260657027475
2.59400937823987,3.75543050778758,298.659574749372,270.5,32.2272982472678
-5.7472119938436,3.74201257014902,298.658814375271,271,32.2245674573526
-13.4545338525665,3.72951209658421,298.659666861503,271.5,32.2181745305915
-29.4913288565192,3.70349512637902,298.664642509721,272,32.2041617147232
-24.5034040582817,3.7112766927931,298.668456314718,272.5,32.1925189131769
-33.4643808499304,3.69663346658772,298.674795503323,273,32.1766183001771
-26.6800672120435,3.70727896760748,298.679291769621,273.5,32.1639412563242
-41.6843650150723,3.68295813960767,298.688395369599,274,32.144134914793
18.2135423192516,3.7793117241039,298.684988616575,274.5,32.1527890861961
4.87475123835519,3.75815058623406,298.682359748399,275,32.1551053260589
-33.6506646953368,3.69591978366851,298.688426028971,275.5,32.1391162002208
-27.1331411916445,3.70613514131217,298.693048554591,276,32.1262238780981
-14.1069324970733,3.72704680843441,298.694313636029,276.5,32.1195209638785
4.57603363707774,3.7572868770538,298.692034179424,277,32.121695267962
-15.3844935830669,3.72505190267366,298.693214998293,277.5,32.1143853201175
-20.7084003750775,3.71633234380837,298.695895472554,278,32.1045457159819
-35.4818187347079,3.69232811098853,298.702872766127,278.5,32.0876865166213
9.53721189062223,3.76494961113184,298.700194801077,279,32.0922181263962
-7.79012695670705,3.7370830157455,298.699714326951,279.5,32.0885166446771
-2.74729966594657,3.74526655804474,298.69848681068,280,32.0872112642196
-44.5266074598254,3.67781441935315,298.70828825923,280.5,32.0660544301343
-12.7737365964937,3.72865480570767,298.709473657767,281,32.0599849844424
13.0217888836212,3.77038237217512,298.706118130549,281.5,32.0661722922707
-14.2563221556579,3.72643228162681,298.706941297909,282,32.0593983954994
-13.3033714418134,3.72790834468571,298.707841486356,282.5,32.0530772936138
-20.9969421375916,3.7153560252544,298.71056002734,283,32.0431005887525
-23.8529239241888,3.71058406284322,298.714125704846,283.5,32.0317668630836
17.379169820697,3.77717314991241,298.710478894968,284,32.0400245820839
-48.5409198227281,3.67104500859784,298.721549729503,284.5,32.0169603459872
4.79536298248379,3.75677523173701,298.719609912784,285,32.0192388644907
-20.5020301485156,3.71583962354867,298.721999145379,285.5,32.009497317245
-2.61743613660563,3.74477425886602,298.720854722003,286,32.0082536414917
7.7262108305177,3.76157659633507,298.717961855185,286.5,32.0119247534398
26.8900700447464,3.79234424485931,298.713387932346,287,32.0247015802167
-22.6765433023006,3.71276356279089,298.716072042021,287.5,32.0139268122376
-13.0850320808075,3.72814354142542,298.716983309155,288,32.0077094543806
-50.8510826880657,3.66727923974116,298.729218199668,288.5,31.9835475435398
-10.1100190565673,3.73245319539811,298.729880599107,289,31.9787437642271
-1.23902011928159,3.74685374304956,298.728361479248,289.5,31.9781550433569
-0.534861782720596,3.74806550407428,298.72662936507,290,31.977900903582
-8.25816704217379,3.73559400218331,298.726282537675,290.5,31.9739770324423
-13.668557054849,3.72678666383007,298.72715518175,291,31.967482412477
-4.82327958003419,3.74109603111127,298.7263002521,291.5,31.9651906293917
-4.25905358680499,3.74203612300058,298.725244587394,292,31.9631669384969
6.48076865536068,3.75946075606875,298.722515588204,292.5,31.9662462781324
-33.7422902775533,3.69438790432159,298.728568229851,293,31.9502136163648
1.27578848011765,3.75089560035183,298.726924064536,293.5,31.9508198077353
13.7993133041715,3.77118491504902,298.723293392856,294,31.9573765565811
-20.9105963311422,3.71515687548005,298.72563984118,294.5,31.9474408789618
7.20848190605144,3.76062161745168,298.723002460397,295,31.9508659918189
-9.6680299534693,3.7333986074382,298.722848251612,295.5,31.9462722237928
-29.3088602484509,3.70149032963347,298.727731097395,296,31.9323461079515
7.35793640240066,3.76072621384159,298.725171539195,296.5,31.9358422341681
29.6608568654572,3.79644714103722,298.720492956522,297,31.9499356013328
-23.8642231724887,3.71058493592067,298.723433996702,297.5,31.9385965068219
-43.7561199832299,3.67835056764795,298.733121902179,298,31.9178057701475
-34.9808678451825,3.69199146187199,298.740185689194,298.5,31.9011845977883
9.9473718779643,3.76455534954573,298.737349617001,299,31.9059110952336
-14.4827466453773,3.72510867376064,298.738193336559,299.5,31.8990296127817
-4.52095563047334,3.74123119587363,298.737266844966,300,31.8968814790335
-31.1910779176324,3.69795627440385,298.742665450165,300.5,31.882061026767
-8.11682770882198,3.7351679753369,298.742625767088,301,31.8782043130641
26.2741188655446,3.79054178527674,298.738144804244,301.5,31.8906884704093
19.4552491103828,3.78001480098313,298.73377330848,302,31.8999326392557
-12.9560062638134,3.72789790968767,298.734155898248,302.5,31.8937765880636
-10.8940196306744,3.73116075892577,298.734435858449,303,31.8886002905868
-18.4847137877544,3.71876471550432,298.736410799568,303.5,31.8798172719596
-36.2327562797729,3.6899089818433,298.743509942868,304,31.8626012643454
-12.19237050777,3.72854830938261,298.744370044714,304.5,31.8568080549666
-18.8703515888358,3.71763811107925,298.746482562222,305,31.847841800395
40.2809604195275,3.81232370255463,298.741900953696,305.5,31.866981313711
-12.0245811931301,3.72915066529532,298.741901606412,306,31.8612678294875
-13.8371320424941,3.72612980219897,298.742794669906,306.5,31.8546931110541
-14.2081331322845,3.72543976841547,298.743797526824,307,31.8479421113151
-29.7190632165754,3.7001809531481,298.748835660252,307.5,31.833821087381
-12.937635579991,3.7271798368711,298.7497622361,308,31.8276737650262
-7.95166285088254,3.7352370691161,298.749445794033,308.5,31.8238955294669
-20.9059729994429,3.71415557011561,298.752009312513,309,31.8139620486254
0.0326636615965459,3.74807216414121,298.750349937672,309.5,31.8139775687763
-1.71810270669768,3.74530466647399,298.748745982452,310,31.8131612116366
3.46312466518582,3.75375988030319,298.746346686966,310.5,31.8148067166085
-22.8226768094239,3.71114032266397,298.749267917927,311,31.8039625132392
-8.95476060782401,3.73351992723048,298.749265030832,311.5,31.7997076554079
-18.4433728356329,3.71805634614087,298.751220739291,312,31.7909442799495
-0.247576899712829,3.74753841155464,298.749577877748,312.5,31.7908266436936
36.9042389030464,3.80688936862862,298.744772363426,313,31.8083617065259
8.40123036510731,3.76202399605365,298.741375571432,313.5,31.8123535542567
-14.2586428759102,3.7253939060485,298.742128036854,314,31.8055785547942
-10.7257427732467,3.73103018035159,298.742368549152,314.5,31.8004822141286
-5.60681694891437,3.7392896697978,298.74156785431,315,31.7978181329713
1.0859300816759,3.75014657628161,298.739577193382,315.5,31.7983341130532
8.73392373686456,3.76257117819343,298.736472056795,316,31.8024840401632
-13.4480031495879,3.72673102275122,298.737052293515,316.5,31.796094216468
2.58393680105948,3.75266945020037,298.734931332117,317,31.7973219749995
-20.9898214161695,3.71445244298187,298.737361088501,317.5,31.7873486535516
-32.11855144002,3.69624933116216,298.743174651238,318,31.7720875118962
-57.3550121152159,3.65566538362283,298.758251766111,318.5,31.7448352565705
-47.3145488292004,3.67097852526149,298.769835328579,319,31.7223537311072
-16.6049789851066,3.72019232411755,298.771865056693,319.5,31.7144638691703
10.0715820969285,3.76350496925339,298.76870482598,320,31.7192493851473
-11.9396151734597,3.7279421095661,298.768953155101,320.5,31.7135762725596
-31.4124989713118,3.69623969806955,298.774521114589,321,31.6986506119972
-19.0448131788661,3.71608503033528,298.776911292925,321.5,31.6896014619362
-33.1729348382429,3.6930296360304,298.783141886918,322,31.6738393296173
13.0712626972676,3.7679546239912,298.77981375906,322.5,31.6800501449465
-11.3579705120699,3.72851011630122,298.779895153658,323,31.6746534010359
-36.3374047806927,3.68788338363029,298.78702213601,323.5,31.6573876696475
25.6570383627765,3.78800688335843,298.782732995801,324,31.6695786209625
30.1445531088936,3.79541417192102,298.777644685863,324.5,31.6839018165771
-21.3624298542165,3.71265121358234,298.779884752863,325,31.6737514500913
13.4863120297754,3.76907314769778,298.776383499506,325.5,31.6801594762652
16.9165654296553,3.77476317531479,298.772208752955,326,31.6881973886171
-1.53169269002286,3.74518492442551,298.770341672077,326.5,31.6874696042661
-10.5147619630791,3.73060138077492,298.770343337576,327,31.6824735112109
2.47223573459163,3.75164788721638,298.768125850481,327.5,31.6836481949392
-18.9089683733367,3.71695142299427,298.769994247541,328,31.674663591588
-7.56341927656364,3.73527054396409,298.769606109896,328.5,31.6710698301074
-17.0564390271565,3.71979226446879,298.771147718796,329,31.6629654567636
-5.38489666328555,3.73867768291569,298.77032741521,329.5,31.6604068211125
3.75172559717984,3.7535247863813,298.767868439009,330,31.6621894549245
-16.1434454060425,3.72126385473738,298.769075594385,330.5,31.6545188908392
-29.1515883255774,3.70001063101034,298.773938298065,331,31.6406675028105
-0.0756028487520783,3.74707317201031,298.772341400885,331.5,31.6406315800889
-17.4910556045037,3.71878535690739,298.773922392297,332,31.6323206985169
-7.18698957900611,3.73545940424733,298.773455473998,332.5,31.6289057977469
-1.65550322967411,3.74445866203105,298.771863103764,333,31.628119184772
1.66102610665504,3.74989528021515,298.76967548226,333.5,31.628908421944
22.4561223686473,3.78343617915317,298.765226389527,334,31.6395784568345
-37.8967819555447,3.68603268377604,298.772373321993,334.5,31.6215717868019
-7.79787198171687,3.73453125326318,298.772274555187,335,31.6178666250313
-3.12828337379383,3.74211628363053,298.770941146149,335.5,31.6163802200234
5.46244447264442,3.75609038073968,298.76821633371,336,31.618975702545
-28.7208573849017,3.70062080678451,298.772704244672,336.5,31.6053289764829
-5.56091414632599,3.73806271762668,298.772060801792,337,31.6026867060592
2.4645935251445,3.75111881913559,298.769791341565,337.5,31.6038577585888
-51.4510137190763,3.66395600519424,298.782069356428,338,31.5794107902956
3.23043841820251,3.75199656254887,298.780241526238,338.5,31.5809457343108
-15.1818383264746,3.72212461853967,298.781243516924,339,31.5737320781868
29.0276561391863,3.79338635860148,298.77660584465,339.5,31.587524579791
-2.68569195206324,3.74276768623098,298.774823563423,340,31.5862484722617
-12.784639310049,3.72634556125175,298.775324357751,340.5,31.5801738461414
-16.0151471063453,3.72100181611154,298.776674822654,341,31.5725642430409
-47.0188453112464,3.67075671611236,298.787486066064,341.5,31.5502232212141
-28.7102637573078,3.69979667823449,298.792665784918,342,31.5365815287181
-13.7794017661015,3.72390061006133,298.793723026667,342.5,31.5300342408471
-23.722821308169,3.70763273464728,298.797078901141,343,31.5187623334846
-33.1858758413437,3.69209405770859,298.803344618984,343.5,31.5029940522432
-12.2942629021318,3.72586868639309,298.8041335531,344,31.4971524286554
40.7586298903279,3.81093826733136,298.799211649407,344.5,31.516518906798
-5.84159086278603,3.73688848291966,298.797872937993,345,31.5137432727282
-8.03663603401606,3.73331363344751,298.79739314814,345.5,31.5099246621294
-19.75164372631,3.71418715940944,298.799591347604,346,31.500539661271
-4.67879225304248,3.73863874369477,298.798629283874,346.5,31.4983165313929
-19.0447346552595,3.71522633057093,298.800620045721,347,31.4892674186424
-45.4587601169088,3.67232525037287,298.810961427462,347.5,31.4676676718756
-9.7639007138904,3.72985610313893,298.811342772681,348,31.4630283508221
3.10906942676283,3.75084013321643,298.808940505653,348.5,31.4645056263158
3.39362972892882,3.75141776229399,298.806359670101,349,31.466118110743
-3.80059785489308,3.73981646525791,298.804967374421,349.5,31.4643122552595
-14.6785593775788,3.72209625779524,298.805892524052,350,31.4573377323152
-44.9176702129934,3.67296840901661,298.815982322064,350.5,31.4359950846173
-3.99293292007421,3.73907772056138,298.815206354668,351,31.4340978410562
-21.1616915080929,3.71108729842333,298.817746917797,351.5,31.4240428554702
-19.3132372520869,3.71396951121169,298.820016707964,352,31.414866163611
-7.63736167988959,3.73294227333179,298.819608296787,352.5,31.41123726837
-17.1568647993888,3.71739670968722,298.821180768537,353,31.4030851776832
8.92637592921725,3.75984175980609,298.81803182941,353.5,31.407326548524
7.30977621343333,3.75739060768732,298.814818193508,354,31.4107997914089
-22.3469533240768,3.70917962774276,298.81752352279,354.5,31.4001816282305
-15.9238731354049,3.71949994156999,298.818953953663,355,31.3926153939912
-21.6367492214015,3.71008173594605,298.821746285694,355.5,31.3823346845561
-8.92085114298648,3.73071757274838,298.821618831103,356,31.3780959388196
-10.8842585668298,3.72750236650503,298.82175543829,356.5,31.3729242793158
21.2976723415035,3.77966849782473,298.817318033035,357,31.3830438762454
9.01932021386843,3.76018448347794,298.813771568806,357.5,31.3873294095975
-1.15206408207251,3.7438108321966,298.811835480522,358,31.3867820059207
-9.33144187183697,3.73051232234744,298.811539310278,358.5,31.3823481678467
-19.6517108973877,3.71362094953931,298.813706389181,359,31.3730106501092
19.2250075493566,3.77663716165617,298.809563139023,359.5,31.3821454195923
0.722065580213831,3.74698324474143,298.807228603083,360,31.3824885093212
3.97542892551107,3.75232716928832,298.804582855005,360.5,31.3843774358528
-26.2132947582439,3.70321182906256,298.808336175648,361,31.3719221791048
11.7633302941796,3.76481301152745,298.804996781277,361.5,31.3775115298666
2.03419562218752,3.74921922765774,298.802535214518,362,31.3784780786726
4.73655475731243,3.75367381941502,298.799778105781,362.5,31.3807286544261
5.91151843646456,3.75566847305487,298.796838213358,363,31.3835375146085
-6.69986135108406,3.73525591217304,298.795952299426,363.5,31.3803540729972
-46.0606449973358,3.67136783145703,298.80624480173,364,31.3584683404057
-10.3741289463458,3.72880472075042,298.806728443219,364.5,31.3535390691808
2.43099100902726,3.74964157123081,298.80443527042,365,31.3546941554623
9.64957774402908,3.76143126998404,298.801027905939,365.5,31.3592791559142
-10.5360768972113,3.72874638876007,298.800877321968,366,31.3542729350602
-38.6026692038942,3.68303882838767,298.808626175001,366.5,31.3359308624391
1.751886381147,3.74838919517239,298.806782288292,367,31.3367632719043
11.5181182398899,3.76430493299744,298.803157653291,367.5,31.3422361100673
25.9284241279617,3.78754130749403,298.79831857204,368,31.3545560104295
-34.7423734298348,3.68954397649851,298.804382646517,368.5,31.3380481587804
23.8992327698743,3.78431414063709,298.800158875262,369,31.3494038881144
4.83419747120653,3.75393306279904,298.797186091514,369.5,31.3517008588398
-19.4930268087112,3.71438977452956,298.799119617681,370,31.342438739906
-6.36816561111474,3.73563523644345,298.798444010969,370.5,31.3394129036488
2.22134313620706,3.74960218335742,298.796151082611,371,31.3404683756656
-14.9741931103689,3.72164434547432,298.797044348242,371.5,31.3333533822432
5.92677529792171,3.7555785219912,298.794320000921,372,31.3361694917291
25.8268699986829,3.78762061961122,298.789588096783,372.5,31.3484411386089
16.2283860214435,3.77258240034085,298.785347877864,373,31.3561520622592
49.4274312521362,3.82475183300447,298.78074796847,373.5,31.3796375245911
-24.4477807963036,3.70727203448299,298.783515589814,374,31.3680211524584
-31.0879130848709,3.69623438775322,298.788900419127,374.5,31.3532497190005
-14.5931939729649,3.72274087560362,298.790071165819,375,31.3463157574599
-39.4162755738391,3.68233321753222,298.798050514988,375.5,31.3275870994698
-7.72490171514667,3.73346600508833,298.79789157697,376,31.3239166095484
-39.6262016374714,3.68157446803577,298.805918593865,376.5,31.3050882051111
20.3582626839603,3.77857478704435,298.801974288367,377,31.3147614411927
-8.25261031221168,3.73251720426657,298.801241455096,377.5,31.3108402103353
-31.4314291753184,3.69471815757803,298.806631235607,378,31.2959055550794
-4.6779548778488,3.73805504121528,298.805781516295,378.5,31.2936828230804
-36.5778326247323,3.68611696628979,298.812785835572,379,31.2763028523125
9.10511247490136,3.76018378800139,298.809875666988,379.5,31.2806291498894
-18.807015156103,3.71486437613027,298.811618150158,380,31.2716929896473
-20.534240423543,3.71191333573201,298.814110987168,380.5,31.2619361376774
-15.1580305917563,3.72055146097305,298.815315523077,381,31.2547337938074
-16.2911424278126,3.71861817838113,298.816725889425,381.5,31.2469930514273
0.0715826619009885,3.74525490363888,298.814854383657,382,31.2470270639557
-13.9059942148573,3.72250506615215,298.815535383757,382.5,31.2404196256356
-8.21682438756963,3.73173306129911,298.815152919692,383,31.2365153984736
23.2420377441532,3.78264861082566,298.810599634784,383.5,31.2475588613469
-12.3871870168122,3.72521554208762,298.810700486773,384,31.2416730848315
-12.8889762979116,3.7243213003088,298.811278697322,384.5,31.2355488829527
-8.37797813434148,3.7316183768802,298.810912449562,385,31.231568083528
16.2512236313264,3.77158151363284,298.80690780547,385.5,31.2392898584771
23.7160768657925,3.78372647238955,298.802135398426,386,31.2505585612153
-10.7678029811122,3.72820750084541,298.801877253224,386.5,31.2454422356263
-0.163866226313406,3.74542404171028,298.799996097731,387,31.245364374528
7.62904325244413,3.7581151113388,298.796879748472,387.5,31.2489893172652
-16.8033632358111,3.71843767762981,298.798127049641,388,31.2410051929778
-1.02709087428086,3.7440398827638,298.796465613725,388.5,31.2405171703671
-29.2312478431789,3.69808532886074,298.801111875509,389,31.226627932089
-21.5512977475377,3.71032167216884,298.803987681338,389.5,31.2163878249535
-25.1855009295093,3.70422532222438,298.807758561373,390,31.2044209248253
-13.1173665213227,3.72373341089888,298.808563543338,390.5,31.1981882032469
-20.8370772558716,3.71105266558027,298.811086432033,391,31.1882874582435
-11.0600932269256,3.72689219416547,298.811391958711,391.5,31.1830322508356
6.00612172062639,3.75469447241896,298.808578113075,392,31.1858860618037
-24.5666217017536,3.70492176472116,298.811881227495,392.5,31.1742132223705
-41.0292850016858,3.67799780624609,298.82069797677,393,31.1547181423512
-40.4259254145597,3.6785869177046,298.829577349265,393.5,31.1355097488639
-23.6861352535373,3.70545888960218,298.833260981313,394,31.1242552728939
10.6476142735002,3.76141128789711,298.829947044805,394.5,31.1293144907738
23.7318244745318,3.78264096236418,298.825100464514,395,31.1405906759941
-17.0108539814473,3.71679605618318,298.82626874774,395.5,31.1325079624018
-12.456675946026,3.72413878368119,298.826808895311,396,31.1265891681958
-8.88335230777174,3.7299317030794,298.826534012401,396.5,31.1223682400448
16.1536860129165,3.77062954791142,298.82248737813,397,31.1300436699582
1.58433076844295,3.74724447859605,298.820014445716,397.5,31.1307964653118
-8.62424989295661,3.73065019037908,298.819524465307,398,31.1266986497694
15.2594662718465,3.76944571730265,298.815588388966,398.5,31.1339491908405
-9.4123115581093,3.72954245950148,298.81512245522,399,31.1294769275051
-44.0985064779019,3.67306418629075,298.824772792537,399.5,31.1085235057605
-3.49337439550599,3.73877330876347,298.823853310294,400,31.1068636276179
-8.53349629777157,3.73056968117073,298.823402881639,400.5,31.1028089336801
24.9228122850645,3.78471844928634,298.818730085029,401,31.1146510172013
-63.6995296695084,3.64183712954816,298.835916737916,401.5,31.0843841620014
30.2576976689138,3.79291810115331,298.831676737179,402,31.0987611182957
12.0631613031334,3.7641829511321,298.827661094026,402.5,31.1044929338728
6.50950719957949,3.75535736677136,298.824494713887,403,31.1075859286383
6.29244609787185,3.75511290484368,298.821419980441,403.5,31.1105757867407
-28.2475618603723,3.69886946773993,298.825673254318,404,31.0971539472229
-19.2791633278679,3.71323896810907,298.827918639027,404.5,31.0879934456015
24.6277622564122,3.78434666632819,298.823384346012,405,31.099695335992
-21.3305695903555,3.71006513032293,298.825568295538,405.5,31.0895601079224
14.6777947410667,3.76853702237588,298.821823084811,406,31.0965342675494
-8.94926646488155,3.73032832998297,298.821238990273,406.5,31.0922820202622
-32.5683774831395,3.69173858962847,298.826962657936,407,31.0768071435952
-2.44932075408634,3.74061594931964,298.825682134122,407.5,31.0756433479285
4.42334329167346,3.75184842742812,298.822955152803,408,31.0777451011377
-4.020456414348,3.73818665992832,298.821530650936,408.5,31.075834779778
0.800717650107437,3.74606002468954,298.819377111628,409,31.0762152410671
15.514253192233,3.76995300564219,298.815328342869,409.5,31.0835868442381
-8.55797041357045,3.7310448729586,298.814665615455,410,31.079520521415
-20.39599391215,3.71164785130974,298.816948517364,410.5,31.0698293573264
54.2468304374991,3.83049370757511,298.812795821193,411,31.0956047589726
-8.71804488288631,3.731171009709,298.811840164497,411.5,31.0914623767059
12.4152657937711,3.76544186275859,298.808238045364,412,31.0973614948627
5.38032586787516,3.75420488714953,298.805274043944,412.5,31.0999179586987
-8.06680609056888,3.73238693548626,298.804608547379,413,31.0960850127863
31.9560568247021,3.79673114721016,298.799840546683,413.5,31.1112689450648
-42.8518775626814,3.67617268338043,298.808421919655,414,31.0909078595126
-35.4040272780137,3.68771296294766,298.815400054272,414.5,31.0740856227916
5.68896844631094,3.75433681540321,298.812908357947,415,31.0767887382635
-37.1317091762567,3.68468297202051,298.819892312152,415.5,31.0591455928463
-1.12294069953627,3.74303898913473,298.818450114747,416,31.0586120271555
-9.46295049454226,3.72946945696229,298.818134315997,416.5,31.0541157027106
-9.31389062227944,3.72967143405891,298.817881474583,417,31.0496902041194
-12.6580778054729,3.72416390607999,298.818339152877,417.5,31.0436757137451
-3.91728533319801,3.73837669839847,298.8170874147,418,31.0418144141629
6.14983400526629,3.75478817698647,298.814155880575,418.5,31.0447365100764
-35.4752518302814,3.68703108560081,298.820628454614,419,31.027880430983
-9.90131400343176,3.72841994096299,298.820823187056,419.5,31.0231758179538
-35.0892517116961,3.68727516848303,298.827392356294,420,31.0065031469602
-32.4584380831094,3.69122883036586,298.833476493762,420.5,30.99108050804
-17.4616506412604,3.71545122331978,298.835367367096,421,30.9827835982472
-37.3401075915598,3.68292550631568,298.842841695398,421.5,30.9650414322456
20.9159479602561,3.77753168304252,298.838689072397,422,30.9749796526935
0.53452820878822,3.74482594307732,298.836301866714,422.5,30.9752336339706
-3.8370315489804,3.7377626861189,298.834868303511,423,30.9734104670038
-30.4575736243665,3.69425496878627,298.839938923116,423.5,30.958938539575
-3.5663503314788,3.73799497139847,298.838817670835,424,30.9572439868893
-1.28542779984552,3.74176414312283,298.836976141281,424.5,30.9566332153924
-20.9856131367955,3.7095734901579,298.839359006279,425,30.94666189351
-30.3309060478015,3.69415280264697,298.844616861995,425.5,30.9322501522273
-7.15882360540702,3.73183956498444,298.844179650937,426,30.9288486345302
-22.402234874388,3.70687060085706,298.847024786885,426.5,30.9182042043026
-38.9020382725942,3.67981533076271,298.85510903363,427,30.8997198863572
-44.9981829630867,3.66960943982708,298.865636040845,427.5,30.8783389829963
-39.6628123386896,3.67783284502822,298.874382351476,428,30.8594931829707
-9.51130517946129,3.72687806167716,298.874561009748,428.5,30.8549738827792
-6.32725344600637,3.73213136146464,298.873692711894,429,30.8519674859525
15.1830211875461,3.76726066704886,298.869560427999,429.5,30.8591817041134
-20.2502736807598,3.70958545225732,298.871601514039,430,30.8495597790468
-65.6265469355581,3.63624065202673,298.89046031076,430.5,30.8183773008766
-6.0305144282102,3.73222508269653,298.890264017683,431,30.8155118997045
-1.89094683930957,3.73907648485461,298.888482814449,431.5,30.8146134156109
-15.4675454956412,3.71686912734261,298.889501183294,432,30.8072640056193
-10.2306880468535,3.72541841844968,298.889473368159,432.5,30.802402890391
11.2091178327749,3.76048652025025,298.885778089544,433,30.8077289068958
-38.3858008272446,3.67953501698103,298.893316642396,433.5,30.7894898793645
-40.8205475087167,3.67523665566375,298.902343678502,434,30.7700939810425
11.0132704109517,3.75977816252343,298.899020110891,434.5,30.775326940572
-22.9564687725978,3.70431283730198,298.90181476819,435,30.7644191659016
-24.2916835111199,3.70197452185746,298.905371705771,435.5,30.752876963452
-15.6303973321102,3.71605410180885,298.906679231874,436,30.7454501743497
-57.3229102848121,3.64820374336375,298.921915983065,436.5,30.7182131722207
-14.68499771772,3.71705494103576,298.923467034798,437,30.7112355900966
10.5063023187904,3.75836245169238,298.919821197534,437.5,30.7162276635486
8.13351851489866,3.7547101855002,298.916218470546,438,30.7200923078942
-14.456742796625,3.71783662726493,298.916837224698,438.5,30.7132231811808
12.1333224542627,3.76133663049318,298.913006378381,439,30.7189883338549
-9.47797042705115,3.72618922724412,298.91245144622,439.5,30.7144848726835
-23.8997999646168,3.70246964447189,298.915681090214,440,30.7031288738467
7.73132749190857,3.75421018062229,298.912520492424,440.5,30.7068024169782
-12.7599270218887,3.7207832981621,298.912731362804,441,30.7007395329108
-49.9272236996674,3.66007962149122,298.924780847462,441.5,30.6770165940117
-15.9325358137768,3.71506852957397,298.926471399847,442,30.6694462436976
-12.0814319115325,3.72134731237526,298.92680147388,442.5,30.6637057468341
-8.90035581680786,3.72656121751281,298.926382427236,443,30.6594767394594
-20.6255536250901,3.70727211239007,298.928732208413,443.5,30.6496764999878
-9.84627265286947,3.72489658327045,298.928617314822,444,30.6449980398769
-11.2270691456041,3.72262228036016,298.928676129715,444.5,30.6396634937992
28.6332713348881,3.78740481649827,298.923452238582,445,30.6532686033171
-3.53939357547597,3.73563267728133,298.921531504473,445.5,30.6515868591441
-8.90295659663342,3.72685634231851,298.920989333455,446,30.6473566160079
-24.969059722639,3.70042696425546,298.924485495074,446.5,30.6354925579996
-0.250118627468016,3.74086597101598,298.92254195574,447,30.6353737140408
-17.3060466532357,3.71291120441589,298.923904219203,447.5,30.6271507395407
1.99217330372959,3.74451981968943,298.921493785127,448,30.6280973214265
19.3161106291068,3.77276384689942,298.916760028937,448.5,30.6372753785718
-18.5335818320037,3.7111786396662,298.918210197795,449,30.6284691402753
-19.7331510573245,3.70907189233559,298.920384739292,449.5,30.6190929262155
-36.9063476755672,3.68080662122829,298.927723284786,450,30.6015568613992
-26.3745025655918,3.69770096225044,298.932004592535,450.5,30.5890250067016
32.3319372229444,3.79310041489522,298.926819643786,451,30.604387538691
-0.4743348945357,3.74052963928545,298.924306256088,451.5,30.6041621582896
-13.3776851841157,3.71939469411316,298.924701677353,452,30.5978057462018
-24.68162433244,3.70074093909532,298.928150950931,452.5,30.5860782632259
-1.8439591732941,3.73809942012257,298.926471002488,453,30.5852021053393
14.770609356174,3.76525874119621,298.922186359886,453.5,30.5922203658653
19.0742967488318,3.77241059613564,298.917356937399,454,30.6012835250555
-2.84735473115571,3.73698451020143,298.915385581384,454.5,30.5999306033966
0.711711080139542,3.74283462353937,298.913022268203,455,30.6002687731809
-11.4122988023746,3.72300045345275,298.912953584555,455.5,30.5948462151629
-31.3052501534696,3.69029276851719,298.918304201816,456,30.5799715139162
-4.09411266576766,3.73468911087869,298.917128984376,456.5,30.5780261947612
43.1687797863026,3.81051047162295,298.911778665693,457,30.5985378565227
-16.024838439036,3.71563063260577,298.91236656406,457.5,30.5909236485819
-7.12379059274733,3.73012113336323,298.911578190443,458,30.5875387768338
-16.6846743892559,3.71439064147273,298.912811515473,458.5,30.579611047596
-56.2729985121803,3.64993109540211,298.927342211105,459,30.5528729114359
-12.0942171860395,3.72128276677077,298.928162710012,459.5,30.5471263396445
-23.1790138912401,3.70301020339619,298.931180474051,460,30.5361128225783
0.53321683405173,3.74183786166585,298.929061453556,460.5,30.5363661807552
-13.9752040642292,3.71808262623114,298.929585700883,461,30.5297258573494
21.0390829789916,3.77517976588158,298.924865777471,461.5,30.5397225854472
-13.2287444258806,3.71954570634133,298.924996947642,462,30.5334369426161
-12.836402603538,3.72011604750393,298.925399986881,462.5,30.5273377211477
-31.1411982989938,3.68998573593339,298.93074343032,463,30.5125409692005
-8.45840262473429,3.72700084922249,298.930421051373,463.5,30.5085219560494
-14.7200434512169,3.71668895156215,298.931222100245,464,30.501527721932
-19.6471081840113,3.70850442193516,298.933327181149,464.5,30.4921923911754
8.11095630038328,3.75397257201515,298.930013914091,465,30.4960463150764
-33.3671737035232,3.68604064699443,298.935851777662,465.5,30.4801918900884
-6.32928792587773,3.73020328538585,298.935122551088,466,30.4771845265778
14.1714821129619,3.7637495300124,298.930921142335,466.5,30.4839181115714
-15.5763394998553,3.71523213752736,298.931676472169,467,30.4765170080683
-16.6320969161348,3.71339958288428,298.933016368171,467.5,30.4686142610363
30.8436449947443,3.79051211234728,298.927785207187,468,30.4832696304203
-19.1288401037111,3.70959962897189,298.929252154801,468.5,30.4741805549347
-24.8561138718972,3.70003776364674,298.932791985728,469,30.4623701631894
25.045106010759,3.7813394263608,298.927928880259,469.5,30.4742703546198
0.639992037104799,3.74208762334496,298.92527658636,470,30.4745744470741
-13.5871930115824,3.71877616068221,298.925679604464,470.5,30.4681184872642
-13.6444908481826,3.71859413056257,298.926261921864,471,30.461635302366
-8.99542425636461,3.72616109693379,298.925823366179,471.5,30.4573611231869
-17.8311035311912,3.71159148982386,298.927371399587,472,30.4488886677161
29.6048768272372,3.78866393519671,298.922232861612,472.5,30.4629554359449
16.6745671200845,3.76829554912518,298.91749490705,473,30.47087836271
-8.20331859179837,3.72790626607375,298.916562993312,473.5,30.4669805528319
-35.3054704413007,3.68340173758597,298.923110439895,474,30.4502051454285
-4.70161325741917,3.73329904839315,298.922081417089,474.5,30.4479711721416
-14.9787657519309,3.71641201030123,298.922878437387,475,30.4408540060269
-2.92885624662746,3.73613175696396,298.921269344283,475.5,30.4394623588926
-43.7419557935781,3.66928090860765,298.93074604523,476,30.4186783523382
2.77526184314901,3.7451412076968,298.928526322578,476.5,30.4199970190345
7.938330357525,3.75368161273692,298.924995584283,477,30.4237689196546
11.2012999757403,3.75913512154294,298.921013450949,477.5,30.4290912215017
17.894768370741,3.77013241474154,298.916331653536,478,30.4375939273446
1.75820646772604,3.74412122604235,298.91358371799,478.5,30.4384293398013
19.5471145159971,3.77306036769312,298.908895746451,479,30.4477171585294
15.3130457621551,3.76645462917704,298.90443136347,479.5,30.4549931579152
-0.133817757272556,3.74149406493172,298.902037273084,480,30.4549295743581
-13.778785228305,3.71913030961309,298.90248392016,480.5,30.4483825794352
-6.58820533324432,3.73082481242941,298.90156682696,481,30.4452521912222
-47.566581646884,3.66382846430712,298.912400228079,481.5,30.4226509122719
-33.6843535031061,3.68585762621714,298.918962532997,482,30.4066457791843
-4.76728066128836,3.73306021174729,298.917939360086,482.5,30.4043806040061
41.79481581265,3.80789212733939,298.912578801194,483,30.4242394262748
-16.2581434082898,3.71469416463579,298.913221007017,483.5,30.4165143633911
22.0747655297795,3.77708670691816,298.90854345652,484,30.4270031964379
-10.2327565381219,3.72474654151726,298.907985302015,484.5,30.4221410983652
-11.0623353546155,3.72331297642872,298.907939248476,485,30.4168848256096
28.9377278856748,3.78814840560818,298.902869806121,485.5,30.4306345977708
-1.38930780955377,3.7394519753723,298.900564857225,486,30.4299744676486
14.45808107702,3.76526965584749,298.896415966644,486.5,30.4368442302465
-17.6915181758298,3.71289059182314,298.897631869927,487,30.4284380988092
-5.92951443458857,3.73204317098917,298.896633740267,487.5,30.4256206878216
-1.59480075107601,3.73912332781572,298.894716666048,488,30.424862917652
11.0497185711109,3.75976491095236,298.890946739899,488.5,30.4301131955383
-12.4179604383051,3.72153353711002,298.890984897611,489,30.4242127970202
-45.0086205461016,3.66819142503876,298.900894325963,489.5,30.4028269342377
9.2487738541746,3.75649091632917,298.897843773358,490,30.4072214925724
8.56507302144009,3.75552225751727,298.894249148655,490.5,30.4112911902022
1.64266050847589,3.74435842019236,298.891653699476,491,30.4120717009534
27.3155008882734,3.78587876042131,298.886586226212,491.5,30.4250506713538
-14.2411802218905,3.71868052510904,298.88688141729,492,30.4182839692778
-33.065621656047,3.68770945215779,298.892721148538,492.5,30.4025728268573
0.0903496621357203,3.74176630458945,298.890855831351,493,30.4026157565328
18.2594769297994,3.77133606993039,298.88636310898,493.5,30.4112917537832
-29.8580157017442,3.69292024942858,298.890878935588,494,30.3971047065241
-6.69979182811234,3.73064177413713,298.89020113888,494.5,30.3939212979466
-10.3535791942269,3.72462033409072,298.889996780709,495,30.389001790944
-21.2084818665145,3.70672343395468,298.892416744025,495.5,30.3789245729018
10.137173766449,3.75793413086476,298.888972200966,496,30.383741254785
-12.5785440173207,3.72090015514135,298.889080560804,496.5,30.3777645549197
-40.4259527933795,3.67521578285869,298.897413699886,497,30.3585561484233
-31.2738630176975,3.68974053649747,298.903136596903,497.5,30.3436963607858
-7.1216844312152,3.7291776104734,298.902574590936,498,30.3403124897812
-20.6678818569421,3.70688931019855,298.904859003105,498.5,30.3304921380345
-11.1357884003366,3.72244035677298,298.905008240006,499,30.3252009640368
9.22426683119575,3.75579243448478,298.901520378699,499.5,30.3295838778504
11.8486844593882,3.76021937284835,298.897513482976,500,30.3352137846755
