curr_dens,Volts_tot,Temp_tot,t_tot,SOC_tot
-29.7004890510086,3.81928354111645,322,0,58
-29.7004890510086,3.81895912326884,322.004834573894,0.5,57.9858878015876
12.9561165632732,3.87547994148445,322.003920891573,1,57.9920439051885
-29.294283771446,3.81934956979139,322.008579504207,1.5,57.9781247153656
-8.3102126136685,3.8469904166027,322.009857971479,2,57.9741761147533
60.9528815568493,3.93837774264031,322.009552160039,2.5,58.0031378990815
-16.4556037037355,3.83668747583485,322.011450489026,3,57.9953190128651
-44.6643932671135,3.79916978638929,322.019989063232,3.5,57.9740967098022
-25.612852446602,3.82389110269763,322.024368365107,4,57.9619267534418
-14.0350443636376,3.8390728571295,322.026456877738,4.5,57.9552579968955
-17.7337407528145,3.83404112243397,322.029069863581,5,57.9468318033851
-24.4519625215261,3.82496217015371,322.032981177939,5.5,57.935213444304
24.5385288349687,3.89003688947254,322.03135605718,6,57.9468729354011
1.88816286383233,3.86015738369844,322.0308986458,6.5,57.9477700966877
30.0097844042671,3.89757826606335,322.029003964155,7,57.9620292569021
-11.8089670062195,3.84223197910001,322.03028816749,7.5,57.9564182218397
25.287691861016,3.89151187717771,322.028593390576,8,57.968433678027
-63.0242347305866,3.77490987326038,322.042275220277,8.5,57.9384876894683
-2.36582713515913,3.85435384824037,322.043034823498,9,57.9373635658257
9.87236314739017,3.87068579586169,322.041992840014,9.5,57.9420544228448
-24.2118216680006,3.82537840957005,322.045576515414,10,57.9305501667795
23.9202313284324,3.88927057058505,322.043946071562,10.5,57.9419158735865
7.08785305757362,3.86713432765458,322.042956166057,11,57.9452836696014
11.9235715391402,3.87365174115614,322.041703408539,11.5,57.9509491590503
-4.42058029853742,3.85198530702352,322.04203419186,12,57.9488487186783
9.22169294747839,3.87013098172784,322.041073954727,12.5,57.95323040951
-18.0098663550959,3.8339285813305,322.043477560802,13,57.9446730148171
-24.8934971085628,3.82460010319908,322.047397059943,13.5,57.9328448604129
-19.0172257513782,3.83218062380132,322.050272458605,14,57.9238088185283
-3.80839282261387,3.85229661177355,322.050755962066,14.5,57.921999259263
12.2179390748745,3.87365890132928,322.049527309826,15,57.9278046175559
-20.3796304695104,3.83034685799023,322.052342921496,15.5,57.9181212285631
-13.7708745350331,3.83896506891679,322.05427460577,16,57.9115779924091
15.15721309696,3.87742968804218,322.052919514793,16.5,57.9187799478462
-2.1152774091379,3.85457851051144,322.052918690328,17,57.917774872999
42.9444992657573,3.91431131982778,322.051171507222,17.5,57.9381799677878
-26.3639620518897,3.82271915888264,322.054920485714,18,57.9256531214192
11.987782579331,3.8735338948235,322.053896276308,18.5,57.9313491207677
1.44489429366637,3.85960847467215,322.053507525553,19,57.9320356628284
-23.102101655168,3.82692460601717,322.056882888003,19.5,57.9210586906398
-9.74433789423553,3.84448547723026,322.058191481533,20,57.9164286648673
-13.9657133431985,3.83878105357851,322.060040677727,20.5,57.9097928509811
-2.97683998090363,3.85331963582098,322.060348668549,21,57.9083784043577
9.82950207957936,3.87038997101215,322.059266600433,21.5,57.9130488959245
-35.5576780940954,3.81011000171197,322.065280413437,22,57.8961536519611
11.5046547307094,3.87241239222342,322.064333343095,22.5,57.9016200929327
13.1943561053709,3.87479835833297,322.062888062456,23,57.9078893961406
-16.5079899993551,3.83535089797285,322.064971368296,23.5,57.9000456185563
-12.2438027534171,3.84088226585321,322.066589557178,24,57.8942279711269
-4.48814610983771,3.85112729230555,322.067059402582,24.5,57.8920954268346
2.97353859344569,3.86106151478223,322.066594484609,25,57.8935083048025
5.66219913553378,3.86469625171217,322.065809250946,25.5,57.8961987008265
6.71282461998529,3.86616692720126,322.064911479092,26,57.8993883019398
-14.5252726812026,3.83792761084259,322.066702951783,26.5,57.8924866132263
-12.286078494093,3.84077943650016,322.068305400739,27,57.886648878463
28.5811327332063,3.89506642449306,322.066403895874,27.5,57.9002292143049
-4.44774776521254,3.85142511639988,322.066568719275,28,57.898115865301
13.9803409573618,3.87594033908668,322.065192923221,28.5,57.9047586295035
-21.2822991502293,3.82910431173873,322.068105613188,29,57.8946463371515
-1.68459512490883,3.85500646361964,322.068294705106,29.5,57.8938459011517
-3.59509853613531,3.85245546654337,322.068555768183,30,57.8921376887459
30.3707404281926,3.89758506028092,322.066586385272,30.5,57.9065683573494
-38.0089801069712,3.80702850405642,322.07299347889,31,57.8885083763234
-8.40255128046693,3.84595535220081,322.074209251078,31.5,57.8845159009592
-7.25756164171182,3.84742043644444,322.074997597336,32,57.8810674678475
-37.431166780702,3.8072861672394,322.08158356798,32.5,57.8632820350383
19.8978190011329,3.883216595634,322.080101570697,33,57.8727364911328
17.4865664767696,3.88023169852786,322.078295371435,33.5,57.8810452396941
-11.7531457220606,3.84145694390576,322.079536875433,34,57.8754607281356
8.41236433551956,3.86823763993643,322.078587699304,34.5,57.8794578661765
-31.0085491268601,3.81585705586432,322.083520564507,35,57.8647241425328
-1.82728844241198,3.85439684045987,322.083780009621,35.5,57.8638559057502
-22.3146719788249,3.82710646062702,322.087003013219,36,57.853253081065
-11.387577100488,3.84146381518604,322.088500864103,36.5,57.8478422695729
13.456276214925,3.8745133684037,322.087129339873,37,57.8542360242182
-26.9435366296921,3.82085332605123,322.091164310327,37.5,57.8414337927735
-19.5423271355664,3.83044689596746,322.094084849414,38,57.832148248771
-9.33634871747071,3.84389384329373,322.095239922853,38.5,57.8277120792076
-17.4877263261556,3.8329774841041,322.097637365952,39,57.8194027795434
9.67223715218286,3.8690741627851,322.096568322771,39.5,57.8239985466215
40.0795439187151,3.90946966586697,322.094430649072,40,57.8430423568122
-30.0417960259981,3.81673627547954,322.098926124811,40.5,57.8287679862638
-23.9371683300374,3.8245433719308,322.102689843031,41,57.8173942318342
3.06164697496176,3.86032017735363,322.102284261659,41.5,57.8188489745324
-15.300357458021,3.83589505947626,322.104174929275,42,57.811579003999
33.5272761072041,3.9007209202995,322.102114761469,42.5,57.8275095017036
33.0411959366236,3.90041137381695,322.099764406915,43,57.8432090382345
-0.455641852963819,3.85624932865975,322.099331105408,43.5,57.8429925398387
14.9657397184006,3.87677322488879,322.097771537787,44,57.8501035166287
-13.808417120822,3.83858705825263,322.099295393847,44.5,57.8435424421011
-1.13514045602212,3.85533559837901,322.099272537626,45,57.8430030796915
38.680725773149,3.90812594079172,322.097257895196,45.5,57.8613822409204
-5.19024102224501,3.85029735729146,322.097375287143,46,57.8589160959694
24.1076080870284,3.88919660652659,322.095473744629,46.5,57.8703708349129
4.20931389915098,3.86297527145947,322.094616906156,47,57.8723708919767
-9.2959470505982,3.84500638360902,322.095521100552,47.5,57.8679539192803
-0.726038167736592,3.85631971653994,322.095421167632,48,57.867608941975
17.8510863908066,3.8810254170501,322.093734039398,48.5,57.876090892309
-26.7462602941327,3.82185771084172,322.097592707719,49,57.8633823967885
-14.1739161041891,3.83828676073871,322.099505612648,49.5,57.856647655283
43.8873462061603,3.91514346561362,322.097767098626,50,57.8775007441461
-13.7822182459713,3.83911200481496,322.099092948101,50.5,57.8709521180236
0.431523381750575,3.8578969589616,322.098889828893,51,57.8711571565188
19.4792400820162,3.88323382515326,322.09711038588,51.5,57.8804127246843
47.9150532701392,3.92083873742301,322.095411467834,52,57.9031795800559
0.0966550159248118,3.85807255781755,322.09485366544,52.5,57.9032255057226
-35.1615089562609,3.811219485552,322.100630354728,53,57.8865185016724
-47.3444176490295,3.79481683941243,322.10986845354,53.5,57.8640227840282
-1.92526063641785,3.85453142090381,322.110225234004,54,57.8631079957212
-4.76889718417852,3.85074578043904,322.110526170284,54.5,57.8608420524515
29.970693207108,3.89688024294425,322.108457436203,55,57.8750826384692
5.90693961596929,3.86524131737935,322.10736692696,55.5,57.8778893230233
0.647898405488794,3.85828936233464,322.106964279238,56,57.8781971721915
-7.16388583753871,3.84788338999009,322.107563162595,56.5,57.8747932491729
-22.3633250557914,3.82758729313596,322.110716192276,57,57.8641673069602
29.9783132915196,3.89695998584741,322.108799976602,57.5,57.8784115136637
-6.24438578847883,3.84912503921554,322.10907128457,58,57.8754444914352
-49.0580140285471,3.79239655660087,322.11853053938,58.5,57.8521345578344
2.69333159282627,3.86050376593643,322.11836386559,59,57.8534142953419
-7.35935805554887,3.84715728975239,322.118959382728,59.5,57.8499174936263
-42.2634949279121,3.80081484259211,322.126638362706,60,57.8298359783017
18.1252335218727,3.88066867503536,322.125170519747,60.5,57.8384481897469
-17.9404334399416,3.83284270803917,322.127321934262,61,57.8299237861294
-24.4449226009239,3.82404370054269,322.130987522805,61.5,57.8183087720692
-34.5317220302139,3.81046564337087,322.136933031109,62,57.8019010115109
-19.1068260329328,3.83063331633827,322.139749689946,62.5,57.7928223960193
-24.5355879764023,3.8232795196367,322.143475478991,63,57.7811643022723
0.0283189955572549,3.85583361125358,322.143311577024,63.5,57.7811777580535
-41.0090588341547,3.80135144373097,322.150689309017,64,57.7616922885052
-21.3414975912136,3.82704855321027,322.154000692721,64.5,57.751551867992
-20.9296552729609,3.82745488223531,322.157045242314,65,57.7416071345094
17.0125352255915,3.87791249631603,322.155311373305,65.5,57.7496906469455
-11.4602114664536,3.84017405333929,322.156367975267,66,57.7442453232074
6.57659803320553,3.86417448923799,322.155359398929,66.5,57.7473701962074
-2.76046885118,3.85183026027111,322.155243988816,67,57.7460585584067
8.52593780899477,3.86689338552336,322.153991966733,67.5,57.7501096609257
-34.5337431333538,3.80970524221299,322.159644871799,68,57.7337009400396
35.4034035368593,3.90235149441859,322.157562520138,68.5,57.7505228803897
13.8762469576073,3.87421003354139,322.155642988619,69,57.7571161842895
-43.9011866919128,3.7976173814693,322.163572256519,69.5,57.7362565191145
-10.2657605245231,3.84178248251412,322.16492831476,70,57.7313787391855
-18.2130386784692,3.83113461535205,322.167301824559,70.5,57.7227248070875
-1.23417184456045,3.85363567380802,322.167166502777,71,57.7221383898768
-24.4022932509584,3.82280075813284,322.17065527326,71.5,57.7105436311682
-4.06556542569241,3.84969714078448,322.170930452501,72,57.708611876245
-2.76833320864085,3.85143734762786,322.170860090242,72.5,57.7072965016919
-2.95214440653227,3.85120944017402,322.170801222728,73,57.7058937891798
-11.2358429307321,3.84017340669208,322.171924121233,73.5,57.7005550742348
-47.5344695892086,3.79202157903323,322.181130891775,74,57.6779690533407
-7.67985854547569,3.8444269901144,322.182126768601,74.5,57.6743199656982
-13.4818168114456,3.83667693086929,322.183652460239,75,57.667914075429
-35.2069757123078,3.807734993409,322.189679517317,75.5,57.6511854678326
-10.6105143747883,3.8401502526783,322.190989856269,76,57.6461438779835
-11.1015669248151,3.83946292531517,322.192147365943,76.5,57.6408689643326
-5.64702814672521,3.84670109964813,322.192487335446,77,57.6381857768097
10.2103755184844,3.86786463104809,322.191000868606,77.5,57.6430372405325
2.97511836942376,3.85836943339569,322.190095004086,78,57.6444508691316
16.1835555067438,3.87603449799815,322.188119269229,78.5,57.6521404915462
-43.5839010183188,3.79679634956902,322.195985097957,79,57.631431584777
-25.1687792868558,3.82073502390392,322.200007269685,79.5,57.6194726299434
-10.6232557625523,3.83991448821713,322.201191849598,80,57.6144249860191
29.1040712935113,3.89275219765495,322.198752603911,80.5,57.6282537963124
9.03048308466263,3.86641981878723,322.197108459247,81,57.6325446337068
-11.0473441225175,3.83976964885722,322.198048264413,81.5,57.6272954840406
-17.7480253748416,3.83076394857859,322.200282199643,82,57.6188625031867
-42.2515810623563,3.79816081754853,322.208077011771,82.5,57.5987866487398
5.55744042234689,3.861339520394,322.207312822377,83,57.6014272686222
-8.06092307949388,3.8432836890101,322.207818669172,83.5,57.5975971180247
-26.6541646701235,3.81849780927956,322.211794410682,84,57.5849323817742
-12.4023991199242,3.83725473559472,322.213251490562,84.5,57.5790393772223
-29.1969839606975,3.81484609977318,322.217834761139,85,57.5651664194407
6.28679718618359,3.86190759594207,322.216844639501,85.5,57.5681535934606
-15.7079446421157,3.83269025995667,322.218574801368,86,57.5606899577251
25.560691863484,3.88756022728448,322.216204924843,86.5,57.5728351299651
-54.2351562698534,3.78202198822408,322.227092124152,87,57.547065275304
12.1446655443119,3.86955866194733,322.225807731375,87.5,57.5528358176516
-1.44109323634067,3.85162228558106,322.225317551697,88,57.5521510816647
-6.32386252073896,3.84514349063429,322.225582689798,88.5,57.5491462960373
-0.0588474805890282,3.85348649982138,322.225061731514,89,57.5491183346351
4.6160529465184,3.8597645207863,322.223966717029,89.5,57.5513116539084
-36.8656870931807,3.80467502796286,322.230149492416,90,57.5337949089829
16.7446819028464,3.87568481432382,322.228356516735,90.5,57.5417511508132
-55.7775924619359,3.77976201609933,322.239768539353,91,57.515248407022
-20.1377049656909,3.82623782763397,322.242863135107,91.5,57.5056799690223
-28.251772706866,3.81532202335075,322.247282664525,92,57.4922561287193
22.9310670039741,3.88330259516226,322.245015673914,92.5,57.5031518337298
-40.67278251789,3.79899699774947,322.252065045423,93,57.4838261459982
-3.99863696089185,3.84738579479597,322.25231942974,93.5,57.4819261921599
-0.834613925051529,3.85164043386616,322.251818089168,94,57.4815296250432
-0.0142944486662415,3.85278961104607,322.251187840975,94.5,57.4815228330306
15.410789277808,3.87339759654337,322.249092248783,95,57.4888452752842
-42.8420100447353,3.79616309950093,322.256726502285,95.5,57.4684888782868
11.1273501003525,3.86752582252652,322.25532263022,96,57.4737760428231
-6.85886879915096,3.84370713634149,322.255501447807,96.5,57.4705170487637
2.57190399776862,3.85626807645801,322.254603131371,97,57.4717390899043
-25.706380895524,3.81866653463426,322.258202295661,97.5,57.4595246934665
-6.07656258977482,3.84459948612675,322.258571531822,98,57.4566374124933
3.07937016367544,3.85680784856113,322.257603186333,98.5,57.4581005763712
28.6021878285196,3.89079425546134,322.254889376584,99,57.4716909165495
-11.4486059013311,3.83783495809831,322.255630462673,99.5,57.4662511072
-38.0788138132408,3.80240724245265,322.262186887354,100,57.4481579446625
-42.5781856345422,3.79612478800502,322.270221470674,100.5,57.4279269039317
-1.27743098997193,3.85062191895255,322.270089887271,101,57.427319932122
9.49528542609171,3.86504195891742,322.268411694508,101.5,57.4318316205217
2.37729158336233,3.85570256334122,322.267374736946,102,57.4329611915012
-17.045641206027,3.82987948386553,322.269249221044,102.5,57.4248619487462
26.524445711498,3.88774782190404,322.266710306492,103,57.4374650489853
-7.3335971899021,3.8430061568697,322.266810238181,103.5,57.4339804875545
28.0020752532127,3.88994644789318,322.264182926487,104,57.4472856840196
-39.8078346125757,3.80018507143733,322.270820481978,104.5,57.4283709766067
-26.1102835514745,3.81791289457258,322.274837870504,105,57.4159646656719
7.92495201039899,3.8630331748383,322.273506667993,105.5,57.4197302095653
21.161857280143,3.88074850501148,322.270971338914,106,57.429785273918
8.47324169186471,3.8641232331506,322.269227916344,106.5,57.4338113378574
-20.0604271830942,3.82622954055305,322.271565995131,107,57.4242796184248
-30.6948812283889,3.81194129504969,322.276376819622,107.5,57.4096949341997
13.8130322779558,3.87090852904413,322.2745968067,108,57.4162582016209
8.64333663494669,3.8642047934342,322.27287641945,108.5,57.4203650862358
-21.6409297561333,3.82399103051766,322.275517336044,109,57.4100823904181
-24.5801078157798,3.81990081606166,322.279015619998,109.5,57.3984031430529
-18.4921062192069,3.82779038456208,322.281356249021,110,57.3896166119092
12.1878289522143,3.8685393089386,322.27957084281,110.5,57.3954076633662
11.5660916306418,3.86787545752696,322.277598057174,111,57.4009032961036
-4.5739776268546,3.84652479104546,322.277378627094,111.5,57.398729968934
-4.51073994823005,3.84659529839492,322.277275361555,112,57.396586689171
-20.661490851397,3.82507862180345,322.279827689548,112.5,57.3867693741129
2.86825058584851,3.85625330326561,322.278950220083,113,57.388132224445
9.50131625933066,3.86515359232583,322.277222753777,113.5,57.3926467783973
-11.6104978241414,3.83715546149047,322.278060214096,114,57.3871300460404
-11.3569414368045,3.83740925935271,322.279028326677,114.5,57.3817337910953
-10.2951377479005,3.83874784389913,322.279827786967,115,57.3768420525676
-21.1083644099902,3.82429329590816,322.282520783427,115.5,57.3668124053721
1.41562279914019,3.85413243770696,322.281807322093,116,57.3674850390713
19.7703195080494,3.87860506834549,322.27936963815,116.5,57.3768789137343
20.3983690051949,3.87965671401684,322.276791450337,117,57.3865712063493
5.98077063156111,3.86071628780848,322.275276075398,117.5,57.389412971738
-22.3221496473709,3.8231193019763,322.278035047677,118,57.3788065940358
2.28191484067917,3.8556659928345,322.277239481204,118.5,57.3798908467205
-32.6264604940753,3.8093083374266,322.282259777693,119,57.3643883718893
-33.4898330789513,3.80786368972185,322.287825256819,119.5,57.3484756652535
-27.3617352917267,3.81568756280068,322.292029657254,120,57.3354747265592
-31.2656235634464,3.81029816969457,322.297067304231,120.5,57.3206188539014
-3.77951484713352,3.84662983468815,322.297084462947,121,57.3188230160169
-39.8441749766383,3.7987539513062,322.304033787821,121.5,57.2998910414665
11.5780679332065,3.86681709655751,322.302437036253,122,57.3053923647485
4.37439015934055,3.85740400181755,322.301079099628,122.5,57.3074708578587
22.8636196385049,3.88207890161923,322.298404215736,123,57.3183345152285
-8.82908519952416,3.84017355867039,322.298674135102,123.5,57.3141393721141
0.197582653389462,3.85215329238685,322.297954544816,124,57.3142332535853
18.1352823633492,3.8760556564296,322.295572096875,124.5,57.3228502397413
-6.33590761570226,3.84369671576561,322.295503972248,125,57.3198397308826
-20.9049872805379,3.8242689585908,322.298071508068,125.5,57.3099067184057
34.3572383724381,3.89749323168903,322.295395013369,126,57.3262315729892
-47.2596666178594,3.78967868539571,322.30393111146,126.5,57.303776124829
-18.1775171236397,3.82764924871622,322.306372694705,127,57.295139070811
33.2845231354694,3.89589039627847,322.3036344988,127.5,57.3109542243509
-15.8987514502518,3.83092741353955,322.304964920041,128,57.3033999266897
-19.2156169250774,3.82638611428616,322.307273391621,128.5,57.2942696191651
-33.7663800080959,3.80693539072268,322.312735608269,129,57.2782255111532
21.3813128189746,3.87998038928296,322.310429121342,129.5,57.2883848498866
-32.2602659979075,3.80891031917955,322.315195946359,130,57.2730563725064
-17.8260869131431,3.82778392511582,322.317409206272,130.5,57.2645863006836
19.0041088280536,3.87670089160431,322.315061169389,131,57.2736161100572
-8.44867972944389,3.84039539947974,322.315257877555,131.5,57.2696017167433
-2.08420417173622,3.84883440679676,322.314776344687,132,57.2686114063564
-3.88555370379386,3.84645539295616,322.314479501286,132.5,57.2667651840698
2.81359254107987,3.85538275909917,322.31337442668,133,57.2681020636115
-49.3580469519537,3.78631312310951,322.322765143773,133.5,57.2446495692556
-6.91543213894011,3.84204473648083,322.323337345008,134,57.2413636991043
-48.5022865138542,3.78695438667098,322.33262754608,134.5,57.2183178196387
11.9821313924976,3.86681267361946,322.331012751746,135,57.2240111338236
-17.3591182625595,3.82790483388779,322.332741917894,135.5,57.2157629423287
13.7029708703902,3.86917866433785,322.330687861539,136,57.2222739140312
-23.2993334627417,3.82009652948387,322.333539537737,136.5,57.2112032270759
-3.9765800477786,3.84564715840222,322.333408871333,137,57.2093137535881
24.810492721919,3.88394124535728,322.330630235885,137.5,57.2211024684271
-44.5090459366968,3.7922178358654,322.338470299909,138,57.199953978706
-43.226536914839,3.79348032411353,322.346623022972,138.5,57.1794148736234
-52.6148944175035,3.78079279890082,322.357555187789,139,57.1544148869837
1.78431647140654,3.85246480071326,322.356955256091,139.5,57.1552627056183
-3.02218096470712,3.84616401202373,322.356443488206,140,57.1538267152096
-34.5225875145221,3.80431182436942,322.361973565926,140.5,57.1374232949198
9.50035335283614,3.86265146907733,322.360350200513,141,57.1419373913468
-1.93892041525228,3.84757396813796,322.359618517316,141.5,57.1410161125908
-40.3420568481487,3.7966019832052,322.366600377702,142,57.121847569284
-40.4931527657829,3.79605642168728,322.37403019097,142.5,57.1026072326958
-32.2077031120401,3.80668166410421,322.379392713228,143,57.0873037305903
8.9439310584621,3.86129084238408,322.377755845092,143.5,57.0915534427573
-37.1366702274754,3.80013627374617,322.383860512809,144,57.0739079400948
-23.8678841137536,3.81744130768253,322.387299555784,144.5,57.0625671060863
-23.4661419689828,3.81783685139864,322.390524877187,145,57.0514171600073
-35.5870415802972,3.80161824732273,322.396558508491,145.5,57.0345079639725
14.7965536291903,3.86848653326889,322.394405025298,146,57.0415385519294
2.8102294992341,3.85275258338162,322.39297495351,146.5,57.0428738335205
5.08188492726574,3.85588972620085,322.3913789179,147,57.0452884930327
-0.057503208534083,3.84915721449802,322.390367898224,147.5,57.0452611703618
-7.54651194764812,3.83923355057118,322.390437707205,148,57.0416754424047
-18.1688967618739,3.82506645173717,322.392384683391,148.5,57.0330424843549
0.60407918515239,3.8499803098037,322.391484582638,149,57.0333295128042
-34.1302081237551,3.8038401321141,322.396832791357,149.5,57.0171125317278
-31.06917831683,3.80761224139914,322.401792517005,150,57.002350000102
-52.993404652298,3.77851006152291,322.412766445393,150.5,56.9771701641836
30.5954844816026,3.88900443384293,322.409974490978,151,56.9917076200075
32.4024558171103,3.89175315412921,322.40647174768,151.5,57.0071036589332
-33.4517284390031,3.80461759674648,322.411367774501,152,56.9912090577312
-10.1999742638955,3.83524006999754,322.412114150804,152.5,56.9863625361683
0.304083065587907,3.84921733490346,322.411130978355,153,56.98650702135
-20.3971339914659,3.82170007484755,322.4133979088,153.5,56.9768153155522
6.48169801354452,3.85738603425909,322.411796907145,154,56.9798950967726
-5.26481300112524,3.84185700758837,322.411421096911,154.5,56.9773935189182
-12.3693466285443,3.83239501654992,322.412252454058,155,56.9715162192698
-21.8795117717404,3.81967323410918,322.41491737619,155.5,56.9611201611188
6.42667545170544,3.85723803126349,322.413331938996,156,56.9641737983485
19.1130379542307,3.87422689862425,322.410486325893,156.5,56.9732553654368
4.73431044024834,3.85534532454156,322.408753974571,157,56.9755048748023
-13.5320156509658,3.8311001952147,322.409680493684,157.5,56.9690751325358
24.923656794936,3.88214438016536,322.406747119945,158,56.9809176173262
-22.6628306492387,3.81915966724329,322.409222592693,158.5,56.9701493649193
-6.62805795503243,3.84030331955711,322.409280473454,159,56.9670000407183
28.2144474416478,3.88656072666987,322.406193990109,159.5,56.9804061459077
-21.8431039364014,3.82036086139125,322.408469730057,160,56.9700273869531
-23.0246945598905,3.81860187729353,322.411397703072,160.5,56.9590871947745
23.1462216875368,3.87981477733095,322.408620833713,161,56.9700851306129
-40.6068057648115,3.79545083215421,322.415295652195,161.5,56.95079079176
-19.8187878099209,3.82258754874187,322.417780913387,162,56.9413738873654
-3.41569380915233,3.84429343593809,322.417344983641,162.5,56.9397509191823
-26.3945506600147,3.81374492828104,322.420836189815,163,56.9272095386252
-0.907743307867538,3.84746535095139,322.420126227201,163.5,56.9267782240551
9.66334290906996,3.86159594072437,322.418030154575,164,56.9313697650302
-8.33731997420995,3.83777262912443,322.418052351583,164.5,56.9274082843455
-0.0410393761960393,3.84879227669712,322.417066961309,165,56.9273887844706
9.47816002526838,3.86151006873336,322.414991411734,165.5,56.9318923357297
-24.1840720600229,3.8168531735611,322.417874811097,166,56.920401264901
-2.89835074785206,3.84497721825377,322.417402145934,166.5,56.9190241124659
-34.699346574343,3.80275012436978,322.422791089778,167,56.9025367050431
-7.57393135705284,3.83848426879266,322.42309157962,167.5,56.8989379487436
12.9062240248908,3.86574329431362,322.420767292159,168,56.9050703458863
22.101378640185,3.87811240676268,322.417717753309,168.5,56.9155718241624
-8.52577739581704,3.8376535047831,322.417663367745,169,56.9115207978637
-21.200467386894,3.82074396336649,322.420074219983,169.5,56.9014473879045
0.0589450164907461,3.84887032050576,322.419183977846,170,56.901475395651
21.597515088549,3.87752948360061,322.4162684256,170.5,56.9117374629732
-7.89566437294525,3.83857657183467,322.416119414432,171,56.9079858351115
33.7013648294565,3.89368400649219,322.412977760429,171.5,56.9239990511372
-26.8596635051207,3.8136990711973,322.416200568987,172,56.9112366720389
-34.8446834701197,3.80288354515456,322.421773173671,172.5,56.8946802077361
-19.9464912264366,3.8223060261992,322.424184562599,173,56.8852026250157
-14.1147940257716,3.82991801385178,322.425384336834,173.5,56.8784959753878
-12.7582125337058,3.83164317113604,322.426298993791,174,56.8724339059601
-19.0729728945678,3.82317536073909,322.428342450312,174.5,56.8633713757997
2.54058856751811,3.85182959391916,322.427120243303,175,56.8645785374019
-37.2056611083221,3.79911267643305,322.433078269235,175.5,56.8469002536967
-13.7969331487401,3.82984807179312,322.434400256592,176,56.8403446357827
-20.0825864207569,3.8214207691775,322.436660469767,176.5,56.8308023873801
-19.3788971842092,3.82223067733003,322.43884520223,177,56.8215944971798
-35.4991902592907,3.80073401652738,322.444621141151,177.5,56.8047270437329
-3.29053247107543,3.8432818311736,322.444282233658,178,56.8031635460062
-20.8715383271861,3.81991523075317,322.446615145126,178.5,56.7932464268119
-30.3862555050763,3.80715509193047,322.451179142201,179,56.778808386214
-77.9644715180624,3.74494410276271,322.470914711603,179.5,56.7417635385924
-20.8160275872108,3.81895901317591,322.474082339567,180,56.7318727953468
-5.66505251060495,3.83909002070528,322.473916725735,180.5,56.7291810435407
16.0459678987392,3.86808408900284,322.471185621891,181,56.7368052911522
-45.7736154382475,3.78619649002646,322.479459852413,181.5,56.7150559407624
19.9049104199166,3.87310443200173,322.476844677744,182,56.7245137663472
-32.7134660993619,3.80336258548229,322.48159377984,182.5,56.7089699507703
12.546542544392,3.86337854764155,322.479369005639,183,56.7149314451239
9.82529023281354,3.85996104841157,322.476996102424,183.5,56.7195999354301
21.6802784247082,3.87586011394313,322.473803333321,184,56.7299013277823
-32.0795353322014,3.80465326720011,322.478300325029,184.5,56.7146587246451
-8.17283327170689,3.83615838185972,322.478554096382,185,56.7107753998781
-13.6364950779207,3.82886677189125,322.4794872704,185.5,56.7042960141731
-28.7811188221455,3.80866854540139,322.483531840983,186,56.6906206548666
-4.32559609826379,3.84099854430666,322.483178632573,186.5,56.6885653462727
-2.59624586579266,3.84334024745929,322.482355415932,187,56.6873317390845
-25.5545337954933,3.81282385193486,322.485580061072,187.5,56.6751894928529
-7.34761780815692,3.83687522748177,322.485638851123,188,56.6716982695201
41.2873308466499,3.90130791947241,322.482212286093,188.5,56.6913159601187
-8.97689854053559,3.83518333535198,322.48197682421,189,56.6870505834404
2.60418539992887,3.85056368362344,322.48052316417,189.5,56.6882879631011
-13.2761957596973,3.82949035668227,322.481266714808,190,56.6819797737511
-47.7152288224814,3.78385456684626,322.490181065675,190.5,56.6593078650401
-20.2302069165702,3.81973678463672,322.492722807536,191,56.649695474704
9.90076897116679,3.85974784482286,322.49058363438,191.5,56.6543998287608
-16.9755498088392,3.82412447931688,322.491940189243,192,56.6463338899592
-38.3700970241766,3.79565945215116,322.498341051214,192.5,56.6281023240958
-7.82689582908489,3.83590426825473,322.498579328184,193,56.6243833716333
-15.7951303120228,3.82529619888039,322.499873904305,193.5,56.6168783095944
5.46225090493543,3.85354875140649,322.498124172442,194,56.6194737001423
-7.08632234718852,3.8369582982872,322.497830900704,194.5,56.616106631445
10.1410213288175,3.85990028277385,322.49553880186,195,56.6209251414988
11.131920930803,3.86137514480326,322.4930268908,195.5,56.6262144778669
-27.4758494640796,3.81017865068659,322.496489876309,196,56.6131593177811
-33.4694164167753,3.80201516211915,322.501719547449,196.5,56.5972563121299
11.467727582747,3.86151386670882,322.499545329325,197,56.6027052071535
-0.791527226927434,3.84537843716682,322.498305827296,197.5,56.6023291126974
-54.785655849577,3.77400900508208,322.509275168974,198,56.5762976879563
18.8203480407848,3.87104561317171,322.506756578689,198.5,56.5852401833235
-7.59514183504262,3.83616073598526,322.506412171793,199,56.5816313488575
-6.00875931645364,3.83826437271455,322.506037290005,199.5,56.5787762846348
-2.58362538960989,3.84283238172002,322.505161220586,200,56.5775486740705
6.89019594178227,3.85548078473841,322.50312766817,200.5,56.5808225532334
14.5085817945469,3.86572269412616,322.500350336647,201,56.587716311266
-14.8795362186592,3.82681532543544,322.501228979302,201.5,56.5806462941009
-38.1829389049961,3.79582837327678,322.507470009105,202,56.5625036564874
5.09053382826457,3.85298013721538,322.505955349795,202.5,56.5649224255281
-17.8337524700047,3.82257559394247,322.50746079091,203,56.556448711413
13.0752204878929,3.86359526162057,322.504989482972,203.5,56.562661407288
-15.5145959263345,3.82573753628656,322.505993841417,204,56.5552896412667
12.0731219099816,3.86234906729437,322.503590011697,204.5,56.5610261896299
-28.533719540076,3.80852905013748,322.507242085635,205,56.5474683821843
-32.8620817071875,3.80256025004138,322.512292152366,205.5,56.5318539518461
16.9927703311154,3.86857356873314,322.509660153473,206,56.5399280729853
-45.3423911031322,3.78610253584183,322.517594014602,206.5,56.5183836189986
2.10333374482672,3.84863788245891,322.516477419974,207,56.5193830188093
5.08391378156553,3.85270016037978,322.514568690543,207.5,56.5217986423323
-11.8529560906769,3.83026270361508,322.514984986376,208,56.51616670584
-15.0515900329075,3.82594906031546,322.516104704253,208.5,56.5090149372411
35.8746246671626,3.8934044495503,322.512651835982,209,56.5260607784865
-13.9702998431271,3.8277198184745,322.51319046067,209.5,56.5194227853232
-11.6874262620629,3.83065995216484,322.513725655347,210,56.5138695003905
-30.2427692292389,3.80595511292685,322.517954230574,210.5,56.4994996373498
-18.1901469811644,3.82169968119164,322.519825460054,211,56.4908565822503
-18.9148719509831,3.82062408489389,322.521724352066,211.5,56.4818691738121
18.6469870533733,3.87047541062564,322.518826722405,212,56.4907292966417
-23.2338202415936,3.81503083516566,322.521265049964,212.5,56.4796897383177
-19.12176242602,3.82031916428563,322.523241553998,213,56.4706040257934
-13.4183423319374,3.82778497311753,322.524130599499,213.5,56.4642282954467
3.42399463389054,3.85015408118084,322.522523032677,214,56.4658552077697
-31.4648460107328,3.80386814644174,322.526927609439,214.5,56.450904674492
16.0891889594147,3.86684939626924,322.524305327147,215,56.4585494586065
-38.3927151814629,3.79470904045943,322.530329472318,215.5,56.4403071457172
-10.5089775742929,3.83137484370023,322.530910655415,216,56.4353138011166
-49.0205400342855,3.78038644190987,322.540188058362,216.5,56.4120216732981
6.38992142524816,3.85346341192593,322.538578961613,217,56.4150578468385
2.92481608169173,3.84900093650612,322.536831328977,217.5,56.4164475742869
-25.5495996869141,3.81120901271798,322.539893491383,218,56.4043076724987
1.6889620133342,3.84728487567904,322.538573437838,218.5,56.4051101834271
-5.31007311659623,3.83805506854545,322.537948435914,219,56.402587100212
14.0692557618112,3.86385610911925,322.535205657587,219.5,56.4092721123168
-5.240271337207,3.83836853295649,322.534467207743,220,56.4067821954431
19.5323350848792,3.87129205518798,322.531370417115,220.5,56.416062991719
-12.8267654970433,3.8285186421524,322.53178446218,221,56.4099683493253
-16.2976537419733,3.82381890213801,322.533082657035,221.5,56.4022245130919
-9.02725156475733,3.83338296399238,322.533173601641,222,56.3979352111554
-22.6268366157721,3.8152665934666,322.535683758618,222.5,56.3871840613269
23.3833967958905,3.87624787870311,322.532537649463,223,56.3982946910062
-10.2355397013817,3.83187307236104,322.53249185526,223.5,56.3934312705125
-22.7585873200842,3.81517223441972,322.535025112293,224,56.3826175192878
-12.1804979750128,3.82906135413634,322.535693675929,224.5,56.3768299511475
3.07997884737075,3.84931870641116,322.534083147175,225,56.3782934042416
-13.7834350198735,3.82696388620726,322.534794519484,225.5,56.3717441999686
-28.0934319638832,3.80787920801741,322.538527856405,226,56.3583955953284
14.5947823183354,3.86442513532014,322.535955779463,226.5,56.365330311572
-3.82628022583377,3.84013683464444,322.535005087253,227,56.3635122531004
-15.4084602205009,3.82474056710973,322.536058803711,227.5,56.3561909174992
-25.0218552040284,3.81187269138606,322.539126396284,228,56.3443017736983
-25.2191067616485,3.81142255526604,322.54234428452,228.5,56.3323189057464
-7.22263148231547,3.8351807589529,322.54223955186,229,56.3288870697129
-12.0591403766865,3.82874633870844,322.542748365976,229.5,56.3231571646805
5.58410594471632,3.85219258623387,322.540843089378,230,56.3258104546957
-40.304128487186,3.79139245365044,322.54743845061,230.5,56.3066599330638
13.7600123436919,3.86285955267847,322.545029734589,231,56.3131980080436
1.68748214117812,3.84701460101738,322.54335037157,231.5,56.3139998158102
-32.1439109709794,3.80212960976628,322.547883645206,232,56.2987266245643
14.8013233703494,3.86427508141857,322.545310539739,232.5,56.3057594788654
-26.6612258451625,3.80935382706849,322.54846859257,233,56.293091387495
-2.5330891665155,3.84123870420335,322.547678164722,233.5,56.2918877892359
-6.08938713478164,3.83654713534939,322.54717295297,234,56.2889944146754
-29.7510392488491,3.80510590572313,322.551210569076,234.5,56.2748581973177
-63.2641306275206,3.76095324113826,322.565263312261,235,56.2447982221344
7.67036085457218,3.85412043893824,322.563626932587,235.5,56.2484427969455
7.19501737459443,3.85365767692744,322.561335314776,236,56.2518615121255
-12.7408500661757,3.82726227894593,322.561805477472,236.5,56.2458076924807
-42.6777779435499,3.78754415546211,322.569227812833,237,56.2255293304273
-3.7404500375482,3.83886101492752,322.568747508797,237.5,56.2237520542016
-28.7319500394376,3.80566765813611,322.572556574391,238,56.2101000574606
4.74518975255824,3.85002609914447,322.570836695772,238.5,56.2123547361353
-6.56664174063452,3.83509248273089,322.570312175768,239,56.2092345938714
-22.8223888772107,3.81347247480248,322.572826674156,239.5,56.1983905273132
21.5631805127878,3.87235674767836,322.569648708132,240,56.208636280549
6.73434183016443,3.85295753141114,322.567283520393,240.5,56.2118361055728
17.7824942113281,3.86774298204652,322.564105918855,241,56.2202854643071
-40.5714999148027,3.79052833419362,322.570595315536,241.5,56.201007901042
-27.9554512254174,3.80682392095378,322.574529284802,242,56.187724858001
5.30217010337558,3.85085889875098,322.572727696028,242.5,56.1902441860965
2.71813043730072,3.84754486919978,322.57092385,243,56.1915357067841
8.0671511507138,3.85474695210718,322.568562909158,243.5,56.195368816652
-8.32633913870167,3.83307056240035,322.568254675686,244,56.1914125535153
-12.4960669791807,3.82749288422699,322.568769548306,244.5,56.1854750426453
-2.31332129242615,3.84097955915852,322.567760887343,245,56.1843758671733
14.5490530118881,3.86342399501191,322.564885777137,245.5,56.1912888551198
1.14092195957418,3.8458032036591,322.563210870658,246,56.191830964613
-7.14873555134909,3.83482933866324,322.562776606295,246.5,56.1884342402586
-19.8552574802019,3.81790873577197,322.564625954849,247,56.1790000072865
3.17001950502533,3.84838701438501,322.563003263094,247.5,56.1805062432327
-14.9509064640946,3.82436503306311,322.563847257139,248,56.1734023144689
-4.73913555800103,3.8378550004371,322.563204444911,248.5,56.171150512447
17.8765120442519,3.86790288145881,322.560136119388,249,56.1796445437896
13.3614844319092,3.86213574809097,322.55722702934,249.5,56.185993258084
19.164587357321,3.86997875111073,322.553974356864,250,56.1950993188904
25.0463995300205,3.87794694320807,322.550430874011,250.5,56.2070001249369
11.0117461867529,3.85964208032503,322.547708419813,251,56.2122323602307
-73.3327955713368,3.74893133072885,322.564612913194,251.5,56.1773882551568
-67.6998537539401,3.75535717246132,322.580514059892,252,56.1452206444812
-37.7942863516999,3.79368448776678,322.587143691226,252.5,56.1272626752729
-22.3077624465095,3.8139006192664,322.589811562749,253,56.1166631336545
-51.7046972169229,3.77500255010182,322.599959506123,253.5,56.0920956275529
-12.574075176766,3.82631515589073,322.600929052794,254,56.0861210510588
-17.2954233986806,3.82001902702432,322.602350746074,254.5,56.0779031242022
-6.18166277988045,3.83475706637526,322.601899519994,255,56.0749659048345
22.9116803959729,3.87345215310957,322.59842274793,255.5,56.0858523982911
-19.8749693157926,3.81688682426889,322.600008146843,256,56.0764087992331
-17.4715749127196,3.81995689072004,322.601490662758,256.5,56.068107173919
14.9056223322326,3.86293673083333,322.598624102066,257,56.0751895859106
-17.3300527112776,3.82028048746505,322.599764078949,257.5,56.0669552049232
-31.9992042406667,3.80071330777308,322.604351525069,258,56.051750771134
-8.00641201342332,3.8323436230852,322.604303999495,258.5,56.0479465214898
14.6335436257225,3.86246123153505,322.601365151866,259,56.0548996551829
-14.7976058210569,3.82353178005307,322.602032602229,259.5,56.0478685672767
2.65474073884615,3.84667962534141,322.600335604502,260,56.0491299683255
-1.36598309416397,3.84142120536892,322.598993318278,260.5,56.0484809209506
-11.1286119516203,3.82847649046143,322.599147687577,261,56.0431931568452
-9.86219691992144,3.83011274756867,322.599181135193,261.5,56.0385071303129
27.1147584467659,3.87914219380688,322.595604437688,262,56.0513907178675
-38.3444702556992,3.79265939743789,322.60134677845,262.5,56.0331713285727
-21.0575291332156,3.81519041514028,322.603687700739,263,56.0231658357779
-11.3135939651737,3.82800595095726,322.604052758826,263.5,56.0177901774
-3.63906098578113,3.83818318145463,322.603137687757,264,56.0160610762199
16.7511067297623,3.86530712580385,322.60001737837,264.5,56.0240203708091
-10.1079539826515,3.82983638762884,322.599845553321,265,56.019217572717
-11.8394383455292,3.82748676761983,322.600184716372,265.5,56.0135920591864
5.91230963542288,3.85104080748517,322.598095121563,266,56.0164012953073
-10.1727301183679,3.82976102796625,322.598019687757,266.5,56.0115677188103
15.0367476670176,3.86321400467903,322.59510048429,267,56.0187124350535
-10.2488696672362,3.82981297408523,322.594962029366,267.5,56.0138426808216
-8.53247563173695,3.83203944355759,322.594761810763,268,56.0097884718536
-9.11176625261671,3.83123467384092,322.594640165925,268.5,56.0054590127317
-24.461508952888,3.8108047682173,322.597382059963,269,55.9938361176603
-38.0574239721508,3.79263609386819,322.603519444304,269.5,55.9757531185138
-40.8045295500418,3.78869464161063,322.61057556522,270,55.9563648311308
17.9367894898866,3.86635289654784,322.607703527121,270.5,55.9648875033241
-24.1986486369743,3.81060124720622,322.610189431346,271,55.9533895064295
15.1119229125937,3.8627022048374,322.607352680868,271.5,55.9605699422186
3.65946414471601,3.84770952254783,322.605272637169,272,55.9623087379672
16.2434576074561,3.86450312592727,322.602129547973,272.5,55.9700268228872
24.8679612110744,3.87609801881261,322.598444584112,273,55.9818428439002
-31.8458008715215,3.80116011810787,322.602520773204,273.5,55.9667112997788
-14.2563632314754,3.82419286777065,322.603463616578,274,55.9599373834902
36.2812953552461,3.8910130933263,322.599798870187,274.5,55.9771764544642
-0.391963422429793,3.84294055514101,322.598068162318,275,55.9769902128983
18.8749779464855,3.86851342175321,322.594835329784,275.5,55.9859586656855
-9.39414574066022,3.83121506055979,322.594501200155,276,55.981495033845
-55.9385581933906,3.76979946072284,322.605541601882,276.5,55.9549158071268
-1.65287634840076,3.84093208836075,322.604790064312,277,55.9541304423154
-24.3456276709583,3.81082460879435,322.607404915505,277.5,55.9425626082782
-6.93983929581274,3.83376846301399,322.607067537403,278,55.9392651410572
4.50965995902048,3.84899030792891,322.605067744735,278.5,55.941407907663
-2.52881667776415,3.83973599556144,322.603838129532,279,55.9402063394786
-3.59483366345632,3.83834660129843,322.602814309787,279.5,55.9384982529272
-12.0584730591675,3.82710878124182,322.603101115602,280,55.9327686649709
-23.4299046799668,3.81194016073661,322.60561636934,280.5,55.9216359370532
-12.3049414732937,3.82654105256822,322.606137639339,281,55.9157892395383
-58.6456584905193,3.7654298700512,322.618230172973,281.5,55.8879237331077
-2.44961703664732,3.83909637794135,322.617615977571,282,55.8867597966622
28.9685844068612,3.88079572453883,322.613865639465,282.5,55.9005242303109
-36.7429634644701,3.79402142970764,322.61914655246,283,55.8830657975632
-47.4882045916111,3.77957808714742,322.628015616244,283.5,55.8605017594998
17.6928564934755,3.86559757519058,322.625189913401,284,55.8689085268392
-23.2394982466687,3.81145206690739,322.627423595328,284.5,55.8578662706091
-59.7147466258329,3.76335167302042,322.640045342398,285,55.8294927865535
10.9699661070855,3.8563035963392,322.637858905886,285.5,55.8347051700269
-31.7670427951085,3.79969545998688,322.642090981308,286,55.8196110478348
16.9909167138565,3.86427395680498,322.639104152148,286.5,55.827684288227
-36.7518667937875,3.79315303548264,322.644510023212,287,55.8102216250591
-16.6213172691983,3.81954851000373,322.6459207196,287.5,55.8023239999804
-3.31324727655775,3.83719487809325,322.644925442864,288,55.8007497093054
-3.7718504154654,3.83664084783514,322.643871741218,288.5,55.7989575131785
0.95487561948941,3.842976738168,322.642185282479,289,55.799411222684
-0.203706147596588,3.84151932278128,322.640606743946,289.5,55.7993144316322
-12.0620925379338,3.82580680701509,322.640820868705,290,55.7935831238793
-31.8390342929186,3.79950518148506,322.645227719794,290.5,55.7784547949003
6.30286186743124,3.84995540036686,322.643180980954,291,55.7814496020594
-23.5949486606782,3.8103312743268,322.645557519118,291.5,55.7702384534329
-0.0616724427176862,3.84147382538176,322.644180286279,292,55.7702091497488
14.7023421794687,3.8611604553504,322.641067927307,292.5,55.7771949731003
-38.2218808117186,3.79112654856364,322.646826476518,293,55.7590338322254
32.9678670858118,3.88516042687072,322.643242790435,293.5,55.7746985265255
-48.6882674290422,3.77747874001971,322.651775188067,294,55.7515642781589
12.6924146146657,3.85837083713215,322.649278617898,294.5,55.757595083681
12.7194022454139,3.85859593750085,322.64621324401,295,55.7636387123857
-44.0661303517682,3.78350174940075,322.65353852055,295.5,55.7427006741695
-5.93425316805764,3.83361919696822,322.653168661923,296,55.7398810115709
25.8147057220744,3.87574220315278,322.649449586531,296.5,55.7521468785902
-18.4649195172758,3.81729678403382,322.650577001401,297,55.743373265218
10.2940400493624,3.85539277421848,322.647986780307,297.5,55.7482644821739
-2.86696047824781,3.83806230262502,322.646656298864,298,55.7469022448369
8.99858407943341,3.85384651755392,322.644058883967,298.5,55.7511779254071
9.72611239715527,3.85494217156405,322.641305151454,299,55.7557992913278
-44.1278578146963,3.78373734306152,322.648602407771,299.5,55.7348319232846
-20.8413956246054,3.81407528952163,322.650835412971,300,55.7249291264068
0.113870436502491,3.84179424891773,322.649382277086,300.5,55.724983231987
-8.99100122812683,3.82975302876867,322.649045353175,301,55.7207111544114
33.2285981878486,3.88562030230561,322.64520975296,301.5,55.7364997351916
6.06844870794593,3.85011602959018,322.642639043549,302,55.7393831608509
-4.73053820769448,3.83586539770534,322.641600594445,302.5,55.7371354438631
-19.8459805561212,3.81577680918479,322.643212704602,303,55.727705618825
-22.6169046879357,3.81194486015628,322.645535094626,303.5,55.7169591881557
17.7298328274751,3.86534084750436,322.642425053373,304,55.725383524814
-11.324896320486,3.82699839830343,322.642317309165,304.5,55.7200024961178
11.0566264988318,3.85665996648908,322.639620557374,305,55.7252560563085
-36.3780345958188,3.79390614315595,322.644820138038,305.5,55.7079710196484
14.916621170106,3.86162178137075,322.642045719271,306,55.715058657742
-49.9239945883081,3.77601710572055,322.6509867998,306.5,55.6913372531563
19.2084029375648,3.86707371308627,322.648048493207,307,55.700464132952
19.3041787577885,3.86743983951769,322.644489033533,307.5,55.7096365206642
-7.12079712037486,3.83261958640684,322.643690755024,308,55.7062530712656
-33.8432724098239,3.79716388977217,322.648400806573,308.5,55.6901724278003
-28.4274365780121,3.80402339921746,322.652124654696,309,55.6766651207437
3.30419605019192,3.84595275523687,322.650351422845,309.5,55.6782351107251
12.3418995796669,3.85804328545117,322.6473948776,310,55.684099368898
-47.6991642699457,3.77872697804649,322.655694091235,310.5,55.6614350932651
6.70967570505124,3.85034580088963,322.653742041068,311,55.6646231981703
28.7620297211927,3.87962663750057,322.64985680821,311.5,55.6782894872834
-17.1889872149643,3.81905906209599,322.650676653363,312,55.6701221336189
-0.771538534334432,3.84074700484853,322.649286924038,312.5,55.6697555367976
-17.1810200692592,3.81898462833358,322.650340522684,313,55.6615919687254
-25.4046454731699,3.80795604406761,322.653210058666,313.5,55.6495209419858
8.7432007651213,3.8531219101734,322.650827010647,314,55.6536752770792
4.38647779045277,3.84748231704351,322.64859704336,314.5,55.6557595136318
-21.121267750936,3.81369094222021,322.650372829204,315,55.6457237354091
-3.92446089762721,3.83637952613599,322.649450044243,315.5,55.6438590263548
-12.7443686761227,3.8246747522781,322.649745989636,316,55.6378035348412
-37.1798353570167,3.79224047623663,322.655378517069,316.5,55.6201375222514
-51.2237603031822,3.77349300302447,322.665280586575,317,55.5957985335032
-8.91010323998534,3.82898129972442,322.665436045383,317.5,55.5915648946368
-21.158136679488,3.81270437211351,322.667388111866,318,55.5815115981289
-17.3726518629116,3.81761561779755,322.668710263431,318.5,55.5732569761387
-20.5768394585353,3.81327795774115,322.670627566069,319,55.5634798832215
-29.0075313871683,3.80198021974666,322.674416974554,319.5,55.5496969439006
-13.9551688066634,3.82177970492415,322.67519256371,320,55.5430661402549
2.77608084421199,3.84401249937365,322.673302607658,320.5,55.5443851960999
-26.3656781350437,3.80537780196343,322.676263851438,321,55.5318575343338
0.874156119141698,3.84142992201016,322.674725237199,321.5,55.5322728899387
-11.5295038814186,3.82501918507722,322.674776637658,322,55.5267946418839
-12.0661539781539,3.82427445472856,322.675029820214,322.5,55.5210614043361
-28.6408017857274,3.80222265530007,322.678637442875,323,55.5074527167216
-27.1795071281706,3.80395618325096,322.682090869058,323.5,55.4945383638069
-2.01999416612818,3.83724346936179,322.680938382987,324,55.493578562828
-21.7601608072047,3.8110526963218,322.682956620549,324.5,55.4832392143321
-5.17923728019326,3.83298965342809,322.68219964234,325,55.4807782978133
26.1242734958195,3.87455263620103,322.678362578148,325.5,55.4931912560754
3.83340191571418,3.84534979604347,322.676005351965,326,55.4950126984205
1.64751905673703,3.84254100521776,322.674081414864,326.5,55.4957955177127
29.3124257270482,3.87921502546384,322.670151259079,327,55.5097233276925
7.94708444670179,3.85130561994272,322.667353538705,327.5,55.5134993878213
-2.51129083214958,3.83752845733505,322.665939198641,328,55.512306147049
26.7635012793147,3.87629121748076,322.662175238169,328.5,55.52502283463
-42.1514772302049,3.78536261533824,322.668710826847,329,55.5049945445561
-21.7797293711469,3.81185524900743,322.671043711277,329.5,55.4946458980498
39.5544305651784,3.89281653373511,322.667278265972,330,55.5134402004354
7.72203559996798,3.85131131709151,322.664444926553,330.5,55.517109328521
-9.7677863071216,3.82819312364317,322.664093574135,331,55.5124681612265
1.74921582429593,3.84342567832023,322.66228813587,331.5,55.5132993017756
-12.9699389570959,3.82392736277361,322.662522229498,332,55.5071366304591
-15.0339491459986,3.821095344678,322.663253832521,332.5,55.4999932439342
-25.6418813045323,3.80692118934514,322.666114238353,333,55.4878094945011
-14.875591663476,3.82099981601142,322.666956318184,333.5,55.4807413515929
-49.2498387293141,3.77553795133419,322.675963715862,334,55.4573402724142
-9.93272941872058,3.8270685061411,322.676223367437,334.5,55.4526207323389
-17.7513293321172,3.81666177512658,322.677467716887,335,55.4441861816084
34.3141910691554,3.88553138855699,322.673603273794,335.5,55.4604905822497
-5.41142369745333,3.83338298407966,322.672392151349,336,55.4579193422684
13.6657285454663,3.85870425093853,322.669348213723,336.5,55.4644126182664
-13.4632321547294,3.8228655365052,322.669569403566,337,55.4580155585038
-10.4936968727218,3.82672300697672,322.669525523727,337.5,55.4530294745341
11.9115177984444,3.85642318138712,322.666677834848,338,55.4586892366436
42.9584851769206,3.89736643924792,322.662750283083,338.5,55.4791009768433
-7.12940560331115,3.83176150778537,322.661734934187,339,55.4757134371209
22.7987910933813,3.87134756337791,322.658209083309,339.5,55.4865462911833
5.43175453906488,3.84862086968249,322.655745916655,340,55.4891271913716
-4.75317078105161,3.83517379178718,322.654660063982,340.5,55.4868687205082
31.9007874082454,3.88356892881565,322.650903398407,341,55.5020263915029
11.7595249048709,3.8573527162631,322.647822260803,341.5,55.5076139341325
29.3692881862477,3.88066617008981,322.644034206298,342,55.521568762331
-0.30166754297594,3.84176782847419,322.642208145118,342.5,55.5214254248858
-15.0666842677257,3.82217742880627,322.642790810478,343,55.5142664842556
-9.70144613348766,3.82914598421677,322.642626482087,343.5,55.5096568385192
20.8475828417789,3.86951577666002,322.639299718116,344,55.5195625752556
-55.4900260807334,3.76902409001252,322.649631125855,344.5,55.4931964687374
-30.2530527966089,3.8015281129794,322.653883359774,345,55.4788217194559
-9.97369992692857,3.82814672317464,322.653919754276,345.5,55.4740827122283
-6.09229558855433,3.83325878197277,322.653168928818,346,55.4711879557149
-42.1424592483368,3.78555859240809,322.659937169578,346.5,55.4511639505385
0.38279874236826,3.84149980881075,322.658628351221,347,55.4513458375032
18.0791278486227,3.86501684400771,322.655276478587,347.5,55.4599361418206
-35.0229254455012,3.79487102586804,322.659980961535,348,55.4432949857769
-11.8199562778767,3.82529540400613,322.66036988046,348.5,55.437678729158
-21.0317324196361,3.81301316683476,322.66222494577,349,55.4276854936811
38.6863312527615,3.89183255556282,322.658515653999,349.5,55.4460673183558
-2.45315382149505,3.83797607204524,322.656872544189,350,55.4449017014057
-22.7760638076424,3.81101778836016,322.658961300045,350.5,55.4340796462215
-32.5471619942304,3.79790736645551,322.66342938955,351,55.418614850102
-5.98238740422387,3.83286135769545,322.662873393336,351.5,55.4157723165032
12.0381958965035,3.85678499833932,322.659996082394,352,55.4214922697581
12.8327570894691,3.85800372558828,322.656919391041,352.5,55.4275897590591
12.513567304162,3.85774343192883,322.65387621558,353,55.4335355852151
-26.3626956683741,3.80633863735894,322.656587486896,353.5,55.4210093405691
-6.01445087806854,3.83310202755862,322.655971859449,354,55.4181515719988
16.4660225522169,3.8628960214698,322.652793964354,354.5,55.4259754087349
-33.7569423293062,3.79653865681403,322.657177274264,355,55.4099357850395
14.6043044094538,3.86035047622086,322.654385302022,355.5,55.4168750257082
19.2845284440076,3.86671470476482,322.650880934663,356,55.4260380765665
-25.3019876638699,3.80783661195776,322.653304623855,356.5,55.4140158277231
-39.2918665828597,3.78915238094553,322.659464589847,357,55.3953462827113
-9.82972150916871,3.82779657187932,322.659570603332,357.5,55.3906756868825
12.6595034417608,3.85761190145474,322.656687586697,358,55.3966908546484
-10.0920089473626,3.82759505244246,322.656349326709,358.5,55.3918956328458
-13.1456372667934,3.82348836038866,322.656710805773,359,55.3856494784122
-8.28060434567129,3.82987232069807,322.65631359096,359.5,55.3817149461794
-33.2853083617278,3.79670445821248,322.66083300408,360,55.365899419539
-32.5804375625991,3.79735520305206,322.665458287,360.5,55.3504188125208
16.0021310638564,3.86156462170426,322.662518755566,361,55.3580222310439
-2.77990692773612,3.83687283046283,322.661077515183,361.5,55.3567013572339
-22.0042780598753,3.81137353050459,322.663041770327,362,55.3462460163346
15.4287656544414,3.86090421990651,322.660048995455,362.5,55.3535770000703
-42.4340774032246,3.78446438250225,322.666732395443,363,55.3334144324192
-10.7262609044419,3.82604134809375,322.667022768988,363.5,55.3283178455634
4.32960503752511,3.84601666279412,322.664922826717,364,55.3303750590063
-17.4174661058919,3.81723125593291,322.665934003175,364.5,55.3220991435119
-13.8455586238182,3.82186576020387,322.666496798583,365,55.3155204211854
-6.96454289954476,3.8309423633659,322.665905528962,365.5,55.3122112160379
18.6155827694382,3.86487381881655,322.662554630778,366,55.3210564171103
8.16654675271905,3.85127286370126,322.659828720131,366.5,55.3249367548354
-40.4787561550314,3.78694748869528,322.666024897009,367,55.3057032588022
-21.1247717522201,3.81215294237208,322.668188821057,367.5,55.2956658156519
-15.0782674196315,3.82003895856933,322.669009607502,368,55.2885013712828
15.4158185117274,3.86045370402468,322.665931098192,368.5,55.2958262031788
-12.8022479219236,3.82320682769884,322.66602210577,369,55.28974321032
-23.7276517144877,3.80863640606234,322.668438759275,369.5,55.2784690077882
-3.07668996452374,3.83589453084901,322.667379180265,370,55.2770071174079
-9.54766668230605,3.82732989280467,322.667089880006,370.5,55.2724705400349
19.1339177883386,3.86535087731072,322.663727844443,371,55.2815620281842
24.2964480611433,3.8723881413162,322.659907954036,371.5,55.2931064945116
11.2116887306131,3.85537095270455,322.656881007656,372,55.2984337325794
3.48064849646932,3.845258153373,322.65471278593,372.5,55.3000875640062
5.71259226441463,3.84827645955942,322.65237305236,373,55.3028019043441
19.2763739143966,3.8662976725505,322.648957078513,373.5,55.3119610805746
-41.1648847776373,3.78652115356957,322.655166529776,374,55.2924015702714
-17.600430891511,3.81724417390023,322.656624059136,374.5,55.2840387189911
-65.2492322669449,3.75463268575809,322.670715408184,375,55.253035522026
12.0629557093441,3.8559249563617,322.668431767387,375.5,55.2587672399151
-8.02614389563555,3.82944425217962,322.667765777748,376,55.2549536146597
-15.8337197044213,3.81905664142384,322.668579400412,376.5,55.2474302168567
-24.6641593271329,3.80724863280832,322.671215779194,377,55.2357110323846
-6.53719418086796,3.83114357660846,322.670654677928,377.5,55.2326048821397
-20.4414579759432,3.81267963013832,322.672343935215,378,55.2228921157842
-40.6414797106479,3.78584329311517,322.67891713639,378.5,55.203581301593
-38.1381308488245,3.78880108613505,322.685078290713,379,55.1854599545441
-40.6466405778206,3.78520190689969,322.691919675211,379.5,55.1661466881649
-13.3655556701161,3.82104569979769,322.692661062849,380,55.1597960394202
-33.5025050313283,3.79430148077414,322.697407067824,380.5,55.1438773117015
-11.532217354127,3.82324234776401,322.697748679647,381,55.1383977743391
19.1818588609423,3.86404664603558,322.694284775983,381.5,55.1475120417069
-16.5584635000873,3.81684381828258,322.695018271491,382,55.13964428162
-33.8455848881892,3.79384044780006,322.699837861673,382.5,55.1235625393798
-4.66060011026659,3.83234742349939,322.699071353713,383,55.121348053505
16.4754864476038,3.86046630911346,322.695726080614,383.5,55.1291763870146
-16.854084276375,3.81642427027953,322.696520588157,384,55.1211681626059
-45.8537467789013,3.77799798801736,322.704560522371,384.5,55.0993807377798
-31.5892809131559,3.79640381992149,322.709158353648,385,55.0843710792121
-39.3498845878291,3.78593473283559,322.715612288587,385.5,55.0656739669236
5.53213032786301,3.84526413887549,322.71356715591,386,55.0683025607052
-10.7933225956213,3.8236983347311,322.713378223947,386.5,55.0631741094619
0.988717399803292,3.8393713382519,322.711584884361,387,55.063643898902
2.87524724221732,3.84197851884204,322.709454131393,387.5,55.0650100736978
-4.53679503044435,3.8322277838206,322.708290023288,388,55.0628544138528
-1.32080506210036,3.83653615971589,322.706740977829,388.5,55.0622268328366
16.7649647792412,3.86059492999218,322.703330842476,389,55.0701927120831
0.638161370745435,3.83942341187618,322.701355217723,389.5,55.0704959346956
16.5155888865971,3.86053807474341,322.697971344982,390,55.078343322894
-10.1941493294356,3.8252956360162,322.697559851751,390.5,55.0734995690509
-31.68603789805,3.79673916505942,322.701703277458,391,55.0584439363658
-40.6803495213504,3.78460970705211,322.708396255371,391.5,55.0391146531695
3.818801606155,3.84329173849765,322.706562447267,392,55.0409291581722
-19.2871589535303,3.81269011309409,322.707910664745,392.5,55.0317648574263
1.1628770909364,3.83976472306375,322.706176017707,393,55.0323173989083
0.0531368041648665,3.83837394156655,322.704396892892,393.5,55.0323426468805
-6.74316160166076,3.82940495269818,322.703580557249,394,55.029138631139
3.87390150526826,3.84351416786525,322.701411053251,394.5,55.0309793168792
-8.16858399678114,3.82760675310488,322.70078239838,395,55.0270980111569
-9.08089287399558,3.8263716293598,322.700405353288,395.5,55.0227832215323
-8.54691903918793,3.82705226353193,322.699954053883,396,55.018722149774
24.5135250773573,3.87084940905408,322.696211121381,396.5,55.0303697603263
-14.5166399483992,3.81939385511925,322.696477763401,397,55.0234721734589
-34.1764145731678,3.79325147420339,322.701269443829,397.5,55.0072332373709
-23.6896390861439,3.80683584721389,322.703875945349,398,54.9959770965535
1.99282237891036,3.8408026088758,322.702090511082,398.5,54.9969239868476
13.0311892575789,3.85553756392587,322.698952033218,399,55.0031157612671
32.3293180351215,3.88114708176883,322.694833891516,399.5,55.0184770487485
-25.5008769347836,3.80494086773004,322.697192091638,400,55.0063602975941
6.88372328848447,3.8477140608713,322.694887137788,400.5,55.0096311012733
-3.83174009795976,3.8335998484917,322.693588935389,401,55.0078104485415
-13.7486593029113,3.82043151289394,322.693943751895,401.5,55.0012777679633
-7.88476071135405,3.82813229839042,322.693427863429,402,54.9975313209805
-8.66597775736827,3.82706830623621,322.692982714843,402.5,54.9934136784279
-0.00849607982539879,3.83853864300281,322.691317608125,403,54.9934096415124
5.74522389698497,3.84622689495304,322.688911649378,403.5,54.9961394867826
-19.6599948606675,3.81259458862725,322.690286987889,404,54.9867980329168
-37.5050939217558,3.7888451121806,322.695968473133,404.5,54.968977473599
11.8827431925668,3.85402521720422,322.69331987117,405,54.9746235634439
-14.499406299445,3.81917039464117,322.693691876533,405.5,54.9677341651512
7.94495647039762,3.84889953004971,322.691183791197,406,54.9715092141713
-28.2968546552499,3.80092822837018,322.6943770616,406.5,54.9580639531637
-35.0542724824945,3.79176793904485,322.699548328931,407,54.9414079025638
19.9607696095502,3.86445789322791,322.696281949492,407.5,54.9508922696633
16.6146508863329,3.86028857487085,322.692757068083,408,54.9587867272077
67.8722006375948,3.9270189759854,322.690378434815,408.5,54.9910362285691
15.3742707858603,3.85951131022691,322.686716607228,409,54.9983413190477
-47.1377299398621,3.77703468394785,322.694553386846,409.5,54.9759438091455
-5.99999532461557,3.83089819135244,322.694070572882,410,54.9730929091367
52.6532453690129,3.90791032319096,322.690665863659,410.5,54.9981111182453
-7.83222726054389,3.82898555744211,322.689609658437,411,54.9943896325512
16.3162366247077,3.86090703578787,322.68639228391,411.5,55.0021422984482
-40.3407784339619,3.78612165096067,322.692321706822,412,54.9829743625805
40.1137908837117,3.89192929910307,322.688814854025,412.5,55.0020344452294
22.3861661655297,3.86911274904955,322.684925595051,413,55.012671240404
-4.92751326675157,3.83320738164377,322.683643827255,413.5,55.0103299306437
-12.1670803081476,3.82356175371561,322.683682397325,414,55.0045487379127
-17.4858002452844,3.81640360544122,322.684721961419,414.5,54.9962403534266
4.23378728042913,3.84506191399988,322.682645347008,415,54.9982520390266
-56.2060357976197,3.76543962318115,322.693319364363,415.5,54.9715457202253
-15.3809503915246,3.81859426115687,322.694466747997,416,54.9642374559296
22.3819505657506,3.86853893989322,322.690936879163,416.5,54.9748722480604
-5.90183483072995,3.83135671927783,322.689793191301,417,54.9720679890468
-9.84757283604496,3.82610017825199,322.689477879051,417.5,54.9673889111534
-8.61751451569994,3.82767766906734,322.68900925557,418,54.9632942959281
-19.2265864395589,3.81356043878715,322.690372317262,418.5,54.9541587762347
27.3532143630359,3.87509061338485,322.686712900621,419,54.9671556662066
36.9578755231799,3.88794790187491,322.682621622125,419.5,54.9847162144989
-7.69352591586606,3.82941727462899,322.681642452351,420,54.9810606328002
44.3146150869163,3.89780575282477,322.678028207096,420.5,55.0021167386308
-10.8305223583461,3.82563513631047,322.677481097835,421,54.9969706119065
-12.4660242464645,3.82335872674788,322.677619320564,421.5,54.9910473758521
-25.6460209828367,3.80579362908886,322.680268008123,422,54.9788616594493
-27.1757830076732,3.80353724875415,322.683396842036,422.5,54.9659490760518
12.4621249416514,3.855846071093,322.680645794412,423,54.9718704593501
4.61654532412349,3.84561697068491,322.678278990227,423.5,54.9740640125768
-6.81407811797046,3.83053238943958,322.677418482302,424,54.9708263008263
12.1467820409794,3.85562492995871,322.674524261077,424.5,54.976597848828
-7.78520243284427,3.82935390180929,322.673751399495,425,54.9728987069983
-5.60207597084842,3.83219923382069,322.672831563184,425.5,54.9702368785184
-25.6408016473999,3.80561359364969,322.675447301662,426,54.9580536420848
-3.62519383001235,3.83458435506855,322.674426339862,426.5,54.956331129889
-31.5485929554441,3.7975941248115,322.678368083853,427,54.9413408042194
-43.5775381976401,3.7814918880569,322.685693654161,427.5,54.9206349207468
1.89540521403797,3.84130647070288,322.684151409913,428,54.9215355232388
-2.46438340890937,3.83560660557191,322.682715884732,428.5,54.920364570546
-25.1706361654642,3.80551359825009,322.685253433167,429,54.9084047334159
-13.5627160255613,3.82071917847517,322.685770518749,429.5,54.9019604038551
-1.25121091345308,3.83700750160869,322.684313069304,430,54.9013658905245
-5.41887043573534,3.83152411995218,322.683315349367,430.5,54.8987911122227
-33.0622355116415,3.7948868686645,322.68768739393,431,54.8830815787299
-29.1533488773229,3.79977981550858,322.691437640393,431.5,54.8692293541744
-75.328456658253,3.73942167705304,322.709465006046,432,54.8334370099933
-12.9018619799056,3.8204674775672,322.710475507358,432.5,54.8273066854778
-9.05449293386603,3.82557422283125,322.710133708761,433,54.8230044397947
-29.9685641460428,3.79782183122398,322.713885641893,433.5,54.8087648654012
0.904640588493731,3.83864299785267,322.71227733954,434,54.8091947057131
-53.8613701919995,3.76633539052654,322.722533695879,434.5,54.7836024556458
-33.9000145941408,3.79208738306197,322.727749176517,435,54.7674948511106
27.6300637432617,3.87350544008117,322.724023770017,435.5,54.7806232861684
34.3176857245403,3.88262448624816,322.719674220103,436,54.7969293472965
-48.8562978112809,3.77305512332334,322.728016281851,436.5,54.7737152592313
-8.76161519474434,3.82562777904221,322.727948285818,437,54.7695521745148
15.2226340575205,3.85747525970637,322.724661809447,437.5,54.7767852147456
-23.5194891151297,3.80625591605187,322.726693011038,438,54.7656099207502
12.5935545000365,3.85405424981906,322.723758673389,438.5,54.771593752852
10.8624510262604,3.85194630507567,322.720664803291,439,54.7767550504947
-1.30478182715528,3.83596091007886,322.718924189345,439.5,54.7761350829246
-69.961558848294,3.74579549913997,322.734550087684,440,54.7428928222327
-15.0581280201018,3.81709796358001,322.735801267237,440.5,54.7357379471068
19.8645395604178,3.86339804126379,322.732241048971,441,54.7451765904627
1.71602338225976,3.83961470279738,322.730027605546,441.5,54.7459919596106
-15.1093720177244,3.81733837607573,322.730498980812,442,54.7388127358801
-1.13376710565969,3.8358248218366,322.72894422224,442.5,54.7382740260185
-23.492286846158,3.80618334274624,322.731083434933,443,54.7271116571913
-4.53371458222573,3.83119688246176,322.730080147142,443.5,54.7249574610223
36.8294010191776,3.88584372147087,322.725990816622,444,54.7424569646063
13.9766289279297,3.85618214207643,322.722473316827,444.5,54.7490979650366
-20.8256944442277,3.81018650837545,322.723897148463,445,54.7392026285804
1.84374084923257,3.84011114483494,322.722029959145,445.5,54.7400786827302
-16.2978752802485,3.81608662978024,322.722700194139,446,54.7323347412328
39.7118806663011,3.88994042508301,322.718807687124,446.5,54.7512038560925
-38.2757156272457,3.78736298017805,322.724020926132,447,54.7330171355849
-23.009627957367,3.80716215514185,322.726385201708,447.5,54.7220841023082
10.6819494780015,3.85170108051409,322.723616503782,448,54.7271596345732
-38.2145196649422,3.78706973826066,322.729074024856,448.5,54.7090019913499
-6.73199714334779,3.82843413255104,322.728538458553,449,54.7058032804049
9.83726407085635,3.85042826068558,322.725686407685,449.5,54.7104774600847
5.41852751706318,3.84472089672495,322.723140462875,450,54.7130520754485
-31.65446838944,3.79565759348654,322.72700691419,450.5,54.6980114430272
-11.8133018791791,3.82168509868616,322.7272133928,451,54.6923983482482
-16.7485139089869,3.81507906581854,322.728102214325,451.5,54.6844402856388
-9.59694540829547,3.8244786116704,322.727800705182,452,54.6798802934609
-3.6483948669383,3.83235642944587,322.72653832291,452.5,54.6781467572837
-31.2586585288881,3.79575915021983,322.730431713748,453,54.6632941940647
19.9828743804622,3.86347157913571,322.727052163557,453.5,54.6727890642543
-0.658760720176248,3.83638070155023,322.725140760104,454,54.6724760538532
-29.6969129736568,3.79790313736599,322.728622944299,454.5,54.6583655546153
-4.83678959287521,3.83064753571622,322.727724458311,455,54.6560673522424
23.7796137606343,3.86856387536554,322.723921505852,455.5,54.6673662445598
8.51384293388082,3.8486673266094,322.720964262979,456,54.6714116001944
2.04028972878684,3.84020460687132,322.718819245653,456.5,54.6723810446175
-10.2648101856521,3.8239261164273,322.71844605276,457,54.6675037162423
-22.3350467998166,3.8078515991744,322.720394754444,457.5,54.6568912104533
-4.65194263133449,3.83114806997538,322.719401724792,458,54.6546808381828
-23.1143117971175,3.80665205092784,322.721475942562,458.5,54.6436980643407
-18.5962993072526,3.81246874556652,322.722833466932,459,54.6348620258125
20.7009741751466,3.86446513819322,322.719319108413,459.5,54.6446981013865
17.5791409928108,3.86059200233468,322.715679608785,460,54.6530508367635
9.37403808190376,3.84994600337161,322.712713071523,460.5,54.6575049144425
22.8561810941435,3.86786757658531,322.708919819367,461,54.6683650373851
-28.3406446569315,3.80031984193033,322.711843511225,461.5,54.654898969542
-7.47750626826114,3.82771124031457,322.711327414247,462,54.6513460296592
-1.41740362825676,3.83572191211729,322.709765900866,462.5,54.6506725497984
21.0235848540723,3.86544426354783,322.706149490338,463,54.6606619139564
0.734007908315382,3.83883616493122,322.704095921182,463.5,54.6610106780869
-14.5216562235037,3.81862700892521,322.704456663303,464,54.6541107077345
5.49747508473818,3.84507283794385,322.702168036113,464.5,54.6567228350645
11.1910622610937,3.85269551221275,322.69917879131,465,54.6620402724576
-2.9260489930149,3.83412143539465,322.697678111575,465.5,54.6606499591909
-38.1344690110922,3.78752632585779,322.703177835226,466,54.6425303520655
22.3331357960531,3.86720757705493,322.699867292983,466.5,54.6531419498404
-43.3017682399294,3.78066036473228,322.706546584827,467,54.6325670985657
-6.96208462184662,3.82830184090235,322.706129949455,467.5,54.6292590614697
-33.9893624553785,3.792483925482,322.71068185903,468,54.613109003265
-15.034302314807,3.81729627251984,322.71150035133,468.5,54.6059654489318
10.8012925643767,3.85151096723318,322.708685717224,469,54.6110976871087
-23.4352155211906,3.8062482048765,322.71070221453,469.5,54.5999624357428
17.490313309913,3.86035234119684,322.707466607489,470,54.6082729646132
3.71732573673223,3.84233793848214,322.70509192077,470.5,54.6100392533188
-15.1477775321721,3.81737757349686,322.705556038779,471,54.6028417811939
-23.1041403045852,3.80672255486196,322.707728506335,471.5,54.5918638403402
-22.836642337948,3.8068995679426,322.70993828294,472,54.5810130012448
7.36844245616937,3.84683325298213,322.707523996102,472.5,54.5845141194168
-44.0652081862845,3.77887409594178,322.714624844746,473,54.5635765193678
2.01598599365587,3.83950353300209,322.713010315066,473.5,54.564534415862
-1.80101020903065,3.83452569962608,322.711425836308,474,54.5636786651918
5.94609515760192,3.84485422436133,322.708958437933,474.5,54.5665039545161
34.865657256157,3.88307524599275,322.704900615621,475,54.5830703845211
-14.8202796403883,3.81778366733431,322.705063112754,475.5,54.5760285231412
-22.3425504059272,3.80769512946384,322.707063176726,476,54.565412452011
16.7335460401111,3.85933532502203,322.703883315103,476.5,54.5733634026319
10.2648084331797,3.85098180862097,322.70087579877,477,54.5782407301744
-10.5426011040571,3.82351672949484,322.700503184421,477.5,54.5732314093411
-37.3255892877811,3.78800942584027,322.705899535969,478,54.5554961417169
-4.92707864218527,3.83058329241006,322.705128752463,478.5,54.5531550384686
-27.6433159800664,3.80046034293166,322.708193104911,479,54.5400203066056
-6.70828582614915,3.82801675112839,322.707584925726,479.5,54.5368328621017
-16.477335569114,3.81504218006481,322.708405637437,480,54.5290036499814
-18.870866463602,3.81176713503673,322.709774362472,480.5,54.5200371507668
4.62333695356001,3.84285312549171,322.707610611704,481,54.5222339310388
-7.57354010079221,3.82676516203248,322.706835647372,481.5,54.5186353606448
9.07555857783164,3.84884968859364,322.704121882977,482,54.5229476156765
-26.3033309903868,3.80204797049674,322.706776335791,482.5,54.5104495781793
1.58022847156142,3.83884971121315,322.705041461563,483,54.5112004243249
-43.5245206893726,3.77921292578083,322.712058006832,483.5,54.4905197321411
9.87985817128703,3.84957936581566,322.709614184131,484,54.4952141504236
1.60816805395112,3.83876932071537,322.707542774888,484.5,54.4959782720722
26.3640043096512,3.87157063876699,322.703663945403,485,54.5085051385195
-37.2468956597238,3.7876693012281,322.708754440725,485.5,54.4908072622019
20.3868454967496,3.86368630058716,322.705496921131,486,54.5004940794176
-7.88949926477165,3.82646525476376,322.704635589745,486.5,54.4967453809094
-2.10599036811544,3.83411025576683,322.70318758419,487,54.4957447188032
-18.7924429409069,3.8119834071285,322.704387729713,487.5,54.4868154825545
-39.2158374586282,3.78485096124476,322.710407783081,488,54.4681820628093
14.063218857822,3.85512440394878,322.707571133347,488.5,54.474864206477
-31.3800200902056,3.79505657468686,322.711345814797,489,54.459953978267
-15.585478148275,3.81572910984944,322.71225220052,489.5,54.4525485325317
-1.680732080762,3.83412167356766,322.710816814414,490,54.4517499320588
52.4686202092248,3.90525631684917,322.707262795459,490.5,54.476680416454
-7.48820682207955,3.82701844886293,322.706118231536,491,54.4731223921991
42.3506609462753,3.8926392227795,322.702307583335,491.5,54.4932453244897
-24.6717263457782,3.80463657798852,322.704295163086,492,54.4815225445459
-14.0257268651731,3.81851126413896,322.704806580971,492.5,54.4748582152125
2.70907586041973,3.84061468660106,322.702816539926,493,54.4761454336145
-41.2672320128509,3.78247886423579,322.709112116707,493.5,54.4565372929844
6.01225121223152,3.84470556627242,322.70702859638,494,54.4593940163826
-12.777880107695,3.81987713697624,322.707060346873,494.5,54.4533226018999
10.6796104644277,3.85092436247586,322.704251988897,495,54.4583970227817
-15.06487571509,3.8169189564096,322.70464111299,495.5,54.451238941486
-18.6104653145847,3.8121100769163,322.705915651699,496,54.4423961719742
39.1641474634168,3.88828101265278,322.702115585764,496.5,54.4610050311989
4.07044052524746,3.8424995451683,322.699565276877,497,54.4629391025275
-13.1782357639301,3.81968105730486,322.699670856928,497.5,54.4566774589058
-36.341495798405,3.78894137785225,322.704823188623,498,54.4394097836689
5.13579162835421,3.84357448439374,322.702789212264,498.5,54.4418500569701
-0.825664928505217,3.83576580317886,322.701062003122,499,54.4414577419724
-39.7696796342374,3.7842487691779,322.707009544179,499.5,54.4225611639116
-33.8099408236574,3.79173895490951,322.711870578619,500,54.4064963579619
