curr_dens,Volts_tot,Temp_tot,t_tot,SOC_tot
8.1198736224321,3.75724110743712,279,0,28
8.1198736224321,3.75734042116927,278.99908671064,0.5,28.0038581609699
-13.640719410169,3.71492716420475,279.001361106577,1,27.9973767680718
-28.6822569661307,3.6854455516487,279.007644325927,1.5,27.983748383013
-19.4397067271111,3.70308096760759,279.011647003081,2,27.9745115991358
10.0958331095514,3.76058067459538,279.010705670885,2.5,27.9793086379905
21.153280248518,3.781998423305,279.00891618322,3,27.9893596269633
15.0821278707533,3.77060481437392,279.007299106617,3.5,27.9965259056272
22.9421940645725,3.78582417317289,279.005504621543,4,28.0074268976648
10.0600337143028,3.76132815079551,279.004242411887,4.5,28.0122069264235
-13.0887999928984,3.71625627525499,279.006353994418,5,28.0059877782417
-19.1819789828427,3.70417748491207,279.010054584812,5.5,27.9968734537979
-17.1726181785833,3.70786294909186,279.01336494379,6,27.9887138778872
-8.94337005030427,3.72376415420902,279.014946030102,6.5,27.9844644322835
13.53388473022,3.76747723837968,279.013647618924,7,27.9908950626437
-35.827959540368,3.6715427212604,279.021872551543,7.5,27.9738713943507
-4.98276881684615,3.73117914074124,279.022969433416,8,27.9715038298952
-22.8079470449499,3.69627181847766,279.027541584116,8.5,27.960666625379
-33.6773892095186,3.67492622775118,279.035527645413,9,27.944664801378
-35.4834429734477,3.67104737594005,279.044294897803,9.5,27.9278048302598
2.63629623249191,3.74506792881994,279.044236156798,10,27.9290574673946
16.8301288057392,3.77268635071388,279.042501490404,10.5,27.9370543093525
36.9983434842239,3.81100626968716,279.040776723828,11,27.9546340860115
24.9775321530405,3.78891372405591,279.038662412319,11.5,27.9665021696983
-8.4314005048111,3.72449471891274,279.039693384729,12,27.9624959866144
-4.29936406160044,3.73248265848759,279.04030908135,12.5,27.9604531421824
-8.06655719463178,3.72506065665157,279.041528971065,13,27.956620314533
26.9256198446351,3.79266303490184,279.039767977369,13.5,27.9694140328106
-46.7649743051989,3.65042851622992,279.051755117733,14,27.9471936378867
-28.3569571349353,3.68511932616237,279.058327835391,14.5,27.9337198191636
0.129770674559397,3.74048363623509,279.058467708917,15,27.9337814797479
-27.4672995827724,3.68655543948286,279.064243296422,15.5,27.9207303821414
-37.6712529541452,3.6665230676497,279.073620379094,16,27.9028308722976
-11.354277291884,3.71731171107025,279.075858590843,16.5,27.8974358832219
-19.4992024019776,3.70126910257497,279.079643457034,17,27.8881708299526
-9.70908526067475,3.72027683483869,279.08132099913,17.5,27.8835575544821
-16.8094857531372,3.70628848281099,279.084431357961,18,27.8755705210783
-15.4959812352638,3.70871339388275,279.087315350235,18.5,27.8682075998345
17.7060384023609,3.77339022934844,279.08555840476,19,27.8766206305628
-14.4795162078052,3.71085208431134,279.08784532471,19.5,27.8697406830545
-27.2959756055782,3.68566531696139,279.093771480505,20,27.8567709900995
-32.3324624950323,3.67559101163879,279.101440458178,20.5,27.8414082085268
-10.6369731278385,3.71764610660681,279.103445851007,21,27.8363540467913
-14.8796848902938,3.70925380994645,279.106114595583,21.5,27.8292839589848
12.33731728829,3.76242041891377,279.104623886531,22,27.8351460398802
-19.669718730929,3.6999660078551,279.108195404935,22.5,27.8257999657138
13.421344864673,3.76454594337504,279.106670592261,23,27.8321771227151
26.1921951877342,3.78921448346539,279.10436180569,23.5,27.8446223539943
-65.8953722771891,3.61231545729058,279.125060593031,24,27.8133121433631
-0.992520955582371,3.73625564834464,279.125735074361,24.5,27.8128405466622
21.2483435270096,3.77946882078517,279.12355561205,25,27.8229367049872
-61.9997041462577,3.61904259634219,279.142483575789,25.5,27.7934775225164
-33.0894327329635,3.67306672318233,279.150885047171,26,27.7777550662539
4.34879686869099,3.74606688926745,279.150306090504,26.5,27.7798213987025
10.1619012455382,3.757527919031,279.14867809994,27,27.7846498298565
11.8509977125278,3.76098543771411,279.14685935905,27.5,27.7902808358247
-18.057321356989,3.70260562359356,279.149931744049,28,27.7817008928699
-18.2595390911151,3.70203415142249,279.153369023468,28.5,27.7730248660836
-30.5202910241787,3.67791636518851,279.160290658903,29,27.7585231384589
-20.6942798372034,3.69677232529722,279.16453687794,29.5,27.7486902437021
-13.3799485477925,3.71095277322344,279.166878762485,30,27.7423327561762
25.8143270724978,3.78713296419769,279.164557338041,30.5,27.7545984432801
-6.42882016579136,3.72492175479769,279.164995153597,31,27.7515437869887
-18.0394477544196,3.70208002882084,279.168226365796,31.5,27.7429723366828
28.472850859932,3.79233616007453,279.165969391483,32,27.7565012223524
11.6570250458821,3.76049578089897,279.163979782947,32.5,27.7620400621359
28.0479933866029,3.79205881310684,279.161519831249,33,27.7753670766192
-13.0968107618716,3.71258696548893,279.163222475441,33.5,27.7691441221175
-32.5257004624179,3.67451105568866,279.170566310147,34,27.7536895234528
-8.76698376845701,3.72058422559081,279.171995388701,34.5,27.7495238878565
-16.8049712587633,3.70473496238684,279.174901415954,35,27.7415389995164
-43.5589737689562,3.65264548096901,279.186295100771,35.5,27.720841936939
7.02442827773704,3.75086207156415,279.185425147535,36,27.7241795966462
-8.90885965470796,3.71976176194074,279.186443621015,36.5,27.7199465486697
-29.2504693554039,3.67984308163857,279.192796851219,37,27.706048177283
-17.879230524884,3.70177350236082,279.196228856143,37.5,27.6975528542533
10.024626065799,3.75637769504396,279.194701794328,38,27.7023160590546
-29.3329417017781,3.67941253335536,279.200894605769,38.5,27.6883785009018
-3.84249864948334,3.72912483863015,279.201350221715,39,27.6865527362402
-46.8366725882608,3.64538732948542,279.213990320052,39.5,27.6642982738505
-14.1395119408282,3.70837181548055,279.216767426231,40,27.6575798794961
-16.6639905791321,3.70331517490797,279.219730075835,40.5,27.6496619781783
-37.9720329953773,3.66159202471248,279.229213679222,41,27.6316195525861
-36.8264870482872,3.6633877346032,279.238613721048,41.5,27.6141214335765
-7.61416424434648,3.720288644819,279.239856414484,42,27.6105035606056
-19.1900996359105,3.69747988115695,279.24340925577,42.5,27.6013853776305
-1.0489725338058,3.73310469142762,279.243223141001,43,27.6008869579412
-28.6050413714798,3.67896021563614,279.24939829329,43.5,27.5872952619009
-15.2050665346292,3.70501244107595,279.252178779811,44,27.5800705688852
11.824338247475,3.75806620627459,279.250283315051,44.5,27.5856889075986
-7.16827873773611,3.72102169687692,279.250837140486,45,27.5822828972919
-22.8942411753286,3.69003373653311,279.255330871239,45.5,27.5714046900875
-25.1782607708506,3.68534242222868,279.260684782095,46,27.5594412301234
16.3036799690156,3.76657782142237,279.258517441523,46.5,27.5671879297208
-32.1525708135615,3.67179537925689,279.265612509417,47,27.5519106237474
-54.3395648137412,3.62886076422239,279.282013402181,47.5,27.5260911593279
2.69322650017727,3.7394430234424,279.281631784298,48,27.5273708469005
-6.36933428819588,3.72171746976045,279.28207591983,48.5,27.524344455346
-26.3735729403034,3.6823039853596,279.28759187378,49,27.5118130423602
-50.3390248485598,3.63569872487454,279.302236105654,49.5,27.4878944359921
19.6392419617816,3.77190803971983,279.3000504071,50,27.4972260291103
25.2815334030648,3.78303222105064,279.296905186157,50.5,27.509238559104
39.2005356791332,3.80949508990231,279.294003554718,51,27.527864708203
-35.7076396108378,3.66474255345886,279.30197006435,51.5,27.5108982099692
-4.96734856415266,3.72467833778154,279.302482538478,52,27.5085379724526
-11.7344083305286,3.71133577660037,279.304006479111,52.5,27.5029623639726
-6.37406272438494,3.72183912040428,279.304493794773,53,27.4999337256998
6.63852744582917,3.74742486490913,279.302894583822,53.5,27.5030880244833
-13.8426201714266,3.70724498528458,279.304764942351,54,27.4965106983634
-19.38271544113,3.69621642876723,279.308227711151,54.5,27.4873009939169
-5.79818393485888,3.72283982399137,279.308682716603,55,27.4845459846651
-13.0988885673805,3.7084304567592,279.310512144265,55.5,27.4783220428933
-6.8643332894415,3.72064670744939,279.311095982111,56,27.4750604523793
-20.3137418136425,3.69410075810356,279.314737168998,56.5,27.4654083704059
-9.11434653460958,3.7160141478525,279.315857373196,57,27.4610776852621
16.7589581662439,3.76669981244533,279.313312777888,57.5,27.4690407104642
-23.9857635171429,3.68695232755642,279.317719427344,58,27.4576438660134
4.00695082961721,3.74188060600087,279.316612765767,58.5,27.4595477701895
-19.135340739477,3.69637238871786,279.319800180801,59,27.4504556059244
3.4885321559087,3.74081186886196,279.318701391314,59.5,27.452113183275
-41.9215480069549,3.65186227449323,279.329294332369,60,27.432194144157
29.0539710302099,3.78989022105628,279.326675780287,60.5,27.4459991492915
-9.71798683662262,3.71487832684582,279.327390787834,61,27.4413816442339
-24.776118207455,3.68514386336438,279.332258938207,61.5,27.4296092624582
-8.55309770683624,3.71687524025722,279.333264138627,62,27.4255452549036
-13.726116908849,3.70662335593553,279.335218842713,62.5,27.4190232853523
6.66276073518461,3.74671115277143,279.333606450747,63,27.4221890985922
-3.71640818314124,3.72644256693399,279.333335029396,63.5,27.4204232458625
-12.4663620576191,3.70918255483939,279.334929512017,64,27.414499849297
29.0350612086346,3.78991305033427,279.331970792607,64.5,27.4282958694228
-45.9901755386194,3.64412826629268,279.343827897401,65,27.4064436204208
-25.7169420469671,3.68288135450289,279.349427372405,65.5,27.3942242058481
-11.4489828739672,3.71075135285777,279.351039062874,66,27.3887842173799
3.01802581882998,3.739235719647,279.349839988297,66.5,27.3902182334695
-11.5918033108171,3.71051714202007,279.351149500486,67,27.3847103838176
-6.19541054393775,3.72110521087842,279.351488285311,67.5,27.3817666321948
-9.91122788922885,3.71375546607542,279.352521684817,68,27.3770573085792
12.1344450631879,3.75705286827491,279.350235628715,68.5,27.3828229946614
17.512405116336,3.7676789618535,279.347346078979,69,27.3911440204619
-49.3351050097457,3.6373332410566,279.360682012655,69.5,27.3677024269784
-20.5934831730102,3.69253132929507,279.36483980457,70,27.357917425794
-39.1742105885602,3.65600397420564,279.374673819331,70.5,27.3393037850716
40.6657099244729,3.81061621785933,279.372144177522,71,27.3586261122579
-17.2637723094112,3.69910866920773,279.374431123288,71.5,27.350423224428
-30.5427694039071,3.67284502814478,279.381120370638,72,27.3359108161929
3.46802809688031,3.73957503012899,279.380001668964,72.5,27.3375586510322
-21.0422030446262,3.69129933873758,279.383608976479,73,27.327560440434
-3.26726232396068,3.72622968303055,279.383442974612,73.5,27.3260079995263
-23.7088585349788,3.68588483522772,279.387880080414,74,27.3147427265807
24.6989245564348,3.7805434042008,279.384892314926,74.5,27.3264784297644
-30.9471974792561,3.6718624424723,279.391272351839,75,27.3117738573789
-8.61735490835808,3.71552829083465,279.392240612695,75.5,27.3076793179911
6.92235511994379,3.74613397267244,279.390381497768,76,27.3109684775994
27.3945215607085,3.78582709378408,279.387047151574,76.5,27.3239849947017
-23.6321842134366,3.68642307983898,279.391088523428,77,27.3127561535885
2.14431254312811,3.73703948940284,279.390033941869,77.5,27.3137750244904
-54.6693505585739,3.62625198665989,279.405874746081,78,27.2877988622516
21.2051546196894,3.77365386325756,279.403358272653,78.5,27.2978744993512
19.8468116693598,3.77134720907147,279.400094663927,79,27.3073047192931
-18.1236911087804,3.69712848642551,279.402664025147,79.5,27.2986932407261
16.2004961401536,3.76442182888353,279.400000144251,80,27.3063909124889
-3.73640917442553,3.72561974999665,279.39945937499,80.5,27.3046155562808
0.802751829961874,3.73456357604217,279.398355107597,81,27.3049969841112
1.96543317167814,3.73690270472038,279.397034229726,81.5,27.3059308604133
2.16173625921613,3.73735159508512,279.395675979924,82,27.3069580102004
-9.15180967491709,3.71510606601919,279.396302973449,82.5,27.3026095244315
-22.1684185474377,3.68934901161017,279.400219260154,83,27.2920761921186
-26.5137400321405,3.68056784159913,279.405582496148,83.5,27.279478178687
-9.26983148427408,3.71429660349942,279.40656726717,84,27.2750736148116
43.4760398833485,3.81565925118386,279.403853145852,84.5,27.2957312713225
-10.9836391954321,3.71145566178554,279.40451362271,85,27.2905123910761
22.797970763962,3.77738093641749,279.401461158884,85.5,27.3013448553587
-10.6512768885456,3.71232592674284,279.402186576898,86,27.296283897186
-18.4308219540021,3.69686922318059,279.405067950153,86.5,27.2875264852837
12.1411861198199,3.7568271200577,279.402734397703,87,27.2932953743815
-3.31824961007417,3.72668998616445,279.402130708746,87.5,27.2917187068458
-34.4415718199071,3.66547827089351,279.409766891972,88,27.2753537811935
-38.4526585619351,3.65726556599235,279.419273653695,88.5,27.2570829861847
-13.497835951964,3.70576717378346,279.421326987053,89,27.2506694844149
-22.7053785227222,3.68748816616965,279.425472315633,89.5,27.2398810153702
6.22935252533135,3.74438824456706,279.423761731814,90,27.242840894538
38.592115882521,3.8064133037126,279.420545120555,90.5,27.2611779527445
-21.7421538117821,3.68988183935881,279.423860756973,91,27.2508471602792
-13.4030245817258,3.70609690712528,279.425628886124,91.5,27.2444787081672
-25.1535931319245,3.68280472363839,279.430432571175,92,27.2325269690408
8.98949605849241,3.74986419954044,279.428409658929,92.5,27.2367983314345
-6.6786688998011,3.71918717183671,279.428416891134,93,27.2336249594242
-19.1610608441949,3.69448616565024,279.43145618983,93.5,27.2245205742419
0.585571571844353,3.73331817367961,279.430476592801,94,27.2247988087919
-35.2553254593389,3.6627872681917,279.438432637717,94.5,27.2080472277953
-26.9349782157528,3.67865175750716,279.444098050782,95,27.1952490628842
-30.988184347749,3.67041853680937,279.450993940134,95.5,27.1805250155729
-22.251066202562,3.68727670297112,279.455254682626,96,27.1699524131959
12.2892817825017,3.75526562352969,279.452783710306,96.5,27.1757916700028
-34.0897815503822,3.66407954694504,279.460303058255,97,27.1595938976278
-22.7095140725851,3.6860600045238,279.464731562585,97.5,27.148803463575
5.98658400320389,3.74263375575976,279.462956042241,98,27.1516479911894
52.5563851470224,3.83063059625165,279.460606356217,98.5,27.1766201771275
-31.2122028359817,3.67010794350375,279.466705178599,99,27.1617896873482
0.646058355835523,3.73263793768115,279.465776859299,99.5,27.1620966622161
-33.1570613526943,3.66600717417155,279.472990938649,100,27.1463420721897
-23.5231775963931,3.68454627204681,279.477567557252,100.5,27.1351650256111
25.1665477201787,3.77987876078077,279.474263712589,101,27.1471229201149
-31.8865242045022,3.66829880804077,279.480815901059,101.5,27.1319720262867
-37.3101201206534,3.65734309953541,279.489944202101,102,27.114244108843
-36.6664610585497,3.65816400311299,279.498977790185,102.5,27.0968220262419
9.55094655687912,3.74900560069912,279.496849094273,103,27.1013601620486
-31.9189253701704,3.66728129540137,279.503638960278,103.5,27.0861938727945
-35.8487902911958,3.65924614445907,279.512334049658,104,27.0691603067624
-9.66206871309996,3.71059479242554,279.51340226988,104.5,27.064569371222
-38.595699749221,3.65348066197448,279.522887565374,105,27.0462306101399
-3.35967948992348,3.72271374276635,279.522693004991,105.5,27.0446342571815
-31.0959053770615,3.66781542615734,279.529415360632,106,27.029859026183
20.1538888781904,3.76865331476636,279.526204649733,106.5,27.0394351539748
-16.811854175559,3.69613859011227,279.528342729747,107,27.0314469952142
-19.9059183350918,3.68987548283872,279.531695569611,107.5,27.0219886907182
-10.9330843151624,3.70753678098246,279.532805372067,108,27.0167938316419
2.05566842284288,3.73327127482076,279.531291653742,108.5,27.0177705832572
-47.44091768242,3.63587931263362,279.54418078696,109,26.9952290135863
1.21907305227134,3.73124354912139,279.543247363286,109.5,26.9958082566002
4.98861664589558,3.73880902790714,279.541144106755,110,26.9981785996538
-34.5320811243253,3.66070848841206,279.548912864051,110.5,26.9817706684719
-12.881800082891,3.70316507651857,279.550646111332,111,26.9756498763742
1.7504867779138,3.73217135425068,279.549162607942,111.5,26.9764816208174
-11.1784548494335,3.70661300730534,279.55004847062,112,26.9711701738406
-16.4632435669276,3.69605361631191,279.552374338544,112.5,26.9633476575403
-3.58134897194708,3.72155210403154,279.551853463653,113,26.9616459782451
-11.1362020548243,3.7065781884135,279.552776455031,113.5,26.9563546076993
3.09423268719414,3.73477821928239,279.551047621049,114,26.9578248335108
-71.6392493180951,3.58951097577681,279.575770066854,114.5,26.9237854175686
-6.67745090362704,3.71470200338272,279.576629445183,115,26.9206126242897
-6.22775436771319,3.71562925489093,279.576499164669,115.5,26.917653504487
5.67547038771268,3.73926825092272,279.574290287354,116,26.9203502063513
18.0500258500221,3.76365561452835,279.570669067945,116.5,26.9289266828433
-22.931137392583,3.68294117767774,279.574436314762,117,26.9180309443875
7.38211335180581,3.74288708238837,279.572180661679,117.5,26.9215385582906
-33.0558837295802,3.66292313875421,279.579331333144,118,26.9058320428495
-46.8174383706471,3.63572725414545,279.592391848155,118.5,26.8835867196054
-13.6499557935984,3.70048811026761,279.594431314721,119,26.8771009380363
-28.7866337167583,3.67035409507511,279.600454018254,119.5,26.8634229583256
10.9041774010635,3.74889962482901,279.597783435296,120,26.8686040822709
-8.92367424963792,3.70983481520979,279.597990992939,120.5,26.8643639951342
-13.6932326695231,3.70031326952734,279.599518358019,121,26.8578576505414
22.7536893297609,3.77208035139147,279.595728093047,121.5,26.8686690744841
8.36729696525529,3.74439805612299,279.592833734769,122,26.8726447987473
0.252497193547732,3.72853360975929,279.591244454237,122.5,26.8727647728827
18.7307213584523,3.76486878819786,279.587591322665,123,26.8816646820985
-0.573745146913955,3.72725255693092,279.586049641351,123.5,26.8813920668786
-13.4548759553437,3.70170606632972,279.587345026278,124,26.8749989775672
-21.1416308489584,3.68632001129342,279.59082434863,124.5,26.8649535238109
-59.3223723088067,3.61184183525478,279.609325532235,125,26.8367664765579
-25.8037586886882,3.67614426720728,279.614924244665,125.5,26.8245058110256
-10.8360563767161,3.70568751856581,279.615933513717,126,26.8193570548104
9.4145867263042,3.74584003925423,279.613172573218,126.5,26.8238303991928
-35.4169256472119,3.6571345084627,279.621154722718,127,26.8070020338069
1.51748846138528,3.73009326785207,279.619803021656,127.5,26.8077230690134
-29.3169062334686,3.66888238833297,279.625735373972,128,26.7937931301193
-10.0380217399474,3.70693006906814,279.626580825492,128.5,26.7890235603584
-43.1850464073029,3.64133039276313,279.637866703767,129,26.7685041695058
-0.794196581480042,3.72488264201996,279.637002516942,129.5,26.7681268067049
-23.7873342196336,3.6791415271969,279.641220499282,130,26.7568242460086
-25.6732028575241,3.67518327847828,279.646310407909,130.5,26.7446256141279
-6.73807659329939,3.71272684863864,279.646374008359,131,26.7414240145301
-42.7533630801535,3.64133391775628,279.657523169607,131.5,26.7211097381709
-10.1989040776815,3.7054038448806,279.658595528259,132,26.7162637251074
-46.232389141522,3.6340529729858,279.671321192503,132.5,26.6942963882219
16.9365206822805,3.7587449454414,279.668073999795,133,26.7023437823195
26.9995422035019,3.77848407626032,279.663564682262,133.5,26.7151726248334
-46.4843019105096,3.63397067284345,279.675848636536,134,26.6930855915022
15.646255985672,3.75647706025404,279.672703419316,134.5,26.7005199158495
-1.31941407926036,3.72324664952421,279.671162391989,135,26.6998929957594
8.08154011223143,3.74196277184554,279.668312389771,135.5,26.7037329425476
-10.1206861950163,3.70594992282545,279.668645095875,136,26.6989240947402
32.4169555260504,3.78915879543487,279.664372862268,136.5,26.7143270232079
5.54979041517763,3.73754799640647,279.661584852885,137,26.7169640081866
-0.349117967566283,3.7259788233323,279.659945011583,137.5,26.7167981246545
31.1681478568818,3.78737154600165,279.655668416282,138,26.7316076816941
-5.4162937335308,3.71639064532695,279.654748526826,138.5,26.7290341277133
1.92397255943395,3.73093899447184,279.652845278597,139,26.7299483039901
29.1505831641626,3.78396879913934,279.648623007535,139.5,26.743799214416
-18.6201565208352,3.69056801075325,279.65080004148,140,26.7349518401239
7.3804589604473,3.74197399065687,279.648271258047,140.5,26.7384586679423
-0.852923914138378,3.72582055491062,279.646706481737,141,26.7380534008275
-52.1363246659771,3.62490333149759,279.661325318264,141.5,26.7132808067831
-37.2577286248824,3.65303532225405,279.670562352901,142,26.6955777831781
8.21079762355301,3.74280010042491,279.668107035502,142.5,26.6994791467209
-49.5426747428197,3.62890445583883,279.681654448118,143,26.6759389264015
-34.3406304706032,3.65789609144075,279.689873872968,143.5,26.6596219630688
-40.5938698185308,3.64523741074261,279.700329670758,144,26.6403337707356
-15.4663855817061,3.6945752050328,279.702540597468,144.5,26.6329849118775
-33.6542344117765,3.65831331566684,279.710151225809,145,26.6169940898873
-45.8435799096419,3.63405388939016,279.72290260305,145.5,26.5952114958529
-3.47582463823066,3.71767527683065,279.722414008611,146,26.5935599564841
36.503172610223,3.79556171635719,279.717851407155,146.5,26.6109044525183
23.164635193955,3.77072104264027,279.713215103078,147,26.6219111375411
-22.3545740053919,3.68101820591436,279.716528152565,147.5,26.6112893533931
-24.3878551719932,3.67674672818122,279.720959400616,148,26.599701454943
24.213040493322,3.77268014838217,279.716827846479,148.5,26.6112062901336
21.0601369971586,3.76694674167544,279.712414306109,149,26.6212130220559
53.7729801140637,3.82812951457905,279.709035501987,149.5,26.6467632735448
0.825244661088806,3.72823078934172,279.706700726666,150,26.6471553888523
-5.36836509982755,3.71596048867108,279.705891191149,150.5,26.6446046081797
14.0413240458282,3.75426331554061,279.702339962963,151,26.6512763485193
4.71249498700326,3.73612682130701,279.699701764566,151.5,26.653515492264
-23.5738926642702,3.68000839027055,279.703391364217,152,26.642314348402
4.50586112836029,3.73555114213481,279.701165621068,152.5,26.644455309992
-23.735800350311,3.67950995213176,279.704929908714,153,26.6331772356329
-26.6647479451914,3.67342886635159,279.709948337344,153.5,26.6205074707353
-10.3836750581829,3.70552752254822,279.710550174608,154,26.6155736636717
-10.6028402672683,3.70502039329117,279.711012606749,154.5,26.6105357201776
-10.4668270236298,3.70521895050975,279.711448174405,155,26.6055624034267
-10.5333743113678,3.70501631685219,279.711900401801,155.5,26.6005574667074
1.1568268171326,3.72822733871878,279.710033200393,156,26.6011071333995
-24.4045969891361,3.67739092479475,279.714102898693,156.5,26.5895112800688
-8.73002544292539,3.70837520747174,279.714316631608,157,26.5853632052346
16.028384430086,3.75731921005653,279.710569976965,157.5,26.5929790980544
-11.6418961426271,3.70279295174421,279.711010013295,158,26.5874474467749
-5.24609833841436,3.71545599990368,279.710327532865,158.5,26.5849547611994
-51.2753801780405,3.62461476719309,279.724718261257,159,26.5605912452485
-4.88299484235056,3.71559428598226,279.724478497799,159.5,26.5582710884341
-18.5315298408727,3.6883622789709,279.726929984291,160,26.5494658251419
-9.52055040365942,3.7062001987259,279.727254100993,160.5,26.5449421320788
29.0181935682608,3.78181532663599,279.722810380997,161,26.558730137539
-38.0336741779741,3.64999962946339,279.731340515642,161.5,26.540658423116
24.7823397702295,3.77373534992525,279.727344729142,162,26.5524337610695
8.4888474747234,3.74235331333801,279.724042074146,162.5,26.5564672401025
-13.8478762904818,3.69809714747224,279.725052675091,163,26.5498874165357
-44.5003704058943,3.6373748825667,279.736576815629,163.5,26.5287430489963
-28.6832082991155,3.66789932890937,279.742624154287,164,26.5151142119113
21.5177632057314,3.76712169893463,279.738614987146,164.5,26.5253383850968
-1.1284318640947,3.72291813582889,279.736775955774,165,26.5248022102771
-15.3540793478724,3.69457660339205,279.738272672393,165.5,26.5175067137678
-18.6357212892679,3.68789095023432,279.740821754715,166,26.5086519438702
-59.7314265721856,3.60725453893282,279.759521372419,166.5,26.4802705343319
10.8499351490508,3.74577310419544,279.756817453657,167,26.485425885051
-7.91795395576048,3.70868772587904,279.756419901717,167.5,26.4816636662858
0.659227336675553,3.72578925286159,279.754518283339,168,26.4819768983998
37.9366516716777,3.79805594726954,279.749937642052,168.5,26.5000025125429
22.2016923829757,3.7686835534134,279.745288385836,169,26.5105516549311
-26.3001324335053,3.67300394098807,279.749648168685,169.5,26.4980551372294
-17.5948359002975,3.69002698769641,279.751977195006,170,26.4896949444113
-18.0377077128803,3.68897089091418,279.754338837564,170.5,26.4811243208868
6.43110958810484,3.73757411722967,279.751644938045,171,26.4841800649981
-26.9037217126266,3.67129401469426,279.756403223043,171.5,26.4713967516261
-19.1844936556405,3.68637113620767,279.75921950235,172,26.4622812323346
-31.089368279655,3.66250065677467,279.765728981791,172.5,26.4475091074405
-0.0611728025502547,3.72409092222541,279.764207335594,173,26.4474800411606
-25.2548221131447,3.67383739108287,279.768566681092,173.5,26.4354802030462
-23.7336230725921,3.6766110109026,279.772761370157,174,26.4242031632213
-29.8348003060241,3.66423419328383,279.778964949842,174.5,26.4100271467662
35.4702033357856,3.79256258043242,279.774507263848,175,26.4268808270656
3.71317562266363,3.73149003475733,279.771669140718,175.5,26.4286451438429
-14.508259827633,3.69522090700554,279.772852174063,176,26.421751538793
-38.9184428112047,3.64658342468234,279.78220229253,176.5,26.4032594262251
-32.1914883664628,3.65938987243293,279.789412222381,177,26.387963628562
4.53124059838447,3.73241077494449,279.787099095566,177.5,26.3901166492166
-42.3702756957426,3.63914050021212,279.797720463492,178,26.3699843969705
-3.1087434607235,3.71688410648933,279.796881407569,178.5,26.3685072763596
31.3332798668875,3.78437547222929,279.792046928956,179,26.3833952959351
14.5848940409511,3.7524877508047,279.78782902372,179.5,26.39032531376
-8.44306522723862,3.70700521287731,279.787415097027,180,26.3863135881789
-27.950595074932,3.66797734223428,279.792673925268,180.5,26.3730328525397
-10.719391283775,3.70211153919202,279.793263562918,181,26.3679395297867
-45.2016476977567,3.63357220407467,279.805185554226,181.5,26.3464619500815
-5.55584969672949,3.71190051615485,279.804859155691,182,26.3438220860329
22.2144320575539,3.76678973230671,279.800324756763,182.5,26.3543772816823
-5.14499801751066,3.7131110544708,279.799128298664,183,26.3519326339618
-8.41858502758366,3.70656222697409,279.798896712454,183.5,26.3479325401567
3.45420751268015,3.73023991873589,279.796425093532,184,26.3495738081403
24.8342972162907,3.77223714439038,279.79173416225,184.5,26.3613738336937
-33.2197120074246,3.65754651199704,279.798443928986,185,26.3455894751854
31.7400850608725,3.78541725791537,279.794005085862,185.5,26.3606707884001
-8.84410732279823,3.70626770181478,279.793503298394,186,26.3564685075182
-27.2558970588152,3.66941812227483,279.798472050012,186.5,26.3435178578996
-3.22631589195739,3.71714604259117,279.797389400714,187,26.3419848727043
7.75461237612544,3.73900982099153,279.794235058466,187.5,26.3456694796572
-5.64963854035719,3.71248018807403,279.793253219008,188,26.3429850518048
-29.0532893631479,3.66570414335206,279.798803696483,188.5,26.3291803705646
9.62633789029749,3.74254876888817,279.79570013866,189,26.3337543285914
-39.3469987861936,3.64521964517139,279.804883092132,189.5,26.3150585874926
16.0672578827842,3.75497384768234,279.801210116147,190,26.3226929510479
-6.47479087906387,3.71053022765553,279.800321538616,190.5,26.319616451755
-41.5661670030568,3.64065526620188,279.810575343718,191,26.2998662720531
-25.4970733548875,3.67195269399109,279.8154752478,191.5,26.2877513281712
0.633885284191807,3.72402799239797,279.813643020905,192,26.2880525189995
-24.9070705023343,3.67297124747911,279.817838770435,192.5,26.2762179151923
-0.189350803454188,3.72224475391341,279.816141476748,193,26.2761279450876
-34.2630308505022,3.65418550241582,279.823585414991,193.5,26.2598478532433
-34.8411647716314,3.65264101569264,279.831713066327,194,26.2432930608514
16.4113808404147,3.75453856779983,279.827853943142,194.5,26.2510909345579
-18.6194888046556,3.68497521512735,279.83000836251,195,26.2422438775314
36.8988168465569,3.79394982922106,279.825248650933,195.5,26.2597763640715
34.0239536341738,3.7890209742568,279.820046447273,196,26.2759428582877
-13.8301563278274,3.69551016836824,279.82066850645,196.5,26.2693714543678
30.3271523516417,3.78233411644619,279.815961274426,197,26.2837814120804
-34.7731370224633,3.65409683728415,279.82309997533,197.5,26.2672589430988
-18.5364670426283,3.68598360191665,279.825695989037,198,26.2584513338934
51.1263955092005,3.8206979141252,279.821875178312,198.5,26.2827440597236
0.614966511906264,3.72482376549131,279.819302304189,199,26.2830362612903
-13.3703420479393,3.69691601284365,279.820055561483,199.5,26.2766833382964
-25.791302626018,3.67196066002709,279.824511840805,200,26.2644285912669
27.9089756669836,3.77787714484609,279.819979160069,200.5,26.277689551429
-7.1647210510952,3.70931723719781,279.819055455513,201,26.2742852315584
24.8378361827496,3.77230048185081,279.814456501216,201.5,26.286086938653
-11.5115283864222,3.7009198763778,279.814532008078,202,26.2806172316612
-38.1982389290691,3.64772042364213,279.82330407231,202.5,26.2624673242356
-24.1050995662162,3.67516221263271,279.827562742594,203,26.2510137772167
6.72853233570186,3.73649403994531,279.824696580728,203.5,26.2542108418571
-12.2061558122776,3.69884937985064,279.825124647652,204,26.2484110823858
-2.92777422414337,3.71731473424142,279.823724245354,204.5,26.2470199493749
-6.14530903781576,3.71089911861133,279.822874731459,205,26.2441000035013
4.12572851357103,3.73136393183923,279.820194144439,205.5,26.2460603449381
-6.32286960405722,3.71062280509386,279.819313803373,206,26.2430560310955
6.87935908228813,3.73689526168802,279.816245534465,206.5,26.2463247611206
29.6595140897711,3.78132321106912,279.811385580036,207,26.2604174902649
-4.71796912354012,3.71434440625603,279.809952452826,207.5,26.2581757454822
-14.2609536538438,3.69522800956002,279.810991731312,208,26.2513996480527
-35.9020969255251,3.65199610171196,279.818960005179,208.5,26.2343407533535
4.05822266037958,3.73126106170606,279.816652948912,209,26.236269019359
-30.8160243907021,3.66172305170859,279.822630087191,209.5,26.2216267739153
-22.3401383177483,3.6782431813059,279.826289428804,210,26.2110118488897
2.91064344298529,3.72854818782966,279.823981426055,210.5,26.2123948422035
-3.92517677976108,3.71500486375117,279.822628918544,211,26.2105297929976
15.6508977278453,3.75381937867972,279.818529019972,211.5,26.2179663228705
-16.9914030093633,3.68910075166309,279.820117631437,212,26.2098928514148
8.23532704860752,3.73930515388958,279.816982045715,212.5,26.2138058701231
-28.4093171999478,3.66628724167385,279.822103065867,213,26.2003071724956
-6.87810208871298,3.70903844740294,279.82171980219,213.5,26.1970390397316
-16.3705177205749,3.68998406299615,279.823390635994,214,26.1892605821516
-22.5330543552318,3.67748916275707,279.826951093327,214.5,26.1785539929991
3.31603149415697,3.72902315490029,279.824581626109,215,26.1801296065961
7.2563417056001,3.7369564884759,279.821349415382,215.5,26.1835774600547
-3.19989382432613,3.71627106497053,279.819817105238,216,26.1820570293147
-10.939789526802,3.70077957696056,279.820068663207,216.5,26.1768589842547
32.3524855621902,3.78575192470583,279.815302261844,217,26.1922312797951
11.9170190804118,3.74667180397623,279.811294369158,217.5,26.1978936558408
-26.6484069612686,3.66994519443166,279.81576297682,218,26.1852316553678
-15.2566308146654,3.69239669890798,279.817348992542,218.5,26.1779824615652
-12.1567817110617,3.69846140778995,279.818023512301,219,26.1722061622165
20.7877796429556,3.76367851000439,279.813636962133,219.5,26.1820834834408
30.5707956535427,3.78273611790284,279.808656370659,220,26.1966092083589
-5.78629386917256,3.71185798967161,279.807439938727,220.5,26.1938598486762
-17.3614878421784,3.68864121094301,279.809313772215,221,26.1856105312746
17.5309354573923,3.7577967060984,279.805262725195,221.5,26.1939403617735
2.99410957860031,3.72938940668656,279.802573162333,222,26.1953630140527
37.7000148434962,3.79659533088769,279.797928912849,222.5,26.2132761901189
27.0932948544019,3.77699958041011,279.793039244759,223,26.2261495792397
11.0824741004594,3.74624241793846,279.78927047436,223.5,26.2314154209279
-9.58358315928371,3.70533169396365,279.789026492698,224,26.2268617778275
-3.60615366610488,3.71714258712309,279.78776184838,224.5,26.2251483125726
-24.6318719343787,3.67513322374332,279.791672106921,225,26.2134444694672
-11.256273410173,3.70153057640322,279.792215521652,225.5,26.2080960469724
-5.75372175386517,3.71241353352493,279.791402137056,226,26.2053621639423
-1.29176782696134,3.72127450349603,279.789678127286,226.5,26.2047483799792
-6.6946173737308,3.7105021286018,279.788960452995,227,26.2015674300456
-5.98718666456362,3.71186070490371,279.78815680333,227.5,26.1987226160765
-6.55042395053821,3.71069084320823,279.787466623169,228,26.1956101797016
-22.3603238947092,3.67902547102748,279.790798148744,228.5,26.1849856634915
-29.2828581968789,3.66497397683192,279.796543721587,229,26.1710719025347
4.94479120399033,3.73300342019035,279.794072409151,229.5,26.1734214219133
-0.112823053364693,3.7230507347737,279.792039453217,230,26.1733678139975
8.71087245032112,3.7406122949621,279.788739659919,230.5,26.1775067882802
-27.0016017060862,3.66949546289003,279.793380621512,231,26.1646769671929
-14.3018999098138,3.69455739358767,279.794759358847,231.5,26.1578814141347
-24.4657680013668,3.67408600363519,279.798886701943,232,26.1462564953748
33.4382031261962,3.78798450619915,279.794353940018,232.5,26.1621446700193
36.1613178154419,3.79351784737727,279.789415534533,233,26.1793267336207
46.4694096276198,3.8129845369801,279.785096969146,233.5,26.2014066908782
-0.602774308276319,3.72312062829887,279.782837144991,234,26.2011202824416
8.69181117692758,3.74153393064128,279.779596863097,234.5,26.2052501997531
-47.5988355379233,3.63007438398645,279.791840501827,235,26.1826335953545
-18.6594849214614,3.68656213099945,279.794587625319,235.5,26.1737675341582
-37.6397990912388,3.64864507572573,279.803244191726,236,26.1558829696291
-2.8306693288146,3.71757917355887,279.802173990112,236.5,26.1545379760453
-13.2262111523212,3.69679273157721,279.802972767257,237,26.1482535369001
1.61036886577662,3.72633746944347,279.800812215599,237.5,26.1490187042652
-16.7654674123493,3.68965459304806,279.802482491179,238,26.1410525861924
-69.6239240941979,3.58622104493862,279.826177829784,238.5,26.1079707527795
53.0461443112029,3.82351630280601,279.823161829314,239,26.1331756479665
25.5543767973242,3.77310554898334,279.818046764698,239.5,26.1453178196004
-3.91262641559222,3.71550599346057,279.816462211533,240,26.1434587337047
-15.3308847841988,3.69264029535609,279.817742458518,240.5,26.1361742581009
-14.3865694988204,3.69436807817369,279.81892039099,241,26.129338474256
-5.05037615900322,3.71292001371278,279.817956514457,241.5,26.1269387861468
35.6325727282359,3.79225962906382,279.813233462202,242,26.1438696163234
-1.07940839885597,3.72131473182585,279.811056419433,242.5,26.1433567350215
8.60231162899677,3.74054361812372,279.807735362244,243,26.1474441265895
25.0413141017932,3.7727146437651,279.803059221793,243.5,26.159342516293
-32.194450970231,3.6597354968078,279.809155237595,244,26.1440453109476
0.201197114901492,3.7239505717274,279.807428027547,244.5,26.1441409098316
6.12492360087491,3.73574736878469,279.804426252596,245,26.1470511695572
7.96776162169952,3.73949079928016,279.80113488232,245.5,26.1508370544534
-38.0379735236595,3.64805341134959,279.809555600653,246,26.1327632971947
-18.00167254936,3.68736465138156,279.811977732855,246.5,26.1242097957916
-6.23171480383951,3.71073522228763,279.81130915555,247,26.1212487941862
-4.5232604853778,3.71411871187442,279.810162118009,247.5,26.1190995652852
16.7870941075457,3.75629541228389,279.806029388433,248,26.1270759592903
-47.4656440148811,3.62910898123913,279.818288973085,248.5,26.1045226408934
-57.3850178890836,3.6092677387839,279.836035521836,249,26.0772561283131
-26.9577080292371,3.66818187538825,279.841555456652,249.5,26.0644471633226
-16.0211573099335,3.68980885090356,279.843374362485,250,26.0568347044717
-31.0906868538388,3.65953195104334,279.849768563648,250.5,26.0420619530565
-29.6747554342671,3.66201268552861,279.855890793214,251,26.0279619819816
-41.7510774022225,3.63774595249486,279.866638748629,251.5,26.0081239420349
-16.2752515767909,3.6881099064584,279.868776859666,252,26.0003907501986
39.2358874156245,3.79698345529599,279.863868569712,252.5,26.0190336966883
5.05194236977263,3.73139308148812,279.860555494552,253,26.0214341289831
4.97667553982642,3.7313715826493,279.857535956335,253.5,26.0237987982157
9.68734088739833,3.74084114093617,279.853876124869,254,26.0284017418392
11.1165605053643,3.74383557258285,279.850014140374,254.5,26.0336837796954
-0.263392022083622,3.72140698937063,279.847817857662,255,26.0335586288782
-35.8007697955283,3.65038312591848,279.855620553363,255.5,26.0165478798025
-7.00555967115539,3.7075512485538,279.855292651244,256,26.0132191855208
-21.2144559133194,3.67899860488833,279.858295027458,256.5,26.003139128908
3.84392913468288,3.72903996729448,279.855739575195,257,26.0049655732652
-24.5320766177945,3.67226002819594,279.859652120083,257.5,25.9933091479415
-32.1634690964946,3.65675391107091,279.866506364621,258,25.978026663645
-22.460751449315,3.67578817112095,279.870249888816,258.5,25.9673544292451
-25.1492164577739,3.67017993040837,279.874737345868,259,25.9554047696971
-6.3394180701952,3.7077682245584,279.874148027726,259.5,25.9523925928446
-0.661043101543379,3.719181165705,279.872182279646,260,25.9520784979692
-5.08851916522708,3.71036986659642,279.8710337934,260.5,25.9496606861964
29.9049799814272,3.7792746756095,279.865979461233,261,25.9638700485504
7.05928268749813,3.73511452618764,279.862432019215,261.5,25.9672242693434
-41.9405037154573,3.63733171490707,279.872645303388,262,25.9472962234135
-2.49705075532911,3.71570849290563,279.871452961687,262.5,25.9461097488189
-27.8590311503756,3.66480002465469,279.876551794005,263,25.9328725198124
-8.72979676220963,3.70294364104427,279.876510634053,263.5,25.928724553636
-23.0088555835643,3.67417935602385,279.880129762056,264,25.9177918873529
-12.1125169542803,3.69588242479752,279.880854610435,264.5,25.9120366204198
-8.08919461999931,3.70391477923131,279.880482370138,265,25.9081930365893
-43.1816054021694,3.6336607739133,279.891559274327,265.5,25.8876752807316
-28.276977491338,3.662770623922,279.897427383378,266,25.8742394643659
-11.6765715786623,3.69592316377518,279.898138321124,266.5,25.8686913370401
-16.211309670846,3.68672379225095,279.899845866772,267,25.8609885272242
3.88349238950589,3.72708021189068,279.897151482484,267.5,25.8628337700766
11.9855827104742,3.74334674821762,279.893100900153,268,25.8685287241565
12.6836634042792,3.7449477714384,279.888908763162,268.5,25.8745553715377
7.34380445660198,3.73457643608772,279.885400366586,269,25.878044782955
14.3724808555975,3.74864304336036,279.881100917214,269.5,25.8848738725758
11.8724053860546,3.74393390554888,279.877025353737,270,25.890515050408
14.7614603932183,3.74981587364618,279.872685082289,270.5,25.8975289638008
-25.9908516006815,3.66850804645868,279.876915394907,271,25.8851794010018
14.8139453588126,3.74986816089667,279.872962929218,271.5,25.8922182526455
-48.9033273358239,3.62308540078387,279.886094710125,272,25.8689818184842
-44.907014721118,3.63023631366593,279.898367735892,272.5,25.8476442337473
-6.37369448650466,3.70680772775856,279.898000163324,273,25.8446157704429
-9.00330267557889,3.70151381851661,279.89774293171,273.5,25.84033784783
-16.257672941752,3.6868495788402,279.899368905814,274,25.8326130084887
-18.9097144235227,3.68136906855985,279.901840061505,274.5,25.8236280506515
-14.400630247311,3.69029858568893,279.903092150089,275,25.8167855858367
-24.1960675240342,3.67044853082222,279.907184401238,275.5,25.8052888153588
-0.312107520508359,3.71837864838395,279.905299017011,276,25.8051405173545
-30.5210921761313,3.65760320737642,279.911388138061,276.5,25.7906384090621
-17.2827618653697,3.68392074537228,279.913605944635,277,25.7824264983377
14.2294363754519,3.74705164188535,279.909475377851,277.5,25.7891876203207
21.0485669145062,3.76067798065851,279.904449840797,278,25.7991888547139
44.2524334117436,3.80499222503953,279.899301667567,278.5,25.8202154148984
-17.8436265953755,3.68397993742626,279.900815026343,279,25.811737009089
-42.1995937688923,3.63511557581835,279.911455338107,279.5,25.7916858564239
-44.3135340477773,3.63038049665622,279.923428417656,280,25.7706302642495
-16.9517559894534,3.68456416694707,279.925698090764,280.5,25.7625756310901
-27.916032433711,3.66233446233196,279.931057759893,281,25.7493113179027
19.4260122232062,3.75698691743654,279.926517838497,281.5,25.7585415948313
-4.22100844854982,3.71022025891597,279.924895116673,282,25.756535981098
-24.5653844275076,3.66918852563809,279.92893877115,282.5,25.7448637295562
-59.0557601512051,3.60069023636034,279.947734602029,283,25.716803363169
-0.328776563440659,3.71719354150421,279.946270782369,283.5,25.7166471448626
4.43731098964458,3.72686926384984,279.943194203167,284,25.7187555348288
-19.0299720729854,3.67966323356958,279.945455514666,284.5,25.7097134365247
-4.02608730876736,3.7098428211522,279.944171412275,285,25.7078004396435
62.151163350216,3.83601804346276,279.940677873829,285.5,25.7373315880112
-44.4196310865593,3.62976860102021,279.951548888963,286,25.7162255837894
-21.0623706772006,3.67585135637166,279.954936017688,286.5,25.7062177905332
-15.8469612698451,3.68618139292002,279.956512703363,287,25.6986881009954
-16.3126143854693,3.68511380795478,279.958164068856,287.5,25.6909371562067
-14.6866945078048,3.68827265464157,279.959378739295,288,25.6839587678522
2.65620491656009,3.72317633573858,279.956714434708,288.5,25.6852208646056
4.92174193453838,3.7278332939011,279.953488750498,289,25.6875594321152
-13.8888090335622,3.6900546195025,279.954237509178,289.5,25.6809601593404
1.77270054441136,3.72155466099973,279.951722439055,290,25.681802458663
38.4425418480934,3.79313963824074,279.946293103234,290.5,25.7000684467114
-20.3021014494938,3.67769144454728,279.948512215976,291,25.6904218956613
27.8700164003497,3.77338370236491,279.943407237654,291.5,25.7036643443133
-10.6576927399416,3.69736882528897,279.943081231412,292,25.6986003376464
-11.2037564405843,3.69617317364244,279.943261418975,292.5,25.6932768686092
-23.7379268976475,3.6707919571338,279.947005950868,293,25.6819977838202
8.53896708040724,3.73550289805286,279.94355373649,293.5,25.6860550772025
13.0486430052384,3.74461139831639,279.939210010739,294,25.6922551447767
-10.753611138222,3.69713727462597,279.939043326823,294.5,25.6871455624472
-12.7278767724314,3.69306074501779,279.939619367137,295,25.6810979070677
-0.588663744181006,3.71742299544624,279.937533188545,295.5,25.6808182032709
3.87920379067126,3.72643140662338,279.934541066211,296,25.6826614083939
10.923332321588,3.74056507422386,279.930516132834,296.5,25.6878516338068
-48.6726391685228,3.62149690365834,279.943604974762,297,25.664724811214
-8.26254019289581,3.70172606245322,279.943597196905,297.5,25.6607988621701
17.027627934885,3.75222391808242,279.939013032796,298,25.6688895459126
-10.83895641006,3.69677140591826,279.938841861248,298.5,25.6637394117455
35.6602199518282,3.78829286333621,279.933598598776,299,25.6806833785107
4.36328944894872,3.72776494949732,279.930229496482,299.5,25.6827565971142
3.01879857676189,3.7251623879221,279.927340608309,300,25.6841909803801
-15.6149476137762,3.68773889108063,279.928504360126,300.5,25.6767715322172
7.72970650197402,3.73448115886101,279.925117459712,301,25.6804443051348
-36.7185374375792,3.64538043972797,279.933177507743,301.5,25.6629974784229
-31.3747625869711,3.65556261905754,279.939832331355,302,25.6480897483175
-36.9151003074805,3.64411391281079,279.948554916458,302.5,25.6305495246849
-2.74181415446356,3.71250429710639,279.947190437777,303,25.6292467506702
-23.2208981591587,3.67118170206852,279.950734864422,303.5,25.6182133322786
5.72285437795563,3.72933248841542,279.947678296308,304,25.6209325486635
-17.5566451161269,3.68254357647192,279.9494217811,304.5,25.6125905022106
6.88408998363639,3.73165083917794,279.946123433135,305,25.6158614801252
12.3417127290168,3.74265967382162,279.941857818189,305.5,25.6217256495159
6.14563489820716,3.73053672813298,279.938378057246,306,25.6246457502221
-18.3975840566653,3.68122587668217,279.940325620608,306.5,25.6159041313191
10.2282029924684,3.7386261958209,279.936601483423,307,25.6207640657729
-12.3231033939328,3.69350417272146,279.93686845466,307.5,25.6149087386147
-7.86944686741594,3.70239392350612,279.936300478575,308,25.6111695680105
-31.5015513354242,3.65469428392353,279.942683218482,308.5,25.5962015941842
22.7609103810341,3.76300119489799,279.937935842746,309,25.6070164492121
-10.5926071467134,3.69686505078111,279.937665527727,309.5,25.601983367989
-22.1002137887284,3.67353142073265,279.940916013364,310,25.5914824431925
9.44685262477428,3.73683863700215,279.937333476683,310.5,25.5959711187286
-42.1899187064642,3.63327290066448,279.947717784882,311,25.575924563173
-30.3358648501445,3.65638116718275,279.954184942222,311.5,25.5615104657135
-0.859095047592431,3.71560617962884,279.952361549663,312,25.5611022663823
-5.76503385821533,3.70577419400264,279.951205554517,312.5,25.5583630084017
16.3966919494261,3.75010961594853,279.946613191005,313,25.5661539026762
-26.1498211761203,3.66485511677861,279.950914040156,313.5,25.5537288054243
-32.6327833036254,3.65152037206052,279.958004019768,314,25.5382233263078
4.07911060252102,3.72528796180246,279.955316090288,314.5,25.5401615172268
-20.8303913103424,3.67507632770414,279.958074726544,315,25.530263949053
2.38922435496665,3.72183906871159,279.955524663333,315.5,25.5313991898933
-27.1870399999048,3.66215071565933,279.960361691685,316,25.5184812577318
-2.6969459188995,3.71142812697558,279.958855152584,316.5,25.517199802876
-1.02938018194663,3.7148413074446,279.956731200615,317,25.5167106924999
-7.32086569562488,3.70218771448724,279.955923818484,317.5,25.5132321804434
-19.323755379243,3.6778466477741,279.958356029622,318,25.5040504908922
-17.3155853960656,3.68173231000286,279.960354503166,318.5,25.495822984055
-41.355006849259,3.63319055566533,279.970886418175,319,25.4761731371787
1.06224803773547,3.71836090453513,279.968834917543,319.5,25.4766778647287
2.48295055787674,3.72132976608032,279.966011294426,320,25.4778576396091
-14.2021392097054,3.68767130380986,279.96689981473,320.5,25.4711094878846
-7.71388473414947,3.70073206547909,279.966335521158,321,25.4674442326859
-9.17882223300204,3.69774502404688,279.966047836096,321.5,25.4630829118901
-50.6734001778201,3.61430806290033,279.980672068145,322,25.43900542696
-18.7448462863661,3.67768826124391,279.983574436216,322.5,25.4300988062795
-16.4235251287164,3.68226065241678,279.98536502053,323,25.4222951622099
23.9986873345361,3.76323565121739,279.980148955978,323.5,25.4336981474173
-21.4877064889075,3.67230035575689,279.982965798376,324,25.423488255692
-20.7448082085064,3.67359955773918,279.986040823909,324.5,25.4136313523608
-16.392061616746,3.6822555234636,279.987822333727,325,25.4058426581906
-26.0736714401477,3.66247471330429,279.992601381888,325.5,25.3934537435141
13.989774878654,3.74325933050213,279.988349694311,326,25.4001009902477
15.6795418517224,3.74686428039266,279.983502461038,326.5,25.4075511303868
-5.38009037475798,3.70484788948884,279.98206570917,327,25.4049947784454
13.1793197698157,3.7421716028236,279.977705153531,327.5,25.4112569371328
-6.00749878618867,3.70382378009504,279.976427755804,328,25.4084024718516
-9.30539054134018,3.69712157734497,279.976114400331,328.5,25.403981012077
-0.841909541062001,3.71421702463009,279.973989037387,329,25.4035809784456
9.18025059146905,3.73442182955185,279.970112908101,329.5,25.4079429779265
10.0738505506434,3.7363763666208,279.966032024601,330,25.4127295717601
-12.2139883306899,3.69160233909442,279.966275187073,330.5,25.4069260906648
2.17948272488881,3.72062755006866,279.963635021902,331,25.4079616726916
-19.6854225308778,3.67642671890043,279.966046543065,331.5,25.3986081368589
-74.482671658844,3.5680446829668,279.993352185844,332,25.3632176677346
-60.0835567391812,3.59459244152627,280.013760161989,332.5,25.3346689434166
24.2969175824203,3.76297525506581,280.009003406673,333,25.3462136328372
-34.3860130661085,3.64523420074993,280.016359172402,333.5,25.3298751059474
-22.7247657549028,3.66844558704533,280.020242657216,334,25.319077425052
16.045365474036,3.74666351897214,280.015639742777,334.5,25.3267013864211
-13.143543705077,3.68808088897348,280.016070967214,335,25.3204562267441
7.13644010179478,3.72910072809442,280.012517126092,335.5,25.3238471089112
-21.3916560362661,3.67140739095043,280.015425489781,336,25.3136828555941
-30.1648392336076,3.65340474365327,280.021662178421,336.5,25.2993500210199
-20.7756977375949,3.6721317554935,280.024855562234,337,25.2894784405174
-23.0140391304987,3.66739524635673,280.028659065,337.5,25.2785433112701
-35.8638563268341,3.64114733248794,280.037185020555,338,25.2615025866056
-19.4220438763367,3.67411681855243,280.040085232421,338.5,25.2522741952385
-14.4717359733037,3.68407947305655,280.041308614615,339,25.2453979445116
3.34130840860067,3.72027356052487,280.038361571664,339.5,25.2469855684439
-21.9578248820009,3.66889518561971,280.041560205908,340,25.2365522997894
33.2734899605663,3.77929439324354,280.035836728125,340.5,25.2523622109121
-10.2772081437674,3.69310248717476,280.035348932214,341,25.2474789916425
-14.5058122567287,3.6844282549444,280.036398908718,341.5,25.2405865495568
-15.8305479128593,3.68162072094274,280.037882218433,342,25.2330646588317
-33.6740009254477,3.64522547477716,280.045412547774,342.5,25.2170644447752
-14.0375347074598,3.68480251259735,280.046662338379,343,25.2103945049411
12.9879689288758,3.73950167384398,280.04222426537,343.5,25.2165657432053
26.8097195933315,3.76695420959244,280.036359428435,344,25.2293043914354
-3.97931557270466,3.70594783940513,280.034421260004,344.5,25.2274136181619
3.14618939472212,3.72040884334353,280.031371776059,345,25.2289085312223
-23.3840912671885,3.66656611878297,280.0349206805,345.5,25.2177975715647
26.2104039261303,3.76607991077137,280.029510243478,346,25.2302514547327
-21.5188583588706,3.67056241838675,280.032224153655,346.5,25.2200267611848
-9.09734180147651,3.69563671201434,280.031956713408,347,25.2157041558463
-7.76026479642687,3.69831313679666,280.031224896581,347.5,25.2120168631438
-19.9450705209435,3.67345468942794,280.033809280546,348,25.2025399554721
-9.8645495360996,3.69381188540533,280.033729990903,348.5,25.1978528110933
-59.0713962316265,3.59480768708561,280.052657359655,349,25.1697850152166
-11.3981259245322,3.68992826774599,280.05354430528,349.5,25.1643691914469
-32.3393142396323,3.64720500086876,280.060542409839,350,25.1490031542652
34.4751018892692,3.78097156863483,280.05485373436,350.5,25.1653840117425
-12.5921253897654,3.68769699350091,280.054925706736,351,25.159400858683
-14.1951921503614,3.68433948602364,280.055884978003,351.5,25.1526560078563
-4.57785056789042,3.70386325978604,280.054460081197,352,25.1504808404574
-38.0742177074423,3.63573903759815,280.063582016122,352.5,25.1323898617613
-22.3102979266188,3.66726055034459,280.067359344858,353,25.1217891154086
-57.1380760410553,3.5970534671152,280.085672463346,353.5,25.0946399373392
1.96808683185409,3.71599337523463,280.083468739773,354,25.0955750745288
2.9064719072555,3.71804208681588,280.080319531093,354.5,25.0969560857359
-18.9758727051372,3.67350510032131,280.082539395365,355,25.0879396927667
-0.224746937747145,3.71168465352819,280.080222587527,355.5,25.0878329041756
-4.37031323275993,3.70333761776695,280.078574485112,356,25.0857563482186
18.9268345327651,3.75029921027865,280.073288167777,356.5,25.0947494406821
-51.5745566082793,3.60806737656489,280.088226720969,357,25.0702437709391
-11.8988292910201,3.68773464908357,280.0890856425,357.5,25.0645900377787
31.3582279101507,3.77427668432199,280.083101509645,358,25.0794899114262
6.10653815589055,3.72485708118696,280.07911784025,358.5,25.0823914353008
-7.41364820528659,3.69754068324477,280.07806667367,359,25.0788688376003
-12.1265015651599,3.68789081978125,280.078353618965,359.5,25.0731069258742
22.2508791226995,3.75707361607501,280.072895252489,360,25.0836794393601
-18.7191985505272,3.67472320746201,280.074745853427,360.5,25.0747850052108
-17.9576789886741,3.67608963586875,280.07680679052,361,25.0662524073644
-13.2906168226842,3.68546202990841,280.07753636691,361.5,25.0599373658409
-61.5554010981816,3.58826683131144,280.097898697616,362,25.0306892941286
-25.0771658368107,3.66048901618101,280.102951863353,362.5,25.0187738694599
-27.7154684376373,3.6548624079129,280.108424245606,363,25.0056048543298
-26.936981984128,3.65617260805189,280.113672033408,363.5,24.9928057373274
-21.0685201757254,3.66792328668071,280.116925829604,364,24.9827950221346
4.51767184241539,3.72012844030748,280.113672567576,364.5,24.9849415955898
-19.1047111423572,3.67197723456434,280.115905026344,365,24.9758639849892
-26.032337559502,3.65763278754537,280.120716033348,365.5,24.9634947101214
-27.0883298167837,3.65521903975696,280.126016307424,366,24.9506236801401
-1.65215699524081,3.7071443403866,280.124036374951,366.5,24.9498386571297
-16.1809939367301,3.67744133334044,280.125458164457,367,24.9421502518461
4.12369512755756,3.71891827763405,280.122193642733,367.5,24.9441096271187
-13.6199941789279,3.68277716913977,280.122795458671,368,24.937638081822
23.638480821222,3.75803909877761,280.117065932219,368.5,24.9488699147708
36.6044164934217,3.78342504549812,280.110590416544,369,24.9662625168737
-32.7152350275629,3.64472741226136,280.117131450078,369.5,24.9507178607899
-11.6564006558039,3.6873830306019,280.117567197728,370,24.9451793176855
4.48677327972034,3.72027120074706,280.11417646311,370.5,24.9473112096772
-12.2860009505019,3.68617131335899,280.114344013223,371,24.9414735117587
-32.7537800622416,3.64423230363006,280.121432748941,371.5,24.9259105409874
5.39783048944203,3.72184932861045,280.118140330216,372,24.9284753221509
14.5572726160246,3.74043491105666,280.11309419888,372.5,24.9353922156454
14.6697650693624,3.74090865026405,280.107971950563,373,24.9423625599709
-3.10323287329308,3.70523998334758,280.105798519274,373.5,24.9408880577177
12.0616946146632,3.73595787915499,280.101190249529,374,24.9466191763972
-16.9359315115011,3.67719936712073,280.102561107638,374.5,24.9385720622444
2.33942358560038,3.71640081401179,280.099637312084,375,24.9396836402307
-36.6388209331102,3.63698598945881,280.108007538707,375.5,24.9222746908455
-17.6502507046198,3.67523059718886,280.11019741311,376,24.9138881676624
7.10743958942057,3.72561203419381,280.10645164685,376.5,24.9172652702252
-21.4096529508348,3.66755853556579,280.109284605147,377,24.9070924656676
-1.12858577774621,3.70886317601145,280.107090690733,377.5,24.9065562177158
44.4461575192091,3.79830239652612,280.101082837883,378,24.9276748259819
-4.58999013553238,3.70251994496503,280.099000964831,378.5,24.9254938904629
-51.6514482403988,3.60705523470135,280.114050101316,379,24.9009516856323
3.38191301818782,3.71812971441145,280.111375427076,379.5,24.90255860286
-27.7117994747237,3.65470572185245,280.116356494243,380,24.889391331039
-34.35349430186,3.6408638442011,280.124237822641,380.5,24.873068255452
-46.6871944209941,3.61554840659184,280.137576612265,381,24.850884817669
-3.48336331114233,3.70311462775016,280.136209495186,381.5,24.8492296962969
29.047411516156,3.7682704847222,280.130030807878,382,24.8630315846759
-33.9766197288219,3.64125104545781,280.137149199825,382.5,24.8468875811825
-22.1653952222751,3.66496471029402,280.140731107372,383,24.8363556854036
-9.0837794981752,3.69161858903009,280.140347232685,383.5,24.8320395241986
-23.3651852330957,3.66226855359381,280.144033473796,384,24.8209375477501
-25.8795625191459,3.65688354630084,280.148779556904,384.5,24.8086408639996
-8.90022011262783,3.69151866838443,280.148408659684,385,24.8044119211048
-44.0383877083292,3.61966253788002,280.160314237408,385.5,24.7834870648159
5.99887792390992,3.72151499664622,280.156996882215,386,24.7863374338912
-7.33872942146938,3.69443475604996,280.155858435828,386.5,24.7828504338788
-13.5403530667456,3.6816883309464,280.156499966117,387,24.7764167300861
-3.88031194206846,3.70146862618597,280.154750291074,387.5,24.7745729984245
15.4318265503847,3.74069779617697,280.149577189287,388,24.781905436546
-48.7968749119272,3.61013068043425,280.163348745043,388.5,24.7587195832935
9.21521981370353,3.72796046328917,280.159559495186,389,24.7630981984134
-22.0967325220067,3.66403692803849,280.162628365876,389.5,24.752598927742
-5.160415910676,3.69867282258586,280.161261025295,390,24.7501469542039
8.87276637373264,3.7273280269468,280.156970211627,390.5,24.7543628524445
-30.4614158583472,3.64694604913707,280.162982755471,391,24.7398890993767
10.7615582329361,3.73104868435559,280.158707666576,391.5,24.7450024577712
1.84068603954844,3.71317385130747,280.155476610988,392,24.7458770604271
-9.3633686454606,3.69032651082795,280.15485100192,392.5,24.7414280523348
-47.0419914845351,3.61332490020049,280.168055736401,393,24.7190760325951
16.6721496722025,3.74270066168287,280.163239795618,393.5,24.726997810709
-7.76305879292069,3.69336030789199,280.162063912985,394,24.723309190438
-23.8863093292293,3.66017545390147,280.165887059993,394.5,24.7119596016815
-48.2546461213114,3.6103411853499,280.179918065085,395,24.6890313886405
27.3438245957411,3.76335850770836,280.174191503903,395.5,24.702023817061
-35.4306871089718,3.63622278021966,280.181987462747,396,24.6851889129114
-24.3588709797831,3.65847336584105,280.186360626969,396.5,24.673614786311
-14.9569451035729,3.67761579209534,280.18759416598,397,24.6665079882855
14.6449297959213,3.73803268540984,280.182538594727,397.5,24.6734665321216
-29.8898326710338,3.64711674774382,280.188300978014,398,24.6592643670178
-7.14632623319673,3.69363104371041,280.187476674261,398.5,24.6558687874517
5.25046281593809,3.71904584398193,280.183741739246,399,24.6583635468103
14.0944882138359,3.73708907851681,280.178552141166,399.5,24.6650605481241
-18.7251178957299,3.67024744335332,280.180438675472,400,24.6561633013958
-5.72338932022459,3.69685516259864,280.179111586544,400.5,24.6534438308328
-29.9122468027682,3.64708523889474,280.18507091417,401,24.639231015646
-18.1185358566419,3.67100799880244,280.187308255183,401.5,24.6306219865989
-2.15115804672609,3.70376276090252,280.185165661737,402,24.6295998630534
23.1358204947708,3.75485296842124,280.1791341131,402.5,24.6405928567612
-1.42853730953128,3.70570800771501,280.176405571846,403,24.6399140867276
57.387987066034,3.81973152468739,280.170985336994,403.5,24.6671820101135
-36.9147464386852,3.63388302511113,280.178957026715,404,24.6496419546217
-46.7593449663782,3.61346252451904,280.192252097724,404.5,24.6274242344802
-51.5696445382952,3.60313807552379,280.208141995325,405,24.6029208987091
-24.3131370873594,3.65787398323566,280.21270954922,405.5,24.5913685025848
-25.5695203109121,3.65505069127896,280.217348419548,406,24.5792191355047
-16.5857891297284,3.67334051164083,280.219049266034,406.5,24.5713383916347
-7.57459673162455,3.6918441939453,280.218122413226,407,24.5677393191821
23.0776068621334,3.75400143818522,280.212035150755,407.5,24.5787046526608
-28.3245622031422,3.64949454647609,280.21709429524,408,24.5652462264015
17.2253617479876,3.74248967498661,280.21181407395,408.5,24.5734308634389
0.978854816867534,3.70989387882311,280.208570041885,409,24.5738959666689
21.208907149282,3.7507896480994,280.202605847557,409.5,24.5839733867844
-4.5352104292195,3.69903746269845,280.200512357828,410,24.5818184798632
30.3334566850204,3.76897727296856,280.194107969528,410.5,24.5962314330822
-15.2812352898192,3.67741830175392,280.194711660557,411,24.5889705484541
-7.3605577853158,3.6935667458721,280.193655357664,411.5,24.5854731766864
-27.2955259973551,3.65251686964078,280.198540248841,412,24.5725036973629
5.04599363864435,3.71864257792135,280.195031212755,412.5,24.5749013031159
-12.6282820066272,3.68253581378882,280.195140927874,413,24.5689009702265
-8.11341962639416,3.6917337804195,280.194259162299,413.5,24.5650458758752
-9.47564909019771,3.68889547126105,280.193676911963,414,24.5605435176879
7.03556886121731,3.72264996441533,280.18962958517,414.5,24.5638864708474
-5.39328187859272,3.69741018159395,280.187884598658,415,24.5613238509581
-14.6858752865952,3.67827803423091,280.188695220594,415.5,24.5543458518569
7.04776044506339,3.72271200212574,280.184717065204,416,24.557694597852
-26.9111728359237,3.65316189773578,280.189337802814,416.5,24.544907744076
-23.4185497095318,3.66002397945593,280.19316842307,417,24.5337804114767
4.7994131528835,3.71780654776611,280.189672133307,417.5,24.5360608544203
-17.1748707854354,3.67279905729011,280.191135670428,418,24.5279002081826
-10.0036008195256,3.68743230713178,280.190823017557,418.5,24.5231469935348
-13.1726177407819,3.68084405777559,280.191291884001,419,24.5168880193189
-6.55006175922151,3.69440270644274,280.190066272594,419.5,24.5137757550393
24.5970405614842,3.75735209605378,280.183972757133,420,24.525463048005
31.3142559115735,3.77078724721439,280.177332746727,420.5,24.540342028341
-0.0662624038722317,3.70858016137597,280.174233462512,421,24.5403105437352
8.78556435572138,3.72663268728094,280.169862722735,421.5,24.5444850079045
-44.2243660758808,3.61839896771566,280.18136464637,422,24.5234717839251
1.59255696361626,3.71165702761147,280.178755217066,422.5,24.5242284879583
-26.125629474104,3.65475984403746,280.183149105687,423,24.5118148854026
-14.7024777614409,3.67797808048135,280.184232079657,423.5,24.5048289976293
14.2593334696517,3.73703312970782,280.179231981746,424,24.5116043252277
-20.6579065912058,3.6658566961228,280.181669338793,424.5,24.5017887132322
-6.86546247549689,3.69405929633995,280.180603317808,425,24.4985265861851
-15.1115012493012,3.67704821635416,280.181580348736,425.5,24.4913463507494
26.9841960429538,3.76216236396325,280.175478131835,426,24.5041679015294
-16.4316888648914,3.67464777206458,280.176492938172,426.5,24.4963603784575
-25.112327193108,3.65660423077343,280.180749843933,427,24.4844282468573
-21.2741485424081,3.66421624515819,280.183855174653,427.5,24.4743198272697
3.48511854134125,3.71494792111405,280.180589641779,428,24.47597578264
-11.3077884913781,3.6846877472044,280.180401977291,428.5,24.4706028827352
4.93639832868509,3.71795489196493,280.176763314955,429,24.4729484142359
-38.2076182888662,3.62947763459681,280.185841216945,429.5,24.454794050204
13.2270407812992,3.73447229290818,280.18125662175,430,24.4610788835478
-20.6890968204432,3.6652167291394,280.183751960759,430.5,24.4512484515033
-62.1552165826306,3.58092463866221,280.204816743787,431,24.4217153772407
6.65118944685893,3.72051433135372,280.201529921418,431.5,24.4248756923786
-18.1121619530072,3.66973078412953,280.203308985065,432,24.4162696918943
-69.9624061982335,3.56463093615245,280.228959753055,432.5,24.3830270285838
-29.7741477645393,3.64455640811841,280.235915167179,433,24.3688798312062
17.6559770621911,3.7417676113376,280.230530219253,433.5,24.3772690752701
0.853242095108849,3.70797542673246,280.227288372819,434,24.3776744935688
-25.4338655041898,3.65375589904366,280.231569716504,434.5,24.3655895829206
-2.76888942574777,3.70040213777427,280.229573256022,435,24.3642739440807
5.48892610582751,3.7174237813054,280.22564048042,435.5,24.3668820093602
28.3578593070562,3.76334812519901,280.219055191971,436,24.3803562567507
-17.2659515873889,3.67116633169537,280.220310285865,436.5,24.3721523334361
9.59418385855848,3.72623774478787,280.215877756225,437,24.3767110134627
-27.2569081441138,3.65059437318445,280.220636740166,437.5,24.3637598834265
-3.65994776303895,3.69904178230799,280.218852636035,438,24.3620208578865
18.7470986856266,3.74461540833606,280.213115141094,438.5,24.3709285487953
22.9138688872187,3.75317681754636,280.20683556789,439,24.3818160821143
-2.45618769482497,3.70224831389344,280.204247668092,439.5,24.3806490236181
-2.22782947566287,3.70274084804398,280.201852958758,440,24.3795904696147
10.7567705416152,3.72925080953756,280.197135606606,440.5,24.3847015531359
26.9019727926042,3.76155750210633,280.190759690188,441,24.3974840355079
9.13049032221973,3.72652553766127,280.186057210455,441.5,24.4018223913783
17.5589719294856,3.74360733805654,280.180473923539,442,24.4101655434174
-16.8991418162815,3.67361123450377,280.1816376495,442.5,24.4021359099019
19.6429707008963,3.74782192969403,280.176134053872,443,24.4114692747318
2.04434314270737,3.71262878975854,280.172712962795,443.5,24.412440645136
14.2758400877295,3.73743877884722,280.16760094396,444,24.4192238158601
0.613981803455536,3.70997712535025,280.16451621069,444.5,24.4195155495422
-0.46532909932299,3.7078056997811,280.161779970728,445,24.4192944482477
-12.8364713823915,3.68243545135483,280.161980575125,445.5,24.413195194099
-1.12981997291182,3.70633536091434,280.159532035028,446,24.4126583597189
-35.9929066932322,3.63480434375201,280.167585091178,446.5,24.3955563167248
-30.6603080328481,3.64520390685523,280.174052568194,447,24.3809880599664
-13.4158558652698,3.68031443814688,280.174820427054,447.5,24.3746135110653
-25.6140664121678,3.6550522913656,280.179220242084,448,24.3624429778887
4.28654618621191,3.71630064159499,280.17586477957,448.5,24.3644797319024
-25.4819429570457,3.65516888038322,280.180031084375,449,24.3523719772345
-48.16186126478,3.60859497877212,280.193945160374,449.5,24.3294878509526
-17.8831452446326,3.66995042574631,280.196335338481,450,24.3209906678423
-20.1038364824298,3.66520543025333,280.199023585219,450.5,24.311438322465
-26.4600242203628,3.65188587198585,280.203918892285,451,24.2988658321214
-24.1267517251492,3.65642295433557,280.208093285961,451.5,24.2874019970711
-8.87763376128305,3.68776487788852,280.207607150933,452,24.2831837860896
0.789543749507581,3.70769451329698,280.204686788665,452.5,24.2835589380956
-23.0976581339029,3.65841822703982,280.208170396885,453,24.2725840772478
-31.7263032318089,3.64036801049434,280.215116904755,453.5,24.2575093124743
-6.05331716534983,3.69316373632605,280.21401759035,454,24.2546330765732
-36.1273418690765,3.6309808037206,280.222563696675,454.5,24.2374671566554
-23.4555695303423,3.65670443530007,280.226697071797,455,24.2263222340744
-40.1293777349538,3.62209584594225,280.237255347862,455.5,24.2072547453274
-2.11458810862904,3.70034213639369,280.235344472029,456,24.2062499980016
-38.9976602956179,3.62403621250836,280.245170966292,456.5,24.1877202452165
-7.16284708268664,3.68957514098297,280.244454583637,457,24.1843168157627
-8.70800994224926,3.68639892558853,280.243725745838,457.5,24.1801792016018
-30.9637429621711,3.64016465040643,280.250317752968,458,24.1654667676239
-19.2235457156931,3.66421067589447,280.253000404203,458.5,24.1563326927316
-28.220825320245,3.64536032325771,280.258706642861,459,24.1429235570909
25.220170833402,3.75491117122549,280.252498848003,459.5,24.1549069306368
12.481515285653,3.72980231078449,280.247130562411,460,24.1608375272642
-0.64732948594597,3.70316677361364,280.244221238997,460.5,24.1605299484184
1.80851254849745,3.70831542056636,280.240932429681,461,24.161389263828
-0.745590217205683,3.70316469121204,280.238152669512,461.5,24.1610349963592
-36.9177092721967,3.62831559933628,280.246941917247,462,24.143493533076
-32.3413438684655,3.63727213837053,280.254375222906,462.5,24.1281265315154
-18.5672778832855,3.66549005840739,280.256817701524,463,24.1193042825276
-24.6086103225828,3.65277145379247,280.261136976731,463.5,24.1076114921857
15.7428552884574,3.73591296343894,280.255819842032,464,24.1150917157277
-25.2462283994338,3.6515745830225,280.259955088806,464.5,24.1030959609196
-24.3210414916607,3.6532341489497,280.264242373592,465,24.0915398090145
-4.8016162375265,3.69364316258079,280.262689510744,465.5,24.0892583192745
1.37725098671441,3.70648662899396,280.259512540502,466,24.0899127205928
-53.7372802980118,3.5927715075779,280.276297642106,466.5,24.0643794318847
28.2466397956839,3.7603016078564,280.270188451664,467,24.0778008332831
11.2835421211248,3.72680404742871,280.264920858419,467.5,24.0831622125161
-31.1608530123148,3.63916353969252,280.271265033714,468,24.0683561216246
-28.8657062012702,3.64354661213597,280.277267924765,468.5,24.0546405705935
-11.943746242472,3.67847598285372,280.277629590524,469,24.0489654951269
-39.5912199675924,3.62099273464399,280.287841230531,469.5,24.030153712243
19.2135127402638,3.74207544829908,280.282237722228,470,24.0392830199633
-24.6146992359927,3.65196775793386,280.286110277074,470.5,24.0275873364719
1.58301794679415,3.70625944201653,280.283074905634,471,24.0283395080377
12.2041983058862,3.72816721342537,280.277874873701,471.5,24.0341383373991
7.95277311055463,3.71973942971352,280.273249105927,472,24.0379171004987
11.7679954354076,3.72770531667603,280.268078866301,472.5,24.0435086679041
1.29869934090949,3.70648450400851,280.264707750615,473,24.0441257453787
-2.10573839358327,3.69954400412804,280.262170411008,473.5,24.0431252029982
1.24049415656106,3.70650216959888,280.258958875581,474,24.0437146242578
-18.5639429389184,3.66549404632178,280.260879949263,474.5,24.0348939598701
-11.8826355367712,3.67921303477836,280.261041448701,475,24.0292479211779
-17.3110808673323,3.66783038197598,280.262739260238,475.5,24.0210225546692
-36.1021089098453,3.62867777187629,280.271398178994,476,24.0038686242013
-34.106330251917,3.63233527766695,280.279540785114,476.5,23.9876629887046
-4.73770817211484,3.69307614969164,280.278065651454,477,23.9854118649056
-8.32961169721794,3.6856479778056,280.277131819886,477.5,23.9814540468115
-13.6318340523837,3.67458423404229,280.277713668707,478,23.9749768757945
-41.5276421573219,3.61656161104409,280.288793610083,478.5,23.9552450011874
-39.3842596263785,3.62042416693049,280.299373087639,479,23.9365315555866
-32.6501722359645,3.63387547173831,280.307120121421,479.5,23.9210178141124
11.9755351206791,3.72636794583394,280.302300078602,480,23.9267079940764
-39.9565218409778,3.61873252247955,280.312493755813,480.5,23.9077226378716
-26.7471239812856,3.64567137779019,280.317948997185,481,23.8950137319698
-11.1245559274309,3.678127299231,280.318070618526,481.5,23.8897278950859
40.7595524891697,3.78287911092361,280.310886124144,482,23.9090948116016
0.910354234602096,3.70388449630462,280.307295424965,482.5,23.9095273667546
-11.0646122334269,3.67906524709823,280.306989058748,483,23.9042700121391
-41.4984941874832,3.6156675126914,280.318022068918,483.5,23.8845519872007
-1.22116390445954,3.69906668960683,280.315766637421,484,23.8839717507176
-27.8025113329717,3.64363772097506,280.321035290655,484.5,23.8707613771234
-41.8970288059252,3.61408377839489,280.332570126596,485,23.8508539883129
7.54506423874017,3.7166073710447,280.328538992111,485.5,23.8544390283905
-25.75945943736,3.64735685355295,280.33298135647,486,23.8421994116639
1.55380346091379,3.70421980529596,280.329887096033,486.5,23.8429377019559
7.81774901597148,3.71729706913954,280.325267771074,487,23.8466523083067
6.77600552434,3.71535780436661,280.320776273379,487.5,23.8498719298503
20.7639691231575,3.74396766881594,280.314372100987,488,23.8597379374972
19.5231083040108,3.74180934026802,280.308003738025,488.5,23.8690143496647
-3.72791334858789,3.69450347727973,280.305587658694,489,23.8672430302515
-11.2599951032445,3.67883330522322,280.305339733654,489.5,23.8618928393928
13.1265609117223,3.72914606279329,280.300088484579,490,23.8681299296892
23.5928048036554,3.75041369841295,280.293478214282,490.5,23.8793400596612
20.9149739891022,3.74541739597074,280.287052997756,491,23.8892778173263
-14.4118811493249,3.67320437648817,280.287434083548,491.5,23.8824300066413
12.9838690384418,3.72961851645964,280.282299529748,492,23.888599296841
-13.7462588835009,3.67468264603297,280.282565635977,492.5,23.882067756823
-53.635144085751,3.59226328069066,280.299185093655,493,23.8565829981742
-13.0156507392986,3.67537584664269,280.300101035457,493.5,23.8503986068874
-4.43977656737316,3.69315079951001,280.298200443964,494,23.8482890454011
-27.4527423404588,3.64519048619751,280.303244077901,494.5,23.8352448646737
6.41574605688701,3.71534580387775,280.299253359468,495,23.8382933087974
-13.0542805530846,3.67510676200861,280.299422661101,495.5,23.8320905625403
-9.10795275674778,3.68324390028286,280.298710252417,496,23.8277629154024
-1.63577063957369,3.69875346433947,280.29612175998,496.5,23.826985678375
10.3802867430834,3.72356453561286,280.291188421696,497,23.8319178754794
-30.3979655898054,3.63910802123606,280.297180844589,497.5,23.8174742708303
51.4864453317106,3.80349253101758,280.290845521041,498,23.8419380744675
-14.4466948839094,3.67283111738928,280.291012605367,498.5,23.8350737220235
-6.06053556867443,3.69015018587414,280.289505236453,499,23.8321940562953
-4.2127509989714,3.69397018843073,280.287464587594,499.5,23.8301923660922
-13.5755451076175,3.67448782331013,280.287870261316,500,23.8237419407882
