curr_dens,Volts_tot,Temp_tot,t_tot,SOC_tot
-1.27549818811517,3.75057153537913,271,0,31
-1.27549818811517,3.75055433473077,271.000163886397,0.5,30.9993939465618
-5.0114248554351,3.74269220158038,271.000875334771,1,30.997012766179
-6.19243520560653,3.74014738792332,271.001808888683,1.5,30.9940704282893
-14.2894925600947,3.72306622414531,271.00426819354,2,30.9872807705879
-12.7744507071006,3.72606505510813,271.006504428368,2.5,30.981210985586
-32.0974489058214,3.68564510236201,271.013776193778,3,30.9659598708076
-20.2713797551084,3.70979291803294,271.017957716473,3.5,30.956327917182
-61.2707163276693,3.62629419060235,271.037143051291,4,30.9272151135443
23.9588257728214,3.80108554548063,271.036254743985,4.5,30.9385991585158
-2.42497348118333,3.74664164245243,271.036326812622,5,30.9374469314649
18.3348307777012,3.78992830142247,271.034848472964,5.5,30.9461587331241
-12.7543842626062,3.72520282224478,271.036755539094,6,30.9400984827008
-13.9037211220297,3.72264337451377,271.039188389374,6.5,30.9334921244416
-5.49410519704704,3.74017154387219,271.040047088557,7,30.930881598315
-3.15470440500328,3.74505342007307,271.040450562745,7.5,30.9293826393444
-8.08890964640309,3.73466698661868,271.041644985347,8,30.9255391909192
-3.65916827324245,3.74391082830343,271.04214686728,8.5,30.923800535754
-32.5262844355818,3.68353294921077,271.049520873369,9,30.9083456596143
6.97128102582616,3.76581226005558,271.048967223171,9.5,30.911658066385
-0.0216539434982987,3.75128878600789,271.048797166294,10,30.9116477775057
-16.7070804293698,3.71624458576451,271.051731794151,10.5,30.9037094020295
-19.0043827030231,3.71123951466542,271.05540167297,11,30.8946794625242
-21.4181284141569,3.70597296411265,271.059733706554,11.5,30.8845026308469
-30.9091605534365,3.68597710446354,271.06688456131,12,30.8698161317209
-17.6934374787397,3.71317299535144,271.070466622359,12.5,30.8614090883261
12.486325896301,3.77636967151519,271.069242238402,13,30.867341970717
-24.1697916653668,3.69967977250509,271.074025029565,13.5,30.8558576852231
-40.4993311782007,3.66566937817291,271.08458616386,14,30.83661441296
-8.71574180359331,3.73137461725648,271.086341589849,14.5,30.8324731250023
-33.6334978559112,3.67920374795968,271.094356108836,15,30.8164921559943
-13.7671338162938,3.72031335836324,271.097086226198,15.5,30.8099506972442
-37.2922259455304,3.67115954697294,271.106498598752,16,30.7922312822245
4.22249881079372,3.75771393870072,271.106177455185,16.5,30.7942376041039
-17.2200673779478,3.71267285201735,271.109287949044,17,30.7860554826885
-4.81509604944895,3.73867850136701,271.110019511782,17.5,30.7837675880108
0.175819911538387,3.74921611973368,271.109828426057,18,30.7838511289071
0.0578429818913406,3.74904281767312,271.109597538773,18.5,30.7838786130215
2.97553214864583,3.7552476399816,271.108975586664,19,30.7852924382279
-19.7127311911575,3.70756474050546,271.112648415987,19.5,30.7759259266751
-38.0696693434883,3.66920903327767,271.122334371242,20,30.7578371091359
-1.04865346312479,3.74625695882089,271.122680612039,20.5,30.7573388410531
-21.9295298468123,3.70232489105751,271.127032124492,21,30.746919016795
18.6174852987228,3.78719851145872,271.125347901427,21.5,30.7557651218549
-19.7646965072167,3.70698787769927,271.128896177846,22,30.7463739189629
3.87070618271999,3.75659004817174,271.128318641426,22.5,30.7482130864444
-17.9314660597797,3.71076112003892,271.131518210322,23,30.7396929436808
-15.9079299441307,3.71484072551033,271.134460821821,23.5,30.7321342848548
-3.37306907791349,3.74114491861883,271.13486015764,24,30.7305315698287
19.9642488519472,3.789928044441,271.132927505157,24.5,30.7400175900915
-22.0553662617205,3.70215557280737,271.137021940272,25,30.7295379746141
27.139751280505,3.8046639751487,271.135250778608,25.5,30.7424334375231
5.41225193267631,3.76015528053033,271.134053994649,26,30.7450050710406
-65.0375951693073,3.6153286258773,271.155068221904,26.5,30.7141024335211
14.0746442799063,3.77755213453074,271.154084515711,27,30.7207900059823
2.64739594617185,3.75390982094922,271.153258727355,27.5,30.7220479171502
-5.02801618765254,3.73783421722667,271.153666367408,28,30.7196588533897
-17.4934082324824,3.71154759380187,271.156750295571,28.5,30.7113468539657
-17.7854735956603,3.71075188340723,271.160056138413,29,30.7028960795757
-39.2404253054579,3.66595056444981,271.170097263005,29.5,30.684250976906
-10.6964120045121,3.72505384664753,271.172090675313,30,30.6791685727661
0.333290427095777,3.74827928543899,271.171780158432,30.5,30.6793269358364
-4.50388862733898,3.73815552133549,271.17211237319,31,30.677186911481
-13.7958126598935,3.71854897819873,271.174338275008,31.5,30.6706318259677
24.2950754459835,3.7980877051224,271.172311170873,32,30.6821756400965
-16.1583547523942,3.71385760962564,271.174790867004,32.5,30.6744979918297
26.7049699227852,3.80319890115774,271.172825602003,33,30.6871868682149
-49.1043971702273,3.64607945368913,271.186216512165,33.5,30.6638548956471
-11.6375080680054,3.7230232827205,271.188463611929,34,30.6583253293629
2.96633425627231,3.75374768109799,271.187747949015,34.5,30.6597347841873
3.10891420485866,3.75415111728727,271.186867772316,35,30.6612119859274
-7.87790986916754,3.7310870240271,271.187713548614,35.5,30.6574687941248
-2.25644751722755,3.74290212968702,271.18768778376,36,30.6563966422482
5.92474662207492,3.76014075322343,271.186522873915,36.5,30.659211787808
9.90029313087298,3.76858675517751,271.184909071852,37,30.6639159157691
-17.5521492110389,3.71098880218017,271.187769125558,37.5,30.6555760055472
-4.93674419458382,3.73739453173589,271.188271999042,38,30.6532303097082
14.5008967814186,3.77813868386185,271.186428356085,38.5,30.6601204162039
-3.55075447418632,3.74054190090303,271.186384938893,39,30.6584332738957
-7.98241048938044,3.73118636018541,271.187275660375,39.5,30.6546404285845
14.3270881839764,3.777936050061,271.18548129333,40,30.6614479498606
1.92523209254776,3.75223025195173,271.184641566152,40.5,30.662362724605
-35.4072748823725,3.67405493222437,271.192832625762,41,30.6455389447836
-8.32344099033543,3.73025929472377,271.194149767135,41.5,30.6415840587031
-53.2669986820101,3.63726309681098,271.209722625181,42,30.6162742244798
-11.5545429345869,3.72271850740905,271.211983748293,42.5,30.6107840791095
20.221474563776,3.78923222041603,271.209868198458,43,30.6203923202649
-45.2060038512738,3.65305116686038,271.221739506436,43.5,30.5989126707317
26.2034186837048,3.80126343429367,271.219923706717,44,30.6113632348592
-28.2133915627428,3.68788830377402,271.225616866225,44.5,30.5979576313711
-15.6185907431064,3.71396815128846,271.228403827495,45,30.590536452174
-26.246433604718,3.69150256042882,271.23394347246,45.5,30.5780654494907
-36.7251907470001,3.66944381729735,271.243159489129,46,30.5606154614563
-12.0966638736797,3.72055976116364,271.245303370961,46.5,30.5548677271204
-21.2037080069206,3.70127725594755,271.249418120951,47,30.5447927773794
-36.0661585171211,3.67006171992614,271.258425977936,47.5,30.527655928754
-8.48819971143247,3.72753550197255,271.259808137691,48,30.523622757506
-23.7864536224584,3.69522360040814,271.264657978626,48.5,30.5123206152257
-16.7940438789842,3.70972634900732,271.267778115048,49,30.5043409190342
-5.25690208458043,3.73402561968437,271.268279710493,49.5,30.5018431000546
-5.81509790682568,3.73287384083486,271.268746711528,50,30.4990800541227
-12.7295275798586,3.71824805469634,271.270645517538,50.5,30.4930316143615
-14.7304338203043,3.71393394184646,271.273087272116,51,30.4860324432564
-15.0047032715054,3.7132463836786,271.27562060724,51.5,30.4789029529196
-20.9997164703996,3.7004757159199,271.279727075566,52,30.468924929833
-28.2519785377976,3.68504542455448,271.286108746876,52.5,30.4555009917294
-33.0928474002604,3.67464033079323,271.294260867974,53,30.4397769129863
-55.0191758849767,3.62946023552539,271.311663400827,53.5,30.4136345311137
6.38220166988842,3.75700263113117,271.31085976208,54,30.4166670366094
-8.1607391120042,3.72641724695761,271.311671348534,54.5,30.412789458387
4.32318856207723,3.75287425764073,271.310494152236,55,30.4148436230392
6.93655424864621,3.75853995627029,271.308863073591,55.5,30.4181395293688
-21.7642098136795,3.6979928256484,271.312916987968,56,30.4077982569859
-27.1463922067386,3.68645849070627,271.318931404649,56.5,30.3948996386384
-41.3518376871939,3.65664894088267,271.330190282566,57,30.3752512975907
-12.5028331242309,3.71664603953364,271.332493054155,57.5,30.3693105717843
3.05604720448185,3.74961870572252,271.331492352533,58,30.3707626537495
34.8917499260353,3.81545607358464,271.328856961715,58.5,30.3873414816963
-5.622822201669,3.73194944879981,271.32880544399,59,30.3846697956371
-45.4057933023621,3.64867526027831,271.341248482611,59.5,30.3630952160719
-3.94013290841479,3.73499477872553,271.341723204418,60,30.3612230604559
-21.1511250888856,3.69856334667974,271.345685719741,60.5,30.351173095508
-6.1358144330904,3.73020177049117,271.346251340149,61,30.3482576609994
-11.5155359832332,3.71880061594231,271.347771576172,61.5,30.3427860497965
-34.1697823876812,3.67102828770778,271.356011599747,62,30.3265502649939
-15.0457732031282,3.71087935653478,271.358734416829,62.5,30.3194012602639
7.19820902325404,3.75795005985463,271.357143070836,63,30.3228214919569
21.7501295277791,3.78845509932411,271.354285496264,63.5,30.3331560740867
2.47005929632608,3.7485368698425,271.352935973311,64,30.3343297236794
32.4835290353947,3.81070880015345,271.350214979754,64.5,30.3497642845749
-33.2094073270316,3.67390856940664,271.357437178323,65,30.3339848223394
-0.297718633260432,3.74290827384307,271.35702380522,65.5,30.3338433612201
-14.6540337484032,3.71255565380177,271.359091334,66,30.3268804916376
-5.032824715438,3.73282684819179,271.359263358003,66.5,30.3244891431033
-26.7762512618524,3.68686946603889,271.364757752883,67,30.3117663973633
-14.2548908140518,3.71299158856963,271.367053299112,67.5,30.3049931806944
-17.3439927242491,3.70634001163353,271.369982796612,68,30.2967521761046
-16.3934099710965,3.70820191372502,271.372710919638,68.5,30.2889628412634
-15.4392682489077,3.71008973426335,271.375193005345,69,30.281626867216
-34.373510698795,3.67014500612196,271.383478561414,69.5,30.2652942808307
-8.36397850742254,3.72461849901973,271.384583161003,70,30.2613201333339
11.1320549185465,3.76584769797853,271.382424855877,70.5,30.2666095333663
-17.151517591635,3.70621429004542,271.385037794941,71,30.2584599834074
-8.5090502148434,3.7244104693157,271.385915323815,71.5,30.2544169050349
-34.0799377418007,3.67044119416825,271.393997374161,72,30.2382238099492
-4.30719453164545,3.73294813814438,271.394267975552,72.5,30.2361772448665
-7.59029871390013,3.726016216144,271.394819912647,73,30.2325707116112
-16.4631874719478,3.70716165852735,271.39745086022,73.5,30.2247482219645
15.2845115720301,3.77416884760922,271.395005389448,74,30.2320106633192
-17.1216310707556,3.70595235824619,271.397541970455,74.5,30.2238753139518
-10.7738770731862,3.71927423800046,271.39887610897,75,30.2187561022557
-23.8524853178826,3.69150330288913,271.403576856508,75.5,30.2074225849909
7.64732632214855,3.75804002073453,271.401891179255,76,30.2110562149354
-21.4731295466597,3.69649586187959,271.40568713855,76.5,30.2008532494496
-7.07208092320984,3.72684897019998,271.406282569788,77,30.1974929475702
-6.73964454300068,3.72755332898916,271.40664526254,77.5,30.1942906029604
16.3028931002764,3.77614630369421,271.404002019621,78,30.2020369286769
24.7992351154167,3.79394242231883,271.400879539885,78.5,30.21382029446
-44.3081752925867,3.6495135523646,271.412377691399,79,30.1927672485002
35.5225233961769,3.81546391701547,271.410053969844,79.5,30.2096457886958
-1.11244735019144,3.74022211108752,271.408972209767,80,30.2091172089238
-39.9578111855883,3.65853164572692,271.418911023957,80.5,30.1901312400864
-25.7497566091744,3.68759602215393,271.424439394505,81,30.1778962336623
-16.1957844657772,3.70750416344349,271.427104253505,81.5,30.1702008006533
-12.4306712022279,3.71536374316982,271.42873606669,82,30.164294362611
6.73093312713442,3.75592182828729,271.426947189522,82.5,30.1674925679883
21.3792209042508,3.78662946234888,271.423893147748,83,30.1776509127477
-1.26082961660908,3.73954552546314,271.422900842667,83.5,30.1770518290867
28.4796178017345,3.80149786891664,271.419903315835,84,30.1905839300713
6.52174523486752,3.75645410077007,271.417789099533,84.5,30.1936827397438
-7.01177792412168,3.72796406679838,271.417913975614,85,30.1903510908568
14.0164377384918,3.77222586358802,271.415415648809,85.5,30.1970110064582
11.0601801569042,3.76627319549401,271.412970941851,86,30.2022662551709
-32.5961004377131,3.67444304509019,271.419906631901,86.5,30.1867782059318
6.91027331722838,3.75736684977011,271.418325514592,87,30.190061624867
-1.97399399195499,3.73875488129347,271.417543144045,87.5,30.189123680888
-14.0458131731779,3.71319411913165,271.419252147348,88,30.1824498075379
13.2109534799515,3.77058732973359,271.416875483552,88.5,30.1887269969945
-46.7566708376209,3.6451358532433,271.429265979549,89,30.1665105474663
-36.6463193307238,3.66522293443765,271.43848059604,89.5,30.1490980352146
26.7838351075754,3.79784397281776,271.435779935312,90,30.1618243844217
-14.1374274008225,3.71251015161662,271.437266151849,90.5,30.1551069805372
-6.67712032740527,3.72820021579021,271.437512519661,91,30.1519343443317
19.76752492603,3.78371927741476,271.434633771513,91.5,30.1613268911481
-17.3562213675372,3.70586874709894,271.436935873412,92,30.1530800761139
0.729698931027849,3.74400687492961,271.435934572364,92.5,30.1534267928322
4.66368249423843,3.75237673215504,271.434210194265,93,30.1556427433028
-24.9260050780545,3.68990009123379,271.438750226629,93.5,30.1437991427249
-5.41084875669757,3.73089795113941,271.43886832149,94,30.1412281759269
-10.8638853011869,3.71931781200865,271.439876492367,94.5,30.1360661967879
-2.36822503515693,3.73725237177335,271.439296215767,95,30.1349409337821
-6.03779987316648,3.72950020748808,271.439284149663,95.5,30.1320720709281
-7.43322798632761,3.72651710824201,271.439579772414,96,30.1285401698874
-20.6596147313236,3.69844894506978,271.44304648125,96.5,30.1187237462685
16.8992072162792,3.77749547380521,271.440422755831,97,30.1267534108589
24.6118895349561,3.79364212897711,271.437237872182,97.5,30.1384477593198
10.2737360862616,3.76430739430965,271.434720527117,98,30.14332932884
31.9957379275704,3.80909710956253,271.431784755753,98.5,30.1585321156092
-7.11378926794896,3.72824150299307,271.43164026389,99,30.1551519959944
-34.653337782832,3.67024042318818,271.439338602355,99.5,30.138686449666
-0.0748200102698995,3.7426350977422,271.438637655473,100,30.1386508989103
-27.363078396182,3.68501364746061,271.443911387543,100.5,30.1256493220394
14.6602994623613,3.77331261995421,271.441511976818,101,30.1326151687782
25.754770405686,3.796391115346,271.438376050733,101.5,30.1448525575097
-35.7517568171833,3.66788069200406,271.446166123771,102,30.1278650969689
-20.0037507497785,3.70034877393563,271.449687346868,102.5,30.1183603073646
9.71446767610247,3.76294789385677,271.44758192314,103,30.1229761402918
-11.6036031080197,3.7180842721062,271.448533946723,103.5,30.1174626839619
-8.83549117231311,3.72384065140885,271.449108757305,104,30.1132644970472
-49.2986141463058,3.63936722950984,271.462795861723,104.5,30.089840242211
-4.46584678219516,3.73242977046131,271.463022633383,105,30.0877182934525
-4.47584580065022,3.73242286240157,271.462695256825,105.5,30.0855915936566
5.61003572353401,3.75376447936359,271.460835169784,106,30.0882572042159
-39.347969183232,3.65920316329696,271.47031740579,106.5,30.0695610020327
8.81508335036188,3.76018888268925,271.468485546581,107,30.0737494921632
-27.1564077838973,3.68428742795013,271.473682975932,107.5,30.0608461149105
-6.7497544175468,3.72716476023394,271.474031981007,108,30.0576389665901
22.5993470415571,3.78871590503834,271.470941777014,108.5,30.0683770547372
39.1674319197891,3.82240823927991,271.468094978313,109,30.0869874745726
34.1059988846446,3.8128736820099,271.464967496264,109.5,30.10319295262
-19.4855849912551,3.70163732708451,271.46752911351,110,30.0939343696685
6.41996942580511,3.75616237244235,271.465710171769,110.5,30.0969848205276
-26.1615997413656,3.68745582381267,271.470421857091,111,30.084554126686
15.0908557980596,3.77410263801766,271.467916302913,111.5,30.0917245524278
0.37182694813637,3.74345071841378,271.466546868709,112,30.0919012261405
-35.9017731863188,3.66710379992328,271.474575916302,112.5,30.0748424852661
-4.03345229922679,3.73372661551272,271.474456030126,113,30.0729259889069
30.3761007616335,3.80525798572798,271.47142167696,113.5,30.0873592044747
13.5354052070667,3.77112631325762,271.468525048398,114,30.09379055729
6.38349974489975,3.75635510165,271.466394590517,114.5,30.0968236795666
3.11247910220445,3.7495727250854,271.464716946275,115,30.0983025751689
-23.2612913290215,3.69390440620995,271.468548692835,115.5,30.0872499639476
-46.3418771248319,3.64576634965086,271.480912278935,116,30.0652306038062
-10.4885176630792,3.71999324613635,271.482197303673,116.5,30.06024698074
-34.1512645172105,3.67009931636062,271.489823868792,117,30.0440199947104
-29.8132381372344,3.67870782324192,271.496308221251,117.5,30.0298542235278
-12.8135753479137,3.71423518283647,271.497940032293,118,30.0237658484383
0.861592710518879,3.74315464721584,271.496728909852,118.5,30.024175234535
33.3335324628069,3.81040332258323,271.493603097009,119,30.0400136748749
-21.0690120578893,3.69728329667587,271.496635609927,119.5,30.0300027259642
-6.72443139659364,3.72742687226015,271.496792240414,120,30.0268076098866
23.6288131014899,3.7909648631635,271.49365090616,120.5,30.0380348492147
-29.3719988702469,3.67993733185742,271.499241528397,121,30.0240787330338
8.97078205012195,3.7605712446168,271.497179756966,121.5,30.0283412034594
-35.8098056859931,3.66632855784823,271.505152768975,122,30.011326160977
17.4016344393033,3.7779133001362,271.502509291488,122.5,30.0195945540491
-7.22235051175229,3.72639013665808,271.502364967536,123,30.0161628515189
33.6779268524922,3.81129936678359,271.49937021509,123.5,30.0321649309811
6.58971556947976,3.75603149526703,271.496989301076,124,30.0352960367834
4.35287990241525,3.75143461760189,271.495073824869,124.5,30.037364309287
-68.9170258604253,3.60026975728349,271.517941617302,125,30.0046183588326
-26.2179249704911,3.68594937607764,271.523702421041,125.5,29.9921609020375
-22.3316393119746,3.69383398989744,271.527713537368,126,29.9815500153176
-38.852154958429,3.65903553970306,271.537313768893,126.5,29.9630893994476
5.18658278619144,3.75149035795287,271.535729319615,127,29.9655538061863
11.6050695734831,3.76512936381365,271.532952486507,127.5,29.9710679593078
-17.1583656421494,3.70448147629297,271.535101072589,128,29.9629151554951
-32.1947413942465,3.6726314201258,271.542147044433,128.5,29.9476178121546
0.848152579396364,3.74217744715067,271.541068820528,129,29.948020812168
12.2630502037531,3.7663097115221,271.538258566147,129.5,29.9538476050306
1.31016771107594,3.74347355903918,271.536625027723,130,29.9544701317055
-31.8682340871653,3.67336982095622,271.543304140111,130.5,29.9393279284334
-15.109158432109,3.70832158223823,271.545422029479,131,29.9321488061882
1.59574146207183,3.74367178724162,271.544010858826,131.5,29.932907023337
-7.56527312036964,3.72432041666838,271.54403412453,132,29.9293123810018
35.1911752404543,3.81311122815059,271.540884508184,132.5,29.9460334809981
-21.8446054538895,3.69455926219317,271.544058001993,133,29.9356540085969
15.639848973856,3.77350594420244,271.541233663723,133.5,29.9430852886503
-15.3983966221341,3.70822204603293,271.54283424208,134,29.9357687347716
-32.1460051793131,3.67276277591623,271.549747272573,134.5,29.9204945484618
-38.4585235372211,3.65921157445045,271.559272374393,135,29.9022209667079
5.41855713963729,3.75140315971755,271.55758941424,135.5,29.9047955961469
-15.4948774547727,3.70716123838852,271.559365771592,136,29.8974331993647
-15.0130839919026,3.70804333808361,271.561244157448,136.5,29.8902997269255
-19.6463216258791,3.69807693434227,271.56435145947,137,29.8809647699023
-20.1237150873397,3.69686782355523,271.567665972582,137.5,29.8714029791985
-22.3687133832495,3.69191128394983,271.571655130836,138,29.8607744767199
-10.4142994263454,3.71709204987402,271.572564622237,138.5,29.8558261184764
40.3263683108948,3.82223745167269,271.569551014383,139,29.8749872073688
-14.7544280739603,3.70846034340254,271.570825407298,139.5,29.8679766353852
25.8269166553519,3.79359665297018,271.567467190121,140,29.880248304434
-29.3426644167324,3.67792020705765,271.573015777611,140.5,29.8663061265295
22.7324548466505,3.78731986433788,271.56986670604,141,29.8771074608997
6.46799312286023,3.75378139801942,271.567379013939,141.5,29.8801807302362
14.6280848740309,3.77101171930127,271.56427562007,142,29.8871312702014
-2.8115457450687,3.73451342509508,271.563189720755,142.5,29.8857953631956
-35.2863629785319,3.6659501655672,271.570987843058,143,29.8690290347102
-10.8508029252114,3.7170048469606,271.572039639353,143.5,29.863873271667
0.180361684219811,3.74035085598278,271.570709394742,144,29.8639589705883
-42.5418954562298,3.65042296082847,271.581384076201,144.5,29.8437451731492
-52.337583748297,3.6298220586428,271.597023631622,145,29.8188769507771
-20.4214073603892,3.69545275852847,271.600873370903,145.5,29.809173711479
23.7570932769076,3.78847223956166,271.597460319445,146,29.8204619031802
-7.66875409881153,3.72283105850069,271.597218288391,146.5,29.8168180918196
16.5034527009567,3.77383434415459,271.594010788565,147,29.8246597135049
-15.1505633905599,3.7071793828103,271.595501950565,147.5,29.8174609176783
17.5001906822024,3.77604096985102,271.592324795031,148,29.8257761397859
-6.54034462962806,3.72565300164395,271.591867403434,148.5,29.8226684926041
18.4232708367532,3.77819716613204,271.588575425798,149,29.8314223165902
-35.8342049910175,3.66407262746848,271.596391363821,149.5,29.8143956807689
-25.7331846262762,3.68475373748463,271.601432086701,150,29.8021685485286
3.02225325210097,3.7455150732236,271.59979057088,150.5,29.8036045732847
-16.1111471452045,3.70495477408224,271.601647750215,151,29.7959493557301
-73.1510352490166,3.58797464362546,271.627757249028,151.5,29.7611916141409
-14.797904879539,3.70662442710591,271.630394988948,152,29.7541603841369
-18.5453531396989,3.69854916973411,271.633195695285,152.5,29.7453485526991
-14.2875820345483,3.70746273716561,271.634905484364,153,29.7385598027846
-28.1417512086925,3.67794826924233,271.640639382054,153.5,29.7251882392374
-25.933269912993,3.6823072166534,271.645853824118,154,29.7128660363987
-3.2962793649913,3.73029619273939,271.645245398971,154.5,29.7112998080332
-3.25487535949123,3.73044879051698,271.644355225061,155,29.7097532527963
-28.8743233348985,3.67596412951534,271.650212388087,155.5,29.696033607331
24.0088241810551,3.7875126009214,271.646713695399,156,29.7074414090648
-42.7913764163733,3.64705493413649,271.65752465786,156.5,29.6871090706548
-26.5154259053781,3.68055875625697,271.663108203112,157,29.6745102561799
-7.98182063524962,3.71979450548669,271.663429340814,157.5,29.6707176911382
6.80518266939465,3.7512944491646,271.660968278607,158,29.6739511762131
-31.235356955843,3.67053909305488,271.667526091344,158.5,29.6591096847451
23.6907305829317,3.78644058654235,271.664006319498,159,29.6703663441876
-12.6922255385496,3.71003157575623,271.664822871963,159.5,29.6643356285052
-42.737552216561,3.64654943953234,271.675997182815,160,29.6440288646837
1.3449783119817,3.73941839964713,271.674722974254,160.5,29.6446679316286
-21.0588277537792,3.69170707874247,271.678027484836,161,29.6346618217937
8.29250630950311,3.75409829903809,271.675485824047,161.5,29.638602009249
30.2022718587482,3.79970484044075,271.671480384801,162,29.652952629949
2.19656786550498,3.74185369062314,271.669270524002,162.5,29.6539963299868
-8.51521634786443,3.71912256494604,271.669246685164,163,29.649950321774
-36.2914544268045,3.66021224667812,271.677656451957,163.5,29.6327064237134
-20.551338311959,3.69296169518013,271.681192034193,164,29.6229414476754
-6.35843743400734,3.72306691284585,271.681002183219,164.5,29.6199202337652
-57.7662695955744,3.61541839186905,271.699070938524,165,29.5924725692948
-20.8641162897063,3.69134565757808,271.703124391378,165.5,29.5825589766844
-3.52778269733906,3.7282558687446,271.70239466391,166,29.5808827494245
-28.9101338747734,3.67414472945637,271.708290112838,166.5,29.5671460885678
-29.0762708970219,3.67347166949774,271.714589783602,167,29.5533304876433
1.47387504360178,3.73844645459301,271.713058895738,167.5,29.5540307999181
-4.6339663692655,3.72552711039913,271.712275241656,168,29.5518289690753
-5.61801944752706,3.72346539341319,271.711740823144,168.5,29.5491595650466
31.4965041890205,3.80123133895603,271.707718313975,169,29.5641251407194
-1.33634792360694,3.73317127405373,271.706007560297,169.5,29.5634901745068
-18.2794042425844,3.69701632961026,271.708414594587,170,29.5548047087863
-7.28875142732167,3.72033933178487,271.70832698351,170.5,29.5513414558364
15.4421262210193,3.76855271808794,271.704840281885,171,29.5586787878502
46.084779568411,3.83069913988586,271.701583684171,171.5,29.5805759879921
12.9634067519455,3.7642729188388,271.697937900769,172,29.5867355555289
-16.9230657561787,3.70100374916629,271.699699326678,172.5,29.5786945545444
6.13097837886854,3.74990995886802,271.697276417497,173,29.5816076912001
25.1200942951509,3.78962354378209,271.693319807501,173.5,29.5935435133417
0.978728762056017,3.73948953332435,271.691239414869,174,29.5940085566768
-9.44996828995807,3.71733143754066,271.691297996208,174.5,29.5895184007312
-20.6522745909502,3.69338740942115,271.694297942025,175,29.5797054647827
-3.21637231459345,3.73029766107132,271.693364592426,175.5,29.5781772042819
-17.5710002928526,3.69970321002057,271.695477132562,176,29.5698283369615
29.3546655034976,3.79819290713034,271.691729319693,176.5,29.5837762171868
-11.5838447708424,3.71274334836667,271.692032373678,177,29.5782721490382
29.9789526479152,3.7997560310468,271.688282574814,177.5,29.5925166595322
1.47633480819555,3.7408792653,271.68609476691,178,29.593218140565
3.3023258803802,3.7447971737663,271.683875671067,178.5,29.5947872419346
28.9006111950319,3.79808305841567,271.680055562963,179,29.6085193780864
25.2040391481133,3.79093502664227,271.676096681203,179.5,29.6204950866561
12.5490232184188,3.7650731731078,271.672732221808,180,29.6264577597029
-30.3844676303235,3.67441594132647,271.678349021923,180.5,29.6120205686143
12.2622820887923,3.76425990480407,271.675504933456,181,29.6178469965067
-10.3780495499265,3.7165259011191,271.6756222578,181.5,29.6129158624055
-19.863178332756,3.69625080502617,271.678311395093,182,29.6034778658375
-7.16432059949233,3.72300164116676,271.67809907861,182.5,29.6000737362416
12.3651858683312,3.76425898651282,271.674975348406,183,29.6059490589031
-6.30282611897269,3.72497386208839,271.674266787603,183.5,29.6029542687299
-22.3674920500432,3.6907769166396,271.677646791168,184,29.5923263465682
-16.5352115384488,3.70286832273897,271.679636995333,184.5,29.5844696346595
-27.6952459330062,3.67904021954676,271.684846792991,185,29.5713102282599
-16.7323711874667,3.70192345407894,271.687003317914,185.5,29.5633598358707
-27.4561157179611,3.67900767937122,271.692208708033,186,29.5503140522817
12.7174426035845,3.76396456443559,271.689221028804,186.5,29.556356749862
-14.8068229901313,3.70577694762805,271.690451851458,187,29.5493212824144
-59.2041846618409,3.6133042163005,271.708913214226,187.5,29.5211903920658
-19.2232920561447,3.69543591702157,271.7122937041,188,29.5120564377
12.8099998197379,3.76338994038032,271.709142842048,188.5,29.5181431138759
-20.9606579597105,3.69183474037309,271.712083133535,189,29.5081836494551
8.3845224785792,3.75411928738514,271.709403891921,189.5,29.5121675584274
-6.71782980914822,3.7221967254022,271.708832905431,190,29.5089755790965
-30.5052191591678,3.67157606571487,271.714999562909,190.5,29.4944810128741
-7.05840315954431,3.72109900738615,271.714943844769,191,29.4911272099892
-20.8387636888864,3.69166173058145,271.718069434684,191.5,29.4812256636765
3.85854058756181,3.74415411930017,271.715965991478,192,29.4830590506709
5.12457832432457,3.74696770213935,271.713422678168,192.5,29.4854939959666
-11.1697569369881,3.71236808732719,271.713854679257,193,29.4801866818061
-28.0739831686251,3.67629523284455,271.719266901148,193.5,29.4668473182683
-32.254078425856,3.66713051937437,271.72640166725,194,29.4515217809152
-21.5143318229431,3.68949483135317,271.730097050441,194.5,29.4412992381526
-0.921557129438475,3.73331844420257,271.728763530726,195,29.44086135994
10.2720524466504,3.75716385381114,271.725619065477,195.5,29.4457421294781
0.966533732911161,3.7376412688042,271.723615411813,196,29.4462013783406
-20.6251696599251,3.69159926111772,271.726580955006,196.5,29.4364013213102
-31.5794889335697,3.66813978023655,271.733385077488,197,29.4213963154052
-23.3126867693615,3.68527352337687,271.737625032432,197.5,29.4103192836212
2.42068614892817,3.74006412153744,271.735746509722,198,29.4114694735447
-40.0974697725566,3.64976927550901,271.745626253285,198.5,29.3924171458778
-8.5022849376719,3.71637037960097,271.746046566952,199,29.3883772820293
39.1317829226103,3.81559277053023,271.742197966843,199.5,29.4069707632305
19.9277588926286,3.77718227983222,271.737969407138,200,29.4164394452756
-4.32426550249207,3.72627413631084,271.736765101307,200.5,29.4143847689147
7.3170505422426,3.75104717485785,271.733960320501,201,29.4178614681997
5.9516981443699,3.74830507033375,271.731221648086,201.5,29.4206894197852
2.63250596244603,3.74138822639864,271.728958580917,202,29.4219402559718
1.53262022664747,3.73913228160745,271.726895482928,202.5,29.4226684810422
-20.8925184843807,3.69134510925003,271.729829695382,203,29.4127413931185
-3.955699064647,3.72727167264008,271.728967375177,203.5,29.4108618412376
-1.88090903211338,3.73170530189228,271.727541408028,204,29.4099681266118
10.9148695994609,3.75887773528111,271.724337835507,204.5,29.4151543309591
-54.8572391726075,3.62058467100486,271.740381731486,205,29.3890888933755
-25.5614451617936,3.6806714665786,271.745562317698,205.5,29.3769433632055
40.3367149057194,3.8183348291175,271.742039283111,206,29.3961093682864
11.1667233154269,3.75927595399588,271.738448680586,206.5,29.4014152410204
-1.12647277550014,3.73340977258257,271.736710040355,207,29.4008799970624
1.82490544762937,3.73972297521062,271.734612178601,207.5,29.4017471015642
10.4324569124844,3.75801299958875,271.731405506824,208,29.406704087344
-21.0682591085608,3.69114652191432,271.73425118938,208.5,29.3966934961974
0.793450214305528,3.73754057321774,271.732534742194,209,29.3970705043616
-49.3607150994557,3.63175884535821,271.746070288257,209.5,29.3736167422345
-6.01650083271052,3.72245536597546,271.74597515031,210,29.3707579996274
-6.85626937010626,3.72065084874801,271.745506185492,210.5,29.3675002406877
16.2799885007256,3.76966637630156,271.741844556867,211,29.3752356832752
-27.6251866139277,3.67663617021436,271.746727412497,211.5,29.3621095655872
23.7541015131843,3.78512093327364,271.742943602998,212,29.3733963357507
34.5093524747895,3.80729335031885,271.738804028494,212.5,29.3897934674064
-17.8805793730173,3.69796944878999,271.740523692725,213,29.381297503471
-1.6056246661418,3.73248932631936,271.739139216148,213.5,29.3805345903141
-6.96013944471394,3.72108379337853,271.738595809845,214,29.3772274774698
-10.6538274779048,3.71314074868903,271.73891210645,214.5,29.3721653073836
-16.2723118235771,3.70103983746425,271.7406559175,215,29.3644335123721
-17.6979644572357,3.69781936277313,271.742864297201,215.5,29.3560243179818
-38.3871507236701,3.65388612747686,271.752028691446,216,29.3377846490467
-14.4534316440556,3.70407798504268,271.753723581014,216.5,29.3309170956286
-23.7648361471398,3.68407653957928,271.75777075844,217,29.3196252248998
-9.17467135744895,3.71500417940607,271.758021282611,217.5,29.315265876394
2.92798758989613,3.74083211917853,271.75582010708,218,29.3166571107857
-32.0828201279638,3.66626168899762,271.762470084306,218.5,29.3014129468766
11.9250741971366,3.75965707866499,271.759407202011,219,29.307079150314
23.5252998959201,3.78404740383049,271.755167502335,219.5,29.318257205304
12.1169451788352,3.76064634709502,271.751555257598,220,29.3240145763096
-9.24630118511578,3.71541802982831,271.751370543225,220.5,29.3196211928646
0.485408053287761,3.7361330454631,271.749535850553,221,29.3198518346816
-10.8000938494123,3.71207401112522,271.749820088222,221.5,29.3147201660746
-12.8852568133608,3.70751517707401,271.750726871958,222,29.3085977315102
-47.8513184749878,3.63370050989066,271.763856769339,222.5,29.2858611597502
23.017052004251,3.78279631613339,271.760275267603,223,29.2967977205656
-45.5057743673461,3.63830769893316,271.772027597007,223.5,29.2751756349602
-9.72941740937115,3.7133764693603,271.77266828254,224,29.2705526986617
-14.7163921098497,3.70263651221789,271.774075397514,224.5,29.2635601994805
-6.57931576541599,3.71995712876581,271.773626939835,225,29.260434035149
54.4560997265954,3.84474653051638,271.771224597345,225.5,29.2863088711757
19.6201081166258,3.77619441902073,271.766883366256,226,29.2956313728402
-55.5468859406725,3.6182733094624,271.783051821189,226.5,29.2692382493384
8.32381304263497,3.75212102562671,271.780637671763,227,29.2731933121997
-9.22801928985745,3.71487285971447,271.780442280511,227.5,29.268808615404
-14.4637036415833,3.70359515121042,271.781677406753,228,29.2619361812424
11.64168960983,3.75910221276459,271.77837634485,228.5,29.2674677343878
16.4108954719134,3.76930672706908,271.774445733938,229,29.2752653774713
55.183388317383,3.84685403352468,271.772199838117,229.5,29.3014857849423
-26.9861509360134,3.67817409331774,271.776373203442,230,29.2886633052941
15.9502464846609,3.76900347454824,271.772905969937,230.5,29.2962420708401
-19.3175930436593,3.6943447099045,271.775070687187,231,29.287063309325
-13.2865102794085,3.70696749466497,271.77604268449,231.5,29.280750219027
11.0853615590666,3.75868871800678,271.772806931744,232,29.2860174326923
-15.71346231493,3.70183655500953,271.774076222612,232.5,29.2785511752326
-12.456387507658,3.70861121632569,271.774823961697,233,29.2726325180782
-37.291882877302,3.65583404915977,271.783355444673,233.5,29.2549132660675
0.94393389893956,3.73665973401778,271.781708942582,234,29.2553617766104
4.92178031436422,3.74519389860957,271.779030390339,234.5,29.2577003623563
-19.7305165422211,3.69267443027007,271.781493919251,235,29.2483254000873
-17.476760849222,3.6972563661344,271.78362040058,235.5,29.2400213106736
5.1201607495012,3.74535449508224,271.781107404849,236,29.2424541569569
38.8089919699988,3.8148913023534,271.777159418956,236.5,29.2608942639169
2.84571426661771,3.74120615134882,271.774484454834,237,29.2622464061085
-37.4623725215144,3.65562988828662,271.782828956402,237.5,29.2444461458799
-10.0188741355516,3.71334357642245,271.783290584519,238,29.2396856741104
-0.937725778141318,3.732675002883,271.781617331209,238.5,29.2392401133583
-7.05755111736495,3.71963793481085,271.781011390891,239,29.2358867153216
-31.6857085253344,3.66712198376431,271.787437391032,239.5,29.220831239138
-21.3360460226033,3.6886674733256,271.79083742199,240,29.2106934089397
39.8257498644654,3.816453278127,271.787116225376,240.5,29.2296166287912
9.40517154315254,3.75464702998197,271.783581287357,241,29.2340854995459
24.0645198335938,3.78536235163344,271.779354826545,241.5,29.2455197650897
-16.8659331326289,3.69918318865784,271.780783918021,242,29.2375059106926
-25.9515781925005,3.67963419729792,271.785290175568,242.5,29.2251750086681
1.71686210920792,3.73835816211651,271.783354292724,243,29.2259907763374
-16.454636459563,3.69960100798061,271.784922812811,243.5,29.2181723497074
-11.786999758114,3.70939959604013,271.785529401342,244,29.2125717523911
20.431628716247,3.77754038455399,271.781576217688,244.5,29.2222798483701
12.5344854408163,3.76136404253272,271.777882006939,245,29.2282356137865
-14.3980659051846,3.70425852777555,271.778793018239,245.5,29.2213943674198
5.09751176271189,3.74570302336114,271.776246990201,246,29.2238164520286
-20.3671491604418,3.69146424167431,271.778841675773,246.5,29.2141389935344
-20.2739783766741,3.69141064362075,271.78171469331,247,29.2045058051728
-19.9813883276646,3.69179380500054,271.784532293148,247.5,29.1950116410817
-50.9159897322781,3.62670368283734,271.799101227341,248,29.1708188896347
21.6748147773303,3.7793615398003,271.795505862978,248.5,29.1811176859328
2.06121467768528,3.73844964540042,271.793033701895,249,29.1820970728531
-24.120208551915,3.68256365178192,271.79685027363,249.5,29.170636346794
-8.57327263818219,3.71552679212669,271.796835363873,250,29.1665627531132
9.07079235558834,3.75311121832651,271.793696591611,250.5,29.1708727434727
-15.0292074464084,3.70183526779433,271.794857300007,251,29.1637316099681
-25.2492286217561,3.67985530407987,271.799248559539,251.5,29.1517344296032
4.35903018286254,3.7428856242876,271.796901605308,252,29.1538056244148
7.76692734042102,3.75024536753515,271.793787837661,252.5,29.1574960828276
2.50602092689623,3.73922397666311,271.791364454582,253,29.1586868196025
-1.83531063677754,3.7300436038157,271.789706799309,253.5,29.1578147710713
7.02059587488382,3.74892961370476,271.786759476112,254,29.1611506098108
-7.80659798318377,3.71743535522658,271.786226182628,254.5,29.1574413018774
-17.9880716325616,3.69557440585658,271.788337016366,255,29.1488942629549
-73.3999943731247,3.58105018181364,271.814768340009,255.5,29.1140182283453
-4.02352301828314,3.72433270686182,271.814556294457,256,29.1121064498876
-28.9279716646374,3.67105390931307,271.820171326968,256.5,29.0983613133985
-27.0452493536778,3.67471284664474,271.825476284509,257,29.0855107531152
-30.835718437914,3.66634603410275,271.832118757287,257.5,29.0708591500377
-8.13553048696164,3.7146231544888,271.832159552897,258,29.0669935497027
-54.1266023070246,3.61737389341417,271.848595284635,258.5,29.0412752744974
-9.99328032044336,3.70995273113764,271.849432216579,259,29.0365269636386
-44.886588449742,3.63563362527841,271.861693940575,259.5,29.0151990844521
-11.5734129700407,3.70600525569616,271.862800710049,260,29.0096999729775
-29.6425033509952,3.66715203742607,271.868993627379,260.5,28.995615326492
-4.49582877426296,3.72094732285189,271.868247291761,261,28.9934791317788
11.2472157019586,3.75471028793869,271.864660897526,261.5,28.9988232505002
-38.0865580807243,3.64931698651806,271.873754542995,262,28.9807264082712
-24.2221177893305,3.67833653076113,271.878402523984,262.5,28.9692172600001
-23.3009503182937,3.68007753523342,271.882591274915,263,28.9581458047953
-16.6578114198134,3.69417146374533,271.884756275943,263.5,28.9502308395073
-13.4063527328843,3.70108351559913,271.885941483657,264,28.9438608060231
-34.498695929046,3.65573725460374,271.894022967391,264.5,28.9274687378291
-13.510559276275,3.70041964359652,271.895490982904,265,28.921049190567
1.44905439509112,3.7326807120615,271.893366930316,265.5,28.9217377093015
-6.09053564202169,3.716562572813,271.892551395557,266,28.9188437890273
-16.3555755478027,3.69440376983995,271.894385408509,266.5,28.9110724312263
0.593219497735472,3.73090039867185,271.892421614078,267,28.9113542996911
1.61627418134785,3.73321953950906,271.890083669488,267.5,28.9121222729692
-32.6538920177088,3.65957607838604,271.89717947388,268,28.8966067640393
-11.7185629350065,3.70420991589032,271.898087963569,268.5,28.8910386845049
24.7258468219228,3.78181597824318,271.893490696543,269,28.9027871798131
-4.59927864922959,3.7200114338242,271.892083345728,269.5,28.9006018308533
-4.1898495917442,3.72092161282701,271.890855462749,270,28.8986110222624
7.18198178225106,3.74537240670416,271.8876856501,270.5,28.9020235435758
-23.2387917555803,3.68007152132883,271.891325305313,271,28.8909816230352
2.54134465178414,3.73539131318278,271.889066343712,271.5,28.8921891438911
-20.1025300938712,3.68669651748032,271.89179095967,272,28.8826374192448
-4.57300292281513,3.72001522258709,271.890819673514,272.5,28.8804645552062
-0.969905687270005,3.72780986397154,271.888960723183,273,28.8800037041584
-13.9760316491814,3.69981829146102,271.889985320237,273.5,28.8733629875253
-23.1065930442187,3.68002663675099,271.893841281514,274,28.8623838812515
24.4028572326662,3.78128115879528,271.889409178226,274.5,28.8739789079363
-11.209906800364,3.70589424790737,271.889470440343,275,28.8686525165533
-6.70314556239894,3.71554410721155,271.888824079486,275.5,28.8654675144477
-0.967925779665764,3.72789448914034,271.886972985745,276,28.8650076041537
0.981026151092689,3.7321499951856,271.884714506684,276.5,28.8654737390941
-11.7518542610041,3.70479489518976,271.885114358847,277,28.8598898411737
-28.8303686412091,3.66797499875736,271.890817502331,277.5,28.8461910807974
2.5739835492803,3.73526438693637,271.888617292464,278,28.8474141100376
22.72055460307,3.77798207364268,271.884005922115,278.5,28.8582097900026
-15.5785927491453,3.69665812882235,271.885180145227,279,28.8508076158672
-0.740095967934747,3.72850155280163,271.883375851412,279.5,28.850455958993
18.0841569297323,3.76858951915772,271.879079981531,280,28.8590486528801
-9.35547859293036,3.71031985259252,271.878708620681,280.5,28.8546033937492
-1.25637463697014,3.72769489050002,271.876924784158,281,28.8540064268735
-10.330264437162,3.70819183589815,271.876970324382,281.5,28.8490979978863
-35.0760602003371,3.65507126040989,271.884892419526,282,28.8324315948442
-34.6253933474224,3.6555438064459,271.893050147351,282.5,28.8159793263247
-35.2249120484504,3.65381274006148,271.90152227081,283,28.7992421962716
-11.3834832392282,3.70459199205392,271.902331298747,283.5,28.7938333299792
25.018075710642,3.78207429626452,271.897704152212,284,28.8057206779524
-1.02689562062498,3.72735342354789,271.89555177371,284.5,28.8052327481166
23.4635075294847,3.77930169303538,271.890930074747,285,28.8163814424407
-41.5730444407078,3.64098023875349,271.901140284694,285.5,28.7966279949218
-19.3516412149691,3.68774386611459,271.904136679939,286,28.7874330554054
27.1269098215515,3.78658935626946,271.899560545341,286.5,28.8003224166903
-58.4973326403377,3.6056874278064,271.917794648132,287,28.7725273873425
-29.2712613251165,3.66592217013222,271.924364470196,287.5,28.7586191366436
6.53235492949072,3.74278421075189,271.921498455754,288,28.7617229875164
12.5545950841667,3.7557911857849,271.917487415693,288.5,28.7676883080373
-2.61635885128236,3.72356118402727,271.915692324984,289,28.7664451441566
-7.45708268884999,3.71315213728864,271.915057802652,289.5,28.7629019085451
25.7556258325765,3.78364964589831,271.910361779358,290,28.775139703733
5.577576624389,3.74159798246146,271.907073415103,290.5,28.7777898913393
2.9893837440121,3.73618710821523,271.904343756219,291,28.7792102981364
5.81333655186877,3.74232493892286,271.901223928454,291.5,28.7819725071599
16.3489705217243,3.76478474731668,271.896953977497,292,28.7897407265803
30.5484195212503,3.79440111685701,271.892159487571,292.5,28.8042558194708
36.9206156467331,3.80764659328063,271.887529177141,293,28.821798663719
21.7881106815635,3.77729040765145,271.882857798666,293.5,28.8321512926081
-20.82338150733,3.68683888361526,271.885280455461,294,28.8222570551447
-42.3382359396967,3.64095456797873,271.895904785801,294.5,28.8021400266006
11.4675676395452,3.75518497412467,271.892642376556,295,28.8075888456271
-28.2841965482299,3.6702220051083,271.897624662425,295.5,28.7941495991238
-47.671787777166,3.62902664776156,271.910887370397,296,28.7714983314416
7.65902727867024,3.74639821055996,271.908107971502,296.5,28.7751375211
-6.22681916339849,3.71678873689142,271.907047735483,297,28.77217884566
-17.8605565840728,3.69169029846516,271.909017161923,297.5,28.7636923955602
-4.15791239684186,3.72103595993136,271.907803498985,298,28.7617167619393
14.4288823146059,3.76072478807753,271.903757687866,298.5,28.7685726507344
-0.532417033722266,3.72909821771963,271.901524760186,299,28.7683196725829
-12.7943198625854,3.7027373579418,271.902059005994,299.5,28.7622404467445
-5.9327959634296,3.71740070214903,271.901148987433,300,28.7594214765372
-28.0559465169991,3.66979718809601,271.906325406737,300.5,28.7460906831211
-23.9796685748822,3.67816093470638,271.910459402305,301,28.7346967346844
-26.2331447531115,3.67304262510545,271.915325184295,301.5,28.7222320462039
-22.3772101131464,3.68100804600977,271.918996511024,302,28.7115995065009
25.7131726290117,3.78340904148442,271.914443826665,302.5,28.7238171300333
-0.579068841224432,3.72825297131876,271.912129280442,303,28.7235419852582
12.1453012854277,3.75548909473569,271.908250871165,303.5,28.7293128296784
-14.545970566318,3.69842181822637,271.909132810551,304,28.722401306357
-29.2209015049316,3.66673952178459,271.914850798897,304.5,28.7085169841454
5.50482764456248,3.74111444518797,271.912109942712,305,28.7111326050469
16.2416767000822,3.76403612870372,271.907801320296,305.5,28.718849843768
-16.448755893186,3.69427090613571,271.909160888227,306,28.7110342112913
-28.3415790010515,3.66853743638411,271.914595269274,306.5,28.6975676994942
49.7850365831586,3.83157454087957,271.911185917759,307,28.7212230781321
29.2498172052009,3.79148388495218,271.906142759894,307.5,28.7351211396495
-30.3160672158923,3.66532665509721,271.911633446842,308,28.7207164490432
23.3461232285605,3.77939561249508,271.907354878335,308.5,28.7318093681731
-12.5470333942618,3.70340401078241,271.907555633729,309,28.725847640592
-24.9209025251194,3.67666637380315,271.911657682549,309.5,28.714006464494
-32.1692819091971,3.66087015021552,271.918483312875,310,28.6987212182373
-22.3445483124644,3.68144374364257,271.92211614649,310.5,28.6881041978011
-6.01184731765391,3.71641288475859,271.921329695898,311,28.6852476663134
-38.5272925968617,3.64666826519105,271.93052305075,311.5,28.6669414089153
-3.05023486495925,3.72232955282636,271.929348166192,312,28.6654920886854
-49.4055235819396,3.62339375786165,271.943396384589,312.5,28.6420170357911
-10.8815659294815,3.70482932829786,271.944155375145,313,28.636846655695
-17.8033884415293,3.6897978981139,271.946271962341,313.5,28.6283873690594
25.9104193593642,3.78296999954344,271.941554010776,314,28.640698714449
-19.5887684562084,3.68626902932351,271.943767402877,314.5,28.6313911038358
-12.3455308659605,3.70171593612191,271.944440249208,315,28.6255251202559
0.560146991287285,3.72951620360762,271.942235377917,315.5,28.6257912743071
-14.9806010786014,3.69601536095541,271.943377590439,316,28.6186732361362
-32.1915186983384,3.65884476217739,271.950298284034,316.5,28.6033774240609
-36.5930216186697,3.64905187280988,271.959240814445,317,28.585990236237
-19.461309544631,3.6853525213691,271.962228319911,317.5,28.576743187773
11.7079659022023,3.75246284876822,271.95846967806,318,28.5823062321233
-1.40324618974305,3.72457888047379,271.956377560581,318.5,28.5816394791747
-26.1936721450469,3.67101815295637,271.961032131277,319,28.5691935461186
36.109879164146,3.80307495968288,271.956357235199,319.5,28.5863511686257
-11.8198922328615,3.70242973798107,271.956339448308,320,28.5807349424377
12.6741870324492,3.75502855139812,271.952395347599,320.5,28.5867570871173
-6.3002037644986,3.71453546449371,271.95125394379,321,28.5837635429568
-50.8105553253871,3.61949311973443,271.965992048676,321.5,28.5596208887073
-61.8200520169841,3.59604789926451,271.987244503055,322,28.5302470680126
8.73469994104101,3.74552971757122,271.984392070204,322.5,28.5343973639363
-11.2924885005862,3.70249574677714,271.984512801668,323,28.5290317338278
-20.4887926856763,3.68249072987872,271.987441983868,323.5,28.5192964763674
15.2678419157096,3.75942567199639,271.983254394563,324,28.5265509971288
0.276689182503537,3.72763666269966,271.980758491434,324.5,28.5266824660967
-20.7459024462102,3.68217715553019,271.983577085005,325,28.516825042838
-0.405204839385142,3.72605144933572,271.981583844175,325.5,28.516632509608
-22.1181108244347,3.67908058172774,271.984858435564,326,28.5061230810283
-28.6794954190394,3.66468760713828,271.990652835639,326.5,28.4924960081196
-15.6925209068348,3.69243547417609,271.992388964867,327,28.4850397009778
-6.38950948622787,3.71252868912322,271.991591852775,327.5,28.4820037231704
22.948570900607,3.77523452927208,271.986688890064,328,28.4929077451639
6.11131197312395,3.73996468245868,271.983161254977,328.5,28.4958115373195
-31.0768610427895,3.65975054689353,271.989419871239,329,28.4810453552436
-68.1817661708916,3.58200858639018,272.014036896136,329.5,28.448648763704
-33.1209184491716,3.65394560774761,272.022359261772,330,28.4329113469917
21.5440079870818,3.77141815307007,272.017738436218,330.5,28.4431479903947
1.2202399819809,3.72847966474529,272.014974585478,331,28.4437277878758
-34.5495611027809,3.65114330358482,272.022741117623,331.5,28.4273115510755
29.5243178247219,3.78807529274656,272.017856817195,332,28.4413400416643
-33.9317264903928,3.65263788254951,272.025055212349,332.5,28.4252173692098
-8.84118237277923,3.70650796694266,272.024997126742,333,28.421016478119
-16.1133100398746,3.69066333472059,272.026558286367,333.5,28.4133602328642
-10.0589774935758,3.70370660412187,272.026581495581,334,28.4085807059691
-42.3097311600458,3.63412783172135,272.03778653341,334.5,28.3884772214817
-17.9518214653819,3.68595847407019,272.040393757763,335,28.3799474068396
-22.0559193540518,3.67688821645199,272.043974349386,335.5,28.3694675285602
-23.3097706783201,3.67395278081763,272.048039074375,336,28.358391882358
26.6973464878681,3.7813195499727,272.042963664851,336.5,28.3710771364653
-48.3916842891232,3.6206854510926,272.056637425532,337,28.3480838096879
20.088504868072,3.76745405510497,272.052216743495,337.5,28.3576288702429
-15.6995127956766,3.69064677648342,272.0533643304,338,28.3501692409025
0.649336654903932,3.72612191792806,272.051003616329,338.5,28.3504777734554
27.9600132918055,3.78417764078539,272.045653211224,339,28.3637629841639
-36.9120573393494,3.64538390101727,272.054033276822,339.5,28.3462242063987
2.01763527969838,3.72924736131823,272.051673703282,340,28.3471828865518
-13.2195356735666,3.69624243317305,272.052252675208,340.5,28.3409016192628
-34.7758444373957,3.64947376117106,272.060266834208,341,28.3243778638519
-8.87269449613188,3.70521230266469,272.060204487923,341.5,28.3201619997641
-10.5190873813172,3.70160494179625,272.060226577433,342,28.3151638514848
16.6897284146114,3.76029837705638,272.055577274186,342.5,28.3230939821447
0.513170176177082,3.72590769754756,272.052879251588,343,28.3233378151447
-21.1776329987028,3.67881073636296,272.05579536678,343.5,28.3132752549535
0.332003575610086,3.72540141580168,272.053529408812,344,28.3134330065759
-0.355855633213931,3.72400540068134,272.051149833167,344.5,28.3132639216395
18.9731106053361,3.76547207153276,272.046243414085,345,28.322279002196
17.2599637623664,3.76217203750107,272.041323334891,345.5,28.3304800803933
-17.6442988299616,3.68717643262141,272.042910799101,346,28.3220963852458
-12.4129739199786,3.69835561958541,272.043429987902,346.5,28.3161983560737
10.0818314517093,3.74693809633097,272.039547578809,347,28.3209887420355
22.4431842251457,3.77326344745111,272.034391736148,347.5,28.3316526293623
15.6210647967167,3.75926742168394,272.029634644013,348,28.3390749841069
-8.44859862517837,3.70776261191536,272.028780671089,348.5,28.3350606293297
-3.81063735413262,3.71775374735807,272.027152057098,349,28.3332500035745
22.6947212244345,3.77429738745056,272.022179873902,349.5,28.3440334088
-29.4193129386304,3.66270888959684,272.027472918644,350,28.3300548113219
-15.3638159125392,3.69267917823991,272.028894030595,350.5,28.3227546884803
-22.395798576478,3.67726942683028,272.032270533635,351,28.312113316462
12.2664588095413,3.75196512509678,272.028274237289,351.5,28.3179417289249
-40.3479832134026,3.63877941118384,272.038068944862,352,28.2987703697035
-20.9803307044935,3.6797810241484,272.041380909264,352.5,28.2888015577707
-5.43326756377468,3.71336136117002,272.040283028112,353,28.2862199386682
-1.87553594701998,3.72109445359959,272.038257559795,353.5,28.2853287770659
-13.3671936519582,3.69616245580242,272.038869824612,354,28.2789773500335
-22.4613144510561,3.6762824035657,272.042321069788,354.5,28.2683048481231
-12.9804005327446,3.69664281680228,272.043098378598,355,28.262137205985
-14.9256627127693,3.69230580198554,272.044302019764,355.5,28.2550452717991
-36.6300589740255,3.64524255685956,272.053064016028,356,28.237640485662
-32.6819196013333,3.65320820300325,272.060618751574,356.5,28.2221116594154
-2.38889104889043,3.71870198409207,272.059065283113,357,28.2209765769456
0.274644021104814,3.72456750580058,272.056606339274,357.5,28.2211070741543
13.1862238257404,3.75247428721345,272.052191263443,358,28.2273725133065
-8.43950409556125,3.70598183363829,272.051423718172,358.5,28.2233624797985
-19.3356723257325,3.68219215901739,272.053869377644,359,28.2141751279057
-29.1048709267703,3.66079109803023,272.059785744439,359.5,28.2003459376664
-44.2979119839648,3.62789702681985,272.072201940861,360,28.1792977683215
-24.7233498499841,3.66933265698944,272.077038874063,360.5,28.1675504594504
-15.7872150300725,3.68857635717485,272.078756591241,361,28.1600491583607
-4.7302499608973,3.71265744755276,272.077493437953,361.5,28.1578015783335
-4.62730016770628,3.71293260285031,272.076067433839,362,28.1556029149388
8.19683404943163,3.74082445911796,272.072289316879,362.5,28.1594976436842
-3.49046174121796,3.71567975991232,272.070457493652,363,28.1578391494905
-34.9043636093796,3.64735842299219,272.078486006636,363.5,28.1412543281473
-0.630761504650242,3.72156366809954,272.076578792764,364,28.1409546215839
-40.0544255537607,3.63596762726996,272.08680803886,364.5,28.1219227463936
-15.8519386557373,3.6878987539138,272.088744865543,365,28.1143906918491
-20.5797957983948,3.67743960599276,272.091826407613,365.5,28.1046121942259
5.59308065727217,3.73445901147343,272.088608490841,366,28.1072697485791
-40.8704084021327,3.63356224563488,272.099202157538,366.5,28.0878501588351
6.66309257610576,3.73651222269994,272.096073070095,367,28.0910161297494
-23.6695075059863,3.67043976725852,272.099910578427,367.5,28.0797695544598
-24.3588218947152,3.66868305312989,272.104364414551,368,28.0681954511822
-57.2983466214502,3.59801038559175,272.123566182915,368.5,28.040970120487
-32.5613077918806,3.64975753443103,272.131769681522,369,28.0254986029864
-25.9325304779726,3.66382790071296,272.137092621608,369.5,28.0131767514906
-25.5740564593047,3.66436097879468,272.14220390146,370,28.0010252290579
20.0425300000682,3.76363517513906,272.137196037584,370.5,28.0105484446374
-21.1900476850675,3.67423446819012,272.140158366512,371,28.0004799856033
-36.533002324837,3.64059525552445,272.149419896881,371.5,27.9831213159692
8.49318582104965,3.73875668557956,272.145873502546,372,27.987156856369
0.945290486800422,3.72256939800157,272.14308526701,372.5,27.9876060114952
-2.23221860935114,3.7157498174284,272.141008676798,373,27.9865453719932
-17.1347229453968,3.68308106432639,272.142837566287,373.5,27.9784038020166
2.3249300609142,3.72568398866436,272.140048408914,374,27.9795084933993
-24.170978459736,3.66767882336864,272.144123377815,374.5,27.9680236439997
-19.2844885234318,3.6781386523054,272.146906151225,375,27.9588606121096
-16.3456491937281,3.68443484630985,272.148724595174,375.5,27.9510939708194
-25.3879335533615,3.66445829695864,272.153513325518,376,27.9390308847547
1.53037348162466,3.72338762564415,272.150981144445,376.5,27.9397580422834
5.23204333184941,3.73161245350891,272.14745457102,377,27.9422440496173
-58.7736157761076,3.59313289495547,272.167151086054,377.5,27.9143177442348
-16.4261336743166,3.68346884913217,272.169611869393,378,27.9065128607138
-23.7222812679416,3.66730377498218,272.173872082439,378.5,27.8952412099516
23.1361648547899,3.76923521785143,272.168507820224,379,27.9062343672822
7.06849881187547,3.73525301248967,272.1644403233,379.5,27.90959296712
-15.0772851847725,3.68687808646009,272.165500929692,380,27.9024289894602
2.05670857942004,3.72443438437099,272.162674219165,380.5,27.9034062353062
2.85203231683957,3.72630899944551,272.159507759089,381,27.9047613795217
-3.48173512637305,3.71258618377856,272.157603938516,381.5,27.9031070317822
29.9944986374993,3.78428852807106,272.151824156818,382,27.9173589289589
8.38469423524376,3.73901912694493,272.147513298938,382.5,27.9213429195414
-6.34125530674331,3.70710092740926,272.146157852625,383,27.9183298697253
-36.9107944609622,3.64033329016314,272.155015592092,383.5,27.9007916920173
17.6674281697065,3.75868813223641,272.150306373738,384,27.9091863770792
-22.5238552512387,3.6714844144759,272.153490445463,384.5,27.8984841588843
-10.4125638993289,3.69780823829146,272.153512645874,385,27.8935366252771
-17.9048278144684,3.6812870912701,272.155535515251,385.5,27.8850291396858
6.63594253198408,3.73488686674749,272.151938598836,386,27.8881822102465
10.0103160429723,3.74236399767372,272.14758972941,386.5,27.8929386156352
10.0312545827445,3.74262138538089,272.143215423644,387,27.8977049699788
16.6449642596485,3.75698842036931,272.138112859643,387.5,27.9056138309338
-37.7935713292316,3.63893744062432,272.146988095598,388,27.8876562014687
0.968698170153649,3.72301396517318,272.144623800836,388.5,27.8881164787643
-8.29820124507381,3.7028278893568,272.143810047046,389,27.8841735853582
-17.621158145302,3.68232728806601,272.145668529777,389.5,27.8758008855156
-3.58398354289739,3.71295318745789,272.143980430809,390,27.874097954403
-16.6579062762042,3.68429563266082,272.145512111247,390.5,27.866182944044
-26.1341004024004,3.66337787153157,272.15033138496,391,27.8537653165236
-22.2127856922157,3.67163508553747,272.153954962282,391.5,27.8432109031454
-36.3391204314371,3.64062273091699,272.16292125114,392,27.8259443565649
-30.8596811694933,3.65201263627199,272.169933577777,392.5,27.8112813675865
-18.4923403487477,3.67874334348458,272.172518713308,393,27.8024947251961
-3.25916893155997,3.71215827029246,272.170819902955,393.5,27.8009461298668
-30.5213298419009,3.65228810234076,272.177296407031,394,27.7864439086475
-41.6170267831746,3.6278546303275,272.188892363348,394.5,27.7666695629022
-60.7937368785111,3.5865918692176,272.210659405899,395,27.737783396227
7.86959172566138,3.73510209828299,272.207446047008,395.5,27.7415226356606
1.81868809873028,3.72212445895202,272.204379941747,396,27.7423867859868
-33.810481526332,3.64380894803926,272.212227979652,396.5,27.726321723122
4.13925660551933,3.72701966853598,272.209203026742,397,27.7282884924367
-29.7925541600944,3.6524021455116,272.215410104349,397.5,27.7141325492535
-33.8475275293246,3.64317652290668,272.223725987629,398,27.6980498839666
1.76452396336166,3.72136465975436,272.221146997814,398.5,27.6988882981837
-31.3515081853858,3.64842063319035,272.228047964414,399,27.6839916174159
-42.4866718774699,3.6238131276373,272.240286688958,399.5,27.6638040594808
-32.3136698578612,3.64535972025805,272.248310876269,400,27.6484502072366
-55.5324374041863,3.59488279235131,272.267426074781,400.5,27.6220639489623
-27.5041797721506,3.65479485667689,272.273896912338,401,27.6089953277201
-40.2381007140952,3.62657737282307,272.285389169707,401.5,27.5898761792091
-46.8769116105728,3.61165845758269,272.300374499268,402,27.5676025972329
-19.2942864964143,3.6717287636076,272.303819072237,402.5,27.5584349098324
-7.57556629110059,3.69782298963794,272.303262068613,403,27.5548353766933
-14.2782753980816,3.68293288786509,272.304448024018,403.5,27.5480510488306
47.6212440085634,3.81519440640807,272.298430475126,404,27.5706783006223
-11.7196405734853,3.68957657394204,272.298172248704,404.5,27.5651097090476
-30.7323102955803,3.64735317075272,272.30502325246,405,27.5505072403873
8.14397884283304,3.73320952945321,272.301092182788,405.5,27.5543768549616
5.57537364299891,3.72782806073622,272.29713373467,406,27.5570259958205
-37.7704878492344,3.63217112200646,272.306705017628,406.5,27.5390793344794
-10.0358400008266,3.69304055008282,272.306855228806,407,27.5343108013726
-20.2303294176014,3.67034447963469,272.309783434388,407.5,27.5246983528302
-13.5308748991411,3.6850932615815,272.310703791855,408,27.5182691525923
-12.2345564071306,3.68792793279136,272.311153509707,408.5,27.5124558985678
16.0830142873224,3.75028811958925,272.30585730405,409,27.5200977487846
3.3760672794624,3.72291953649284,272.302193560062,409.5,27.5217018884073
-55.8161265071476,3.59327104264799,272.320663886582,410,27.4951808351503
-51.0127466017101,3.6025488234998,272.33764433192,410.5,27.4709421096408
-23.9291415302298,3.66100811329899,272.342554449507,411,27.4595721691481
-3.04250475440427,3.70740702656892,272.340728486257,411.5,27.4581265218831
22.9161801292638,3.76417006625039,272.3346002855,412,27.4690151533896
-17.689405205425,3.67539806835641,272.336264927714,412.5,27.460610025931
-11.5313212133948,3.68898934180443,272.336485308917,413,27.4551309143702
-36.2783415754492,3.63408462782361,272.345640976087,413.5,27.4378932468858
3.87671868614075,3.72279921368056,272.342442825808,414,27.4397352712105
4.29274734098048,3.72391292016173,272.338659392979,414.5,27.4417749717052
8.46737668592159,3.73327099775418,272.334139120693,415,27.4457982488849
25.6030697880055,3.77031779574249,272.327760700323,415.5,27.4579635570115
-44.5567525693436,3.61708396044541,272.340051049495,416,27.4367923994661
9.81615609894074,3.73639192376915,272.335910582683,416.5,27.4414565496853
-10.2338195471854,3.69236154585599,272.335361093818,417,27.4365939465235
-21.1018808643762,3.6681523674453,272.338389596236,417.5,27.4265673799871
-45.1941874365235,3.61505866644555,272.351645621122,418,27.4050933450277
8.84375291375286,3.73379621382087,272.347657012213,418.5,27.4092954575119
19.2044103135079,3.75646477207465,272.341698866291,419,27.4184204402108
7.9723493408752,3.73251206757304,272.337081581081,419.5,27.4222085049635
12.8718156408379,3.74338118009542,272.331864344551,420,27.4283245529497
-17.0977728634861,3.67755811765481,272.333222877405,420.5,27.4202005398183
-27.3386993116765,3.65470483209914,272.338494002511,421,27.4072105466784
-15.1312396313617,3.68143556170094,272.339765857568,421.5,27.4000209325432
-22.6018375665225,3.66471849872759,272.343352753052,422,27.3892816610223
-52.2528679113083,3.59976410661157,272.360190362662,422.5,27.3644536914115
-20.2020621348982,3.66907338978266,272.363592831864,423,27.3548546740789
-23.6896931018388,3.66113670213436,272.367771734784,423.5,27.343598507596
-26.448981243371,3.65476636186419,272.373043489107,424,27.331031264327
-16.874819345559,3.67581902892269,272.374993901244,424.5,27.3230131876425
-6.41090780410428,3.69909475016139,272.373771362538,425,27.3199670424164
-33.4037659841415,3.63902861767027,272.381629545369,425.5,27.3040952305926
-27.2161712361619,3.65230460477475,272.387386887289,426,27.2911634567134
-9.04722646647796,3.69262605740502,272.387024308881,426.5,27.2868646636949
-13.5219589680439,3.68262950936319,272.387711751486,427,27.2804396998651
5.15955323314712,3.7242255734929,272.383867739777,427.5,27.2828912635016
-19.7873592759341,3.66880561434528,272.386367554464,428,27.2734892923866
10.3468902958434,3.73569007884055,272.381712692604,428.5,27.2784056211567
21.0897424972725,3.75918192652396,272.375463986224,429,27.2884264201434
7.21759032736431,3.7294993742546,272.370878716314,429.5,27.2918558608703
-17.7014052389393,3.67435447717097,272.372520387426,430,27.2834450315913
4.14468618040234,3.72279201306453,272.368879540041,430.5,27.2854143807705
-48.0533148696324,3.6076453152039,272.383177802663,431,27.2625818303485
-2.06518910681141,3.70861417357251,272.381257593344,431.5,27.2616005549768
-34.7308201086135,3.63602754838052,272.38950913929,432,27.2450981928926
-43.9104015838643,3.61544878261501,272.402489695064,432.5,27.2242341492583
-42.9852622856464,3.61679373397724,272.415302424261,433,27.2038096859054
-50.4147100081733,3.60001801852723,272.432001566258,433.5,27.1798551177056
28.3701624572014,3.77302929533395,272.42584018767,434,27.1933352109425
-7.0605714817942,3.69614985861741,272.42424699707,434.5,27.1899803777784
6.60005902304046,3.72659552509877,272.419966133403,435,27.1931163982765
-3.51402955181619,3.70436239527097,272.417637391862,435.5,27.1914467058288
5.4240137662295,3.72429316371267,272.41352093914,436,27.1940239279859
-18.5893074607432,3.67093673533585,272.415492590931,436.5,27.1851912116362
13.8332165990812,3.74277165107407,272.410234689264,437,27.1917640696452
-8.77436941571286,3.69308342686194,272.409137786297,437.5,27.1875949247558
-34.4324658884498,3.63591737629321,272.41727677049,438,27.1712343257902
10.7562349735988,3.7359801771608,272.412652928312,438.5,27.176345154836
0.904079819780179,3.71452646102841,272.409263864373,439,27.1767747286985
-14.94112907895,3.67930036258362,272.410068751384,439.5,27.1696754456629
4.11072427158484,3.7216443386671,272.406316613925,440,27.1716286578285
-12.8760658211877,3.68398913911242,272.406457873963,440.5,27.1655105903675
-42.8458155517061,3.61749989537776,272.418439900527,441,27.1451523851821
-3.78195552936522,3.70368411224777,272.416779104594,441.5,27.1433553876065
-19.8544895011076,3.66780019823774,272.419283919575,442,27.13392151954
-13.3796977067797,3.68210724594502,272.419910356191,442.5,27.1275641512013
-3.72141078530315,3.70364662325206,272.417833674648,443,27.1257959214834
-18.8198112511676,3.6699241140538,272.419987389193,443.5,27.116853681172
-31.1122545753548,3.64233755023668,272.426945940458,444,27.1020706818459
43.2595495076537,3.80363037861236,272.420489767029,444.5,27.1226254728743
-35.2715592800039,3.6337125862918,272.42843631839,445,27.1058661783718
-17.6987207616307,3.67230019572593,272.430582533537,445.5,27.0974566246232
-46.8508760543975,3.60767039927609,272.444718793543,446,27.0751954134512
22.340375622356,3.76004252742416,272.438855218817,446.5,27.0858104512323
-15.4334429176844,3.67711243137717,272.439610823541,447,27.0784772450932
41.2683233587624,3.79960448625201,272.432889467796,447.5,27.0980859042768
-6.0669511231341,3.69874244505042,272.430770406517,448,27.0952031901955
-4.97942292099254,3.70117193084009,272.428801190184,448.5,27.0928372155437
-27.6018573600503,3.65070040113927,272.433977341248,449,27.0797221827593
-25.47674531753,3.65506539200178,272.438689148304,449.5,27.0676168977519
-9.22707205746172,3.69111055085612,272.438112462132,450,27.063232651034
-25.1819950807036,3.65539132873729,272.442520003798,450.5,27.0512674167111
24.669319724117,3.7652015528953,272.436194475486,451,27.0629890531478
-21.1995947222655,3.66454999853003,272.438755140738,451.5,27.0529160578355
27.8443816793981,3.77212061231314,272.432230943824,452,27.0661463261404
10.9709584248278,3.73639916585978,272.426839812994,452.5,27.0713591811139
-16.7941916004883,3.67502082236047,272.427975191831,453,27.0633794147324
-52.1928954020771,3.59700570285406,272.444526713843,453.5,27.0385799410817
-17.2984875643723,3.67296618674046,272.446742357756,454,27.0303605582856
-14.7928354653878,3.67842698706089,272.447674410061,454.5,27.0233317370156
-37.0205818972857,3.62881810489889,272.457019237339,455,27.0057413937664
32.0479369174293,3.78025786738291,272.450463331505,455.5,27.0209689829051
-27.4300665131833,3.65028116922656,272.455239583765,456,27.0079355766054
-29.549622266243,3.64520936310126,272.461542166663,456.5,26.9938950626019
-8.04806557375246,3.69296494553732,272.460681227335,457,26.990071021253
-7.98256915651992,3.69311669201534,272.459525241755,457.5,26.9862781005511
-43.7295261765736,3.61356171197715,272.471943364945,458,26.9654999999338
-15.7848801416031,3.67503096663935,272.473612389955,458.5,26.9579998082672
-3.79319481003259,3.7018571527675,272.471498008682,459,26.9561974703433
46.9585024962652,3.81000207826902,272.464743458751,459.5,26.9785098202591
-11.9651254236093,3.68449090786846,272.464129297851,460,26.9728245864666
2.67372808292266,3.7170907659295,272.46046612965,460.5,26.974095009359
-54.5963013876532,3.59053469195967,272.478170626732,461,26.9481535564609
-30.6310327194868,3.64200033647931,272.485363823547,461.5,26.9335992098785
19.2553484210812,3.75255316343389,272.479425634257,462,26.9427483958381
-44.8198070192226,3.61085358278549,272.492028456861,462.5,26.9214522478732
-49.3597822794821,3.60023857300829,272.507904860351,463,26.8979989289758
-4.36642187050515,3.69973096869646,272.506377804076,463.5,26.895924222001
-17.334430975553,3.67063280893087,272.508007265937,464,26.8876877606797
-25.1966377091229,3.65282462080478,272.512608075174,464.5,26.8757155689065
19.8117629275934,3.75284883838423,272.50646505413,465,26.8851291354256
1.88202709235471,3.71387461674496,272.502600499207,465.5,26.8860233812981
-15.5188987893851,3.67498423665855,272.503482992072,466,26.8786495707699
-13.8512705971214,3.67861403376463,272.504058812876,466.5,26.8720681343971
-26.2669079865913,3.65062662074294,272.508947296873,467,26.8595874033037
-23.8797539314367,3.65566575213924,272.513134682536,467.5,26.8482409293469
17.4834233723584,3.74771640880186,272.50721911731,468,26.856548184461
22.1679709764163,3.7581442887102,272.500421123393,468.5,26.8670813041104
8.40694862822782,3.72862519193753,272.495303467285,469,26.871075868876
-23.5860037644566,3.6573222843595,272.49878589481,469.5,26.8598689704203
-3.85984926606184,3.70131823416375,272.496659647041,470,26.8580349616068
-26.5053085066088,3.65055900887651,272.501416351811,470.5,26.8454409544177
-33.1153166664491,3.63548267317344,272.509199363353,471,26.8297061993945
2.16135524640745,3.71416336091268,272.505868969887,471.5,26.8307331681432
20.6924928319467,3.75493476189903,272.499342708195,472,26.8405652138038
6.23525438063646,3.72376646366523,272.49460720782,472.5,26.8435278972405
11.6265822470005,3.73580984768328,272.489141706968,473,26.8490522721168
-24.7735470314645,3.65487974102361,272.492985888143,473.5,26.8372811120363
-14.6598956148568,3.67723573418204,272.49384287616,474,26.8303154571858
-12.8727098624985,3.68112369164281,272.494043922386,474.5,26.8241989843098
24.4807618245041,3.76335351973963,272.487424444544,475,26.8358310273903
-35.4999351979083,3.63102094484089,272.495482543664,475.5,26.8189632199855
-6.73007535255573,3.69485564300307,272.49423050268,476,26.8157654221801
-1.74904209834869,3.70601171422199,272.491394976237,476.5,26.814934364177
-21.0245552105105,3.66284680286648,272.494078995161,477,26.8049445389538
-26.8219810132034,3.64962178361236,272.499166868424,477.5,26.7922000647055
-13.445203917062,3.6793167582276,272.499735926711,478,26.7858115710666
-16.0387390804254,3.67338696105124,272.500951839547,478.5,26.7781907582309
-29.7883787994341,3.64239837702664,272.507230704536,479,26.7640367989718
18.5316790533558,3.74978859255478,272.501281686844,479.5,26.7728421331623
-11.6715421340292,3.68316079322693,272.500796479616,480,26.767296395579
1.1117869842567,3.71176716127186,272.497392648603,480.5,26.7678246615778
-25.8543795615112,3.65135465370409,272.501856653044,481,26.7555399435189
-9.99663823801828,3.68669257065082,272.501400606542,481.5,26.7507900371443
-44.0542834200197,3.61059775515211,272.514025607215,482,26.7298576280021
-8.65038763579481,3.68911165933196,272.513494833401,482.5,26.7257473931016
-21.713584104358,3.65965384719769,272.516651374507,483,26.7154301755433
1.94811097030235,3.71271427982351,272.51320924651,483.5,26.716355821195
6.03490205834559,3.7219678775311,272.508677618394,484,26.7192233071512
-14.3835505842874,3.67636304035357,272.509153625584,484.5,26.7123889577446
-5.22592346884179,3.69688556767914,272.50727112063,485,26.7099058582659
4.98335825130491,3.71976226121866,272.50301530984,485.5,26.7122737027914
-2.2915986503164,3.70369734497484,272.500189406234,486,26.7111848488409
-3.99107670508725,3.69995521075368,272.497846011159,486.5,26.7092884872609
-40.2793953737397,3.61872670795189,272.508530032946,487,26.690149717577
-15.3703177858349,3.67384353581021,272.509931646456,487.5,26.6828465053679
-48.0543413121114,3.60086350562781,272.524760702614,488,26.6600134672314
-13.5703539145429,3.67712988218014,272.525781859747,488.5,26.6535655085247
0.378543180562994,3.70852048327962,272.522581032244,489,26.6537453734576
-4.32245080389656,3.6980907868152,272.520320683588,489.5,26.6516915593515
34.3567486574301,3.7823294960337,272.513068172169,490,26.6680161812467
-11.6077398557856,3.68239701797709,272.512414539388,490.5,26.6625007593395
8.12844895746499,3.726510039562,272.507644302901,491,26.6663629948831
-4.64146029194162,3.69823106351587,272.505326934947,491.5,26.6641576033001
-52.40704084572,3.59189011343123,272.522100710803,492,26.6392563783622
-7.76353559757631,3.69051841649073,272.521418609404,492.5,26.6355675315373
-13.491743485706,3.67759227418109,272.521782758812,493,26.6291569246051
-25.1573844210004,3.65118180323316,272.526248570566,493.5,26.6172033840464
-24.3907901375238,3.65260338761862,272.530613109984,494,26.6056140910463
-11.7772995196051,3.68083299530013,272.530706825704,494.5,26.6000181028019
21.9704528849765,3.755747257304,272.524117662304,495,26.6104573716567
-18.6122988788341,3.66583194085924,272.525815761886,495.5,26.6016137309262
-20.768817798117,3.66076994020486,272.528721027615,496,26.5917454194295
-15.9709884932528,3.6713906048761,272.530050110302,496.5,26.5841567983104
-8.4666530363573,3.68823511008722,272.529059313481,497,26.5801338649731
10.8570508457921,3.73149026332891,272.523786509674,497.5,26.5852925967181
-24.0821010268371,3.65325536639512,272.527554486466,498,26.5738499774637
-51.9208571982682,3.5911598635481,272.544594729124,498.5,26.5491797628667
-19.7116790789134,3.66206897477426,272.547727892879,499,26.5398137512254
-19.9022610487662,3.66145751048825,272.550468086748,499.5,26.5303571844903
11.8795827221629,3.73286031570185,272.545141241081,500,26.5360017726365
