curr_dens,Volts_tot,Temp_tot,t_tot,SOC_tot
-38.6656561585818,3.80866989209556,310,0,59
-38.6656561585818,3.80822047944127,310.006958902121,0.5,58.981627999104
26.731559473856,3.90110820926507,310.005741934549,1,58.9943295095243
-1.50879090689022,3.86107255942827,310.00572450006,1.5,58.993612606964
-21.0739389354921,3.83308422367904,310.008815508661,2,58.9835993170456
-8.45468346564055,3.85090765412413,310.010000901954,2.5,58.9795820710542
2.87842102200966,3.86706387385002,310.009743152446,3,58.9809497538727
9.2873710414481,3.87627821644946,310.008866109288,3.5,58.9853626516753
-7.86292717345281,3.85183532355254,310.009738246651,4,58.9816265789061
-37.9314849909779,3.80893469836176,310.016585423496,4.5,58.9636034197133
1.1842687629685,3.86434462550516,310.016730787199,5,58.9641661254562
-19.4971606265191,3.83479254637644,310.019523918788,5.5,58.9549020423373
27.4561857010861,3.90171660010774,310.018070139775,6,58.9679478591788
-6.18685944495122,3.85396255779926,310.018589863629,6.5,58.9650081706139
-31.7644970608928,3.81741347000113,310.023943617578,7,58.9499152580283
21.0735507622374,3.89258483700761,310.022686285252,7.5,58.9599283635062
-42.5968131226346,3.80203333663371,310.030550233681,8,58.9396884719175
-18.9823044906646,3.83512145684393,310.033611182684,8.5,58.9306690228829
-24.5456884628967,3.82702613561735,310.037540615866,9,58.919006129886
15.5910341096572,3.88424093894956,310.036376526775,9.5,58.9264142155385
16.079029741276,3.88513330922165,310.034908670629,10,58.9340541724967
15.1686642468528,3.88401857287924,310.033499226323,10.5,58.9412615689519
-24.0770326685158,3.82807013808526,310.037026771591,11,58.9298213579299
-16.2427590730483,3.83901103550851,310.039403025762,11.5,58.9221036049188
-8.35088157167227,3.85015987862182,310.040477976728,12,58.9181356804359
-5.83008995909138,3.85371487679319,310.041143038994,12.5,58.9153655110248
-9.51108444648288,3.84841546947319,310.042300889596,13,58.9108463157147
12.7548249252121,3.88022212893389,310.041168059485,13.5,58.916906775519
-26.7924193762573,3.82383243592092,310.045281563199,14,58.9041763474935
-32.1758150811124,3.81592207887138,310.050920330333,14.5,58.8888879969978
-48.086906965812,3.7931582773677,310.060840263087,15,58.8660394852788
8.56733105249997,3.87342767824457,310.060281269202,15.5,58.8701102558129
9.31998621928275,3.87465282314157,310.059192089703,16,58.8745386507293
0.105062784599811,3.86159867140741,310.05896680091,16.5,58.8745885713504
2.42818084758237,3.86496433744216,310.058556611482,17,58.8757423223827
-45.7991372137683,3.79634596320515,310.067472892081,17.5,58.8539808453118
24.2832246938651,3.89581558162294,310.066080593766,18,58.8655190285513
-3.01511195171739,3.85708977311528,310.066108308694,18.5,58.8640863969867
-31.8722369355928,3.81588580267975,310.07145317806,19,58.8489422917597
7.35738356168143,3.87165636431615,310.070807633008,19.5,58.8524381552938
-2.04880210309609,3.85830378273845,310.070812943368,20,58.851464666213
-4.20363491079382,3.85523155224555,310.071149914222,20.5,58.8494673075226
-8.05055709644352,3.84971275142456,310.0720220276,21,58.8456420823258
12.3422666727625,3.87885577074792,310.070807040108,21.5,58.851506514923
-17.226573479673,3.83669688023148,310.073022013961,22,58.8433213021309
16.8443657263599,3.88528897473424,310.07162546629,22.5,58.851324908767
-19.1569577295674,3.83399215527472,310.074151587148,23,58.842222473181
1.86561831406989,3.86389640482966,310.07390616484,23.5,58.8431089224164
-64.2409362709918,3.77041023627434,310.088652746159,24,58.8125848176685
-17.5336605841574,3.83554447440744,310.091615171398,24.5,58.8042536923246
-10.7463129999752,3.84513934353375,310.092975980172,25,58.7991475777082
-20.441181017992,3.83122509410657,310.095963898102,25.5,58.7894349429494
7.49427004457668,3.87107270961511,310.095135448375,26,58.7929958481468
-32.3042433247809,3.8143214576558,310.10051743449,26.5,58.7776464749234
14.1963063060304,3.88051610313723,310.099286884456,27,58.7843918551415
8.90525217099916,3.87314728566814,310.098077441052,27.5,58.7886231890207
1.81401908153785,3.86312719510267,310.097565602964,28,58.7894851208616
-14.5533236831183,3.83974771656407,310.099351421147,28.5,58.782570103704
15.6695698006908,3.88288059048203,310.097900242192,29,58.7900155056192
-28.1327838233911,3.82046138997052,310.102217405052,29.5,58.7766482029284
-25.6965330840757,3.82366132118715,310.106368712673,30,58.764438485682
30.0867782497523,3.90311615990531,310.104588090675,30.5,58.7787342295508
-12.0395832620648,3.8433013738258,310.105762074148,31,58.7730136170887
-3.19387125982344,3.85586800254747,310.105961369814,31.5,58.7714960479724
6.48248631708797,3.86972006019813,310.105058136134,32,58.7745762037555
2.44549461703504,3.86403691047615,310.104475935654,32.5,58.7757381814318
-11.4823753762208,3.84415001011153,310.105729277503,33,58.7702823265037
-2.05803007019352,3.85754542165195,310.10578180628,33.5,58.7693044527509
-29.3254615164473,3.81861016202142,310.110469860257,34,58.7553704488109
-0.160096160208052,3.86000250745407,310.110443080475,34.5,58.7552943790609
-23.1776365845167,3.82712548933137,310.113818861601,35,58.7442815164225
-7.5792469647027,3.84921988693009,310.114690048715,35.5,58.74068023441
-4.81387373871948,3.85314871460482,310.115048990907,36,58.7383929205137
4.29313029528961,3.86618414897931,310.114335297667,36.5,58.7404328029693
-17.8787136456871,3.83453757526357,310.116655080271,37,58.7319377255349
42.4188301750269,3.92028373595007,310.115068664958,37.5,58.7520930484599
-18.6415464155199,3.83377926130856,310.117269374607,38,58.7432355107514
-28.9576942684102,3.81890350828316,310.121982790375,38.5,58.729476251556
9.17401724055345,3.8731265018323,310.121017366095,39,58.7338352892579
-43.6321693002672,3.7980081427117,310.129207839573,39.5,58.7131034477965
9.17034743241628,3.87284636451375,310.128357934357,40,58.7174607417877
15.1160030995543,3.88147928094969,310.126673753869,40.5,58.7246431162792
-35.3968752559126,3.8095591874035,310.132642428971,41,58.7078242778441
-28.756068763151,3.81863542492081,310.137483186717,41.5,58.6941608210825
-55.5009861117226,3.78070435071606,310.149638466611,42,58.6677895069015
-20.6854140778239,3.8293651690145,310.1530344588,42.5,58.6579608247136
-61.2230609605353,3.77207588728694,310.16714562769,43,58.6288706645412
7.00016604694954,3.86834596044936,310.166572201683,43.5,58.6321967960404
16.9973804938369,3.88280740386965,310.16465044013,44,58.6402731077001
9.43673878518096,3.87224627385921,310.16318664063,44.5,58.6447569776416
-21.9812077687999,3.82744223097045,310.166196941711,45,58.6343125985997
-1.62405040757235,3.85639392771169,310.16615213719,45.5,58.6335409304448
-43.4858295319262,3.79680990646916,310.174432328231,46,58.6128786223788
5.30712394946844,3.8659814725977,310.173803460331,46.5,58.6154003042961
-17.5026237874824,3.83344760654052,310.175979974056,47,58.6070839260977
1.80644961015215,3.86097807854041,310.175472539934,47.5,58.6079422613014
-18.433728388987,3.83208669341104,310.177838024147,48,58.5991834684054
-25.6076201200804,3.82171833418353,310.181818560793,48.5,58.5870159981869
0.655902027990891,3.85908742454379,310.181500261474,49,58.5873276502793
-74.3152080678755,3.75349068956615,310.200201401604,49.5,58.5520167515425
6.28806747310994,3.86654326830158,310.199754059151,50,58.5550045291397
5.30824307746343,3.86529711042195,310.198637337626,50.5,58.557526742811
-5.45989919947319,3.85000188216988,310.198815163668,51,58.5549324696769
49.1196822225116,3.92752417603162,310.197084059716,51.5,58.578271704943
-14.9411292828236,3.83701113406959,310.198458659051,52,58.5711724218105
14.1541534929616,3.87850548875442,310.196791982099,52.5,58.5778977731039
28.5824473836878,3.89920136039957,310.194422744177,53,58.5914787336025
-27.90338349009,3.81892307879296,310.19842321265,53.5,58.5782204305654
-21.2382474205419,3.82813354097976,310.201470153431,54,58.5681290694091
-28.1197527746606,3.81814743528948,310.205922032645,54.5,58.554767958426
24.4588196494379,3.89298876024651,310.203883602938,55,58.5663895756739
1.65284294394761,3.86073713196063,310.203011189865,55.5,58.5671749246131
-17.1310774641098,3.83392344556892,310.205026045815,56,58.5590350867883
-9.47380782312398,3.84472440277665,310.205912277418,56.5,58.5545336034797
-8.73668790409797,3.84572275282263,310.20662428998,57,58.5503823629745
-15.1502873937353,3.83650522335435,310.208373717653,57.5,58.543183698288
-12.0628505530929,3.84080737103457,310.209655435258,58,58.5374520303638
19.026206422554,3.88517489190764,310.207664735037,58.5,58.5464923394176
-18.7712344729883,3.83139384604297,310.209859417783,59,58.5375731803804
3.53727301189937,3.86313803481762,310.209079064491,59.5,58.5392539169669
9.65872467150783,3.8719641719924,310.207566485905,60,58.5438432635847
32.3200852483528,3.90430877818979,310.205198373254,60.5,58.5592001641041
-6.69805388298056,3.84905645760059,310.205312927122,61,58.5560175813118
-13.8552626586367,3.83876854200451,310.206786923302,61.5,58.5494342481095
13.1568358509335,3.87725021218537,310.205166927531,62,58.5556857235545
-29.4075839299121,3.81665046726517,310.209560951598,62.5,58.5417126991193
-9.82750464341275,3.84427363754399,310.210585416246,63,58.5370431566351
-29.2605541725781,3.81649880689831,310.215147879658,63.5,58.5231399934437
-25.618357113642,3.82140753915346,310.2190953858,64,58.5109674215386
-11.4097191232222,3.84147144520027,310.220343395698,64.5,58.5055460892562
-9.00197571967606,3.84485693905474,310.22108932503,65,58.5012687971469
33.2141960834588,3.90500324466352,310.218770575497,65.5,58.5170505347618
-0.302216476448054,3.85765442496848,310.218030937782,66,58.5169069364907
30.0930766257293,3.90097587435937,310.215697376914,66.5,58.5312056730352
7.71899325957846,3.86946734500834,310.214173369565,67,58.5348733555517
19.930997332304,3.88695763948641,310.212037807841,67.5,58.5443435763426
-50.96266295591,3.78644303102066,310.222040968945,68,58.520128648096
23.7881275275615,3.89214222477151,310.22023133029,68.5,58.5314315857329
-23.690812275999,3.82466681890088,310.22328244183,69,58.5201748874739
-29.8445862278329,3.81568969740996,310.228039523828,69.5,58.5059942212344
29.8021403163882,3.90044849546067,310.225903796372,70,58.5201547192833
-10.3982943660514,3.8434719921186,310.22652614023,70.5,58.5152139658502
-38.6397899239794,3.80323301043439,310.233311612844,71,58.4968542553052
15.1761253082544,3.87956735011231,310.231700912563,71.5,58.5040651968865
-50.3748867403762,3.78657985008022,310.24163363844,72,58.4801295507271
18.1204810705203,3.88348932398365,310.239948525502,72.5,58.4887395040433
10.2542956863892,3.87250378258131,310.238209622358,73,58.4936118364502
-14.6747071063236,3.83701595072168,310.239632007937,73.5,58.486639143914
0.310514922851954,3.85831690425483,310.239089880615,74,58.486786685195
-17.2429373470456,3.83327025886477,310.241039682044,74.5,58.4785936971053
-25.3231940513763,3.82161218808863,310.244734193147,75,58.466561372039
13.8638749370979,3.87736496848561,310.243045712406,75.5,58.4731487973686
-37.978061234421,3.8036496777271,310.24948895978,76,58.4551035074565
19.6526877786295,3.88545599272494,310.247585946564,76.5,58.4644414893595
0.893638719563933,3.85892883447821,310.246710885827,77,58.4648661021292
-28.5406490418026,3.81696882917681,310.25094316093,77.5,58.4513050021284
-2.29938456509011,3.85415492141511,310.250814722178,78,58.4502124486975
46.0867978944917,3.92280928619386,310.24879134952,78.5,58.4721106078478
-17.7468989423791,3.83262156871852,310.250510286563,79,58.4636781622187
-11.2522081135483,3.84172216943788,310.251544917386,79.5,58.4583316713511
-8.25048998502923,3.84592280186303,310.252068361046,80,58.4544114479679
-43.0340190864169,3.79645813089375,310.260000342464,80.5,58.433963817803
-5.59219580142842,3.84926901746355,310.260430673616,81,58.4313066838893
-11.299898731881,3.84110712696977,310.261382016394,81.5,58.4259375328066
-27.8358449609385,3.81746531087795,310.265562344634,82,58.4127113207267
-34.3675659039147,3.8079596979837,310.271453329033,82.5,58.3963815590129
-32.2569707770229,3.81065283351189,310.276916462401,83,58.3810546473581
27.0426245932558,3.89500585586621,310.274616330486,83.5,58.3939039604854
-5.82356011630887,3.84845904115487,310.274496220075,84,58.3911368937316
-37.4496706431023,3.80341487979734,310.280956566469,84.5,58.3733426688052
11.9297896732943,3.87351459033247,310.279404700555,85,58.3790111128029
-9.73024454429654,3.84273102767734,310.279949479733,85.5,58.3743877834909
20.446775020653,3.88578658274965,310.277666892205,86,58.3841030762421
-27.0390790846151,3.81826601796377,310.28139514967,86.5,58.3712554477645
-11.9653294643302,3.83951804746228,310.282598400532,87,58.3655701170219
2.20284049852121,3.85971108870736,310.281717742419,87.5,58.3666167975036
17.3106121578128,3.88134863102968,310.279494705437,88,58.3748419413048
-10.2924656016013,3.84214051964598,310.280069140034,88.5,58.3699514724485
-38.594613587471,3.80182329879321,310.286809157323,89,58.3516132274566
1.73495067580319,3.85891683043173,310.286209941522,89.5,58.3524375899151
-37.3060624620767,3.80335441761945,310.292546241566,90,58.3347116004693
-42.7959058749682,3.79526552834592,310.300754331885,90.5,58.3143771098854
40.2623732812625,3.91303477643562,310.298543945282,91,58.3335077915157
-24.1528986216366,3.82181068372291,310.301519624034,91.5,58.3220315327579
10.757318667969,3.87148485355441,310.299879081433,92,58.3271428767215
-31.6501935395048,3.8111312309802,310.304710370167,92.5,58.3121042754967
8.88068548435514,3.86870007699712,310.303285127139,93,58.3163239365056
-6.40571961496634,3.8469946801709,310.303291351942,93.5,58.3132802564495
-24.0267661987799,3.82182527764319,310.30653570752,94,58.3018639295592
-13.4014866998202,3.83678495220634,310.307909709107,94.5,58.2954962081724
-29.6537115186211,3.8135476884837,310.31247871348,95,58.2814062361219
-11.6385429148865,3.83898687280367,310.31361372685,95.5,58.2758761781298
-12.422442920542,3.83782016661048,310.314717914662,96,58.2699736497586
-18.9120794200465,3.82849386676093,310.317001274382,96.5,58.2609875681925
25.5723580601397,3.89187756458551,310.314486830303,97,58.2731382836301
-23.2918285148643,3.82246733281196,310.317342891213,97.5,58.2620711626536
54.3015159425179,3.93230868798904,310.315716991665,98,58.2878725481378
-42.7893410181471,3.7953120397171,310.323097480926,98.5,58.267541176848
15.3099197019893,3.87760341305633,310.321254565049,99,58.2748156908852
-3.71772578351831,3.85063406680099,310.320791919443,99.5,58.2730492120973
-3.68373086783391,3.85068160117459,310.320460358003,100,58.2712988860061
-14.2628266926748,3.83556732629981,310.321748538053,100.5,58.2645218986016
-9.21849699869211,3.84266506221689,310.322299204245,101,58.2601417263261
-8.60224914493203,3.84349646044442,310.322714608856,101.5,58.2560543644473
9.88435493431611,3.86986954843499,310.320959073583,102,58.2607509193685
-12.3043395318395,3.83831337815375,310.32181397636,102.5,58.2549045078663
-2.60702090723877,3.85208232565189,310.321408917935,103,58.2536657809132
-1.09519732676091,3.85425835508123,310.320736530755,103.5,58.2531453974963
-7.03453758668033,3.84579867646716,310.320851308516,104,58.2498029343472
-13.686844918692,3.83626314263874,310.322066423762,104.5,58.2432996248966
2.2786253726529,3.85897748534061,310.321087127359,105,58.2443823145894
-12.5106781410254,3.83791140806452,310.322031874139,105.5,58.2384378612204
-23.8096691113294,3.82171277239068,310.325222436363,106,58.227124688092
7.8824062225415,3.86676770655081,310.323760188505,106.5,58.2308700163385
-26.6532714767922,3.81760515775871,310.327402300759,107,58.2182057044892
-17.7502973535029,3.83005096514798,310.329524910465,107.5,58.2097716441038
-17.0006249435488,3.83099468965983,310.331432783181,108,58.2016937908426
-11.7372097128122,3.83839768841033,310.332412672344,108.5,58.1961168512848
13.1415513577627,3.87389027211224,310.330401276565,109,58.2023610642972
9.64469783577147,3.86908908574064,310.328486212196,109.5,58.2069437460589
0.84080103279563,3.85665726542178,310.327477189154,110,58.2073432529821
-22.8027750052122,3.82295183164561,310.330333960653,110.5,58.1965085059625
-16.814269688339,3.83128790544371,310.332232466796,111,58.1885191994701
-10.8651462044173,3.83965932129338,310.333054646626,111.5,58.1833566212125
3.34295466383681,3.85991111073495,310.331911645079,112,58.1849450273636
-8.48049314123219,3.84309862113389,310.332194287452,112.5,58.1809155178953
-16.8637861755915,3.83108771259426,310.333978272321,113,58.1729026836256
10.2943440308577,3.86976230028213,310.332225251627,113.5,58.1777940450183
-28.8189066395712,3.81410824590739,310.336326062031,114,58.1641007308164
-25.520274375579,3.81853718424143,310.340033826915,114.5,58.1519747629608
13.5815646110798,3.87416266808143,310.338088119125,115,58.1584280484341
-12.0700147497777,3.83771717851256,310.338861240799,115.5,58.1526929764393
25.2328591714493,3.8908448257614,310.336259078676,116,58.1646823788538
8.46120597914221,3.86727906641303,310.33435767942,116.5,58.1687027240198
12.0617805759271,3.87252712037359,310.332283713601,117,58.1744338835439
-21.350486494654,3.82499507789043,310.334726982238,117.5,58.1642891919499
-14.5805075990987,3.83444590608449,310.336180112086,118,58.1573612583445
24.1083878450016,3.88950022254461,310.333657540776,118.5,58.1688163677903
-11.3722836586246,3.83919877973151,310.33422367941,119,58.1634128229828
-22.1451891279489,3.82374836406384,310.337007903079,119.5,58.1528905281371
5.30404751068097,3.86273343029918,310.335745637518,120,58.1554107482834
-5.40771955363265,3.84752725584557,310.335542435862,120.5,58.1528412683274
-8.01059192336812,3.84378939771626,310.335796063106,121,58.1490350325974
-16.96585124128,3.83096197392729,310.337561879849,121.5,58.1409737020738
-64.9610659876265,3.76335719026058,310.352518504219,122,58.1101074274234
-20.873141917793,3.82462678574936,310.355634528476,122.5,58.1001895462825
13.5704843108195,3.87369487698395,310.353604302661,123,58.106637566947
-18.8689368722121,3.82757319869886,310.355573141622,123.5,58.0976719845785
25.4683319254748,3.89068162309515,310.352961658922,124,58.1097732719596
0.989687147997126,3.85612878041238,310.35177325655,124.5,58.1102435221759
-58.5830967298525,3.77187936766569,310.36433381363,125,58.082407741989
5.27145266700408,3.86175175333365,310.363372789271,125.5,58.0849124746832
-14.999706508505,3.83290931992232,310.364661507257,126,58.0777853585602
58.3844611884617,3.93657600088053,310.363154746028,126.5,58.1055267569957
-26.4419222047698,3.81719431765004,310.3663432882,127,58.0929628678315
-30.8876935084174,3.81063050205086,310.371133823773,127.5,58.0782865687799
9.87485214143457,3.86848123694909,310.369442219078,128,58.0829786084454
30.8991826495538,3.89847198222501,310.36652451696,128.5,58.0976603665667
22.1892036653777,3.88648339363017,310.363686692745,129,58.1082035749362
7.5031508196226,3.8658321030126,310.361823562932,129.5,58.1117686998371
-12.0773519593963,3.83797955668405,310.362525469836,130,58.1060301415643
-43.4437382735976,3.7934045394446,310.370364792592,130.5,58.0853878331754
29.4747464747332,3.89660707741175,310.36791291977,131,58.0993927699188
-30.3325984439728,3.81182495287671,310.372087071023,131.5,58.0849802244933
-31.7732426750391,3.80948847597092,310.377090013115,132,58.069883156426
3.87144314548391,3.86000259745672,310.375959742813,132.5,58.0717226740756
26.2838948375989,3.89197126267139,310.373129171194,133,58.0842114764775
5.82715199169157,3.86318746585141,310.371367464063,133.5,58.0869802499124
-5.09927631707184,3.84767701768412,310.371016282772,134,58.0845573268749
-31.3008004782143,3.81035145895295,310.37564919637,134.5,58.069684739893
-1.01103914395873,3.8531983479779,310.375072282439,135,58.0692043442679
-1.38526756452142,3.85269676941724,310.374284311004,135.5,58.0685461338697
13.8463404978363,3.87444290095775,310.372049149934,136,58.0751252277041
19.6605151004434,3.88287503332115,310.369403318338,136.5,58.0844669287619
-33.7144540757369,3.80711753048009,310.374408259272,137,58.068447493376
-38.8969923011921,3.79945861117813,310.381209125257,137.5,58.0499655730259
-6.17076866321918,3.84560656058244,310.38138806946,138,58.0470335300019
13.4064151007608,3.87353389559037,310.379192804173,138.5,58.0534035931202
-43.0409221489119,3.79344454874121,310.386739467064,139,58.0329526829626
9.60830624445594,3.86791580176721,310.385150135114,139.5,58.0375180732461
-57.3788870591512,3.77316907565988,310.39715783653,140,58.0102544737319
-20.0698904254497,3.82516873029292,310.399908521302,140.5,58.0007182578362
-25.1612534517722,3.81779126052517,310.40334582928,141,57.988762878906
36.0653008353675,3.90475603282185,310.400570917606,141.5,58.0058993200036
-37.1028785365966,3.80115442392205,310.406390771838,142,57.9882698734756
4.29330519267299,3.85977555255999,310.405196936506,142.5,57.9903098390338
10.2386198966438,3.86836547047333,310.403092790694,143,57.9951747230834
-17.0969830770991,3.82950456906883,310.404602816365,143.5,57.9870510852192
29.7304528644279,3.89606377531838,310.401784560575,144,58.0011775209488
8.84216067442497,3.86674926814841,310.399650854835,144.5,58.0053788768799
-10.4274232646939,3.83937186144874,310.400003163343,145,58.0004242828397
-13.2222635525223,3.83530627151744,310.400964745784,145.5,57.994141719398
-58.0439751382379,3.77199029404091,310.41332256171,146,57.9665621030358
-14.9323676690533,3.83221079167453,310.41506779581,146.5,57.9594669829874
-45.1562865532199,3.78929135932161,310.423505771607,147,57.9380109566468
13.3237887779991,3.87209338157359,310.42154356121,147.5,57.9443417598372
-41.9838189406756,3.79358300006701,310.428845855333,148,57.9243931326619
-28.8244785199225,3.81181482102976,310.433292015262,148.5,57.910697170979
40.9890012767395,3.91087799012736,310.430532370126,149,57.9301731101714
-17.2393367004922,3.82861892957209,310.431841101941,149.5,57.9219818329303
-6.58761369544698,3.84370409172278,310.431775691178,150,57.9188517258342
25.3660341631418,3.88921897481001,310.428853259819,150.5,57.9309044063955
-46.751203739069,3.78706033174736,310.437347713424,151,57.9086905545612
-28.7388886912555,3.81201269028784,310.441757844413,151.5,57.8950352609172
-29.0957412025271,3.81127485966904,310.446090289069,152,57.8812104086697
8.07897159235964,3.8640966913484,310.444344925045,152.5,57.8850491350248
-47.9382480418236,3.78464702191505,310.453405976335,153,57.8622712586489
-8.9521917887681,3.83951216001589,310.453987179615,153.5,57.8580176213928
5.96502375218645,3.86083061781993,310.452250715602,154,57.8608519046459
7.3297852541562,3.86291815075463,310.450266744429,154.5,57.864334654834
-19.3815542682709,3.8249230733585,310.452169064665,155,57.8551255021192
-26.8799505732963,3.81411320185685,310.455878973428,155.5,57.8423534836129
-8.35567441080151,3.84031803173544,310.456136203554,156,57.8383832818107
-49.3273567483901,3.7822214566898,310.465770049844,156.5,57.8149453699165
-12.3114345718432,3.8342295353404,310.466909910358,157,57.8090955872034
-3.93324721319586,3.84617776454471,310.466375050493,157.5,57.8072267033281
-40.2794439492192,3.79450862604813,310.473353037748,158,57.7880879105635
1.82265469975754,3.85413352010075,310.472323524923,158.5,57.7889539456216
16.1816184124464,3.87473096764935,310.469605271397,159,57.7966426476251
-44.2852068763999,3.7889293976986,310.477517682214,159.5,57.7756005151167
-40.3047735502178,3.79412306887231,310.484888592718,160,57.7564496869828
-15.5945329478362,3.82889600603714,310.486504928628,160.5,57.7490399388561
-28.0618286055155,3.81107168187744,310.4904950573,161,57.7357063505634
-41.5247143006403,3.79181614430108,310.498099838646,161.5,57.7159758671285
-18.1541304882668,3.82467445931634,310.500232506803,162,57.707349925279
15.01134991244,3.87201024816214,310.497670888048,162.5,57.7144825737697
-3.21409118257155,3.84623470514723,310.496764606478,163,57.7129553971496
-12.7775575631206,3.83262069256597,310.497490103202,163.5,57.706884135924
-8.32006032530701,3.83894689931062,310.497550762114,164,57.7029308561679
-16.7588536365534,3.8268924478674,310.499040287747,164.5,57.6949678806331
-32.9283353664668,3.80379533141973,310.504177958732,165,57.6793219698441
-6.51455889257945,3.84119363155218,310.504144302926,165.5,57.6762265747648
-14.0541285801823,3.83044775791833,310.505119979219,166,57.6695487503459
-3.08939307636955,3.84607057908229,310.504404423636,166.5,57.6680808240773
-17.1713907116543,3.82600563282281,310.505921663175,167,57.659921831398
-27.3197977704783,3.81145453667211,310.509707899864,167.5,57.6469408193324
-64.0999351764095,3.75964995240074,310.524623012297,168,57.616483711307
-32.4981848411978,3.8033143057707,310.530229586549,168.5,57.6010421867
-6.43484856417921,3.84029561403265,310.530167587387,169,57.5979846660129
-30.2238356056073,3.80639994725329,310.534601564688,169.5,57.5836237992905
-12.3799890585005,3.83165561057643,310.535490600377,170,57.5777414428876
22.2176759851061,3.88105633743219,310.532351558874,170.5,57.5882981798904
11.9661737310295,3.86678585796396,310.529630243522,171,57.5939839117866
39.2035843588779,3.90552209328144,310.526153483443,171.5,57.6126115094669
14.5852245058799,3.87116468411751,310.523166575389,172,57.6195416843123
-26.56193816571,3.8126872125105,310.526390608652,172.5,57.6069207695196
-18.1883537036078,3.82436788636844,310.528215902864,173,57.5982785664966
13.365916244012,3.86927526506772,310.525707489622,173.5,57.6046293865681
-40.8085546059438,3.79237626723913,310.532547213787,174,57.5852391866784
9.56482373102076,3.86370368787686,310.530556538219,174.5,57.5897839162295
3.62792078086478,3.85540055616235,310.528731155835,175,57.591507724137
-16.3715415245937,3.82694761011219,310.529937878944,175.5,57.5837287800962
-13.3686234799785,3.83112030456803,310.530768798139,176,57.5773766736805
-41.0301884667238,3.79178300597597,310.537906950019,176.5,57.5578811643794
12.819561616275,3.86808340310198,310.535630431857,177,57.5639723838465
-19.9689555194134,3.82149843812771,310.53747617177,177.5,57.5544841272089
18.9335826145423,3.87685061180003,310.534594708511,178,57.5634804260259
-19.3788073898777,3.82247635495833,310.536260476412,178.5,57.5542725784914
-13.5473423297913,3.8306488160636,310.537138551096,179,57.5478355537477
14.642916696036,3.87079872449244,310.534474500122,179.5,57.5547931410587
-9.69572256162714,3.83629207509656,310.534418390349,180,57.5501862148796
-8.21832082383325,3.83835657281459,310.53431518772,180.5,57.5462812766854
1.80418662006941,3.85263910650546,310.532824774383,181,57.5471385366285
-21.123391401515,3.82000716073026,310.534956958472,181.5,57.5371017493524
11.4372047595601,3.86629014944454,310.532612591232,182,57.5425361414452
53.520548941258,3.92560719906809,310.529909839501,182.5,57.5679664501685
6.29261019356543,3.85970643348394,310.52755481347,183,57.570956386241
23.9490747019877,3.88485412144811,310.52434335872,183.5,57.5823357979876
3.67924633250983,3.85631622449011,310.522426770461,184,57.5840839932501
-0.442868857687951,3.85048720856842,310.521122716374,184.5,57.5838735639478
22.8811643130762,3.88364078098109,310.518028821074,185,57.5947455576762
6.90732614780657,3.861204025972,310.515813158718,185.5,57.5980275762628
-30.1350343634636,3.8085870205489,310.519764916533,186,57.5837089034836
13.7320652593281,3.87069211366849,310.517394718803,186.5,57.5902336993959
36.6495031094053,3.90320300001449,310.514104139593,187,57.6076477244211
-9.14351794261903,3.83866422251472,310.513791889334,187.5,57.603303178472
23.9474584124306,3.8856023304683,310.510779913307,188,57.6146818222381
-6.65579358492739,3.84236118344815,310.510175713173,188.5,57.6115193194422
2.91200207436091,3.85591909891379,310.508590121717,189,57.6129029583102
1.96221154072649,3.85460132887895,310.507038423231,189.5,57.6138353038532
29.9650518660589,3.89431911567146,310.503868531866,190,57.6280732093855
3.83793785089957,3.8576000195333,310.501953150728,190.5,57.6298968069819
5.63179359213684,3.86018306086008,310.500034122655,191,57.6325727558006
-20.9026488374864,3.82247797559019,310.501980490237,191.5,57.6226408544359
15.9718813344921,3.87471786894877,310.499457367595,192,57.6302298997888
-33.5745863923112,3.80449167226385,310.504129638639,192.5,57.6142769225846
-14.3975112565028,3.83134120831478,310.505231957748,193,57.6074359397594
7.74403828350444,3.86275717371766,310.503241808076,193.5,57.6111155224284
12.5870089348211,3.86974636050024,310.500697601707,194,57.6170962444024
-7.97491710181894,3.8406237306365,310.50038116154,194.5,57.6133069595772
54.8137982320013,3.92903165268033,310.498285192014,195,57.6393517561817
0.75171192113919,3.85355090775373,310.496592102658,195.5,57.6397089323804
-36.7490800647871,3.80032971466436,310.50212603591,196,57.6222475933278
2.60401933672092,3.85581387356619,310.500858291862,196.5,57.6234848940836
-2.52270276289414,3.84855817449781,310.499856606129,197,57.6222862309281
-15.5152485277762,3.83004953613689,310.500870906691,197.5,57.614914154823
-53.225646479136,3.77675339783405,310.51134629571,198,57.5896239691141
23.7380489368314,3.88522587124983,310.508735284789,198.5,57.60090311189
-25.1035373577738,3.81606257963794,310.51144502718,199,57.5889751567834
-37.4093351412462,3.79842975058477,310.51748535352,199.5,57.5712000972858
-5.89377859004843,3.84283900769949,310.517279826568,200,57.568399666198
-12.0770444358998,3.83402562585848,310.517746568758,200.5,57.5626612540451
-6.84070720787884,3.84142388168883,310.517442693395,201,57.5594108894726
18.7681842096478,3.87786124223536,310.514572259355,201.5,57.568328599176
-40.3620977189791,3.79410308506842,310.521040494087,202,57.549150533442
-39.268739908977,3.79524756595218,310.527772792702,202.5,57.5304919770779
-26.8695858037448,3.81242561179109,310.531465574465,203,57.5177248833957
-0.642391611857951,3.84959333429581,310.530438353027,203.5,57.5174196507825
-18.5342349334262,3.82415217711847,310.532032595631,204,57.5086131021646
-35.8024744972064,3.79953266063379,310.537688131284,204.5,57.4916015430993
-5.13606937809106,3.84284943177427,310.537347535212,205,57.4891611378252
-12.3123487187344,3.83264295763659,310.537851190653,205.5,57.4833109207549
3.55282958568614,3.85523361730914,310.536183630796,206,57.4849990490532
0.352476543696048,3.8507780805129,310.534760525491,206.5,57.4851665284139
27.1370450739969,3.88889353508959,310.531468825328,207,57.4980607054678
-5.43526274199362,3.84292160115774,310.53064414166,207.5,57.4954781383556
-36.8349744095851,3.79830228518798,310.536375709256,208,57.4779759865732
-12.2873463842759,3.8328058088153,310.53714233379,208.5,57.4721376493714
-19.1634949227181,3.82294769920058,310.538937677389,209,57.4630321076357
4.8150110906223,3.85700850463844,310.537188575321,209.5,57.4653199619452
-26.8613047207688,3.81199480524703,310.540456393067,210,57.4525568030226
-30.2160227646449,3.80701634897749,310.544792317987,210.5,57.4381996485745
-24.6248991738838,3.81470668236545,310.547907205655,211,57.4264991185788
-25.8936380079904,3.81272983390919,310.551259011779,211.5,57.4141957468546
-14.0712201648567,3.82938416852959,310.552251963492,212,57.4075098013629
-67.1999902530264,3.75466318274246,310.567918797291,212.5,57.3755797010156
-0.43136248247091,3.84821244320478,310.567252132219,213,57.3753747389717
-5.44317223381104,3.84116435265363,310.566603232263,213.5,57.3727884136615
21.8878658917343,3.88014172589138,310.563387153217,214,57.3831884412758
-6.57971385535507,3.83990020213715,310.562724547412,214.5,57.3800620877917
-30.3573597700596,3.80605079179915,310.566905730074,215,57.365637777013
-27.9217755691647,3.80925823049668,310.570754325184,215.5,57.3523707349726
47.2422863488788,3.91561770724759,310.567812541149,216,57.3748179248915
9.16038640383945,3.86247555677642,310.565112981674,216.5,57.3791704858963
-13.4239482258406,3.83042015144529,310.565610107786,217,57.372792091907
-24.8057206082849,3.81413188455295,310.568525573232,217.5,57.3610056445395
-14.4731601315675,3.82863531500836,310.569507203341,218,57.3541287171233
-12.1993673523289,3.83179598176039,310.569999848694,218.5,57.3483321831913
-39.8697479979461,3.79247187948072,310.576655618954,219,57.3293880576102
10.3934339245483,3.86363520483525,310.574477533262,219.5,57.3343265016028
-38.0804864432337,3.79484702117819,310.580467182156,220,57.3162325443145
18.7622652925285,3.87540800499023,310.577667969957,220.5,57.3251474416423
16.9455767051568,3.87308920001412,310.574518687582,221,57.3331991387125
-35.0522197280175,3.79933943763099,310.579608811805,221.5,57.3165440634797
-39.9643222225413,3.79208929456972,310.586495209996,222,57.2975550009207
-11.8260307928345,3.83168632201724,310.587160993381,222.5,57.2919358579937
18.0099365601381,3.87417985879752,310.584142447101,223,57.3004932860446
-4.10811818353991,3.84293390603397,310.583091586527,223.5,57.2985413121627
32.9572287899196,3.8955617618788,310.579611150892,224,57.3142009516726
-4.50667830233537,3.8427803551387,310.57851457323,224.5,57.3120596018021
-18.8232289205194,3.82237438692943,310.580073593464,225,57.3031157375838
10.2958336694932,3.86371980476704,310.577697000229,225.5,57.3080078067789
-9.64193186504488,3.83546200302615,310.577519078914,226,57.3034264392693
-1.45318595457664,3.84708354691981,310.576319689831,226.5,57.3027359574228
-25.762608867101,3.81250256817944,310.579298908631,227,57.2904948442435
-45.8307013398333,3.78396081076597,310.587713574846,227.5,57.2687183694663
-37.2434972887841,3.7956033627415,310.593980695754,228,57.251022107886
-2.75092553187999,3.84435761255653,310.59320526067,228.5,57.249715004597
-0.935894097893875,3.84701079103447,310.591868862535,229,57.2492703141685
-13.3469659356956,3.82937435548623,310.5924094963,229.5,57.242928498343
2.61237644247058,3.85208169984303,310.590725512445,230,57.2441697699806
-25.4914582600147,3.81212976005547,310.593645608861,230.5,57.2320574941131
-39.3127297739474,3.79237010403753,310.600262580391,231,57.2133780359483
-24.023944007743,3.81368456570565,310.60328544143,231.5,57.2019630500232
-30.0331652316776,3.80499403678345,310.607546882349,232,57.1876927803998
4.00268570043498,3.85330303690009,310.605836806377,232.5,57.1895946579982
57.5124352104142,3.92864333451664,310.603209936388,233,57.2169217129661
-14.2741655246098,3.82803497840643,310.603498971677,233.5,57.2101393379113
-52.8262006813525,3.77349764734633,310.613955379646,234,57.1850389490218
-1.2773292729415,3.84599096850399,310.613095916496,234.5,57.184432025543
-28.4885877546292,3.80729650194138,310.616713561487,235,57.170895662482
-3.56856973178451,3.84257868081288,310.615910093666,235.5,57.1692000552475
-6.78690308565013,3.83803374734102,310.615352223169,236,57.1659752557236
-17.1578814205978,3.82325207796807,310.616601923818,236.5,57.1578226819889
3.89360906288138,3.85318315398341,310.614749556471,237,57.1596727317824
-16.7364577759024,3.82387384635451,310.615825850748,237.5,57.1517203976492
-6.0824525887634,3.8389673059319,310.615271175012,238,57.1488303180407
-10.1297261222335,3.833205151857,310.615259045287,238.5,57.1440171749085
-56.5911926100481,3.76756634269687,310.627000225308,239,57.1171278487046
-32.6974408758705,3.80054977627592,310.632237371125,239.5,57.1015916475186
2.7344676215199,3.85080302072117,310.630643761055,240,57.1028909308254
-13.9367733328217,3.82713594002482,310.631222324189,240.5,57.0962688677959
-25.0845344017484,3.81120666216915,310.634194813787,241,57.0843499419508
-34.760917223608,3.7973127721547,310.639628217211,241.5,57.0678332792112
-12.154894681131,3.82920530300064,310.640237978086,242,57.0620578764855
-19.8459405397826,3.81821828233991,310.642091073529,242.5,57.0526280704611
-0.714059057339819,3.8454299325533,310.640786403922,243,57.0522887850346
-38.4717877177433,3.79179205620676,310.646991470516,243.5,57.0340089008004
-38.5177428805565,3.79141084212474,310.653604587141,244,57.0157071809534
9.98400699571391,3.86021556899751,310.651260552283,244.5,57.0204510855885
5.52084247785027,3.85406125451931,310.648936642735,245,57.023074315944
-14.6974163005772,3.82535081569882,310.649604739991,245.5,57.0160908331257
39.1617542903824,3.90173852720331,310.645988017191,246,57.0346985552334
-2.66486519433804,3.8429451748575,310.644472352509,246.5,57.0334323435458
-16.084780748664,3.82383722777953,310.645420200322,247,57.0257896539943
6.93177648234618,3.85655599567648,310.643164778212,247.5,57.0290832901664
4.13633561442595,3.85270561610431,310.641021054704,248,57.0310486715711
-7.44659714500657,3.83628811632581,310.640433182042,248.5,57.0275104181697
-35.0826316836278,3.79698939334676,310.645658076467,249,57.0108408926848
-35.154364555557,3.79657200786404,310.651204252433,249.5,56.9941372832992
-26.4347837024703,3.80863196294471,310.654646755971,250,56.981576785997
3.2298599913438,3.8507450620214,310.65287547408,250.5,56.9831114551725
2.18154381726069,3.84937243633138,310.65096941843,251,56.9841480165281
13.7935046828126,3.86600660974904,310.647945647057,251.5,56.9907020054053
-1.95583911749052,3.84378085701889,310.646485666619,252,56.9897726877216
8.89912272797681,3.85928673292623,310.64391929995,252.5,56.9940011091937
-1.39864314242087,3.84476079352956,310.642423529474,253,56.9933365433847
-34.3346649612127,3.79796433800624,310.647378924199,253.5,56.977022414566
-24.3907980797718,3.81174326932796,310.650307293627,254,56.9654331177922
-18.9188614115155,3.81934368130157,310.652004045576,254.5,56.9564438137602
-18.9713712821198,3.81915237013519,310.653665777694,255,56.9474295596438
22.0650427356329,3.87747571436775,310.650315983507,255.5,56.9579137729013
-42.4100788006466,3.78617431830388,310.657318530227,256,56.9377626081951
2.88642180657042,3.85015222082145,310.655735722603,256.5,56.9391340925894
-8.35934519331759,3.8342210624068,310.655287850646,257,56.9351621466136
-7.60711912936026,3.83528264041871,310.654812752954,257.5,56.9315476211317
-11.103129076698,3.83029156840616,310.654900971942,258,56.9262719652238
12.5950623358747,3.86402492795934,310.652069950457,258.5,56.9322565137743
-9.89355487735989,3.83217562842164,310.65178928277,259,56.9275555874969
4.75900799518135,3.85302453193286,310.649691742543,259.5,56.9298168319147
-13.7591900703012,3.82673549268017,310.650129536749,260,56.9232791476385
-34.299475000045,3.79748259738561,310.655198454375,260.5,56.9069817393429
-14.4622542960257,3.82535846740697,310.656130987049,261,56.9001099938384
-7.39392521037424,3.83536880794464,310.655679105095,261.5,56.8965967675264
3.21366922237354,3.85050000218103,310.653728037249,262,56.8981237436519
-45.4005910783491,3.78159971192607,310.661752377359,262.5,56.8765516359254
-24.5658219761,3.81061414322062,310.664862357312,263,56.8648791764822
12.2022661134515,3.86286132792326,310.662156956152,263.5,56.8706770877616
-9.89423995220133,3.83157226173283,310.661880218632,264,56.8659758359706
-15.2479569799309,3.82391370778759,310.662720260893,264.5,56.8587307635438
-12.48883671334,3.82776755829015,310.663111914535,265,56.8527966881373
-5.08009496851596,3.83828838859023,310.662282138332,265.5,56.8503828791248
-9.84822156117324,3.83151318869724,310.662133144013,266,56.8457034929893
-26.894286713147,3.80721984961442,310.665398800783,266.5,56.8329246626608
13.3307319137791,3.86432906480844,310.662625042195,267,56.8392587648848
-4.53485406266501,3.83908909668132,310.661503377291,267.5,56.8371040272912
-15.3405747865358,3.82370358893065,310.662304875395,268,56.8298149474792
-36.705702802945,3.79328992566137,310.668048594773,268.5,56.8123742191487
-15.1508380235142,3.82357922284718,310.669136346782,269,56.8051752928302
-39.431599669293,3.78905818247953,310.675668971466,269.5,56.7864393535904
-27.2190079815547,3.80601303368195,310.679348150203,270,56.7735062318305
26.5496642141174,3.88238066670383,310.675814613978,270.5,56.7861213146505
10.392476307485,3.85982306591019,310.672834579704,271,56.791059303631
-33.3879721990756,3.79768222767132,310.677482270749,271.5,56.7751949962301
31.1233672593127,3.88907954352807,310.673947072558,272,56.789983275752
-2.77695314091583,3.84135881358642,310.672427249513,272.5,56.7886638054349
1.48955706535272,3.84746930914446,310.670598164538,273,56.7893715690282
-23.5312271001582,3.81190049577234,310.672955549591,273.5,56.7781906977249
24.3179861886687,3.87977552381323,310.669522326776,274,56.7897453979016
-6.62935141308118,3.83609525588784,310.668599217884,274.5,56.7865954591135
-59.8434241450529,3.76103725958832,310.681299613993,275,56.7581608338868
32.4307491744438,3.89094899326532,310.678036935583,275.5,56.7735703164117
17.0231797773652,3.86958453298174,310.674529167678,276,56.7816588866106
-0.244162007448482,3.84525454159373,310.672750974236,276.5,56.781542872942
-37.5560588323967,3.7923023285533,310.678458256015,277,56.763698097628
-0.558203703032673,3.84451584567312,310.677187880089,277.5,56.763432866931
-39.8716016968428,3.78874696818011,310.68356995887,278,56.7444878605642
-19.8001288711655,3.81680932122267,310.685530738877,278.5,56.7350798219713
-1.51551336476808,3.84274884482712,310.684209984492,279,56.7343597252327
-49.5365153451423,3.77476899528953,310.693513314163,279.5,56.7108224315535
-30.0793050842323,3.80170793770451,310.697914261292,280,56.696530238562
4.7424102569201,3.85110887257635,310.695908538213,280.5,56.6987835965584
-6.67686148775141,3.83496814766673,310.695111308589,281,56.6956110833407
-26.9058589686759,3.80617853535848,310.698308129347,281.5,56.6828267544507
21.7378760383731,3.87523236367349,310.694920906224,282,56.6931555143304
-25.4934464772786,3.80831596342529,310.697547655034,282.5,56.6810422937606
-16.6023263223227,3.82077038091897,310.698722832045,283,56.6731536922374
-30.1142491314348,3.80147495035783,310.702766395105,283.5,56.658844895569
-15.6091781802165,3.82187247010953,310.703813660837,284,56.6514281887546
5.30357592090065,3.85163837937367,310.701592512435,284.5,56.6539481848248
-49.1443041552788,3.7745336442792,310.71075880492,285,56.6305972504382
-5.11356485672362,3.83650987450133,310.710222914473,285.5,56.6281675381958
-25.2765545751523,3.80782297867448,310.713048534394,286,56.616157373894
21.721399174999,3.87459119876862,310.709596589972,286.5,56.626478304786
-7.44910996066019,3.83338726036717,310.708763549856,287,56.6229388574193
-30.2431244081038,3.80095024729578,310.712735791362,287.5,56.6085688256153
12.2533806559791,3.86124110201679,310.709959568822,288,56.6143910239886
6.27074782126761,3.85293281448952,310.707388964007,288.5,56.6173705721467
-17.1415840032093,3.81969736796841,310.708355242274,289,56.609225742136
-1.73794235326756,3.84154809333947,310.706989198632,289.5,56.6083999581808
-2.30684760716957,3.84079098744228,310.705568043678,290,56.6073038586828
-2.43988160520011,3.84064575632586,310.704170687137,290.5,56.6061445480312
-3.16728007366765,3.83964902102522,310.702876452782,291,56.6046396137269
-49.3580724949761,3.77425776801287,310.712091935568,291.5,56.5811871072342
-14.6313052697016,3.82289516119115,310.713128688878,292,56.5742350370968
25.9476861572093,3.88054595044775,310.709426728674,292.5,56.5865640898193
0.484434223014238,3.84473454506507,310.70742707733,293,56.5867942689204
23.733036041263,3.87780496789443,310.703721187837,293.5,56.5980710298171
17.6576608363232,3.86949455369706,310.70016951672,294,56.606461073927
3.44726854595553,3.84952803190475,310.697885715498,294.5,56.6080990448579
-11.5612919423382,3.8282258402307,310.697819093962,295,56.6026056926941
10.8656797341933,3.86006060547964,310.695038378941,295.5,56.6077685244587
14.5000134656921,3.8653620121939,310.691812423477,296,56.6146582112466
-27.7556111884535,3.8054770560353,310.694883642553,296.5,56.6014701222735
-16.5834471613918,3.82107533448797,310.695999499739,297,56.5935904911906
-4.82579135171833,3.83769316069726,310.695059432079,297.5,56.5912975146361
-27.8510205411751,3.80495461725518,310.698348014738,298,56.5780640918736
-10.2988267633567,3.82967021419691,310.698370072864,298.5,56.5731706005088
-27.9763229366855,3.80449657177514,310.701762111713,299,56.5598776402665
-3.42479343738538,3.83920805798987,310.700736687173,299.5,56.5582503483917
8.35913112844439,3.85602600054156,310.698101067967,300,56.5622221926546
0.232131904799106,3.84460743506139,310.69627424982,300.5,56.5623324902154
-42.077455081484,3.78463647907011,310.703213438645,301,56.542339371793
2.14827723793794,3.84703044354252,310.70160425686,301.5,56.5433601265212
0.608783344826044,3.84493257275399,310.699774006376,302,56.5436493901537
-43.3649626486413,3.78261747991742,310.707101921478,302.5,56.5230445120323
7.09209758227964,3.85386458413343,310.704953826435,303,56.5264143248346
-47.7509703554357,3.77623488020959,310.713569553557,303.5,56.503725433521
19.0356541053515,3.87056971404087,310.71050710516,304,56.5127702316448
3.37503278998997,3.84859212128823,310.708202067924,304.5,56.5143738797295
-37.5251144124139,3.79057521840331,310.713870826475,305,56.4965438076681
-17.7244192040948,3.81831374307061,310.715338410537,305.5,56.488122043295
-31.9761210761335,3.79797624471206,310.719800805741,306,56.47292857748
-23.7728634942609,3.80936315521737,310.722493529287,306.5,56.4616328925542
32.631055034247,3.88933993412944,310.718722537375,307,56.4771375504829
32.6201554145156,3.88971228382954,310.71457696668,307.5,56.4926370294532
10.3320232877105,3.85859881168582,310.711476762881,308,56.4975462941588
22.4401239426438,3.87588911450336,310.707770974372,308.5,56.5082087273912
1.83082783679441,3.84691542811962,310.705619211551,309,56.5090786459184
-0.437825486687877,3.84373333962609,310.703895839476,309.5,56.5088706129757
-8.60601377173239,3.83213239437924,310.703349957447,310,56.5047814623332
43.588770908449,3.90577792920619,310.699825969287,310.5,56.5254926830325
4.44999348599457,3.85112306533073,310.697275987367,311,56.5276070990914
-15.0479063522888,3.823451734595,310.69776204653,311.5,56.5204570807948
-38.9095595566343,3.78954399276986,310.703806022814,312,56.5019691891085
5.00582953692198,3.85148140709323,310.701826550257,312.5,56.5043477108737
-7.68421852001336,3.83352244155695,310.701097012219,313,56.5006965515876
-7.21636237443386,3.83415344847119,310.700401791433,313.5,56.4972676943231
10.9242739126049,3.85992393552083,310.69757723695,314,56.5024583671333
12.6241841049839,3.86248416066327,310.694488830191,314.5,56.5084567529032
26.5316116002771,3.88228768734152,310.690726822859,315,56.521063258017
-9.15938953377192,3.83197325725371,310.690072802539,315.5,56.5167111706755
-28.2250023144789,3.80483176696846,310.693376257885,316,56.5033000503344
-28.3615135162051,3.80436660932804,310.6969190053,316.5,56.489824066645
-3.0744226532357,3.84005127047907,310.695826799935,317,56.4883632535785
33.8961058696508,3.89237752120343,310.692080111547,317.5,56.5044690008819
23.1239165303494,3.87760484282758,310.68829601067,318,56.5154563384165
-5.49461252637059,3.83727263859447,310.687117038429,318.5,56.5128455712323
-20.474958942059,3.81594147179035,310.688716806881,319,56.5031168868803
-24.7434846744986,3.80969763238811,310.691356555268,319.5,56.4913600109399
7.32976025329434,3.85507411671023,310.689033668523,320,56.4948427492488
-25.2769731222146,3.80884408125095,310.691563496756,320.5,56.4828323860742
-11.4261481904665,3.82829816805584,310.691712665497,321,56.4774032475143
-16.7004504786214,3.82073132900422,310.69267505667,321.5,56.4694680222618
-12.7454421187889,3.82623991919314,310.692977717184,322,56.4634120207015
10.3078248961298,3.85896674370894,310.690270629385,322.5,56.4683097875323
-48.9513470368122,3.77520160633969,310.699057246409,323,56.4450505367923
-24.2013281842429,3.80959416970933,310.701943229628,323.5,56.4335512667098
20.3278023943522,3.87272630871966,310.698634195724,324,56.4432100295734
13.1907251014135,3.86288714546017,310.695426819706,324.5,56.4494776075084
12.357005791674,3.86188573804758,310.692346312328,325,56.4553490434035
-30.3579957598531,3.80136743604628,310.696001018539,325.5,56.440924430434
-19.436743961124,3.81657174077836,310.697666524025,326,56.4316890543161
5.31090514377654,3.85164698713827,310.695481273433,326.5,56.4342125328693
-2.87648414302815,3.84010937967513,310.694070940111,327,56.4328457703595
-3.42913524784502,3.83934565314187,310.692802776642,327.5,56.4312164154719
20.8361348867173,3.87380290083076,310.689340059107,328,56.4411167127082
-8.18824791294654,3.83284492866688,310.688586048607,328.5,56.4372260636687
9.20704985465512,3.85753395594706,310.685952340921,329,56.4416007968295
10.15488117351,3.85900610377895,310.683110057258,329.5,56.4464258923937
-0.0290189470898756,3.84466912090091,310.681314517043,330,56.4464121040302
-2.99920906488946,3.84047111813662,310.679979171356,330.5,56.4449870287282
-19.9073438769445,3.81642948756667,310.681469018238,331,56.4355280468854
31.005920145079,3.88843109088343,310.67794782122,331.5,56.4502605213674
22.3365817832796,3.87656761896977,310.674269968857,332,56.4608737565044
-0.0718283240099389,3.84505257537232,310.672411890077,332.5,56.4608396272495
-28.5906185411173,3.8045742986235,310.67569831684,333,56.4472547842224
-28.3400725309964,3.80464390904931,310.679214898147,333.5,56.4337889882252
-18.2346661147622,3.81871265579929,310.680622584855,334,56.4251247798428
-1.04237367824724,3.84303214566377,310.679196876303,334.5,56.4246294956021
-20.8249054340867,3.8149383161344,310.680875889991,335,56.4147345340444
-19.5706941490704,3.81655388062887,310.682489021311,335.5,56.4054355114449
18.2755785993799,3.87020113485873,310.6793206165,336,56.4141191594096
35.5240558247874,3.89468897548515,310.67551919978,336.5,56.4309984277392
14.19422640363,3.86503723099415,310.672241921982,337,56.437742819691
-8.64346153968895,3.83276138381787,310.671614093616,337.5,56.4336358757276
16.5217469043195,3.86842073444193,310.668513595451,338,56.4414861899104
3.52518861973142,3.85017649133983,310.666299620245,338.5,56.4431611845934
27.892813006056,3.88467978569083,310.662724748181,339,56.4564144650611
-22.4233162920424,3.81366200184263,310.664456262468,339.5,56.4457600179901
22.5479130327624,3.8772281226683,310.661232634179,340,56.4564736672488
6.55226375599754,3.85483220115566,310.658697238134,340.5,56.459586977808
0.441865899117147,3.84622705462821,310.656920808547,341,56.4597969305542
-24.8205378692019,3.81036927450197,310.659356052967,341.5,56.4480034427597
11.3559255085792,3.86149480981241,310.656784661587,342,56.4533992149861
-12.0693622241218,3.82835630539702,310.656740376461,342.5,56.4476644530391
-14.4886413680886,3.82481400756052,310.657300433533,343,56.4407801697075
-9.68380460819864,3.83152186668953,310.657092563985,343.5,56.4361789063485
-21.7220138698739,3.81435560369932,310.659012984501,344,56.425857683384
-3.56918174367463,3.83997120737166,310.657986911502,344.5,56.4241617853518
32.1902813126562,3.89056509492745,310.654430596421,345,56.4394570094828
17.0798566879086,3.86963488923291,310.65107065365,345.5,56.4475725097367
30.3654291461275,3.88852374946598,310.647450154872,346,56.4620006546825
-7.61516924428576,3.835088520565,310.646590982267,346.5,56.4583823041855
-7.89246664981921,3.83461492083493,310.646050172789,347,56.4546321957231
-5.40287623854753,3.83808106942769,310.645160135895,347.5,56.4520650170701
13.9751548280262,3.86554574646221,310.642281065619,348,56.4587053170813
13.04443628386,3.8643795700332,310.639332803792,348.5,56.4649033858303
-32.9743663565472,3.79925948678798,310.643523219309,349,56.4492356033992
-22.8403708321576,3.81324665631728,310.645876804384,349.5,56.4383829927084
-17.6024467207104,3.82047019623958,310.647121520642,350,56.4300191836061
4.89150492495992,3.85230738674132,310.64508597115,350.5,56.4323433839894
1.76529515596651,3.84795460320772,310.643202710627,351,56.433182164639
-18.1249048063596,3.81973246822136,310.644334295455,351.5,56.4245701093831
-16.1652936873793,3.82236250854815,310.64528301376,352,56.4168891640788
-17.9564679543807,3.81969372676441,310.646553670001,352.5,56.4083571416558
-10.2581268301347,3.83050190826353,310.646505965886,353,56.4034829888794
16.0636628875233,3.86784657989599,310.643505570025,353.5,56.4111156442714
27.9622011363196,3.88482898265306,310.639893360942,354,56.424401894535
-4.92992634212498,3.83855376504602,310.638695685153,354.5,56.4220594382011
26.1028992308357,3.88248309863484,310.635310365667,355,56.4344622404732
12.4521650109863,3.8634806771737,310.632342237875,355.5,56.4403788913067
-21.6337677225425,3.81521668459586,310.63405107972,356,56.4300995985319
-17.5094705083206,3.82085077403716,310.635266065648,356.5,56.4217799671115
-29.3013829180958,3.80398351927809,310.638903860339,357,56.4078574041265
30.9223106126025,3.88905797279443,310.635649866654,357.5,56.4225501515081
-13.2850844326153,3.82678716627759,310.635715826425,358,56.4162377387018
15.5421672569925,3.86761498257734,310.632823249011,358.5,56.4236226052511
22.0817558452981,3.87702820211152,310.629423910645,359,56.4341147597489
8.82021045871181,3.85850143072374,310.626777483971,359.5,56.4383056860268
-17.0642668322338,3.8218313696217,310.627646539023,360,56.4301975932986
-40.4887528627578,3.78857024404922,310.634044295499,360.5,56.410959347326
7.0995682151818,3.85561881400999,310.632049435813,361,56.4143327098024
-3.22648654365041,3.8410548816226,310.630783582787,361.5,56.4127996435219
-4.92501564838939,3.83863914247406,310.62982809153,362,56.4104595205059
1.94651773148578,3.84839078373042,310.628037555821,362.5,56.4113844091295
-1.47406544857049,3.84357895819366,310.626597087818,363,56.4106840063837
5.58668129259299,3.85362558023242,310.624409702295,363.5,56.4133385200765
4.55718670331221,3.85224526430172,310.622275602811,364,56.4155038690325
-17.5712401885897,3.82086499907686,310.623298329126,364.5,56.4071548877256
-22.5627994138095,3.81362419764209,310.625488217738,365,56.3964341651974
-24.2173669173326,3.81107850437496,310.628085584275,365.5,56.3849272743049
23.9109139509902,3.87918167389797,310.624924329729,366,56.3962885539565
-11.3513779546095,3.82943896516438,310.624744954448,366.5,56.390894942502
6.7626671230012,3.8551098726631,310.622530820214,367,56.3941082262992
-13.2777863451426,3.8267209970473,310.622793117735,367.5,56.3877992811819
3.43980261932275,3.85039027338414,310.620929845705,368,56.3894337046751
0.9258507454823,3.84688600680309,310.619210906718,368.5,56.3898736230009
21.3147296795292,3.87582176996906,310.615973509155,369,56.400001324731
5.34936389457529,3.85344685760568,310.613675008873,369.5,56.4025430769739
-18.6343170294184,3.81943472923855,310.614898482274,370,56.3936889743109
17.9076125126565,3.87114462253671,310.611989594806,370.5,56.4021977830526
-20.403060213515,3.81695913412489,310.61346259182,371,56.3925032614082
21.8144524954052,3.87667783539879,310.610409120045,371.5,56.40286840662
39.8080196771765,3.902129263042,310.60705943015,372,56.4217832019664
-10.3824182146663,3.83165795660207,310.606634606266,372.5,56.4168499920925
14.1523515759807,3.86637341523551,310.603912935784,373,56.4235744872044
-17.6888206797614,3.82131751799468,310.604883067493,373.5,56.4151696374833
-38.3761163305796,3.79190112511593,310.610715444558,374,56.3969352115443
50.3019160574248,3.91657692754587,310.608360096311,374.5,56.4208361856564
-21.6139925144981,3.81573978898492,310.609848008193,375,56.4105662890792
-2.19240198797514,3.84310494782604,310.608728808415,375.5,56.4095245684596
22.3516081246947,3.87787578148552,310.605543239389,376,56.4201449433683
-22.3146780572495,3.81476614248368,310.607336362285,376.5,56.4095421157949
-16.7255001515633,3.82247031816375,310.608438237075,377,56.4015949881809
7.49592969600004,3.85674037207006,310.606250977972,377.5,56.4051566819623
-7.27978297097594,3.83584683082573,310.605582545508,378,56.4016976903777
-16.5183355471367,3.82266648299599,310.606526772688,378.5,56.3938489971025
-16.385222587285,3.82271311574078,310.607536840796,379,56.3860635524997
7.6180763505498,3.85670045790173,310.60533486184,379.5,56.3896832843093
-35.5084300929574,3.79562914022916,310.610267301679,380,56.372811440552
-38.8734353412125,3.790549429135,310.616498772953,380.5,56.3543407133001
29.0407831491952,3.88644616509844,310.613412805427,381,56.3681394522081
20.3768100476983,3.87457413961486,310.610034713778,381.5,56.3778215010764
-15.5806103964145,3.82376714546735,310.610601599166,382,56.3704183682552
-36.4685046996775,3.79406703377422,310.615975095086,382.5,56.3530903446916
-15.7451563592964,3.8230633019787,310.617075625267,383,56.3456090277949
2.3273905753636,3.84866782075892,310.615368217773,383.5,56.3467148882919
21.4297466811769,3.8758210916558,310.612113754323,384,56.356897240393
-5.06924550698336,3.83848000321701,310.611035017803,384.5,56.3544885865061
-3.46691029565108,3.84073843138109,310.609941137247,385,56.3528412827904
-16.7982184242213,3.82177970674591,310.610917514067,385.5,56.3448596030622
-18.6147614552679,3.8190619955831,310.612354844224,386,56.3360147922375
-55.0915179657358,3.76759780422297,310.623235643121,386.5,56.3098380369983
-13.0434053234165,3.82632373939065,310.624090128895,387,56.3036404581105
23.4514938256204,3.87809801370388,310.620834720924,387.5,56.3147834441188
-17.7226424363352,3.81992402969611,310.62179310785,388,56.3063625239776
-19.624556469015,3.81709038906489,310.623445134549,388.5,56.2970379086768
-32.1115716946066,3.79924789674066,310.627856617613,389,56.2817800834501
-1.94825335681036,3.84184118476249,310.62680021128,389.5,56.2808543701434
-5.94604536327699,3.83620136133192,310.626013570253,390,56.2780291044789
22.5901768953781,3.87671717918986,310.622723244175,390.5,56.2887628354276
-25.7737811248621,3.80831319419507,310.625311082767,391,56.2765164137459
12.3992536504805,3.8623630164554,310.622750790375,391.5,56.2824079237268
-14.8177897589782,3.82383385710366,310.623256945618,392,56.2753672454149
7.66673709405691,3.85571691973089,310.620990386633,392.5,56.2790100983949
-25.4061041163103,3.80882187702111,310.623604701471,393,56.2669383785805
17.4014060950385,3.86943724524625,310.620729799134,393.5,56.2752066631548
-11.3098284844911,3.82886132145531,310.620607115327,394,56.2698327939464
18.6148965308948,3.87129874432651,310.617561130837,394.5,56.2786776689523
-16.2311280767922,3.82202046390797,310.618266944626,395,56.2709654424134
2.57399077158127,3.84863756447754,310.6165334387,395.5,56.2721884750853
-3.58045607148366,3.83994712285749,310.615388438693,396,56.2704872200521
11.2577320016109,3.86103375650232,310.612755471691,396.5,56.2758363355972
-29.5326688711348,3.80324213259346,310.616242688642,397,56.2618038770056
-29.3781009673384,3.80318171025432,310.620076333257,397.5,56.247844861411
-4.92335628349065,3.83766975843476,310.619398587761,398,56.2455055268429
-4.46649185132857,3.83832797091255,310.618437515927,398.5,56.2433832715795
16.4228059824225,3.86801326607722,310.615450632976,399,56.2511865739465
-3.05987472352134,3.84055039145059,310.614140544165,399.5,56.2497326733342
-8.33981080816498,3.83304269970277,310.613720442015,400,56.2457700091288
-19.5462401012381,3.81706121933414,310.615275495906,400.5,56.2364826058792
-16.0284522493124,3.82190199334329,310.61628279521,401,56.2288666808351
11.9795495252911,3.86162540760066,310.613690299031,401.5,56.2345587682449
-7.21467764066786,3.83450329489748,310.612994263804,402,56.2311307114822
-5.01989124231322,3.83759577372676,310.612138133391,402.5,56.2287455082925
5.91537746820137,3.8531433891095,310.609982801179,403,56.2315562020953
0.39496826540317,3.84539329781271,310.608335796238,403.5,56.2317438714134
42.4550299819611,3.90472403275798,310.60516701671,404,56.2519163946901
2.18483484671156,3.84842638695623,310.603095719566,404.5,56.2529545197796
-3.22305514510038,3.84076819708152,310.601929400168,405,56.2514230839294
6.66345076795679,3.85479817828362,310.599722117556,405.5,56.2545892250387
-4.43649836351886,3.8391039592434,310.598687957057,406,56.2524812211922
9.64280045637324,3.85907735137888,310.596244526835,406.5,56.2570630014133
22.4733472247828,3.87733642944071,310.592999426805,407,56.2677412207006
7.65300375605078,3.85659445647322,310.59055075004,407.5,56.27137754828
-21.7319915611945,3.81493370083192,310.592370419097,408,56.2610515844118
26.6748419960879,3.88334897003781,310.589295915259,408.5,56.2737261455014
15.2895762824698,3.86755590943891,310.586291062944,409,56.2809909933552
-3.54628695587705,3.8409808960417,310.585100997927,409.5,56.2793059737899
-30.7330240928128,3.80238127645199,310.588936503678,410,56.2647031659686
5.91080718624684,3.85408005474445,310.587076297362,410.5,56.2675116882003
-3.7217469375267,3.84047145307583,310.585978507338,411,56.2657432987595
6.59331691153651,3.85510812664587,310.583824754234,411.5,56.2688761157408
-41.5357220917076,3.78700656951598,310.590330645278,412,56.2491404019498
-13.1633183367381,3.82670787102276,310.591068503968,412.5,56.2428858463493
18.1143868771297,3.87103817418656,310.588166187509,413,56.2514929040071
16.5918106355052,3.86909506450161,310.585124594101,413.5,56.2593765089979
25.2058213995228,3.88143171437854,310.581804954414,414,56.271353064405
-17.6226856979064,3.82096243750709,310.582732469435,414.5,56.2629796387452
-36.9903847648435,3.79339591597399,310.588240606753,415,56.2454036436746
-8.63179301248984,3.83320517052506,310.588214330858,415.5,56.2413022440163
-36.9061604052354,3.79308828051242,310.593678567578,416,56.2237662681815
15.924148487452,3.86771538012453,310.591096624517,416.5,56.2313326332544
-35.3241615149117,3.79519297870638,310.595971240354,417,56.2145483447804
-0.679567297884732,3.84403672003706,310.594848939199,417.5,56.2142254481262
-17.558494483437,3.8200708879848,310.59599424225,418,56.2058825229459
-18.8125841402681,3.81815874964333,310.597526682808,418.5,56.1969437165989
14.3404595420021,3.86516192860655,310.594851082432,419,56.2037575912807
-4.66380001974012,3.83835042445329,310.593814959988,419.5,56.2015415849677
-9.47969597113345,3.83149238948853,310.593623234311,420,56.1970373039034
-0.883769695302247,3.84367243386158,310.592290251155,420.5,56.1966173804042
-22.6861991400921,3.81270443418764,310.594438190841,421,56.1858380244502
-35.6592708620499,3.79415839784857,310.599772475879,421.5,56.1688945086453
-16.1671497718099,3.82146404037284,310.601011578715,422,56.1612126814218
-7.43040785242384,3.83380474403678,310.600622572326,422.5,56.1576821203688
-30.5868820951224,3.80089738955208,310.604613616017,423,56.1431487519721
-33.3554841218311,3.79672947999463,310.609516594651,423.5,56.1272998812931
15.266219931281,3.86558420850694,310.606868762691,424,56.134553631368
-21.8810301164217,3.81296851846201,310.608768579008,424.5,56.1241568517749
-17.9641203290165,3.81837800758752,310.610213653789,425,56.1156211933232
-20.9086879553056,3.81408049795518,310.612203858369,425.5,56.1056864224694
3.61481702065375,3.84886537268136,310.610428449933,426,56.1074040041204
-51.0073432230826,3.77163020209312,310.619982233284,426.5,56.0831678460282
-63.5963793020912,3.75369312357332,310.634416188701,427,56.0529500027637
-38.539350761119,3.7880486875332,310.641160121761,427.5,56.0346380159243
-20.3198766272643,3.81360141742294,310.643298295793,428,56.0249830189918
14.939457097186,3.86376342319905,310.640437892044,428.5,56.0320815075846
-37.5698349535407,3.78934421831967,310.646100749192,429,56.0142301865416
20.6006874235896,3.87176345273567,310.643073653623,429.5,56.0240186108283
-31.3910388161986,3.79811516598548,310.647085758083,430,56.0091031470665
1.37575857115588,3.84451437387411,310.645593394158,430.5,56.009756839263
-25.6772136499037,3.80608848208134,310.648420973849,431,55.9975563016529
-18.3083757115833,3.81638698705981,310.649964494094,431.5,55.9888570701282
-8.19720636831401,3.83070380937686,310.649662874056,432,55.9849621644753
-65.9973755761543,3.74937142645383,310.664597347988,432.5,55.9536034869387
-45.0469742849073,3.77784725106171,310.673252080818,433,55.9321994003631
17.3185944841967,3.86615323394975,310.670394058351,433.5,55.9404283369697
-40.430426438497,3.78432169925204,310.676848648603,434,55.9212178048192
-3.24679502427105,3.83686178274743,310.676007678828,434.5,55.9196750889565
-17.3190663079129,3.81687014808694,310.677148797065,435,55.9114459281628
21.1439827392203,3.87156742815111,310.67379896571,435.5,55.9214924994206
0.731048679777393,3.84285764048959,310.671879697191,436,55.9218398574726
-21.4714372055046,3.8113074543822,310.673770825399,436.5,55.9116376961033
-14.2730898566022,3.82141297961924,310.67447196135,437,55.9048558321526
-30.2319297157484,3.79866416988752,310.678474677334,437.5,55.8904911195108
6.08594113215003,3.85015942246596,310.676373548721,438,55.8933828567019
-47.3441265786813,3.77449084112857,310.684870645723,438.5,55.8708872773599
35.9266900837209,3.89211608060119,310.681515226108,439,55.8879578575074
-8.12758475081825,3.83011951873075,310.680710493112,439.5,55.884096032592
0.811111643532119,3.84284831864298,310.678982993653,440,55.8844814325909
-6.23178722110062,3.83288925690497,310.678133829605,440.5,55.8815203965764
-11.7448397402688,3.82503617104222,310.678220723514,441,55.8759398316082
-13.9927852582568,3.82178162178639,310.678749842983,441.5,55.8692911544915
-24.6017145471507,3.80661786524934,310.681412884381,442,55.8576016406799
-18.2730207293368,3.81543630000869,310.682876499452,442.5,55.8489192080881
-0.450238850048828,3.84073397580988,310.681399304538,443,55.8487052769312
4.53006219941441,3.84790465561752,310.679180760569,443.5,55.8508577376691
-50.4311413841244,3.77014563275822,310.688583842706,444,55.8268953620949
-16.5982389598742,3.81747125399184,310.690005187,444.5,55.8190087026834
-15.5342849357098,3.81891181889447,310.690879016536,445,55.8116275814221
-34.0522733015149,3.79254488755482,310.695848565661,445.5,55.7954476311054
-28.856988616308,3.79963996209408,310.699741170045,446,55.7817362222381
-11.7257252044622,3.82383082411576,310.70006210305,446.5,55.7761647395487
-25.5472033761138,3.80413564866538,310.702973846883,447,55.7640259763685
-16.1495726479343,3.81735432779125,310.704065252831,447.5,55.7563525009219
2.09165451203842,3.84332067634866,310.702224118711,448,55.7573463513408
7.64064510519599,3.85134597109338,310.699617970671,448.5,55.7609768067026
-17.3792010310237,3.81584772636135,310.700617215082,449,55.7527190728728
-53.7719683162687,3.76439441021618,310.711394446216,449.5,55.72716930214
-29.9477994791239,3.7974071218697,310.715786668669,450,55.7129395940857
-20.4803830934449,3.81066818864656,310.717789364994,450.5,55.7032083324462
-12.8407510787348,3.82146813988887,310.718215257666,451,55.6971070447982
-19.2086745353885,3.81237226455345,310.71978187871,451.5,55.6879800359527
-10.8185953047412,3.82425241887646,310.719834229949,452,55.6828395763723
-17.7186598797432,3.81441067641743,310.72107714298,452.5,55.6744205485443
-31.4926511084945,3.79475084787735,310.72547068729,453,55.6594568036641
-21.3094746456454,3.80900116445811,310.727662442806,453.5,55.6493315988654
-7.29063422513258,3.82889751702041,310.727149925777,454,55.6458674513034
10.1136437818813,3.85375789553788,310.72432634102,454.5,55.6506729529057
40.8181098528509,3.89724404447743,310.720373116789,455,55.6700676929745
1.64300508196428,3.84237918309851,310.718111761503,455.5,55.6708483674499
-26.8673655645359,3.8018631422632,310.721107131795,456,55.6580823287152
-31.9978594554969,3.79437102557505,310.725618251192,456.5,55.6428785339011
-4.48989132958496,3.8332567143641,310.724751136522,457,55.640745160367
-35.7487612390618,3.7888523778625,310.730040264107,457.5,55.6237591231762
12.2095685000221,3.85681072064408,310.727295957204,458,55.6295605041874
11.2679887760688,3.85568002406842,310.724213834139,458.5,55.6349144932427
8.04662421780796,3.85128393354052,310.721440433219,459,55.6387378497308
7.29722187515951,3.85035994396554,310.718771605306,459.5,55.6422051274172
6.4759754186567,3.84931942716111,310.716197348945,460,55.6452821895445
-22.8404674313512,3.80770532641149,310.718232284262,460.5,55.6344295329546
10.7252222203499,3.85529689923294,310.715520285778,461,55.6395256262792
-12.4514088850587,3.82246978069417,310.715519763146,461.5,55.6336093347192
15.8767770059776,3.86269385568183,310.71233419064,462,55.6411531912151
-31.3714594470862,3.79575037060786,310.716236373129,462.5,55.6262470305979
27.4696206437463,3.87901171232949,310.712719053395,463,55.6392992310573
-30.5976455872174,3.79691672495491,310.716339003537,463.5,55.6247607483833
-46.3466795939769,3.77446242935254,310.724761717221,464,55.6027391063469
-14.6370075853914,3.81888723193096,310.725699990599,464.5,55.595784326752
-20.4739145868409,3.81051335234353,310.727454479654,465,55.5860561386258
-17.3643654381038,3.8148112018588,310.728646982138,465.5,55.5778054539335
0.42216752420504,3.84007025417303,310.72695530278,466,55.5780060469895
-15.5082319664727,3.81745551729184,310.727600345719,466.5,55.5706373048062
6.15227183608704,3.84823858115225,310.725230942652,467,55.5735605590559
5.39961056935372,3.84730335829254,310.722762091517,467.5,55.576126186025
-17.8034370251139,3.81437828492341,310.723787409997,468,55.5676668763049
7.40899802764811,3.85016480922774,310.721319887565,468.5,55.5711872644717
-21.7825123872695,3.80874683500654,310.72313099569,469,55.5608372956142
-27.1404025615874,3.80097515376114,310.72639177316,469.5,55.5479415232488
-46.4322035876621,3.7735531112749,310.734891651989,470,55.525879244455
-14.2982605468676,3.81862938618804,310.735789319316,470.5,55.5190854206415
5.63808639796485,3.84700446939909,310.733448920403,471,55.5217643594892
4.77432759460947,3.84592058896117,310.731035689087,471.5,55.5240328830204
-9.21280833745984,3.82611685824028,310.73053554142,472,55.5196554137144
-32.7290093996748,3.79267388012165,310.73504079509,472.5,55.5041042127326
2.13431160395133,3.84201387561709,310.733276801349,473,55.5051183316845
-22.0378618309528,3.80768420096802,310.735209025727,473.5,55.494647033444
-15.8740796275955,3.81630787647706,310.736128408696,474,55.4871044586084
31.422320206643,3.88337370620831,310.732301267615,474.5,55.5020347857345
-67.0588043702886,3.74484275790223,310.747265602214,475,55.4701717699118
-12.7225835862346,3.82050161164894,310.748095014973,475.5,55.4641266295918
7.21519596227784,3.8488882033448,310.745544467968,476,55.4675549326352
-17.8108983829751,3.81339134924914,310.746554727765,476.5,55.4590920776481
-59.1337567782829,3.75511951141223,310.759145957106,477,55.4309946511345
17.3910833137183,3.86290749047661,310.756203572309,477.5,55.4392580308354
19.0007822397407,3.86545377767965,310.752455641432,478,55.4482862595793
-38.7482355309749,3.78367558756601,310.758286407151,478.5,55.4298750210639
6.02164388844492,3.8469824333783,310.756088991354,479,55.4327362073957
-53.7027612277322,3.76254933026902,310.766577605243,479.5,55.4072193204368
-38.7269195834268,3.78302764329706,310.77318249165,480,55.3888182102017
-21.2272501681342,3.80753616406566,310.775346138655,480.5,55.378732074394
1.53056533071466,3.83989366545137,310.773468616941,481,55.3794593230798
-18.5551328515845,3.81137519217374,310.774669726193,481.5,55.3706428448084
-45.9642476995831,3.7724938723585,310.783020716711,482,55.3488029154287
1.0001788790813,3.83881864825937,310.781457260612,482.5,55.3492781507949
-4.44285077784849,3.83117950631013,310.780184451141,483,55.3471671285964
-28.3831689585056,3.79713718419385,310.783600627907,483.5,55.3336808553155
-6.88279566804229,3.82756936751955,310.782970430859,484,55.3304104923955
27.0853147135139,3.87586247241665,310.778973709739,484.5,55.3432800897494
27.4682973900814,3.87674215217704,310.774751987254,485,55.3563316614644
-36.7876016490124,3.7858649764918,310.779940621691,485.5,55.3388520188667
7.65055374865307,3.84871675447223,310.777499942347,486,55.3424871823241
-12.4336280654559,3.82025896222936,310.777430254103,486.5,55.3365793393272
-14.6688212418015,3.81701720185273,310.77793905139,487,55.3296094434617
21.8685432897445,3.86889167282138,310.774248701985,487.5,55.3400002899344
-6.76431584358682,3.82849955360471,310.77313112559,488,55.336786222747
-25.2511147335037,3.80218659357848,310.775738155108,488.5,55.3247881461954
-20.6806044038975,3.80847864734965,310.777548919268,489,55.3149617493258
-21.0513758359001,3.80781216819361,310.779403713592,489.5,55.3049591802725
-36.2089822183157,3.78618927573479,310.784897460583,490,55.2877544689124
-15.2338819501948,3.81567141643198,310.78577404014,490.5,55.2805160842412
4.87473608406034,3.84428114532392,310.783407676739,491,55.2828323169035
-13.1747317102437,3.81869765058078,310.783503953945,491.5,55.2765723382343
-23.6857012792848,3.80368670475149,310.785867645227,492,55.2653180684673
-5.41020394978581,3.82956357197452,310.784935902005,492.5,55.2627474080496
-41.7101541050505,3.77806986918823,310.791832292519,493,55.2429288128227
-35.3827682933293,3.78663426245078,310.797382568538,493.5,55.2261166773162
-15.300278396044,3.81490409251482,310.79828066159,494,55.2188467443491
27.4950514264108,3.87570618833163,310.794294721425,494.5,55.2319110282544
-37.7298124316195,3.78343270019538,310.799801417004,495,55.2139836938531
19.9504152902336,3.8651303599709,310.796356137189,495.5,55.223463141094
-8.30183111138514,3.82523553859212,310.795476865554,496,55.2195185229555
-22.7200542424032,3.80469674230184,310.797559474752,496.5,55.2087230807371
-19.9015652775468,3.80855129387702,310.799192508974,497,55.199266844598
-2.63861606937358,3.83304180071194,310.797792716061,497.5,55.1980131051918
-31.4399430437698,3.79211950888294,310.801881321294,498,55.1830744045682
-33.8780898043973,3.78842403215049,310.806897976557,498.5,55.1669772176049
-34.273785409168,3.78760596574092,310.812074681784,499,55.150692015728
-48.0984767039476,3.76788534994377,310.821294983753,499.5,55.1278380066437
-42.131818802284,3.77586539358144,310.828906235525,500,55.1078190572791
