curr_dens,Volts_tot,Temp_tot,t_tot,SOC_tot
-8.93955466340458,3.63636434118672,320,0,15
-8.93955466340458,3.63624081993711,320.0022443116,0.5,14.9957523672788
-3.03395583703531,3.64633354834911,320.003059729446,1,14.9943107820351
-15.8994685642001,3.62400963221852,320.007328916482,1.5,14.9867561436369
2.21579621197112,3.65513802594279,320.006984324591,2,14.9878089800306
14.6575500267452,3.67640733840952,320.004012767444,2.5,14.9947735203741
19.3910676521487,3.68457921611241,320.000189574852,3,15.0039871933768
27.4939381926323,3.69834310681732,319.995302709065,3.5,15.0170509483287
19.3179088882114,3.68501382305689,319.991430761489,4,15.0262298599175
-62.1527469434529,3.54478923575381,320.013987995203,4.5,14.9966979591048
-45.8510390180705,3.57196387310479,320.030025638295,5,14.9749118208723
16.0449382517909,3.67838498551484,320.027325871816,5.5,14.9825355792466
-11.4563635831553,3.63139917240731,320.030045129901,6,14.9770920838317
-11.5583180551718,3.63108203909374,320.033081767378,6.5,14.9716001447115
-17.916751644447,3.61988837952824,320.038015569235,7,14.9630869935079
25.1671089437833,3.69346689104717,320.03361803492,7.5,14.9750451546773
3.72967893745652,3.65748137984051,320.032442465929,8,14.9768173130107
25.029176685628,3.69360443576994,320.02786820649,8.5,14.9887099356164
-6.74821765744138,3.63980509907392,320.029208301829,9,14.9855035174881
-52.1107366310624,3.56090011618282,320.047280138997,9.5,14.960743081608
11.4176633814635,3.67024929762271,320.045418188851,10,14.9661681886077
-20.5675390835768,3.61518667440055,320.050914984581,10.5,14.9563955147671
15.6871426408156,3.67741486433723,320.04788535449,11,14.9638492664239
14.9766342344469,3.67642098047922,320.044599408654,11.5,14.9709654197473
-5.67481756042592,3.64122818991443,320.045717516293,12,14.9682690280741
-10.7543863594987,3.63235525483853,320.048416497403,12.5,14.9631590773979
14.0083985380874,3.67477809244219,320.045571564822,13,14.9698151731703
-16.9007305080705,3.62173556968299,320.049868767153,13.5,14.9617847847873
-23.8264731974179,3.60944783958892,320.056743358763,14,14.9504636271911
-43.8408040656295,3.57425454733571,320.071391050299,14.5,14.9296326528434
-32.3120248116462,3.59372582921439,320.081679394891,15,14.9142795822436
-4.16251729006597,3.6423670535814,320.082876691732,15.5,14.912301760606
19.8599172472973,3.68346338702314,320.078877524506,16,14.9217382076681
7.6475616555814,3.66298811715335,320.076798734431,16.5,14.9253719494314
3.18092224525872,3.6554395145815,320.075790488118,17,14.9268833658186
-12.666614043637,3.62806514086553,320.078884886522,17.5,14.9208648194475
28.9399881180781,3.69893646791427,320.073840467864,18,14.934615665559
6.55419007702406,3.66152244820721,320.071922658399,18.5,14.9377298914103
-15.8428652164865,3.6228841800941,320.07591993058,19,14.9302021481138
-5.6758145859005,3.64033512445855,320.077297218007,19.5,14.9275052827036
-25.0411583568182,3.60656951448979,320.084417748428,20,14.9156069670024
-22.6280038247872,3.61044581812968,320.09095011496,20.5,14.9048552625741
5.18167000170341,3.65842471996214,320.089807413204,21,14.9073173350015
-18.824459705007,3.61689413564462,320.09473945131,21.5,14.8983728859755
-12.6669322047722,3.62739454729987,320.098054947018,22,14.89235418843
6.06519365120783,3.65967869507545,320.096585709449,22.5,14.8952360674479
-16.590494536038,3.62052217599233,320.100796415917,23,14.8873530878023
-11.343639926556,3.62946471827795,320.103690434343,23.5,14.8819631530747
-47.954656618382,3.5654193167503,320.120006804728,24,14.8591774801575
4.70627760341508,3.6565511304523,320.119216760858,24.5,14.8614136697101
-1.73855887174905,3.64552353294804,320.11927767068,25,14.8605875928159
-33.2481325295995,3.59054930773324,320.129354423276,25.5,14.844789730286
-25.4796831837923,3.60370869583962,320.136954596446,26,14.8326830493503
-19.2630907517552,3.61428296208824,320.142346410099,26.5,14.8235301846194
-48.8447063979902,3.562275746995,320.159233298357,27,14.8003216042185
-26.5361307799985,3.60067888090349,320.167430419233,27.5,14.7877129518148
-40.7968151258059,3.5753415782644,320.180918658772,28,14.7683283299434
-86.6074943176568,3.49532510078627,320.218497711568,28.5,14.7271767468259
-0.876250517055451,3.64370209637086,320.219381425658,29,14.726760396067
10.0028770539745,3.66261575233683,320.216618117423,29.5,14.7315132668173
-14.2317281458997,3.62064875672417,320.219904229616,30,14.7247510558988
-22.174177191834,3.60656341774403,320.226040756882,30.5,14.7142149873638
-20.8011427512956,3.60873725793796,320.231801512538,31,14.7043313166536
3.78073393436889,3.65153108372706,320.230566835677,31.5,14.7061277337879
-27.1052082627389,3.5975452633129,320.238224770808,32,14.6932486840067
-4.05474090188049,3.63771442246695,320.238979352994,32.5,14.69132207236
-23.2031025522527,3.60410890148908,320.245317901288,33,14.6802971095575
24.5016534459308,3.6865825873228,320.240268204027,33.5,14.6919390792998
-4.91124439161471,3.63636939261325,320.240662410986,34,14.6896054997016
16.9631113435946,3.67414412970545,320.236591469183,34.5,14.6976655283618
44.4062299611859,3.72003107395249,320.229277455208,35,14.7187651650338
26.4122636626303,3.6909351240332,320.223420569575,35.5,14.7313149619307
-9.6035322620262,3.62943096547832,320.225087291263,36,14.7267518400067
-33.3321228935427,3.58767579730077,320.235111815288,36.5,14.7109140694241
-41.3505965361423,3.57312061412935,320.248726375165,37,14.6912663181098
-14.6645007757339,3.61947290281857,320.252645696306,37.5,14.6842984751153
-5.25781249428668,3.6357953451749,320.253505356722,38,14.6818002235543
22.343747678162,3.68328785369797,320.248559396066,38.5,14.6924168635688
24.2284262919396,3.68677450276879,320.2431001195,39,14.7039290093273
11.7857362263333,3.6659574181432,320.239682617972,39.5,14.7095290062761
-27.9510562947261,3.59685912193889,320.247410413767,40,14.6962480514881
-14.3009390089187,3.62045898937955,320.251012912022,40.5,14.6894529550022
20.9688826411945,3.6812775726483,320.246401408783,41,14.6994163273835
-6.57321844664744,3.63413398694611,320.247227129974,41.5,14.6962930601952
-11.0699205742044,3.62620390266847,320.249601592067,42,14.6910331833197
-20.6883455952156,3.60919869990036,320.255036560983,42.5,14.6812031082201
-1.65893072537299,3.64226183990787,320.255019051376,43,14.6804148666693
-28.098973352273,3.59591065501128,320.262951328349,43.5,14.6670636290364
23.0636302644223,3.68438933808218,320.258152423029,44,14.6780223215295
3.80168918848663,3.65175557556631,320.256356443165,44.5,14.6798286955605
12.428740614227,3.66669161776704,320.252978350459,45,14.6857342162832
-8.62048360939755,3.63039460616002,320.254432154845,45.5,14.6816381902919
30.3028882946777,3.69698572732007,320.248546236863,46,14.6960366189288
13.3943734140295,3.66883081897381,320.244772242889,46.5,14.7024009604353
-34.5374576323714,3.58545021893064,320.254929895303,47,14.6859904746035
24.5487579751833,3.68749906808363,320.250070406457,47.5,14.6976548260803
2.20388341875504,3.64964331287619,320.248647506572,48,14.6987020021059
-19.3409884847553,3.61207049457719,320.253446448407,48.5,14.6895121242382
15.0198813119934,3.67148573683294,320.24987972327,49,14.6966488264266
26.8566195643463,3.69169400482777,320.244198323669,49.5,14.7094097591953
1.80632051345613,3.64932481567493,320.242862663695,50,14.7102680330587
-4.9860950647984,3.6375536330792,320.243448627603,50.5,14.7078988881353
-30.8679528752364,3.59215051358722,320.252370445739,51,14.6932319688529
39.2614720907964,3.71214596454147,320.245974221262,51.5,14.7118870719105
10.9783659488525,3.66522296794215,320.242595019286,52,14.7171034465718
20.8923566078381,3.68222824381739,320.237817488834,52.5,14.7270304575799
1.9354272866707,3.65006143082987,320.236525593948,53,14.7279500765745
-19.5931705451141,3.61255556893574,320.241390511262,53.5,14.7186403743071
4.95390439417669,3.65503819237741,320.239846269472,54,14.7209942238214
-21.2910351022959,3.60937790526269,320.245242937325,54.5,14.7108777805786
-2.0870089889111,3.64264648977857,320.245347282148,55,14.7098861374817
-20.1032073264497,3.61115361573349,320.250430646576,55.5,14.7003340910481
-7.4376206604249,3.63306178217903,320.251907660179,56,14.6968001028267
5.42522242538356,3.65531818038712,320.250086829684,56.5,14.6993778992787
5.76640583986092,3.65599660162365,320.248059064206,57,14.7021178091569
-13.7202617695746,3.6221884013439,320.251045543525,57.5,14.6955986216772
-29.8744472923344,3.59365966041128,320.259693921054,58,14.6814037669418
-51.8650502814437,3.55466710130974,320.277840474279,58.5,14.656760069022
-35.4615862662756,3.58269465019193,320.289191311148,59,14.6399104831263
23.8425990872283,3.68539540604199,320.284302456222,59.5,14.6512393029451
-2.06940663889967,3.64126150027647,320.283829563539,60,14.6502560236114
-1.05737679641059,3.64303092308079,320.283366981713,60.5,14.6497536106335
-61.9772399764306,3.53621571057911,320.306153450188,61,14.6203051020215
-25.5233932591155,3.5993048698803,320.313861422823,61.5,14.6081776522272
-38.7001654587535,3.57575723581402,320.326184625676,62,14.5897892542244
-29.8269555500488,3.59090218250715,320.335158488523,62.5,14.575616965208
-37.2146262977019,3.57748809539868,320.346948014938,63,14.5579344216897
-32.3944896830775,3.58552765354218,320.356904924218,63.5,14.5425421678756
-40.0896674964962,3.57152287059131,320.36996105867,64,14.5234935474631
-21.7708718122537,3.60343833484345,320.376026089745,64.5,14.5131491096292
-46.3104264027941,3.55977172471694,320.39171026697,65,14.4911446933101
5.77037668730688,3.65111544768007,320.389937143607,65.5,14.4938864899379
26.133809940974,3.68620601355373,320.383857067655,66,14.5063039794454
-25.0461778804048,3.59748053895949,320.390248171208,66.5,14.4944032787158
-2.91368616227813,3.63625000779119,320.390295207587,67,14.4930188396527
-11.9122645526476,3.62044188070664,320.392617118894,67.5,14.4873587227227
-28.7820990668309,3.59048010912687,320.400782839091,68,14.4736828976526
-27.0462890560862,3.59320214302574,320.408513832534,68.5,14.4608318433544
-27.5038849675424,3.59206754882926,320.416395993448,69,14.4477633621887
23.4992608872536,3.68095696829982,320.410984466602,69.5,14.4589290447341
-8.9427773907336,3.62503077014189,320.412110160595,70,14.4546798807328
9.5063996487094,3.65724845217242,320.408983109412,70.5,14.4591968500595
-27.8520920201957,3.5916891732847,320.416513442878,71,14.4459629181833
-24.5819850021891,3.59713731846961,320.423285284776,71.5,14.4342827788723
13.9883466085231,3.66459667362311,320.419423503714,72,14.4409293469628
-8.73962456889888,3.62515822232101,320.420556383191,72.5,14.4367767111004
38.9759176148136,3.70692057969259,320.41316203054,73,14.4552961328426
-28.8949852510372,3.59002589898421,320.42075063447,73.5,14.4415666698601
27.1978925377295,3.68748572657308,320.414866627973,74,14.4544897586091
-14.9097968442876,3.61484933919808,320.417709683391,74.5,14.4474053630964
-11.2793243425639,3.62108465936369,320.419883546853,75,14.4420459879425
-16.1955481577828,3.61227911505374,320.423537703255,75.5,14.4343506672153
-31.3857220419608,3.5851630303608,320.432651548669,76,14.4194377297209
11.1097085707422,3.6595952327838,320.429414122469,76.5,14.4247165118778
-28.1039750986652,3.59079552332563,320.436960619495,77,14.4113628976633
12.4810253030378,3.66183861658524,320.433397501561,77.5,14.4172932614753
-13.5618397958958,3.616451598526,320.435939169737,78,14.4108493482552
-12.719739107669,3.6177956999342,320.438506283198,78.5,14.4048055594902
-6.62310615012461,3.628430127452,320.439274290102,79,14.4016585881412
-12.2301353605016,3.61848882378034,320.441606385742,79.5,14.3958474347786
-69.4169171141328,3.5171837899654,320.46865639107,80,14.3628639608092
0.775042877070884,3.64038511659865,320.468192663483,80.5,14.3632322227203
-22.5713234620489,3.59916940998661,320.473820157519,81,14.3525074499874
-3.39675017768378,3.63289075914651,320.47376215335,81.5,14.3508934828779
-16.3138130796269,3.61005512978843,320.477301223676,82,14.3431419685292
-5.81582111949126,3.62848336724685,320.477816402079,82.5,14.3403785789625
8.33652778802179,3.65329055775157,320.474715221179,83,14.3443396832397
-5.22299982093687,3.62968679066451,320.474784929283,83.5,14.3418579729334
-19.6762084183039,3.60405851880479,320.479442752517,84,14.3325088151897
-10.570204184969,3.61999414889256,320.481359433927,84.5,14.3274863787422
22.1201989908558,3.67690800165416,320.475757893619,85,14.3379967995149
17.6867803115621,3.66964770761247,320.470569704917,85.5,14.3464006797542
16.9485121355355,3.66864187363876,320.465577599307,86,14.3544537715952
32.3928781399634,3.6950664080439,320.45843934711,86.5,14.3698452596841
6.32856870470883,3.65096410149524,320.455453408311,87,14.3728522814565
-55.1003092940961,3.54251101143914,320.474606142979,87.5,14.3466713490143
44.0566387398662,3.71417609977583,320.467303655821,88,14.3676048772876
-10.8349193923065,3.62085015980006,320.468616510368,88.5,14.362456661311
-7.31686632974508,3.62692869899457,320.469455162223,89,14.3589800495547
-37.6015240548101,3.57315250790064,320.480821246161,89.5,14.3411136714233
8.6618559638491,3.65436886179996,320.478038084125,90,14.3452293555042
4.03922932850305,3.64646964359419,320.475736756675,90.5,14.3471485968211
-5.96072373580602,3.62900924783019,320.476020067239,91,14.3443163567224
5.77411699443257,3.64953602646021,320.47348798592,91.5,14.3470599305585
2.14019719120262,3.64329833909632,320.471674152566,92,14.3480768460495
-2.31013512147474,3.63555337987718,320.471009529499,92.5,14.3469791844878
-38.5083134478903,3.57141166216161,320.482688904783,93,14.3286819450393
-15.2130588422756,3.61226142202508,320.486226629244,93.5,14.3214534544756
-13.6358712741087,3.6148877184507,320.488968997483,94,14.3149743651712
2.14354150779223,3.6425738726022,320.487334450765,94.5,14.3159928697154
-13.633355982405,3.6148248805163,320.489872858393,95,14.3095149755527
-5.46493828105737,3.62912668860732,320.490195500953,95.5,14.3069183080972
-1.91536883422661,3.6353498405325,320.489475797844,96,14.3060082198836
-12.9407113167347,3.61589013440889,320.491840155924,96.5,14.2998594360913
13.5359597652469,3.66219483132597,320.487735613927,97,14.3062910524052
-5.62680651604114,3.62892033531508,320.487803942626,97.5,14.3036174731976
10.826848025125,3.65768060624334,320.484161352885,98,14.3087618540611
-18.8336079364928,3.6056769757952,320.488272554721,98.5,14.2998130582495
14.8942666226233,3.66467360830093,320.483999911351,99,14.3068900745715
-25.3387776788998,3.59412810826876,320.490329434033,99.5,14.2948503449389
-34.3744633112243,3.57770179247616,320.500590656443,100,14.2785173059194
-38.0132850932728,3.57074320305958,320.512494490962,100.5,14.2604552793776
-30.4397839118766,3.58372157695292,320.52140021338,101,14.2459918047372
9.95817098815212,3.65485930998575,320.518134052591,101.5,14.2507234333837
30.6453270302235,3.69047006855258,320.511047655265,102,14.2652845719132
-26.8976449547812,3.59038840246439,320.517778361891,102.5,14.2525041459149
8.14391045883297,3.6520256703083,320.514861927509,103,14.2563737279965
-50.3214041470653,3.54849331101001,320.531726581774,103.5,14.2324634941113
-34.5395554793379,3.575857736709,320.542405522998,104,14.2160520114868
-27.7045645389305,3.58760969591858,320.550192393951,104.5,14.2028881773482
22.7939374193766,3.67617948078556,320.54447779218,105,14.2137187251856
-5.72526953596414,3.62682441060505,320.544367316514,105.5,14.2109983612375
-48.7762864800785,3.55005926677977,320.560693796122,106,14.1878222905861
16.6363247563718,3.66535608040512,320.556261644979,106.5,14.1957270464779
27.2208824326429,3.68373872630168,320.549408428602,107,14.2086610588839
-9.36316354711126,3.6204597054126,320.550271971113,107.5,14.2042121482441
-12.0878321187935,3.61553040675711,320.552333287278,108,14.1984686103198
-1.82775670418232,3.63358412593406,320.551515969691,108.5,14.1976001510424
-24.4053538442403,3.5934706110244,320.557608102746,109,14.1860039380917
2.95632144090766,3.64174415736806,320.555733383482,109.5,14.1874086353233
36.4799450495563,3.69932133644477,320.54798460619,110,14.2047420947733
-29.6463622539465,3.58449557272508,320.555616433675,110.5,14.1906556147287
-1.20093385579479,3.6346834365866,320.554840688252,111,14.1900849905607
-0.566267264521111,3.63582772338691,320.553563073397,111.5,14.1898159284595
-0.870612881685718,3.63532346535907,320.552358448082,112,14.1894022564251
39.8989498185705,3.70520633610799,320.544397767937,112.5,14.2083602572621
-14.6504140478935,3.61153783116751,320.546736219148,113,14.2013991075816
-22.241375468554,3.59783118834676,320.552159040849,113.5,14.1908311097605
-10.7232732455896,3.61804367281292,320.55393716093,114,14.1857359424919
-34.4840090864064,3.57555669002303,320.563959294204,114.5,14.1693508527566
-16.2990158145407,3.60755986095787,320.567633878852,115,14.1616063693339
8.67997544058931,3.65153386297367,320.564332948043,115.5,14.1657306628909
-19.4641599415825,3.60191228799385,320.568539427808,116,14.1564822600597
4.88018570888441,3.64483283883212,320.566119212481,116.5,14.1588010821133
-0.375461260149544,3.63570174885171,320.564698802744,117,14.158622681556
13.0411211646191,3.65922065146401,320.560337526622,117.5,14.1648191751248
-7.31078051856604,3.62369534854154,320.56070415834,118,14.1613454550439
-14.9623613136054,3.61002800644717,320.563596130904,118.5,14.1542360835042
-1.8597210749484,3.63310518146749,320.56278464634,119,14.1533524363442
-2.67822656757102,3.63167464157906,320.56203789236,119.5,14.1520798759951
-6.49781200628504,3.62491682079074,320.562340625412,120,14.148992438205
4.84334210482889,3.64487069156235,320.559791039633,120.5,14.1512937540064
-15.2523473945163,3.60941141610241,320.562641178046,121,14.1440465954725
-33.6773087683675,3.57630863725682,320.572384288175,121.5,14.1280448096932
-15.7900185724274,3.60783030059183,320.575868029534,122,14.1205421764993
10.6365711180229,3.65436817130415,320.572126335979,122.5,14.1255961472197
19.0312714318055,3.66909683903748,320.566540331868,123,14.1346388629145
-16.9630994583054,3.60609174669004,320.569784892903,123.5,14.1265788399016
-54.9028387638389,3.53810233805967,320.589084870829,124,14.1004917356553
-49.5374005738952,3.54682037740374,320.60636734309,124.5,14.0769540213593
13.9729443606766,3.65918886794476,320.602311529438,125,14.0835932710661
25.1464830979412,3.67867658757047,320.595625900196,125.5,14.0955416318572
7.04880046264946,3.64774003617395,320.592163127642,126,14.0988908720171
31.0192452805613,3.68912159557686,320.58485089867,126.5,14.1136296779421
-8.82479898089829,3.62031318156382,320.585415563128,127,14.1094365714262
-5.43883800848091,3.62622592871189,320.585429026797,127.5,14.1068523055248
0.0423769593977088,3.63587662368652,320.583959935265,128,14.1068724409528
33.324695607918,3.69331718892507,320.576515446282,128.5,14.1227066824579
19.7785774409294,3.67076726025983,320.570617197167,129,14.1321044808807
-50.8409137096064,3.54606845884295,320.587373327139,129.5,14.1079474018338
-4.37312992900721,3.6281994958612,320.587629457682,130,14.1058695075225
4.79518652563999,3.64434148372522,320.584997764285,130.5,14.1081479421825
-30.7110418536612,3.58131563662535,320.593246057275,131,14.0935555792303
-44.1452730208558,3.55684625397993,320.607573276147,131.5,14.0725799363454
-6.53136726798079,3.62348342857793,320.608305568378,132,14.0694765547603
-46.3603683510133,3.55219510344856,320.623379268784,132.5,14.0474484085059
-8.43072085057369,3.61947242229654,320.62466851623,133,14.04344254836
-25.8613061032353,3.58822979852933,320.631252250053,133.5,14.0311545391523
-9.7331881252408,3.61679678034788,320.632638789089,134,14.0265298111967
0.148638235406573,3.63429292120473,320.631087746748,134.5,14.0266004367095
-44.253578353164,3.55488994705647,320.645149477609,135,14.0055733325057
14.7927510603254,3.65952643539738,320.640750029819,135.5,14.0126021136705
-46.4513193561957,3.55063091539423,320.65565868736,136,13.9905307520122
-0.637889628962824,3.63210349563498,320.654733417993,136.5,13.9902276585179
-8.08045892869879,3.61892219351311,320.655282994134,137,13.9863882254544
-4.21879506752385,3.62575686600271,320.654817226515,137.5,13.9843836634099
16.903349989415,3.66291338729972,320.649496497847,138,13.9924152964405
-27.888285972869,3.58367385074535,320.656514890262,138.5,13.9791641669942
-26.5359578398866,3.5857380127403,320.663545141883,139,13.966555596763
-32.6133115791744,3.57446148415178,320.672937241154,139.5,13.9510593696437
11.5681342623328,3.65291574479737,320.668936700464,140,13.9565559729383
5.18759248842452,3.64192557067763,320.66583127708,140.5,13.9590208594375
18.5272111152828,3.66536883110789,320.660089710679,141,13.9678240706856
-29.984946116499,3.57951505314411,320.667873202939,141.5,13.9535767123927
-12.673200581895,3.6102183752054,320.670126616075,142,13.9475550364256
-1.30852638920106,3.63037601170542,320.668891476217,142.5,13.9469332896253
-3.12552873052013,3.62718386234799,320.668010432402,143,13.9454481934873
-20.0475612978673,3.59690872395601,320.672365280945,143.5,13.9359225872848
8.43450828477722,3.64741986409486,320.668871528281,144,13.9399302470315
-14.9417450458118,3.60602176738252,320.671386306079,144.5,13.932830671319
38.4146607601384,3.6988576658303,320.663246206639,145,13.9510834116581
-26.2548938994233,3.58615493202434,320.669388598396,145.5,13.9386083890627
8.26789230916448,3.64738701198247,320.666017819427,146,13.9425368811667
13.5487699840276,3.65678196177957,320.661172176482,146.5,13.9489745842607
-10.5336572421486,3.61442093119271,320.66224454018,147,13.9439695131067
1.64182310296903,3.63597110459101,320.660240795517,147.5,13.9447496259643
9.56999331041637,3.64999473147486,320.656290443007,148,13.949296811843
-24.0288311258186,3.59034646110264,320.661881335463,148.5,13.9378795038019
6.32340340355637,3.64416479942944,320.658934748658,149,13.9408840712796
21.9949583442765,3.67156979664705,320.652656264942,149.5,13.9513349839125
46.7992936655877,3.71348947243756,320.643697118677,150,13.9735716856933
17.328837637126,3.66446314084417,320.63790927012,150.5,13.9818054893378
-8.24502720431756,3.61974389589707,320.638284330174,151,13.9778878615969
-62.9645582774056,3.52171847927034,320.661358357669,151.5,13.9479702283271
-55.3568784906585,3.53425071504093,320.681366454787,152,13.9216673869358
-36.680500403088,3.56692731727515,320.692721073203,152.5,13.904238633535
8.79971542239849,3.64779153496837,320.689307096367,153,13.9084198215888
-5.51280691717458,3.62262557838425,320.688911200604,153.5,13.905800409333
4.15632711044991,3.6397699142326,320.686172301048,154,13.9077752897045
-24.5322847824408,3.58860874858722,320.691963169852,154.5,13.8961187654713
-56.8223231312764,3.5301977943996,320.712247731578,155,13.8691196175143
-33.8406420685817,3.57069465818383,320.722466686992,155.5,13.8530402238567
-1.07495595437142,3.62918306678314,320.721314533028,156,13.8525294581354
-55.2863617599505,3.53166477536409,320.740621779413,156.5,13.8262601227949
25.2747661747277,3.67473174894078,320.734309635311,157,13.8382694373376
63.5944121263964,3.7382076173715,320.724486562443,157.5,13.8684863458978
-15.1437839789061,3.60477470738264,320.726422005806,158,13.8612907713112
18.7308487248786,3.66455396193335,320.720714103312,158.5,13.8701907410452
-3.50112639524003,3.62573505761913,320.719573966771,159,13.8685271795371
12.6619631911811,3.65426244316476,320.714882537476,159.5,13.8745435160539
-9.38787298780214,3.61542718377378,320.715479406959,160,13.8700828647143
-42.1881469384406,3.55631681459268,320.728477244846,160.5,13.8500371510149
-10.585393478399,3.61261377864033,320.730082374271,161,13.845007497369
-18.632124963002,3.59805597687442,320.733874214931,161.5,13.8361544362672
20.6150832208111,3.66739090533031,320.727857395653,162,13.8459497007223
19.0503505038125,3.66499933797092,320.721709826813,162.5,13.8550014818453
-0.0202149991522091,3.63181662347932,320.719647250134,163,13.8549918766809
-23.3004632051727,3.59015719902327,320.724931793754,163.5,13.8439206529281
-24.138088330214,3.58833480647523,320.73080416804,164,13.8324514312857
-5.79497780756744,3.62097773077739,320.730758787558,164.5,13.8296979454264
-14.3169696226218,3.60567087918832,320.733060266548,165,13.8228952319885
6.49946067325904,3.6426415535551,320.729761136475,165.5,13.8259834531433
-14.3310816351024,3.6056352533813,320.731929885438,166,13.8191740343775
-21.9964312361496,3.59166944776456,320.736926250125,166.5,13.8087224218994
-16.9527224137783,3.60048460508287,320.740282893,167,13.8006673295431
24.2206703161616,3.67310720722018,320.733654602869,167.5,13.8121757900468
-15.392776305401,3.6035154293584,320.73597920933,168,13.8048619066637
-9.37806577502446,3.61413991509982,320.736853710865,168.5,13.8004059152248
-23.8436958221548,3.58801114374879,320.742450110785,169,13.7890765742921
-6.73226409573127,3.61850494734937,320.742648914733,169.5,13.7858777365045
-25.8772707026378,3.58398698583583,320.748970871582,170,13.7735821417115
-20.0809394657926,3.59412601823992,320.753437024772,170.5,13.7640406758601
-6.69215315373543,3.61799747779358,320.753563905763,171,13.7608608968016
-8.01806164843136,3.6155868853641,320.753914967042,171.5,13.757051111829
-8.4773445306779,3.61470848225234,320.754415288194,172,13.7530230984242
20.7945459548265,3.66639882808088,320.748175223884,172.5,13.762903634664
4.85852170422747,3.63879411922709,320.744837559531,173,13.7652121630577
19.2766691261668,3.6641944822878,320.73875172665,173.5,13.7743714795583
10.1727098496414,3.64858459493982,320.734276043742,174,13.7792050464246
-11.2628588760543,3.61062177514407,320.735420918389,174.5,13.7738534948432
-24.0688909845891,3.58741815704427,320.74109615075,175,13.7624171523453
-40.8476939817543,3.55675622903295,320.753694697677,175.5,13.7430083553666
-20.7774858858163,3.59247507281827,320.758587223366,176,13.7331359252248
-12.1518870852931,3.60779415506213,320.76034802741,176.5,13.7273619515593
-10.8698006921305,3.60998868727757,320.76160336309,177,13.7221971617201
35.7408383830721,3.69153089567998,320.753369849334,177.5,13.7391794343629
23.0261099720008,3.67035902118466,320.746357127118,178,13.750120299075
-3.08120901667646,3.62480015310544,320.744996080288,178.5,13.7486562614654
-3.85521325762861,3.62340546489411,320.744116618289,179,13.7468244554531
-34.6303954823331,3.56792071231595,320.753783871578,179.5,13.7303698101673
-13.9587346575706,3.60478888000041,320.756278829444,180,13.7237373122062
25.7597149300825,3.67481814849122,320.749346398604,180.5,13.7359770503303
-25.5635190581094,3.58411658953874,320.755153403418,181,13.7238305347477
-29.0460011212222,3.57746395576818,320.76286160218,181.5,13.7100293165184
-16.9531094564454,3.59894818776524,320.766255528751,182,13.7019740402586
-1.80606324567197,3.62599173348462,320.764949555715,182.5,13.7011158886361
-11.9319423764243,3.60784668261814,320.766389885097,183,13.6954464217808
-13.0313431768026,3.6057458852929,320.768291255184,183.5,13.6892545742265
-20.7138504500581,3.59172804555569,320.772773854556,184,13.6794123804857
19.9519440777817,3.66395315051722,320.766763982345,184.5,13.6888925541305
1.86318920466306,3.63242900598651,320.764107834376,185,13.6897778491737
-35.6538186169378,3.56484937526603,320.774149550632,185.5,13.6728369240051
-38.3471584471249,3.55944941310448,320.7858233618,186,13.6546162574151
-56.369508584141,3.52624592820489,320.806077327851,186.5,13.6278322644585
21.8066297051868,3.66600451201213,320.800120137607,187,13.6381936926686
-15.7526257148464,3.599542616339,320.802497315709,187.5,13.6307088267049
-12.6879701939263,3.60492157074778,320.804286591983,188,13.624680132951
-4.29653531661898,3.61993205134641,320.803530919123,188.5,13.6226386325983
-27.7529702673808,3.57748283939454,320.810480064173,189,13.6094517984598
-51.9362120138807,3.53316185457432,320.828384718492,189.5,13.5847742880164
0.381045233455563,3.62733353490225,320.82684553331,190,13.5849553418008
-10.6774026719595,3.60750622685663,320.827787615199,190.5,13.5798819699523
-26.6492618914916,3.57841783800178,320.834388710605,191,13.5672195632589
-26.9189393985529,3.57759401013093,320.841297431285,191.5,13.5544290191978
2.52399263418483,3.63057971895139,320.838834944151,192,13.5556282952361
5.99568644334449,3.63689314543626,320.835180888941,192.5,13.5584771478783
-6.07359662338918,3.61540339155344,320.834657559517,193,13.5555912761851
-7.02563785291539,3.61366476393925,320.834544597709,193.5,13.5522530417478
-13.5384717996218,3.60184314699559,320.836449572702,194,13.5458202318399
-5.32763704382235,3.61656260245155,320.835929238432,194.5,13.5432888031182
4.87736054974216,3.63486262646021,320.832632270844,195,13.5456062827964
-20.1874032680116,3.58976026331699,320.836645619262,195.5,13.5360142306298
8.62116787836181,3.64143306848073,320.832657438824,196,13.5401105817517
-39.4668123619884,3.5545813282773,320.844267867368,196.5,13.5213579111879
-9.9675753027196,3.60774212292521,320.845444131508,197,13.5166218140778
-13.9611786838063,3.60042332431927,320.847505884463,197.5,13.5099881548368
20.7425575432021,3.66227735454394,320.841029449392,198,13.5198439887635
-12.3566778497453,3.60357751924267,320.842236650538,198.5,13.5139727086902
26.1826223566737,3.67193640689403,320.834912466565,199,13.5264133914352
-13.6604706507736,3.60153659128365,320.836479384543,199.5,13.5199226137278
-23.5457558638532,3.58340693996462,320.841883399342,200,13.508734839077
16.2233358856612,3.65458616557887,320.836360754525,200.5,13.5164433631534
-8.75583836743117,3.61026877869408,320.836496163308,201,13.5122830232985
-12.6023175799061,3.60322488554437,320.838089697292,201.5,13.506295027416
-5.57993141232576,3.61579588781244,320.837609269887,202,13.5036437209314
-23.1280891497032,3.5839223486469,320.842766499648,202.5,13.4926544007751
-22.5464150901432,3.58468449746771,320.847929455063,203,13.4819414632644
-25.9062935206929,3.57827146418296,320.854340371253,203.5,13.4696320782685
-4.02467091661577,3.61772249510366,320.85356338607,204,13.4677197543865
12.6702687299219,3.6475868390872,320.848468788707,204.5,13.4737400372831
14.2545654663123,3.6506159719969,320.842896206384,205,13.4805130993629
-0.444082729473034,3.6246852108785,320.840699525911,205.5,13.4803020932889
38.5490068497851,3.69279898222443,320.831803123797,206,13.4986186682225
35.5810883116922,3.68831139889441,320.822899274481,206.5,13.5155250355595
1.85397431617375,3.62996615943627,320.81995701671,207,13.5164059521449
8.68952407442406,3.6421822929245,320.815753460839,207.5,13.5205347827388
-16.8410378468743,3.59646070938337,320.818516331351,208,13.512532757346
8.32379579874662,3.64146592249213,320.81460642965,208.5,13.5164878120138
-44.8151184390882,3.54549656756618,320.828475083474,209,13.4951938918294
-16.6054334292291,3.59617407986326,320.831820333861,209.5,13.4873038139632
-16.3632229845673,3.59641321650862,320.834716268695,210,13.4795288224798
-32.8400189440004,3.56619502787836,320.843730070526,210.5,13.4639248752717
37.0822736054065,3.69019453741448,320.835346181223,211,13.481544531359
-13.0354629757181,3.60244144221109,320.836583566596,211.5,13.4753507262807
-13.5512579016891,3.60135437349751,320.838500607355,212,13.4689118410517
8.48355388998903,3.64082473477355,320.834455716003,212.5,13.4729428048359
-12.0711724659363,3.60405946811482,320.83566451262,213,13.4672071827518
-4.26511274294462,3.61803874611889,320.834791609132,213.5,13.4651806128466
-0.0611456418941607,3.62558525134656,320.832700473559,214,13.4651515594721
-48.2232801550604,3.53808422078989,320.848303311495,214.5,13.4422382499816
-13.6893930245202,3.60034706573634,320.850725541154,215,13.4357337297976
29.204651723205,3.67640114248382,320.842985275477,215.5,13.4496103309194
-3.19603862704153,3.61968757671666,320.841368985606,216,13.4480917319778
24.0216504700239,3.66788536150651,320.834300278013,216.5,13.4595056281276
24.6987345050811,3.66940989599186,320.826893538294,217,13.4712412410083
6.5645264106684,3.63792471023602,320.822911998017,217.5,13.4743603781724
-6.31472115317957,3.61496149057887,320.822417028811,218,13.4713599360693
11.7420886795445,3.64715616958629,320.81764887643,218.5,13.4769391938699
-58.200967582164,3.52081018387396,320.837962972782,219,13.4492849824897
5.93488992958381,3.63626243238303,320.835091858113,219.5,13.4521049476457
-35.8014248088014,3.56078164932255,320.845014592664,220,13.4350938873403
-44.3740635855201,3.54460502384312,320.859248155432,220.5,13.4140095345335
-27.779812261407,3.57426746521593,320.866596211375,221,13.4008099464116
-9.90452032723253,3.60650111901525,320.867516601153,221.5,13.3961038098966
-59.0894569431801,3.51662104776475,320.888753324848,222,13.3680274324661
14.7799384477024,3.64994497325639,320.883855899778,222.5,13.3750501257133
-9.86918030576691,3.60598907225252,320.884242819485,223,13.3703607810226
-30.871605971113,3.56755109474429,320.892352330019,223.5,13.3556921259703
-23.3416065546673,3.58093172911412,320.897826205824,224,13.3446013529397
-42.6819586667317,3.54518305681728,320.911209004822,224.5,13.3243210044141
-26.245998458352,3.57474078672544,320.917950495127,225,13.3118502084908
-10.3045747505858,3.60360879528879,320.918909976459,225.5,13.3069539859678
-10.5505558941009,3.60309712759544,320.919742767059,226,13.301940885413
-16.7090532325759,3.59177278934914,320.922589635859,226.5,13.2940015725587
-11.6426593336434,3.60086707997604,320.923836137744,227,13.2884695586487
-17.987977892861,3.58916848234141,320.927130128161,227.5,13.2799225642666
-4.49597709865671,3.61360716613991,320.926224698418,228,13.277786299077
44.0683133488478,3.69874120711056,320.916533904491,228.5,13.2987253745452
4.04928649467971,3.62976808367843,320.912738338071,229,13.3006493945283
-16.1316814185045,3.59326405844196,320.915182450476,229.5,13.292984420106
-4.46114845552331,3.61433350306999,320.914243423065,230,13.2908647037592
-15.0234098171681,3.59509158546763,320.916415706269,230.5,13.2837263250002
-15.4939925960052,3.59406320340094,320.918870200038,231,13.2763643486591
-12.5635849347126,3.59924724944631,320.92037098155,231.5,13.2703947566074
5.70630046664869,3.63223502047504,320.916730539455,232,13.2731061073952
-16.1846017102555,3.59265671141447,320.919178176749,232.5,13.2654159878766
-1.44690784209005,3.61931125274555,320.917399861639,233,13.2647284890776
14.2742780651951,3.64752945766926,320.911769194498,233.5,13.2715109176061
-33.8621716863505,3.56036024566825,320.920781005842,234,13.2554212941426
-28.7161682636455,3.56933108309237,320.928292361249,234.5,13.2417767961182
27.3086687545978,3.66990047925156,320.920718086787,235,13.2547525202277
34.9646760503438,3.68347596847866,320.911617550041,235.5,13.2713659990496
-22.8941732804898,3.58075204297994,320.916101377281,236,13.2604878241055
-20.750570377672,3.58436715322761,320.920437576444,236.5,13.2506281828774
12.9455607193722,3.64511830777368,320.915295788096,237,13.2567792708652
9.95199763505142,3.64001922555667,320.91042377435,237.5,13.2615079662407
-15.6155416333124,3.59395722236063,320.912609206202,238,13.2540882358292
-16.0268264672582,3.59301218893295,320.915222735358,238.5,13.2464730832761
-21.5815080714425,3.5826418343,320.919778108531,239,13.2362186216939
-22.3917046384446,3.58087576765455,320.924702157158,239.5,13.2255791949119
46.4629778764823,3.70244066980688,320.915122222347,240,13.2476560961204
-44.8450165306621,3.54015259615394,320.92861002585,240.5,13.2263479698467
1.473292389776,3.62423975061941,320.926404710816,241,13.2270480052734
-8.33821012403403,3.606523690882,320.926354047075,241.5,13.2230861016336
-34.6060366269101,3.55828353842104,320.935888010822,242,13.2066430304671
-10.5320471846638,3.60199220989444,320.936942689156,242.5,13.2016387243324
4.09927370784945,3.62845511927625,320.933618737764,243,13.2035864957584
29.6193934364584,3.67364382862671,320.925347346267,243.5,13.2176601615595
-6.86008523564341,3.60921708077501,320.924570036851,244,13.2144005895098
24.4173166335692,3.66500785308345,320.917211582176,244.5,13.2260024865843
41.5965703167909,3.69476896624443,320.907589887941,245,13.245767112432
-10.2922258315242,3.60397227319562,320.907746783047,245.5,13.2408767575025
-15.9699820737538,3.59348241548812,320.910236508446,246,13.233288614584
-37.4085711423172,3.55394661532641,320.920981798955,246.5,13.2155139181008
13.4747600146548,3.64594026941255,320.915951644201,247,13.2219164553304
-13.1491865358375,3.59814949115446,320.917261980492,247.5,13.2156686144602
6.67641394952736,3.63390414927339,320.913401978444,248,13.21884091503
-5.48866860973973,3.61209094767783,320.912466348447,248.5,13.2162329720999
-9.71962359367274,3.60435487891208,320.912915046736,249,13.2116146893366
-21.9192595659509,3.58193773296251,320.917475751889,249.5,13.2011997450063
-32.2802412435842,3.56260260184099,320.926181684915,250,13.1858617763807
-39.1840517710296,3.54942881076796,320.937977424173,250.5,13.1672434596167
13.69221986367,3.64528006854472,320.932868660017,251,13.1737493229744
-17.5332958528129,3.5889909449455,320.935629129242,251.5,13.1654183709327
1.33256459092866,3.62317964191937,320.933080497913,252,13.1660515394934
-35.6335257227637,3.55556127251266,320.942922172181,252.5,13.1491202565011
-3.65048150032476,3.61376288946116,320.941931833694,253,13.1473857288593
-34.4360785022048,3.55726391938172,320.951339172079,253.5,13.1310234133589
-23.0750851254032,3.57772789352763,320.956648254158,254,13.1200592780844
-13.1232594485751,3.59574856689532,320.958347659531,254.5,13.1138237564795
3.89684815891932,3.6266385283929,320.955049501647,255,13.1156753453307
15.9197477695843,3.6482944796441,320.948923397663,255.5,13.1232396194008
11.0111572895397,3.63983201860292,320.943693137301,256,13.1284715748799
-24.2495225558148,3.57584595122902,320.948865356183,256.5,13.1169494052238
-16.9853325832369,3.58888758393799,320.951852930747,257,13.1088788181333
29.6218240506009,3.6723284949199,320.94375339062,257.5,13.1229536388416
-19.6997851905433,3.58421911655124,320.947082525643,258,13.1135932785858
-30.4795194058225,3.56409669498108,320.955021197427,258.5,13.0991109236107
5.79436536919679,3.63006467153894,320.951483629908,259,13.1018641184696
-20.8608313111158,3.58156335788006,320.955467283841,259.5,13.0919520867181
-18.0219421488358,3.58652467863619,320.958762180913,260,13.0833889542072
-73.4598842130185,3.48417505325362,320.988169486582,260.5,13.048484462918
-4.94661156584616,3.60925760208914,320.988028774178,261,13.0461340785938
-11.4709897699523,3.59731379076283,320.988926870274,261.5,13.0406836335408
-29.8359652964753,3.56331613354599,320.996535598411,262,13.0265070635399
3.13827397503574,3.62354507085285,320.993544782612,262.5,13.0279982155857
-6.03555911663111,3.60695396449357,320.992670929683,263,13.025130417428
-22.7172805030551,3.57622294973939,320.997446714781,263.5,13.0143362931528
-14.3007840371348,3.59148557428489,320.99946452573,264,13.0075412703019
-23.3991386852865,3.57453457548521,321.004596214951,264.5,12.996423160858
-3.910178375468,3.61015637477267,321.003402203754,265,12.9945652381495
-43.4725344932197,3.53704006027837,321.016853965588,265.5,12.973909247226
-2.81681198686213,3.61160895783696,321.015599187621,266,12.9725708379634
-46.3345068438902,3.53112784917468,321.030413468119,266.5,12.9505549798138
15.1919108020018,3.64365860939193,321.024821742753,267,12.9577734218783
-17.1748937906946,3.58492996516708,321.027351025671,267.5,12.9496127647096
-34.7253040979567,3.55216716548433,321.037056346388,268,12.9331130235599
-3.31291184140306,3.60984258047072,321.035780215361,268.5,12.931538892267
-1.24153324060341,3.61367273246723,321.033532260002,269,12.9309489772863
8.38724571837917,3.63124019461135,321.028828816295,269.5,12.9349341802069
5.26512970915584,3.62578191951102,321.024774093377,270,12.9374359085453
9.14730850209897,3.63294400177363,321.019849489043,270.5,12.9417822555802
-0.16378562801904,3.61624588003686,321.017193767845,271,12.9417044327782
20.8500893958531,3.65408880467746,321.010019234453,271.5,12.9516113605047
-2.60422640181747,3.61220947183198,321.007927325277,272,12.9503739613619
5.26058725259652,3.62652741820922,321.004041259004,272.5,12.9528735313503
3.75575315197417,3.62392393138607,321.000447704049,273,12.9546580788565
2.30334522592591,3.62138782965223,320.997243205408,273.5,12.9557525141968
21.9669681880687,3.65668715463941,320.989933618214,274,12.9661901272966
32.1396730369286,3.67476751215779,320.98100542674,274.5,12.9814613048866
-18.0167564000161,3.58512725915596,320.983627829663,275,12.9729006363862
-36.8236707472273,3.55007720020137,320.994098102618,275.5,12.9554038555431
10.2992401105798,3.63603766540639,320.989510995761,276,12.9602975433099
1.86057429207776,3.62098669150629,320.98637235536,276.5,12.9611815958764
-28.8085860171527,3.56466312079495,320.993307898118,277,12.947493185522
-9.46043999472296,3.59998567349074,320.993808366139,277.5,12.942998053942
25.1066954842147,3.66214005641497,320.986136570056,278,12.9549275096336
-32.0039212133591,3.55868936580012,320.994117251517,278.5,12.9397208345731
0.478598860209226,3.61806894255659,320.991822032223,279,12.9399482409994
-27.1135099814065,3.56734242102621,320.998117158973,279.5,12.9270652466535
-1.44720936637434,3.61426853427973,320.996266142155,280,12.9263776045851
-1.77502087734276,3.61370536746589,320.994199651845,280.5,12.9255342027555
-11.6440632527787,3.59563259231822,320.99505598573,281,12.9200015217728
0.436884239849281,3.6176471069731,320.992516600064,281.5,12.9202091074817
-11.3056612705899,3.59619367418927,320.993244149483,282,12.9148372183266
14.1556198215017,3.64236508509456,320.987526017917,282.5,12.9215632663465
3.38079157362631,3.62320194966615,320.983968739258,283,12.9231696507194
-12.3277852635604,3.59456035024072,320.984995168529,283.5,12.9173120989691
-1.80562272009434,3.61371876215467,320.983083447271,284,12.9164541566625
-0.60097249756122,3.61593671866774,320.980730530413,284.5,12.9161686043569
17.8639312241341,3.64923218793054,320.974222205752,285,12.9246566579182
45.4568238651025,3.6971909523424,320.964160785231,285.5,12.9462554846742
4.7284205053671,3.62664748330653,320.960054231562,286,12.9485021954349
-8.11365813584781,3.60335334167745,320.959781738745,286.5,12.9446469877558
-44.2629316574408,3.53648302368388,320.973421031645,287,12.923615439326
-35.1868593424625,3.55258897229203,320.983544805215,287.5,12.9068963900303
14.7911082603443,3.64367373308045,320.978029610389,288,12.9139243906181
21.4063721327135,3.65566986776684,320.970754542391,288.5,12.9240956362938
1.19256851253443,3.61977441328347,320.967714166156,289,12.9246622856658
-10.4763959612618,3.59849648541298,320.968188422266,289.5,12.9196844222307
29.8211561553025,3.67066223023063,320.959981283656,290,12.9338539556626
-38.8576129238584,3.54643068092707,320.970777128233,290.5,12.9153907464382
-14.7070118087517,3.59051726144594,320.97309398268,291,12.9084027043106
-54.6170421673461,3.51641528961975,320.991903726556,291.5,12.8824513964234
-3.3976548172381,3.61033854800551,320.990976814983,292,12.880836999474
-4.7087792259456,3.60795070188862,320.989755185896,292.5,12.8785996212745
-57.1044921057517,3.51090252146431,321.009790190449,293,12.8514664006245
-3.51475382708232,3.60933231547617,321.008903798897,293.5,12.8497963640371
-16.1767309269816,3.58602050161987,321.011251660062,294,12.8421099843241
-50.6976343030096,3.52166159198222,321.028223716274,294.5,12.8180209845405
35.4100976548928,3.67797735459301,321.019572771954,295,12.8348461056033
-32.5896650588756,3.55527132906046,321.027700303451,295.5,12.8193611141368
-5.6778701344846,3.60470321441643,321.027048791639,296,12.816663272032
15.293328744101,3.64278155458004,321.020932506017,296.5,12.8239299028693
1.84878313287834,3.61876402628254,321.017663083259,297,12.8248083528621
-47.6611506185203,3.52715578285722,321.032872565673,297.5,12.8021621394298
-11.6868246805153,3.59332292379515,321.034261251393,298,12.7966091403388
-11.7071725903518,3.59317751126139,321.035183671644,298.5,12.7910464729309
7.28839365773722,3.62789188777288,321.030838597318,299,12.7945095558865
69.2888492814554,3.73383064960266,321.020081674308,299.5,12.8274321783776
-22.52581014422,3.57436632469192,321.023926604336,300,12.8167290313146
17.6456291849732,3.64741985414325,321.017591236146,300.5,12.8251133585808
-44.0947571112167,3.53427773192261,321.030841294333,301,12.8041617183492
-17.8536471824611,3.58237093857533,321.034198192678,301.5,12.7956785512542
4.80682413925168,3.62380974454759,321.030517536728,302,12.7979625155306
-8.50006570413678,3.59957402446072,321.030225022349,302.5,12.7939237061518
-5.89200359876703,3.60429808296348,321.029305404923,303,12.7911241184518
-24.8083108826791,3.56924702687505,321.034706300123,303.5,12.7793364403145
-33.5450781979924,3.55262954631982,321.043840996786,304,12.7633974839398
-9.23222526934237,3.59733533257193,321.044227837723,304.5,12.7590107886714
16.3716041762733,3.64389424291836,321.037891825513,305,12.7667897624812
-0.58747712665907,3.61347534611938,321.035205051238,305.5,12.7665106225061
-11.2462736275437,3.59390654821282,321.035820028103,306,12.7611669514116
-32.0953009534633,3.55503277432813,321.044178374007,306.5,12.7459168572336
-31.7031264846601,3.5552944853349,321.052656890326,307,12.7308531049002
37.2566380025159,3.6800015490893,321.043478753748,307.5,12.7485556102956
32.8988674948191,3.6730337412662,321.034122255606,308,12.7641875194144
-12.3086802351902,3.59217404698739,321.034722938019,308.5,12.7583390454255
6.5851818713046,3.62666654728292,321.030547498203,309,12.7614679970394
-5.23889134148144,3.60520522581171,321.029259364661,309.5,12.7589787358712
6.62771759517119,3.62684466736495,321.025006499649,310,12.7621278983501
34.3429264554914,3.67609727478451,321.015870207895,310.5,12.7784459526208
-45.8651071414201,3.53051589139522,321.029743964445,311,12.7566531299143
-16.712122605842,3.58401442669766,321.032710769131,311.5,12.7487123586461
-9.69746290552191,3.59678241901752,321.033015734812,312,12.744104605542
-28.6663321151234,3.56146725332011,321.039933484537,312.5,12.730483787182
-16.4267012900706,3.58383396854485,321.042578220179,313,12.7226786339582
17.9457387578105,3.64642825806335,321.036040082997,313.5,12.7312055583995
-40.5136315220093,3.53911043152425,321.047676863389,314,12.7119554913227
-37.0911124475982,3.54486727919844,321.058524553609,314.5,12.6943316354562
-26.2034441974253,3.56465859948492,321.064852205394,315,12.6818810592059
-2.08926012435452,3.60908258917546,321.063003927483,315.5,12.6808883464812
-21.4713385075255,3.57319049020796,321.067105904162,316,12.6706862320083
6.02064348865974,3.62372384506196,321.063090719424,316.5,12.6735469429999
-19.4264342640318,3.57690672453191,321.066358122047,317,12.6643164655384
7.241296871974,3.62588208009241,321.062028495207,317.5,12.6677571704387
-22.834476514468,3.57049616564357,321.066522580119,318,12.6569073604352
1.15401897262404,3.61465937432906,321.063747978056,318.5,12.657455692979
-32.6180058682085,3.55198952655504,321.072176639206,319,12.6419572353664
25.6785813216507,3.65851940299478,321.064423651068,319.5,12.6541584228263
-11.4463583510676,3.59151824306238,321.064781394261,320,12.6487196814011
-16.3053646254107,3.58236559831847,321.067142315044,320.5,12.6409721813385
-29.1017001001522,3.55826893386165,321.074329374404,321,12.6271444977187
-8.47986453194164,3.59632283703068,321.07436661513,321.5,12.6231152869343
-11.0314065305533,3.59152789675513,321.074948145952,322,12.6178737100209
-40.9996557233082,3.53537838953,321.087201001316,322.5,12.5983927083642
17.8788647358831,3.64378467704619,321.080837690816,323,12.6068878575891
20.3009685506056,3.6484362341097,321.073367643812,323.5,12.6165338703419
8.48087374982324,3.62748856916574,321.068296524106,324,12.6205635606565
-9.95326357771066,3.59378504969782,321.068338920037,324.5,12.6158342637679
9.4924750615929,3.62940339686569,321.063373599202,325,12.6203446168218
16.5402450670442,3.64230595352861,321.056749638409,325.5,12.6282037204135
1.228022760256,3.61480314604288,321.05352788846,326,12.6287872158845
-40.3148648033705,3.53758076223278,321.065235696935,326.5,12.6096315928879
-33.3871330804895,3.54991648045454,321.074475969111,327,12.5937676841946
-12.5032823728761,3.58846849327862,321.075832808399,327.5,12.5878267449276
8.48171600565486,3.62700367778665,321.071103474409,328,12.5918568354404
-3.55142559178214,3.60513057271412,321.069235489368,328.5,12.5901693742503
-9.94280082207148,3.59330057341937,321.069407704459,329,12.5854450487439
-47.9968580175003,3.52199666817421,321.084908385801,329.5,12.5626393238162
-28.238683675299,3.55831350166628,321.092178926154,330,12.5492217027714
23.8130590878181,3.65371058095459,321.084586859971,330.5,12.5605364866485
-3.4613602263256,3.6046157018534,321.082514669852,331,12.5588918200503
-8.0858333793365,3.59605898496749,321.082090475229,331.5,12.5550498333146
-25.2598383630625,3.5639319583694,321.087649938802,332,12.5430476117271
27.613935188094,3.66048314971356,321.079460016241,332.5,12.556168383296
-16.0586589184303,3.58132024370273,321.081292326249,333,12.5485381055418
-10.6830003414676,3.59113842900466,321.08182200027,333.5,12.5434620739587
12.2946901197602,3.63327393303483,321.076212426292,334,12.5493039005391
9.07707343918858,3.62766549088793,321.071074897632,334.5,12.5536168753577
-11.6415642071722,3.58969091656823,321.071633502462,335,12.5480853817974
-1.58711397146566,3.60818568772988,321.069434094292,335.5,12.547331264004
28.3868999089178,3.66230299582458,321.060942958863,336,12.5608193100472
0.704959882804109,3.61290260401289,321.057732209643,336.5,12.5611542719976
-21.9258175198903,3.5709484021252,321.061916466347,337,12.5507362116531
4.39067290157303,3.61941975180764,321.058307310781,337.5,12.5528224415143
-5.10239190987949,3.60206492744619,321.056941266655,338,12.5503980381017
33.2730801656642,3.67112112951858,321.047916532611,338.5,12.5662077545102
-19.727144180114,3.57540874325615,321.050982995486,339,12.5568343946204
-8.59129559962027,3.59585321954759,321.050938774396,339.5,12.5527522373228
-20.7931095576769,3.57303697511264,321.054827474923,340,12.5428723835875
-39.7131275385278,3.53728047903418,321.066540424865,340.5,12.524002676276
-34.820457345113,3.5458432883448,321.07638975864,341,12.5074577230255
-39.5446562082518,3.53643749317693,321.088271134582,341.5,12.4886680649292
49.3307690375839,3.6971464421082,321.078088959719,342,12.5121075981739
-2.96790972412767,3.60516521913079,321.075657329591,342.5,12.5106973947653
8.94967441383173,3.62703715685091,321.070709879038,343,12.5149498358897
15.0798853015232,3.63831835610429,321.064353068978,343.5,12.522115048996
11.9758643826283,3.63296822562853,321.058591458422,344,12.5278053854089
24.6782613855002,3.65592181047277,321.050569080574,344.5,12.5395312704793
-47.4157765253735,3.52327391932514,321.065270045298,345,12.5170016466385
-31.843705976507,3.55169645123281,321.073911996229,345.5,12.5018710979073
4.53887298130843,3.61894362100612,321.070358844343,346,12.5040277450915
16.1689237272776,3.64018416400897,321.063834299879,346.5,12.5117104152106
-15.3784892355007,3.58250551670321,321.065535555475,347,12.5044033203341
-25.4256019498737,3.56350797392875,321.071204972885,347.5,12.4923223361168
-4.27992734149344,3.60259277006318,321.069921139768,348,12.4902887270496
-50.6204765263837,3.51580013129607,321.086595831145,348.5,12.4662363888122
-45.4764356290036,3.52462864016166,321.101422246762,349,12.4446282435192
24.0836792511748,3.65287892499066,321.09399025712,349.5,12.4560716126674
-13.821371762728,3.58391730501076,321.095073543534,350,12.4495043827369
8.64823789843052,3.62532731659834,321.090262615565,350.5,12.4536135961889
-23.5366238031145,3.56576153811761,321.094939290296,351,12.4424301606402
-2.46532764807767,3.60478660516052,321.09307276481,351.5,12.4412587592918
18.491470855963,3.64307574303759,321.086105210393,352,12.4500449885424
-1.27918593246298,3.60734321952117,321.083454931402,352.5,12.4494371828711
22.6019377428523,3.6507695385171,321.0757981923,353,12.4601765019909
48.6233045076658,3.69620054970198,321.065119727449,353.5,12.4832798832013
-30.8572046523684,3.55339919402242,321.072231064839,354,12.4686180709409
-50.9329531194177,3.51519375114553,321.089294423193,354.5,12.4444172593342
20.7630713294479,3.64747051186625,321.082560935901,355,12.4542828403941
-31.0523047431115,3.55213625101546,321.090023831009,355.5,12.4395283262531
-37.4608728010774,3.53960251847448,321.100821981769,356,12.4217287786173
3.91132706367453,3.61635667078498,321.097428650778,356.5,12.4235872471254
-28.659690811396,3.55573279537361,321.10412034105,357,12.4099695843834
-29.9816761146278,3.55282719353233,321.11174779814,357.5,12.3957237798332
-9.57332720162761,3.59072034736708,321.112038510687,358,12.3911750098549
26.9126976593529,3.65722393905648,321.103683570429,358.5,12.4039625881513
5.56846284632551,3.61915757720654,321.099144179664,359,12.4066084453426
1.23293202825996,3.61131729685056,321.09591772221,359.5,12.4071942734541
-40.3208847129862,3.5335886557108,321.107594210272,360,12.3880357900952
-19.4030335922173,3.57235420476319,321.111318368878,360.5,12.3788164314717
24.6624242660196,3.65312124656251,321.103431656982,361,12.3905347915288
14.660411441275,3.63557719228727,321.096901432959,361.5,12.3975006914745
18.2188831748016,3.64225166482738,321.08980864076,362,12.4061574005871
-3.58256757763486,3.60271396130595,321.087778380229,362.5,12.4044551422709
-29.7279918630285,3.55378464096601,321.09494595204,363,12.3903298758871
-28.5733000978503,3.55550421646926,321.101987360171,363.5,12.3767532617248
6.00561107809722,3.61959156166738,321.097956517414,364,12.3796068300609
26.2219700059321,3.65622055733301,321.089604569237,364.5,12.392066208856
0.3798209171433,3.60982565825063,321.08641627683,365,12.392246680906
-6.04642882327521,3.59796970419082,321.085286854562,365.5,12.3893737180031
-3.07676986257133,3.60342663982701,321.083380801874,366,12.3879117896593
-24.097281743931,3.56414496071342,321.088356173436,366.5,12.3764619572815
11.3662252985004,3.62963733390083,321.083085387624,367,12.381862623457
8.91431126001894,3.62538154267431,321.077968963731,367.5,12.3860982617657
-3.55626383079137,3.60260878090591,321.076050055648,368,12.3844085016846
-11.9031107404273,3.58706236607354,321.076783677399,368.5,12.3787527341919
-5.72365678039902,3.59842867816429,321.075722397311,369,12.3760331365452
-16.5975049904294,3.57808772132917,321.078044658055,369.5,12.3681468258796
48.5999367966039,3.69501002368909,321.067755045496,370,12.3912391039133
-15.9027267156495,3.57999942267622,321.069305970172,370.5,12.3836829174033
31.1258877189626,3.66547371401879,321.060656599283,371,12.3984723945226
-50.9538669750478,3.51446115223744,321.07697960726,371.5,12.3742616456895
8.12860457871417,3.6240416048518,321.072819999893,372,12.3781239551766
-11.6876894050205,3.5875737152475,321.073354140821,372.5,12.3725705452114
-1.21726465348867,3.60688849775506,321.071022721214,373,12.3719921614588
-18.9171437564234,3.57392466801986,321.074091121136,373.5,12.3630036735714
22.2525161962358,3.64937966974883,321.066735617351,374,12.3735769649134
-24.9034516692645,3.56283176071145,321.071750785286,374.5,12.361744080596
-15.3566117760303,3.58037953370637,321.073878317868,375,12.3544473808025
-19.2774157726167,3.57282884053205,321.077247274316,375.5,12.3452877095326
-46.8867084530683,3.52053581236273,321.092239942046,376,12.3230094725831
-2.65520740200285,3.60294512481165,321.090732820533,376.5,12.3217478497991
12.7326128421546,3.63125901296526,321.084904157269,377,12.3277977555238
-3.60118732742329,3.6014677240481,321.082947555474,377.5,12.3260866500266
-15.9896841909903,3.57832938297472,321.085032360699,378,12.3184891456398
-31.8267279135248,3.54829702274755,321.093248157106,378.5,12.3033666640415
-34.2438419862975,3.54324923043321,321.102701561339,379,12.2870956897931
36.5854637444522,3.67295187877486,321.093446469355,379.5,12.3044792864903
-6.1631997513801,3.59623516313821,321.091990109587,380,12.3015508398375
-37.9253949349035,3.53643531059795,321.102689375365,380.5,12.2835305743371
-22.6178163087027,3.56476566928895,321.107562738402,381,12.2727837105109
-25.9033181451537,3.55825642223402,321.11349442297,381.5,12.2604757392658
-18.8814557197671,3.57115488112221,321.116850904333,382,12.2515042085622
19.7813604201688,3.64249753313231,321.109748006487,382.5,12.2609033293187
-7.30610537995202,3.59305220812848,321.108764173416,383,12.2574318306317
-29.7588567049396,3.55071744103246,321.116033591433,383.5,12.2432918988068
-31.4672727648699,3.54704299249326,321.124299486356,384,12.228340212456
-41.3683565109962,3.52780088557154,321.136954499312,384.5,12.208684022483
14.4419665763547,3.63183289850874,321.131106756054,385,12.2155461282699
33.7974441367226,3.66672343811068,321.121486005651,385.5,12.2316049964142
23.3603827743457,3.64876270149599,321.113222837991,386,12.2427046909726
-13.382057004498,3.58153653784402,321.114100734007,386.5,12.2363462016127
19.5120470116133,3.64208052926483,321.107008255041,387,12.245617358003
-9.27103727772872,3.58943579566384,321.10661435263,387.5,12.2412122211944
-10.0767528638943,3.58782248527393,321.106781420583,388,12.2364242483255
-29.2712190210144,3.55153597309632,321.113851561705,388.5,12.2225160177274
-38.434834490398,3.53372993535572,321.125077421822,389,12.2042536918329
-1.06443485102377,3.60359154923893,321.122939214776,389.5,12.2037479252177
-19.103381972454,3.56980014755582,321.126049564865,390,12.1946709461727
-10.2574722419657,3.58621835777907,321.126382138302,390.5,12.1897971044242
-25.806207300253,3.55676983899884,321.132111036234,391,12.1775352754332
-72.9179111338664,3.4670889265785,321.161492255106,391.5,12.1428883028539
9.60500753924437,3.62170375637413,321.1570946854,392,12.1474521257564
-15.7253681981337,3.57461851636581,321.158880863844,392.5,12.1399802112119
-55.3278058604743,3.49917688502181,321.178267647521,393,12.1136911836916
3.86570339390379,3.6104046397324,321.174951532685,393.5,12.1155279740961
-25.2495698851496,3.55571051862737,321.180295366477,394,12.1035306315798
2.22549446622657,3.60719740057846,321.176982463629,394.5,12.1045880761027
-23.3036168744976,3.55920498891749,321.181584035826,395,12.0935153538827
-21.9525899033813,3.5614672534836,321.185978706563,395.5,12.0830845726302
-32.6021368679941,3.54089722571544,321.194636957527,396,12.067593655179
-17.1101421546225,3.56993907734253,321.197384468476,396.5,12.0594637647743
6.47161120894746,3.61408130568747,321.19284909923,397,12.0625387532457
18.0336315995968,3.63550269418172,321.185530728119,397.5,12.0711074400035
3.57718924577906,3.60923779821174,321.181360124904,398,12.0728071428033
-23.271491034932,3.55875956803758,321.185908214126,398.5,12.0617496851879
-11.0738702988638,3.58157985183788,321.186463969508,399,12.0564879315992
23.7154334943631,3.64585477487707,321.178348776883,399.5,12.0677563286392
-2.06271405922785,3.5988739045088,321.175654741831,400,12.0667762292872
-22.4705855057673,3.56035607879732,321.17995292735,400.5,12.0560993222317
-1.18265432620148,3.60025558809814,321.177517199792,401,12.055537383589
2.644922357468,3.60744497097883,321.173803863432,401.5,12.0567941194303
-13.7090567836015,3.57682671969648,321.174930210101,402,12.0502802560038
-27.1574441788157,3.55111126020453,321.1811939269,402.5,12.0373763863077
-19.3433030879167,3.56559581638172,321.184652943921,403,12.0281854086554
2.48579699688953,3.60651186899162,321.181179600645,403.5,12.0293665360225
-1.22531511512276,3.59968502564766,321.178463697419,404,12.0287843270901
-23.0424507756497,3.55847547581881,321.182984226244,404.5,12.017835698039
-45.4959075221118,3.51526142000209,321.197502832738,405,11.9962183006688
-6.72124784074367,3.58845422154778,321.196975197656,405.5,11.993024697259
-28.5602252084159,3.54689731253117,321.20375278304,406,11.9794542956352
-7.24058725118307,3.58707170748313,321.203146135467,406.5,11.9760139279115
16.085074352632,3.63048258462071,321.19632469938,407,11.983656756969
-2.17904476983817,3.59690668215666,321.193706057117,407.5,11.9826213830367
-21.6016894855705,3.56014564224425,321.197686747274,408,11.9723573322481
14.4319326489242,3.6275351666646,321.191394650937,408.5,11.9792146704107
-30.1840468373931,3.54378079380818,321.198581921801,409,11.9648727093363
-22.3950898674087,3.55821638415001,321.203206998122,409.5,11.9542316740615
1.12796232118134,3.60247631010413,321.200091453242,410,11.9547676257776
-24.7132484789052,3.55358460419611,321.205230737798,410.5,11.9430251165768
11.8828314305243,3.62225298735182,321.199500770561,411,11.948671248348
-18.3066996792521,3.56575308305964,321.202115910201,411.5,11.9399728131907
-9.05987267416627,3.58309377901054,321.201940328999,412,11.9356680113219
7.12021120727627,3.61339994559248,321.197130862348,412.5,11.9390511823237
5.34219503046392,3.61026628334626,321.192592208742,413,11.9415895282781
-0.899515094412821,3.59873848417671,321.189727651108,413.5,11.9411621233467
-23.0890320449373,3.55671134122716,321.194252088372,414,11.9301913611882
5.11979561847468,3.60974066260149,321.190123273754,414.5,11.9326240339794
-17.3875475709406,3.56741692982612,321.192485363302,415,11.924362334288
-19.6094711589813,3.56295367857778,321.19591094137,415.5,11.9150448867779
-33.1076020713782,3.53685222100196,321.204742825502,416,11.8993137973474
-58.6754255761585,3.48726628115064,321.226277944663,416.5,11.8714341470749
22.7209468293329,3.64059803082299,321.218806907341,417,11.8822300134063
20.5945073530154,3.63714428088697,321.210757150453,417.5,11.8920155012302
-14.9204197430111,3.57115739553984,321.212070295764,418,11.8849260582433
3.00891981471252,3.60487234648954,321.208336455085,418.5,11.8863557476117
1.23343958547922,3.60165677399452,321.204877036464,419,11.8869418168892
-33.0523821096367,3.53648209180424,321.213407696769,419.5,11.8712369652441
-26.5735774233029,3.54840461069249,321.219688110808,420,11.8586105200539
19.6644317281895,3.63508570177619,321.212350927527,420.5,11.8679540820989
18.3337371312797,3.6330113031739,321.204780430111,421,11.8766653641116
-15.174356040048,3.57062120772467,321.206198341471,421.5,11.8694552631988
-23.0173205407015,3.55544205987208,321.210840342717,422,11.8585185747882
-2.79386814533743,3.59360145124139,321.208800736415,422.5,11.8571910673004
-1.506253188592,3.59604893619921,321.206157484457,423,11.856475370538
-53.0303992324839,3.49753147095457,321.22421636669,423.5,11.831277956631
11.3633298237969,3.61937755176041,321.218930152921,424,11.8366772470206
-7.45559426068067,3.58431610843956,321.217878850664,424.5,11.8331347186363
20.5184423281219,3.6363907649981,321.210163748629,425,11.8428840641353
-34.0142536612232,3.53387732174674,321.218893316969,425.5,11.8267221788649
26.3916953376329,3.64694466091728,321.210512495564,426,11.8392622027145
23.0478302814898,3.64134277808872,321.202046285604,426.5,11.8502133878398
-36.8250462422488,3.52895401647754,321.211945920816,427,11.8327159534297
-13.0630218192941,3.57388589178531,321.213272642012,427.5,11.8265090537567
-18.3810604422697,3.56357962880369,321.216151467463,428,11.8177752860552
13.6611542721959,3.62371573552028,321.209923189084,428.5,11.8242663885856
26.7529188619862,3.64783100340411,321.200981029365,429,11.836978047927
4.78504060799423,3.60796318925318,321.196371886395,429.5,11.8392516617506
1.92835823430601,3.60273606315426,321.192724466617,430,11.8401679218824
-0.58825035295799,3.59808535382706,321.189793701978,430.5,11.8398884145085
-18.8039205925642,3.56357320570074,321.19268117079,431,11.8309537246494
4.9768606497537,3.60829671128447,321.188528832306,431.5,11.8333184818371
-30.1671266086533,3.54167725206258,321.195761809999,432,11.8189845604157
6.86472854883476,3.6115257150224,321.191280660453,432.5,11.8222463387373
-37.2006639261812,3.52787102569931,321.201530923703,433,11.8045704294451
31.5599999879517,3.65623604868725,321.192519376424,433.5,11.8195661751704
-2.441448372726,3.59426679424819,321.189815411236,434,11.8184061200686
18.7006676257848,3.63355234653143,321.182486743069,434.5,11.8272917492421
-27.1050632374602,3.5476738439845,321.188320200465,435,11.8144127683698
40.4684073103779,3.67239197236723,321.178256516098,435.5,11.8336413471456
-23.6276960688998,3.55466258106857,321.182521352659,436,11.8224146385759
-24.8964696085913,3.55186645292764,321.187956214685,436.5,11.8105850717873
-13.8020071744094,3.57269420770127,321.18939172523,437,11.8040270429481
8.35248367736357,3.61427937598961,321.18436724294,437.5,11.807995728672
13.027499566072,3.6231137615317,321.178070550147,438,11.8141857499332
-13.3831958999974,3.57377494805949,321.178940099235,438.5,11.8078267194268
-13.7794816569942,3.57284411916923,321.180236707528,439,11.8012793935955
7.68931942579405,3.61314161215503,321.175392216777,439.5,11.8049329765789
-23.0901412490588,3.55505869044687,321.179791582263,440,11.7939616873816
15.5224625485575,3.62748711462787,321.173346300653,440.5,11.8013371912314
1.82724991712148,3.6023370660995,321.169665324823,441,11.8022054097087
34.9208627817946,3.66279783603037,321.159925280995,441.5,11.8187980706397
-27.7933452324485,3.54675182698766,321.165876198186,442,11.8055920523216
-25.4259532358717,3.55084158919302,321.171583938757,442.5,11.7935109011906
-18.9844879236535,3.56278349511474,321.174854972751,443,11.784490414697
6.30850754614027,3.61037475553237,321.170416041909,443.5,11.7874879044025
-15.7432218114161,3.56887124479017,321.172177413209,444,11.780007506707
-2.69532484263174,3.59343481734922,321.170079764658,444.5,11.7787268221061
-14.8474121504563,3.57037993646108,321.171637136191,445,11.771672068704
-5.6827240517833,3.58761232843825,321.170403493985,445.5,11.7689719202585
-14.7336744655488,3.57036611082351,321.171961408419,446,11.7619712093596
0.82113203183507,3.59966926051181,321.168882704955,446.5,11.7623613705497
-55.5708786871695,3.49178564435673,321.188185130991,447,11.7359568468855
10.8248084397704,3.61762425809609,321.183145694296,447.5,11.7411002586393
-16.7791575276442,3.56572358863024,321.185226653219,448,11.7331276357031
3.89996127812829,3.60473606206927,321.181335019996,448.5,11.7349807037541
29.1922550418423,3.65130294785451,321.172223838169,449,11.7488514145881
-8.02713469670574,3.58286425271102,321.171234676634,449.5,11.7450373185533
0.864738199327132,3.59958711514612,321.168063703354,450,11.7454481992301
-12.2770955140015,3.57475618853015,321.168721433009,450.5,11.7396147327332
13.9596257215878,3.62390669962973,321.162493080591,451,11.7462476540836
0.159439087442387,3.59844067532435,321.159296241231,451.5,11.7463234116253
-8.19858577993109,3.58268545622574,321.158672380523,452,11.7424278505445
-15.6984590315887,3.56830983111241,321.160599352151,452.5,11.7349687219004
2.013600133405,3.60168336955273,321.157239347247,453,11.7359254847523
-36.2697218867472,3.52868444793148,321.167145085287,453.5,11.7186919129162
-44.5396481264577,3.51214482223511,321.181364134567,454,11.6975288825532
15.8855927173158,3.62644669636933,321.175105974726,454.5,11.7050769278376
0.0207176647114427,3.59716547081546,321.171903124092,455,11.7050867718437
-2.35726747127461,3.59273291846253,321.169532890219,455.5,11.7039667153285
-12.692356112477,3.57310729517643,321.170374462779,456,11.6979359376039
-8.22845130822283,3.58146342058635,321.169900463261,456.5,11.6940261859062
-29.5915428354251,3.54042904916929,321.177102479312,457,11.6799657533286
-37.0358405050523,3.52560426972976,321.187785868465,457.5,11.6623681599462
2.01819874076062,3.59985396501063,321.184640282301,458,11.6633271078281
-31.5574178425516,3.53571204286159,321.192569494511,458.5,11.6483325890101
-6.87033775899067,3.58267378113382,321.191889644355,459,11.6450681454702
-66.6604209173237,3.46733700101514,321.217623373036,459.5,11.6133944216933
-12.5203164218867,3.57080749979964,321.219243456109,460,11.6074453886916
-24.829880757023,3.54697405681135,321.224612415981,460.5,11.5956474616205
0.495619273415612,3.59520290609559,321.221643205929,461,11.5958829553024
-8.26130667634877,3.5786253045578,321.220966115383,461.5,11.5919575923644
-2.94216302692176,3.58871697390362,321.218772065699,462,11.5905596225085
-26.6349726302065,3.54322166189875,321.22473328318,462.5,11.5779040053629
-32.0699423476869,3.53230112699851,321.23325148737,463,11.5626659603359
-51.3153940320196,3.49442664128296,321.250987373763,463.5,11.5382834317873
25.1435328282599,3.63968167588681,321.242879638282,464,11.5502303907567
2.64301314013156,3.59831690970931,321.238733942433,464.5,11.5514862194326
-5.47772675801368,3.58299524445129,321.23713267899,465,11.5488834755275
-20.0679445138964,3.55492969812511,321.240556152062,465.5,11.5393481842323
-45.6830374911137,3.50493011553,321.255254161394,466,11.5176418719878
14.358199753783,3.61952938218112,321.249095516103,466.5,11.5244641759378
-3.1310758865194,3.58686062658738,321.24665266743,467,11.5229764440665
-53.5679148621499,3.4892313492047,321.265167452693,467.5,11.4975236294083
24.040442300839,3.63696851183425,321.25723480018,468,11.5089464545035
-58.9622231546681,3.47837352776368,321.278380824056,468.5,11.4809305322549
-0.614686654622361,3.59048386230952,321.27607577716,469,11.4806384636625
8.9285151885978,3.60862790304859,321.270519196644,469.5,11.4848808509731
-6.99047347779779,3.57860196506191,321.269252833482,470,11.4815593249018
-20.3299971347513,3.5528305900592,321.272749560316,470.5,11.4718995192064
-1.34169301264009,3.58911035003928,321.270123928274,471,11.4712620132728
-12.4976219979266,3.56776535855489,321.270761209901,471.5,11.465323763535
-5.90780525182879,3.58030543412197,321.26939845013,472,11.4625166676736
-27.3701496399172,3.53878214239983,321.275647800536,472.5,11.4495117308986
5.79789043873457,3.60220959032638,321.271179721609,473,11.4522666006957
-25.6727276055641,3.54186919317589,321.276611403028,473.5,11.4400681946312
-36.1565887471922,3.52105665441346,321.286893337244,474,11.4228883780484
18.8719976517254,3.62603110866639,321.279584537108,474.5,11.4318554147474
11.5789623382,3.612811291952,321.273199787032,475,11.4373571630064
17.3090976143103,3.62373865746859,321.265690942475,475.5,11.4455815871717
-37.7052807902428,3.5186001690553,321.27612134127,476,11.427665908989
2.93384389273829,3.59654908514882,321.272526922151,476.5,11.4290599260051
-29.065493878489,3.53495326512701,321.279354487107,477,11.4152494457849
12.4872103680208,3.61428507526621,321.273306658728,477.5,11.4211827484329
4.70905873234353,3.59990196463135,321.268659945139,478,11.4234202594399
7.98747291264952,3.60623119212062,321.263288180772,478.5,11.4272155101634
7.10416727766173,3.60474924878812,321.258111362957,479,11.430591057886
-42.6235827480314,3.50894122929818,321.270926458696,479.5,11.4103384466999
-2.39174274472666,3.58625305660305,321.268888646372,480,11.4092020092457
19.1246807110522,3.62678880605265,321.261186090451,480.5,11.4182891083943
-7.55410620402644,3.57676630157375,321.259989590473,481,11.4146997720235
-8.09473169224696,3.57565811748959,321.259248436962,481.5,11.4108535572511
-22.6500962102548,3.54743382859657,321.263619799494,482,11.4000913556176
32.8048786171685,3.65166255141519,321.253982880086,482.5,11.4156786058863
-3.99693614003894,3.58373252606245,321.251586042997,483,11.4137794601937
31.7809961549979,3.65033514879423,321.241936044863,483.5,11.4288802123299
-45.9710079640825,3.50295967591416,321.256063849022,484,11.4070370708081
-27.543325005943,3.53806375442518,321.26284416294,484.5,11.3939498496936
-7.3569729947879,3.57673451938217,321.262108043316,485,11.3904541812405
-0.620571693012705,3.58957833481576,321.259127722837,485.5,11.3901593163699
-17.315115120856,3.55750668954237,321.261422086496,486,11.3819320329841
-0.186048528752687,3.59023793354028,321.258439747178,486.5,11.3818436319565
-16.453812735482,3.55900400453218,321.260425689054,487,11.3740255967192
14.0460923198694,3.61696950451168,321.253934038421,487.5,11.380699602706
-6.1025022841092,3.57905891369363,321.252348416163,488,11.3777999964774
1.27770939322368,3.59312402624938,321.248849713487,488.5,11.3784071005705
-22.585791011819,3.54722625782094,321.25309158103,489,11.367675453576
-33.7205942101108,3.52518289917131,321.262198840102,489.5,11.3516531007029
-46.1757591002495,3.50027539570361,321.277295918116,490,11.3297126716027
17.8858452065212,3.62302970940415,321.270343368715,490.5,11.3382111376008
6.38901489583215,3.60181032290136,321.265219102129,491,11.3412468804034
9.95032034571032,3.60869780169891,321.259367322692,491.5,11.3459747788143
-11.6205593694098,3.56772624829422,321.25957775142,492,11.3404532657105
-39.5651517000028,3.51315490849267,321.271184481962,492.5,11.3216538691736
-30.4764725959392,3.53027151099733,321.279139315194,493,11.3071729618914
-23.2187434020442,3.5439833973267,321.284027025723,493.5,11.2961405673334
-38.9586766799075,3.51283734808924,321.295565730995,494,11.2776293376278
14.30155745268,3.61517235835792,321.289193668854,494.5,11.2844247279674
-30.209531296256,3.52972441742112,321.29640288996,495,11.2700706579429
-2.00630993956503,3.58410839668857,321.294038892878,495.5,11.2691173590294
-6.88457501525129,3.57476112063173,321.292811110464,496,11.2658461506518
-27.3365363807233,3.53490330047875,321.299052235132,496.5,11.2528571852294
6.84245530634062,3.60065453519953,321.294250577676,497,11.2561083804116
-2.10061854530677,3.58375660515006,321.291477701659,497.5,11.255110270729
-30.6748256359377,3.52820474382081,321.299055873086,498,11.2405351159261
-10.8963906311907,3.56636540488898,321.299469759291,498.5,11.2353576918674
1.82187964142037,3.59078440015282,321.295777654007,499,11.2362233586562
-20.9656434228104,3.54675351502868,321.299397236042,499.5,11.2262615253908
-1.53979197724521,3.5841711495926,321.296772207671,500,11.2255298926605
