curr_dens,Volts_tot,Temp_tot,t_tot,SOC_tot
-24.4487127061152,3.72997607026791,302,0,35
-24.4487127061152,3.72970915266831,302.004495146865,0.5,34.98838318507
-8.89416203974861,3.75354343510175,302.006090504459,1,34.9841571206708
3.26799448212009,3.77231203340386,302.005753804255,1.5,34.9857099094637
-12.5365873906264,3.74787369537748,302.00770508452,2,34.9797531453051
-31.5909553550666,3.71832575692905,302.014158012152,2.5,34.9647426911256
-6.68117825768285,3.75655655145195,302.015459936331,3,34.9615681267931
21.6473439931336,3.80022181728773,302.013588546894,3.5,34.9718538703378
-35.1615471076272,3.71276175106034,302.020685804541,4,34.9551468481599
-24.6103524428674,3.7286596686476,302.025638543611,4.5,34.9434532300489
20.8486792791803,3.79872310659481,302.02394622741,5,34.953359487758
-50.1393965906826,3.68965140593984,302.035793638288,5.5,34.9295357348308
2.82672146577646,3.77075365320519,302.035915837985,6,34.930878852586
-28.9864785807922,3.72154487188637,302.04154225044,6.5,34.9171059165139
-3.82626844957297,3.76027670997325,302.042310496305,7,34.9152878636378
15.3611659528619,3.78994906671418,302.040655151852,7.5,34.9225867273502
12.4138641365947,3.78559318899254,302.039060905529,8,34.928485179509
-15.2578194888266,3.74289236067969,302.041399241716,8.5,34.9212354209074
-1.75275547889737,3.76371092271314,302.041693551805,9,34.9204025984901
-20.034055202504,3.73537401982868,302.045176983705,9.5,34.9108834097139
-9.45451496355129,3.75160746508611,302.04675101113,10,34.9063910934147
-7.48462647384116,3.75460774036944,302.047868104273,10.5,34.9028347703635
-30.0075543327114,3.71969803563003,302.053850201363,11,34.8885766697684
-9.1311137104822,3.75176140801027,302.055478206039,11.5,34.8842380176948
13.2675973898792,3.78640383177469,302.053988379609,12,34.8905421215262
0.716616303655091,3.76717092345231,302.053630308041,12.5,34.8908826220293
-14.1726737015726,3.74410909744254,302.055848666717,13,34.8841484708519
-32.280107298875,3.71600371638776,302.062509807404,13.5,34.8688105658701
-13.9357244537864,3.74408810389908,302.065051538293,14,34.8621890012159
-25.8007000449893,3.72561655175369,302.070038001783,14.5,34.8499297889993
-18.7207815798355,3.73637460617477,302.073506611454,15,34.841034602673
12.4916595164489,3.78465120777317,302.07211882873,15.5,34.8469700193355
-6.12911269644499,3.75598325848895,302.072749979981,16,34.8440577691595
-29.9848338732308,3.71899919959619,302.078716207076,16.5,34.8298104641992
-32.4936004760915,3.71487490893461,302.085662175244,17,34.8143711178549
6.51554846439463,3.77509127856588,302.084989495926,17.5,34.8174669831296
-0.937326656313306,3.76366103013177,302.084850106917,18,34.8170216120205
2.86845279914054,3.76960730143788,302.084266018429,18.5,34.8183845584342
33.2605702360127,3.8162656337926,302.081769046569,19,34.834188330745
-13.1620628830941,3.74515859170908,302.083444646606,19.5,34.8279343716736
-24.0812765690363,3.7281267832231,302.087931101158,20,34.8164921441607
-29.8904068050641,3.71894200086648,302.094037341578,20.5,34.8022897062569
-32.1223675123713,3.71524063547602,302.100846847158,21,34.7870267513933
-33.0562111742036,3.71353002167785,302.107971130307,21.5,34.7713200803667
-2.71712011642596,3.76031396437493,302.108479190922,22,34.7700290397334
30.849548193977,3.8120015258265,302.10591397223,22.5,34.7846872140247
-28.4845628537518,3.72074974218875,302.111091557426,23,34.7711527633969
-42.6169810285666,3.69879402130241,302.12102535535,23.5,34.7509032890202
2.86516894063209,3.76879635544822,302.120825743107,24,34.7522646751074
-34.4543691511227,3.71102647793075,302.12793398455,24.5,34.7358936687984
-22.0664608217676,3.72988069325194,302.132212019464,25,34.7254087817367
-55.4605439682754,3.67858294860529,302.146667477396,25.5,34.6990566836552
-38.25221278297,3.70425039760494,302.155709922351,26,34.6808811305328
-14.804093971982,3.74026963905152,302.15843058717,26.5,34.6738469597792
17.5509546566538,3.79045237108775,302.156317069501,27,34.6821863024081
24.0501598710443,3.8006602994483,302.153544247455,27.5,34.6936137448104
-27.7656385661376,3.72071750225089,302.158570327415,28,34.6804208913251
-8.28918991162288,3.75074022586827,302.159824768767,28.5,34.6764822796574
-32.4193212246942,3.71329305161869,302.166446778206,29,34.6610782271271
-17.3945939732632,3.73631064086784,302.169579737677,29.5,34.652813179335
-3.87846727329829,3.75725365030075,302.169948119073,30,34.6509703241685
-25.7020558875748,3.72336580349008,302.174720173112,30.5,34.6387579827599
-15.9922399044308,3.73826123251049,302.177457771977,31,34.6311592640249
10.5324518797044,3.77941472902662,302.175899908672,31.5,34.6361637624505
-47.036696763598,3.69050895729715,302.186919086532,32,34.6138142584995
33.906469545655,3.81498276692162,302.18450208121,32.5,34.6299249301074
11.6721754175738,3.78135944421868,302.182354728195,33,34.6354709685956
-19.6891130207581,3.73282330066758,302.185439927397,33.5,34.6261156792253
-4.32157874567596,3.7565725613594,302.185845680083,34,34.6240622794779
-8.92652707620876,3.74942151627136,302.186877423058,34.5,34.6198208368196
-13.753909106851,3.74187801521797,302.188887716446,35,34.6132856617951
-69.7404152285714,3.65642147818209,302.208971197556,35.5,34.5801484775763
-18.2679728162976,3.73413884491458,302.212749777154,36,34.5714684435024
-16.1331375963574,3.73737535558906,302.215372155537,36.5,34.5638027771767
3.43701170344446,3.767775271807,302.21453853352,37,34.5654358745651
25.4970121986539,3.80189400480134,302.211633897521,37.5,34.5775507893887
-23.0376381038097,3.72703715030918,302.21535085029,38,34.5666044470804
-3.90584772230737,3.75661852559672,302.215662716976,38.5,34.5647485820834
6.98926483988294,3.77356637543135,302.214249040439,39,34.56806953387
30.962235078623,3.81046693734295,302.211209164822,39.5,34.5827812513764
5.58055475128325,3.77183753054519,302.209661538292,40,34.5854328540408
-64.4006813101913,3.66448159665348,302.227091277968,40.5,34.5548328463782
-21.2883098584828,3.72956330212832,302.23139194093,41,34.544717698036
-34.0442001212822,3.70967766741334,302.238523022307,41.5,34.5285415836939
-32.5521117529652,3.71170047182024,302.245402779574,42,34.5130744356947
-14.9764415305636,3.73872579816054,302.247872988796,42.5,34.5059583739346
4.25128252509622,3.76860395277735,302.246831112595,43,34.5079783724066
-4.36229952212844,3.7553285360311,302.246858968464,43.5,34.5059056241672
21.1861173836957,3.79489753242318,302.244135643715,44,34.5159722157171
0.987757257011323,3.7639460847385,302.243178000064,44.5,34.5164415489449
-11.9205555189068,3.74392298422929,302.244588139024,45,34.5107774925592
40.5887040132189,3.82452051023843,302.241686973845,45.5,34.5300632303581
-24.1907680227542,3.72525199470343,302.245443581649,46,34.5185689779402
-24.6610252443704,3.72430302559906,302.249954313999,46.5,34.5068512826287
-12.8688249413534,3.74241360984009,302.25181585416,47,34.5007366556744
-26.9533771036596,3.72046759741539,302.256808128341,47.5,34.4879297485249
-31.9968587568909,3.71245106795468,302.263361166041,48,34.4727264291932
-22.534842136163,3.72684456060778,302.267489792472,48.5,34.4620189905758
-20.6143993574164,3.7296800556409,302.271044831913,49,34.4522240510587
-13.24318154502,3.74102837978041,302.272942919421,49.5,34.445931548425
-26.2648779327445,3.72073143047583,302.277800331052,50,34.4334517819125
-17.3863627282116,3.7343470626785,302.280655246243,50.5,34.4251906451995
-8.24378114193489,3.74850854812134,302.28152887157,51,34.4212736095257
22.096345504697,3.79552397099054,302.278669392181,51.5,34.4317726963056
22.677950882006,3.79668004151627,302.27552167994,52,34.4425481330967
-12.2963732657564,3.74277500034364,302.276733289319,52.5,34.4367055067688
-13.3739268508171,3.74101937861376,302.278505693355,53,34.4303508804545
48.8587339689091,3.83617592266641,302.275816793515,53.5,34.4535661260609
30.1701145344649,3.80867009880545,302.272299421127,54,34.4679014671963
11.363812624116,3.78016702753155,302.269979354618,54.5,34.4733009869887
0.418663822613135,3.76333360417427,302.269108688261,55,34.4734999152596
-55.4598723574056,3.67731269544006,302.282890791335,55.5,34.4471481362943
-14.746575897665,3.73924298928673,302.285438203736,56,34.4401412952751
-14.1695327698355,3.74003988879974,302.287358842509,56.5,34.4334086365126
-38.0299632066887,3.70301996819039,302.295441837977,57,34.415338685359
50.2226225299207,3.83809413607473,302.2930542839,57.5,34.4392019831221
-13.8015434376616,3.74075906592816,302.294282392667,58,34.4326441746276
-12.3364545184399,3.74292989699443,302.295784873432,58.5,34.4267825036777
20.0746089264629,3.79304383082776,302.293094451483,59,34.4363209615709
31.8529175493988,3.81119295751751,302.289723687235,59.5,34.4514558871844
4.74593730662565,3.76994186657743,302.288057389178,60,34.4537109210597
-7.64369353338905,3.75076501218995,302.288472939459,60.5,34.4500790172361
-8.11618610855655,3.74996595934867,302.289099406713,61,34.4462226083898
14.3216646455952,3.78466269210561,302.286816193092,61.5,34.4530275526696
-13.2793289953227,3.74203930423759,302.288202387047,62,34.4467178745615
-4.5308438925314,3.7555168915734,302.288280218368,62.5,34.4445650424018
-22.8446738783045,3.72705287187996,302.291971657954,63,34.4337103871171
-44.232128756171,3.69393076496766,302.302043028349,63.5,34.4126934746972
-14.5397153931596,3.73933781822818,302.304360193257,64,34.4057849235237
-2.16148530590351,3.75850852432186,302.304057974007,64.5,34.4047578929772
15.4480357730083,3.78580713422898,302.301556422297,65,34.4120980329168
-5.40755628940237,3.75369048557656,302.301473887847,65.5,34.4095286305359
-23.2790432404204,3.72590230094921,302.3052895698,66,34.3984675844873
-1.19003572940185,3.76004380137066,302.304930011633,66.5,34.3979021385681
-8.30698064861584,3.74901092371657,302.305511184332,67,34.3939550736252
-32.3615448877972,3.71165503140925,302.311777741511,67.5,34.3785784735428
-25.4942201493045,3.72198716793406,302.316490791688,68,34.3664648853625
-27.3763651199814,3.7188730096916,302.321626227159,68.5,34.3534569952998
-5.19197667755547,3.75316468794213,302.321942985791,69,34.3509900256516
6.71780381488935,3.77169618651253,302.320280634408,69.5,34.3541819926312
0.635186995696746,3.76237865851465,302.319302706265,70,34.3544838019683
3.59889064197779,3.76703975688067,302.31797623263,70.5,34.3561938161946
-5.9735267391137,3.75224113948645,302.318073209824,71,34.3533554927441
-5.14937099983603,3.75350911850111,302.318126613936,71.5,34.3509087671995
-18.2192925845129,3.73316758009009,302.320745076402,72,34.3422518635558
31.1762025771009,3.8093318526523,302.317611837452,72.5,34.3570652477986
-34.590991261079,3.70805878149371,302.324105357121,73,34.3406293254433
1.08312193328437,3.76310746707289,302.323503075767,73.5,34.3411439712325
17.2056544744333,3.78809645313799,302.320777202944,74,34.3493192443514
5.34562262357974,3.76997850366325,302.319068980113,74.5,34.351859218928
24.883190131473,3.80011819996873,302.315911204886,75,34.3636824759682
-10.2689308818874,3.74606449571816,302.316561281224,75.5,34.3588031896427
-21.1353520009809,3.72909471436104,302.319853362015,76,34.3487607192833
-9.59842592201291,3.74683482045638,302.320841404835,76.5,34.3442000236387
17.6211309869129,3.78894027779127,302.318214639259,77,34.352572710577
5.82906801579557,3.77093726357399,302.316453043192,77.5,34.3553423944114
-17.3748692650773,3.73497120695699,302.318721208789,78,34.3470867188217
-41.5092275504071,3.69756033324331,302.327787537153,78.5,34.3273635939219
-0.809497727908416,3.76020555150617,302.327538577235,79,34.3269789607756
24.6969135208585,3.79958709743172,302.324401070578,79.5,34.338713708415
7.6217696894783,3.77359535613636,302.322354734727,80,34.3423351951161
19.041870678263,3.79128612287717,302.319475501536,80.5,34.3513829470468
3.34411948674,3.76726075087878,302.318008139037,81,34.352971906664
-35.6819622474135,3.70682096077006,302.324985455687,81.5,34.3360176090389
-18.0675223494119,3.73370430128525,302.327862183338,82,34.3274328190788
-4.88639974228004,3.75405616615347,302.327965369897,82.5,34.3251110444249
-24.7537746090027,3.72317474551592,302.332082804483,83,34.3133492792184
-5.80138709542459,3.7524243326171,302.332415304559,83.5,34.3105927479836
-28.7799945760916,3.71672074141828,302.337607824122,84,34.2969179228631
2.80418210013343,3.76556367043647,302.33666249506,84.5,34.2982503310303
10.3041974284083,3.77726326666498,302.334484722856,85,34.3031463742685
-30.8181950471384,3.71357015880751,302.340056607861,85.5,34.2885030974366
2.29372262851929,3.76473936465082,302.339197622213,86,34.2895929605961
2.56064437144268,3.76522500155574,302.337937948512,86.5,34.290809651721
-12.6868150713627,3.74157953837621,302.339238436606,87,34.2847815068241
-19.8329765032104,3.7303818080598,302.34224995288,87.5,34.2753578606666
-31.2676032898395,3.71250588355392,302.348293472137,88,34.2605010473411
-9.96022612516987,3.74533700781329,302.349444774024,88.5,34.2557684421954
-19.6689954345032,3.73018995865914,302.35240739284,89,34.2464227117036
-1.21212018409616,3.75879675156545,302.351904727093,89.5,34.2458467723476
-43.1072015600233,3.69391171192787,302.361406878264,90,34.2253643695032
-55.6336127153462,3.67446745642153,302.37597919757,90.5,34.1989300377422
20.805508967904,3.79213015630174,302.373485068565,91,34.2088157830618
-19.2611108591893,3.73020740893902,302.37603798226,91.5,34.1996638590776
-11.3436383010492,3.74242759701346,302.377284472721,92,34.1942739251224
-14.3779516560572,3.73766333549257,302.379063954136,92.5,34.1874422360486
-23.8055833526865,3.72291982059562,302.383075404323,93,34.1761310042699
20.8317811288226,3.79209586071543,302.38015588681,93.5,34.1860292328166
3.49807918975016,3.76556990390243,302.378496355119,94,34.1876913464438
-32.7345599589599,3.7093204392157,302.384691497954,94.5,34.1721375081117
5.50033236407818,3.76851431296028,302.383322996184,95,34.174750993079
13.3360209525355,3.78076481708349,302.38067973215,95.5,34.1810876083917
-59.2522260699534,3.66893774979406,302.395893397998,96,34.1529338911502
18.3339130801545,3.78814406723333,302.39356295863,96.5,34.161645256765
1.31212959627774,3.76203397379277,302.392193270649,97,34.1622687156304
17.0575826842238,3.78647954392525,302.389255905462,97.5,34.1703736323832
-5.22376551435974,3.75214315823538,302.388926117979,98,34.1678915582574
6.35643531203843,3.77013536027547,302.387123259922,98.5,34.1709118208586
-26.9012314405905,3.71851723727846,302.391602427559,99,34.1581296907403
28.5851232032903,3.80418976467639,302.388385495469,99.5,34.1717119226556
-52.2532897954833,3.67974618569124,302.400664861221,100,34.1468837525864
-37.9975122928154,3.70097753124796,302.409071615368,100.5,34.1288292204966
-4.99628943800309,3.75190899823565,302.409280717874,101,34.126455231713
-49.7576415254763,3.68267566016895,302.421110828507,101.5,34.102812869847
-3.63899389524099,3.75363738630387,302.421232439626,102,34.101083800545
16.1876414410197,3.78446168289505,302.418312643827,102.5,34.1087753643928
19.3017861071931,3.78947042538616,302.41498853495,103,34.1179466152362
-2.94837889129417,3.75524109738082,302.414200771727,103.5,34.11654569191
20.2908355976952,3.79123042873662,302.411023813067,104,34.1261868899865
5.41467011987604,3.76849270805011,302.409034704538,104.5,34.1287596725066
2.22601408898293,3.76362331774522,302.407605517325,105,34.1298173639284
6.53114266958472,3.77035294233861,302.40565692004,105.5,34.1329206387955
8.98710122372469,3.77424372853496,302.403393453853,106,34.1371908632825
10.7574747851555,3.77708697020124,302.400931427038,106.5,34.1423022814253
0.20105983613581,3.7608437885148,302.399755479332,107,34.1423978150812
-5.50023272288998,3.75199600559772,302.399582270923,107.5,34.1397843774584
-7.76662667210289,3.74843352198329,302.39986626152,108,34.1360940619083
-6.8477866156726,3.74980999023182,302.40001278795,108.5,34.1328403335525
-75.0263359376972,3.64575473830233,302.421996190022,109,34.097191542144
-18.7065430684281,3.73058974978197,302.425444088962,109.5,34.0883031212517
-15.1127368180002,3.73607393839821,302.427331694714,110,34.0811222987352
17.2727895998919,3.7863045857652,302.424443787992,110.5,34.0893294711339
30.3427900315765,3.80649012486295,302.420633964753,111,34.103746859096
-22.6407409831414,3.72488353969816,302.423714437145,111.5,34.0929891026022
20.085230483125,3.79098233830801,302.420749900406,112,34.102532607332
-15.4809918456823,3.73606329270189,302.42226700559,112.5,34.0951768083022
-13.9366413739889,3.73834282809077,302.423820320326,113,34.088554807973
19.037285966432,3.78938764075065,302.420826605633,113.5,34.0976003814762
24.8023398789004,3.79841720211637,302.417226563692,114,34.1093852224889
21.210204310041,3.79317238088171,302.413785909963,114.5,34.1194632589507
-28.0427787196136,3.71707492299547,302.418266928456,115,34.1061387222184
-31.2538723172542,3.71182682218926,302.424171992655,115.5,34.0912884331697
14.8801351859363,3.78314573951588,302.421698079875,116,34.0983587349343
-11.9530655860006,3.74168466654077,302.422520801218,116.5,34.0926792313781
33.6951913379228,3.81193587524345,302.419015331511,117,34.108689514067
13.1809995402851,3.78095078875151,302.41608255139,117.5,34.114952470898
-14.2376864396863,3.7385433835231,302.417366540167,118,34.108187428894
-22.8116370505072,3.7250888222787,302.420869954719,118.5,34.0973484710702
-11.269079966026,3.74282287340528,302.421947965051,119,34.0919939635356
-13.5637510095857,3.73917141191569,302.423358089434,119.5,34.0855491422016
18.7095769397964,3.7891076755443,302.420398438276,120,34.094439004639
-22.7518074982244,3.72501261332226,302.423566147497,120.5,34.0836284748493
-23.0144034688488,3.72439965996927,302.427242896219,121,34.0726931724865
2.88774939188123,3.7645053891099,302.425977591934,121.5,34.0740652876834
-9.46767482503009,3.74535538251472,302.426432429054,122,34.0695667184711
-35.5504033099614,3.70482771063147,302.433399198404,122.5,34.0526749311241
-9.403194690402,3.74509690351986,302.43428033252,123,34.0482069996718
14.3468017412434,3.78193819703018,302.431564407823,123.5,34.0550238878519
-10.639139189965,3.74333038909474,302.432127062277,124,34.0499686969112
31.114595512349,3.8076931356054,302.42857994491,124.5,34.0647528085343
-22.9250515489933,3.72450759804354,302.431674030648,125,34.0538599617694
30.8751652659664,3.80745831256132,302.428286355181,125.5,34.068530308022
-7.7356340152548,3.74826719266167,302.428147800978,126,34.0648547186443
18.9371666403907,3.78950761120622,302.425113127516,126.5,34.0738527204125
7.97098461113594,3.77279801460293,302.422804910461,127,34.0776401367134
11.9273988465758,3.77899491950116,302.420200398561,127.5,34.0833074447088
-12.5525535669011,3.74113099758513,302.421137132447,128,34.0773430942156
0.731117100533465,3.76166710729749,302.420061609194,128.5,34.0776904847777
10.6863004591455,3.77710678110882,302.417652394062,129,34.082768084413
10.5564434696641,3.77701687710432,302.415172108727,129.5,34.0877839824515
-56.9728352787866,3.67303056441511,302.429114488811,130,34.0607133185917
-36.0656805036754,3.70425917710438,302.43678263814,130.5,34.0435766970946
15.2757747898452,3.78358781105632,302.434300509335,131,34.0508349871641
-43.7571388755063,3.6923412929149,302.443563834757,131.5,34.0300437663626
-59.4671506193388,3.66808775566399,302.459342792943,132,34.0017879276416
-28.1083305267471,3.71546957751049,302.464860876498,132.5,33.9884322439438
-40.14129106059,3.69668056280895,302.473561802511,133,33.9693590945756
3.46460056968062,3.76415235915747,302.47233155148,133.5,33.9710053008241
-27.6946732812915,3.71573300385471,302.476959789127,134,33.9578461665202
10.0114061117956,3.77425795317558,302.474750865239,134.5,33.9626030898555
-7.760060710659,3.74678279798562,302.474745828749,135,33.9589158941244
5.94694570893025,3.76812112661769,302.472790808043,135.5,33.9617415875885
-5.72652452196642,3.75007342742632,302.472451457712,136,33.9590206273333
-59.8575621968736,3.66665810780215,302.487973343116,136.5,33.9305792844061
-19.8150080971054,3.72756837652059,302.491360649635,137,33.9211641759434
-33.4050126001069,3.70634259189236,302.497870414964,137.5,33.9052917717897
-1.6709422884902,3.75553996106217,302.497265231719,138,33.9044978229402
-2.70761518253361,3.75399955851099,302.496458142134,138.5,33.9032112985798
1.88799435834428,3.76121812590788,302.494946357442,139,33.9041083798009
-41.6912698810161,3.69356937046128,302.503770947682,139.5,33.8842987574201
22.7715155443844,3.79328433827144,302.500594010523,140,33.8951186514953
-0.515451774575842,3.75753526364864,302.499182784,140.5,33.894873734393
9.22967492224234,3.77274067198712,302.496694359081,141,33.899259217863
-5.47902434105225,3.75000122097267,302.496222135826,141.5,33.8966558574108
-15.0641774272406,3.73504682218867,302.497774150027,142,33.8894981079068
13.9117666180745,3.78003239435732,302.49496840021,142.5,33.8961082889865
31.8726913470437,3.80768695306312,302.490939513829,143,33.9112526101273
-39.1443162373427,3.69818602060866,302.49850388422,143.5,33.8926531737169
1.07243368357863,3.76029761642984,302.497512007408,144,33.8931627409803
-12.1313544334247,3.73977760323746,302.498361027299,144.5,33.887398523412
-1.75778763241557,3.75587710001937,302.497478001254,145,33.8865633099651
-3.71073801836438,3.75286485643718,302.49680208996,145.5,33.8848001514163
-31.4244532952271,3.70973998145927,302.502417566164,146,33.8698688107525
4.91629609225264,3.76604820019001,302.500790568764,146.5,33.8722047906681
-15.1046645294069,3.7349523777593,302.502226402082,147,33.8650278037025
-18.2421278104912,3.72996260792984,302.504580292472,147.5,33.8563600498926
-53.8022086027553,3.67502181529395,302.517871583756,148,33.8307959104765
-2.99539514115544,3.75316477154475,302.517693762201,148.5,33.8293726473617
-17.6803692995437,3.730292965421,302.519799926213,149,33.8209718133172
-23.3302382969069,3.72138495246086,302.523439902085,149.5,33.8098864419184
14.72353219881,3.78051496730449,302.520570337471,150,33.8168823337155
4.9249128271034,3.76553455956919,302.518400361279,150.5,33.8192224078759
-15.0248926347958,3.73453142397372,302.519802379622,151,33.8120833245556
-10.4653730599339,3.74155847202321,302.520472501402,151.5,33.8071106986562
-33.0727667778018,3.70631942789341,302.52667568051,152,33.7913961612284
-2.35767703942043,3.75391773120297,302.526092338051,152.5,33.7902759101068
-1.96305290047994,3.754584589322,302.52508880989,153,33.7893431647914
-6.52817821502452,3.74750791210554,302.52486341984,153.5,33.786241298486
26.1426747908256,3.79808784677224,302.521060016987,154,33.7986630001302
-8.62135929193406,3.74455536806782,302.520945080887,154.5,33.794566558058
5.51446314327224,3.76654035687988,302.518927277228,155,33.7971867572703
5.82473579493591,3.7671176550481,302.516730435624,155.5,33.7999543826484
58.0864002701042,3.84609927949534,302.51370504457,156,33.8275541573277
-9.16199287033889,3.74447058891411,302.513433817977,156.5,33.8232008330098
-13.8802024825526,3.73703078040783,302.514674542427,157,33.8166056496409
-34.6643190645982,3.70463258416961,302.52125286506,157.5,33.8001348855524
-43.2575088717564,3.69106890541693,302.530858042629,158,33.779581064133
-16.3402025883238,3.73236890690957,302.533077825778,158.5,33.7718170107994
-1.23547339464381,3.75584535121318,302.532082833259,159,33.7712299751567
-6.0675964562677,3.74835950699262,302.531735098702,159.5,33.7683469544452
-39.3571821882354,3.69660154037522,302.539766094787,160,33.7496463746991
26.4588224415378,3.7983790179353,302.536284137629,160.5,33.7622182940171
-59.4093543583771,3.66606009924434,302.551233958202,161,33.7339899172109
-0.882608425375217,3.75592543093641,302.550703936324,161.5,33.7335705454896
24.3027906609791,3.79495954595769,302.5468433668,162,33.7451180255056
-7.82328239167264,3.74546620085046,302.546534145574,162.5,33.7414007899692
7.61227229093676,3.76948236990869,302.544179319566,163,33.7450177639778
-5.80215617423568,3.74871792734956,302.543655874443,163.5,33.7422608673149
-24.11301320643,3.72014915781459,302.547233677559,164,33.730803560127
-15.7572563200777,3.73297592649355,302.549040683399,164.5,33.7233164939294
-13.8209716163794,3.73589952884821,302.550333891302,165,33.7167494541286
7.53316862585636,3.7691207495963,302.548043469338,165.5,33.7203288420013
-26.0558667205069,3.71689020284651,302.552002428786,166,33.7079483872439
-22.4462343966142,3.72229722717556,302.555418039055,166.5,33.697283050627
20.7654133786043,3.78935328416697,302.551981090905,167,33.7071497445124
0.918865976520385,3.75887536368953,302.550230176746,167.5,33.7075863440227
7.38539554647539,3.76898923265176,302.547801682187,168,33.7110955174618
-31.4754641200928,3.70857602208688,302.553229757047,168.5,33.6961399389856
-7.37367730727353,3.74585099982439,302.553414672389,169,33.6926363334722
-24.3580272417212,3.71933317221133,302.557083185604,169.5,33.6810626077743
-15.4691020341546,3.73300800209924,302.558828252342,170,33.6737124581928
24.3763928641905,3.7947879227217,302.555096158683,170.5,33.685294910323
-3.05164287988273,3.75261576422726,302.553926939228,171,33.6838449210743
-29.9898612321447,3.710636671685,302.559045706761,171.5,33.6695952273625
-11.0887171121383,3.73983732772417,302.55992348432,172,33.6643264193049
-18.6018173401958,3.72805522912522,302.562216951408,172.5,33.6554877588813
-16.8171325325422,3.73071754630736,302.564190296174,173,33.6474970921075
7.69296289157386,3.76886590732074,302.561876974892,173.5,33.6511524062849
2.10576643290859,3.76030881681779,302.560050632569,174,33.6521529619882
-25.020473629501,3.71805192136703,302.563779604975,174.5,33.6402644746429
33.898503644565,3.80910441114704,302.559860578366,175,33.6563713612499
-26.4359722866537,3.71606319742617,302.563638997267,175.5,33.6438102991915
-11.866337638481,3.73855523012951,302.564611246317,176,33.6381720044518
-10.4611101409,3.74068649677633,302.565133142762,176.5,33.6332014040799
-40.716293746733,3.69360083973127,302.573625113445,177,33.6138550419717
31.1833020978586,3.80473734020854,302.569894033425,177.5,33.6286717995545
12.2390677787326,3.77602648182362,302.566601434626,178,33.6344871971589
-21.8662506112666,3.72304515337607,302.569384963763,178.5,33.6240974400531
20.8202961260994,3.78924922455225,302.565912117894,179,33.6339902114965
0.908260454717817,3.7586594357899,302.564121533008,179.5,33.6344217717891
-29.4916791536925,3.71131379255446,302.569007217448,180,33.620408789477
8.62428937607976,3.77045655272277,302.566721251068,180.5,33.6245066237798
-28.5529158547039,3.71264437423399,302.571281199498,181,33.6109396951981
-14.1706930519039,3.73481186283827,302.572744931902,181.5,33.6042064851272
-13.0513703056803,3.73647597774405,302.573803938296,182,33.5980051216752
-25.5613680886719,3.71688371907907,302.577821388399,182.5,33.5858596281265
-6.05670690855326,3.7471465724532,302.577650378779,183,33.5829817815876
-16.2896460967048,3.73116042389441,302.579329682657,183.5,33.5752417501898
-40.881430689603,3.69284768265066,302.587965121363,184,33.5558169232018
-46.2762805377593,3.68418600762368,302.598812350495,184.5,33.5338287313032
-22.7047723829314,3.72031254560829,302.60257018106,185,33.5230405502659
4.41970879829005,3.76261364954538,302.600660544933,185.5,33.5251405765443
13.5744136522471,3.77697560029585,302.597371611929,186,33.5315904642368
7.93366525379473,3.76842438465621,302.594624901048,186.5,33.5353601482311
10.5549103771186,3.77263194703949,302.591638267245,187,33.5403753178201
26.6078770675085,3.79749510605158,302.587445180668,187.5,33.5530180604991
-23.6625382932822,3.71971920361671,302.590512587599,188,33.5417747966335
-38.5465224655337,3.69641437569559,302.598402616965,188.5,33.5234594021561
-25.1296097428994,3.71688023365946,302.602604882668,189,33.5115190587459
34.7298420616142,3.80946744950342,302.598522746577,189.5,33.5280209561108
20.7885027286145,3.78859387159174,302.594413815791,190,33.5378986209094
-1.15296807298427,3.75481892687138,302.592867575016,190.5,33.537350787701
44.015051877242,3.82397329511691,302.58876640494,191,33.5582645559611
-3.64070536543798,3.75141432623285,302.587439687842,191.5,33.5565346734535
-14.2669229290179,3.73480571689335,302.588549265678,192,33.5497557397206
-17.7628788543523,3.72922580737393,302.59055545097,192.5,33.5413157012304
1.54958274678753,3.75921862159048,302.588995441314,193,33.5420519860486
1.46257522931008,3.75913280936303,302.587243536967,193.5,33.5427469292124
-15.5502051276022,3.73263008295262,302.588593562683,194,33.5353582434659
-10.957366055381,3.73968035292192,302.589172238717,194.5,33.5301518469118
2.48561642658955,3.76059045455512,302.587406302182,195,33.5313328884808
-16.9179794874019,3.73037018182948,302.589059508274,195.5,33.5232943042389
-31.3555907599841,3.70775665905318,302.59464219032,196,33.5083956836342
-15.9667389514526,3.73145861522417,302.596486502141,196.5,33.5008090816865
8.87948842453253,3.77013210355069,302.593935592802,197,33.505028173912
26.4488663454146,3.79732756944099,302.589774885446,197.5,33.5175953625872
-38.6374182958714,3.69659919170248,302.597089159972,198,33.4992367789222
19.2808725017106,3.78630799024718,302.593845408405,198.5,33.5083980926582
9.95327268474724,3.77212371176875,302.59083173314,199,33.513127393874
5.54334738528288,3.76540430790346,302.588435460695,199.5,33.5157613174446
-20.8162850558945,3.72437171331255,302.590944310256,200,33.5058704518628
2.40525815742257,3.76043393332493,302.589295356783,200.5,33.5070133111703
-36.569101046594,3.69978744742944,302.596187501311,201,33.4896374892151
36.6633474640511,3.81278271792364,302.592329531665,201.5,33.5070580923906
19.2606370661618,3.78667039806938,302.58836310415,202,33.5162097912519
13.6077785974916,3.77815786459493,302.585014245241,202.5,33.5226755323106
-0.135383469490089,3.75697283909567,302.583385791066,203,33.5226112048047
1.9224077419104,3.76018619671386,302.581594504415,203.5,33.5235246375579
-10.50965516273,3.74083752107912,302.581876224913,204,33.5185309710008
12.3270907314622,3.77627852947057,302.578957235158,204.5,33.5243881927439
-1.81251543821829,3.75445537998348,302.577612052809,205,33.5235269753597
17.2820790358051,3.78405207810615,302.574193382132,205.5,33.5317385616374
-41.5710726591923,3.69287030124013,302.582430020753,206,33.5119860510112
0.339473784406287,3.75759849351245,302.581353801618,206.5,33.512147352106
30.9100340754823,3.80471158286282,302.577247339862,207,33.5268342662865
-38.2192294152057,3.69799423743334,302.584290356809,207.5,33.5086743852235
-29.7449330127212,3.71071120419573,302.589608917793,208,33.4945410692462
-0.0190267731111486,3.75679582233275,302.588424256776,208.5,33.4945320286679
-23.6586542463426,3.71995385825895,302.591693319617,209,33.4832906103087
6.42839254918395,3.76669247192963,302.58954056712,209.5,33.4863450634179
-20.8703885251805,3.72421965546228,302.592055545553,210,33.4764284905525
-13.3755141020573,3.73575311460007,302.593181430883,210.5,33.4700731100552
-9.65247399085074,3.74148879312548,302.593470560044,211,33.4654867334505
-54.1063287264933,3.67264221632894,302.606589445636,211.5,33.4397780912445
2.40071598066463,3.75979799818686,302.605341454025,212,33.4409187923351
-4.57558252471178,3.74900501475211,302.604517345894,212.5,33.4387447025977
23.5960927039724,3.79269589882819,302.600587375216,213,33.4499563948168
-19.3414094821578,3.72624403110958,302.602569254402,213.5,33.440766316912
-48.6122910319724,3.68078158341006,302.613757616678,214,33.4176681687588
-5.83241098185803,3.74678255638382,302.613753233334,214.5,33.4148968965128
-7.29761791459946,3.74450802692743,302.613490250549,215,33.4114294306481
8.78883453210887,3.76959550896137,302.610808313932,215.5,33.4156054486429
0.854963408761646,3.75738728643872,302.609024065228,216,33.4160116848244
39.3175476461396,3.81646181906842,302.604729406253,216.5,33.4346934322029
2.40338551847608,3.76027741528054,302.60246825738,217,33.4358354017254
-5.70670774118487,3.74767607532401,302.601817538445,217.5,33.433123857421
-1.29444403289078,3.75453143722688,302.600520039165,218,33.4325088018576
32.396124355209,3.80645099891001,302.596332614419,218.5,33.4479018323868
-33.3127037842891,3.7050086621416,302.601865362321,219,33.4320732888012
-18.5912853279697,3.72757299635673,302.604247395067,219.5,33.4232396326671
-16.0325851618848,3.73141596767524,302.605881456962,220,33.415621743868
4.00160956755484,3.76257574926093,302.603917239154,220.5,33.4175231101415
9.64028035383395,3.77141737007882,302.601054931661,221,33.4221036929349
-23.3057222764977,3.72017436572613,302.604101772095,221.5,33.4110299703324
-22.7294131253267,3.72086870301506,302.607377606505,222,33.4002300812373
33.2897371607876,3.80745581555912,302.603349743705,222.5,33.4160477122232
32.5111633555018,3.80661089444802,302.598851226409,223,33.4314954035761
-34.4011084572251,3.70331335093988,302.604687950507,223.5,33.4151497041056
33.4861013051175,3.80810013011534,302.600855790267,224,33.4310606375877
11.1298842398013,3.77420626196512,302.597601671866,224.5,33.4363490062213
-2.45012648278543,3.75322006457623,302.596316127549,225,33.4351848277122
-20.9058255428921,3.72441649364491,302.59884928236,225.5,33.4252514169347
4.92433199236084,3.76450083225693,302.596836240508,226,33.4275912151113
-48.561613988359,3.68155799645356,302.607569013238,226.5,33.4045171461741
6.0042542367805,3.76581680442788,302.605742988967,227,33.4073700698065
25.5207417226465,3.79600404481301,302.601660355875,227.5,33.4194962597223
-7.09628790855436,3.74578327639949,302.60102933242,228,33.4161244558848
0.777721009512623,3.75801473067431,302.599426904041,228.5,33.4164939903115
-4.65892202611325,3.74957145176748,302.598605856434,229,33.4142803017791
15.8909003212826,3.78145941375793,302.595262719437,229.5,33.4218308689735
-19.9900163111015,3.72580732817818,302.59740224263,230,33.4123326052928
-58.2422097176861,3.66674606168817,302.612071932175,230.5,33.3846587976965
-12.4235840742594,3.73688655841901,302.613439570493,231,33.3787557271057
-24.1450581704876,3.71852078117211,302.616939147389,231.5,33.3672831937412
-11.2925127548505,3.73841367746827,302.617629511752,232,33.3619175521082
-6.613686296016,3.7456829240078,302.617270996481,232.5,33.3587750566063
-3.48325181644823,3.7505720853078,302.616312284617,233,33.357119988211
3.02902675264983,3.76075621508263,302.614318412463,233.5,33.3585592313984
-53.4669929849635,3.67316838182618,302.626996002044,234,33.3331543698077
-35.7792039857508,3.69980603233985,302.63435377827,234.5,33.3161538677345
-0.606968370424743,3.75443672571722,302.633250746814,235,33.3158654664877
15.893210277301,3.78016426747199,302.62972186399,235.5,33.3234171312585
-24.3301775949677,3.7176511037011,302.632974337836,236,33.3118566383306
-12.1878744473111,3.73644604505787,302.633833341492,236.5,33.3060655652567
40.1519428313211,3.81709612333794,302.629574061794,237,33.3251437758177
-28.4999305328415,3.71139768157444,302.633690755122,237.5,33.3116020232314
3.92542374274773,3.76178862421292,302.631812736785,238,33.3134671897819
-49.0640045775165,3.67948951734605,302.642842817824,238.5,33.2901544097695
-30.2152891607464,3.70810962147129,302.648462470377,239,33.2757976038936
0.393661810280882,3.75573285186397,302.647095861423,239.5,33.2759846524491
-2.520305603545,3.75125998042841,302.645844748765,240,33.2747871283047
0.449359943622412,3.75594445689788,302.644150228612,240.5,33.275000641849
-11.1676026030181,3.73784280999403,302.644492309665,241,33.2696943513211
-26.8659614636054,3.71325145421303,302.648686200272,241.5,33.2569289797455
-26.0916417111519,3.71424643071441,302.652875578394,242,33.244531526488
-16.8663357193866,3.72847813942726,302.654767117672,242.5,33.2365174808016
3.18863262158075,3.75978148165192,302.652811088426,243,33.238032560777
-36.0686954474858,3.69855547558245,302.659556350778,243.5,33.2208945067282
-4.37671055765624,3.74778183983093,302.659034235755,244,33.2188149110799
12.6719156056604,3.77440962731823,302.655767712019,244.5,33.2248359764901
-42.5167595442479,3.68854279277572,302.664494857322,245,33.204634122389
-40.7253305116614,3.69091557668556,302.673321239808,245.5,33.1852834664585
-34.4130544415141,3.7003544572804,302.680145688243,246,33.1689320908491
-45.8516328479785,3.68238849298584,302.690717534851,246.5,33.1471456704581
-20.6554233054439,3.72122252668462,302.693812797901,247,33.1373312383968
-24.2755027172091,3.71546158467797,302.697513998282,247.5,33.1257967242574
21.6123313750349,3.78704477924452,302.693578569215,248,33.1360658315436
-15.347911453122,3.72967262346736,302.694587029115,248.5,33.1287732657118
-1.56304090260101,3.75123656022144,302.693266139216,249,33.1280305862459
-8.93860931549059,3.7397444813036,302.693133615325,249.5,33.1237834027071
3.69201337856339,3.75952693828851,302.690925305617,250,33.1255376642363
27.7068680616377,3.79678669607025,302.686407374239,250.5,33.1387025928946
-27.3490017481447,3.71138133228779,302.69030619807,251,33.1257077045482
-3.55234201341915,3.74843011304487,302.689452962117,251.5,33.1240198079201
5.85063420080782,3.76316193564295,302.68689252528,252,33.1267997389353
-18.5719830882204,3.72504371390906,302.688748023777,252.5,33.1179752542676
4.8623028703436,3.76161652808089,302.686488354453,253,33.1202855792838
-1.19888914369497,3.75225237340516,302.684882433528,253.5,33.1197159266616
19.3831945023487,3.78429465980557,302.680926253232,254,33.1289258587342
-13.0597426507046,3.7339624623928,302.681396689407,254.5,33.1227205171594
-20.6335939600827,3.72201380045656,302.683938356748,255,33.1129164573196
25.7825990208372,3.79412338107908,302.679816686556,255.5,33.1251670688279
-18.1200097230699,3.72610916373073,302.681352720823,256,33.1165573394726
51.5720168956954,3.83297482247165,302.677424250351,256.5,33.1410618024702
33.0499625124592,3.80582126531023,302.672538079795,257,33.1567655044429
6.66019708734948,3.7655813801867,302.669591702455,257.5,33.1599300995646
-30.2992664513563,3.70796602932562,302.674370776006,258,33.1455333918478
10.7637468484085,3.7717443164842,302.671577930811,258.5,33.1506477901638
35.2640770828808,3.80938386868884,302.667030628147,259,33.1674035294976
-13.8690996559909,3.73380360360314,302.667492470277,259.5,33.1608136216408
-34.9285636248917,3.70085351831939,302.673845883507,260,33.1442173016513
-5.6714386091035,3.74616133247756,302.673447875492,260.5,33.1415225154881
-0.812213353724498,3.75373477956222,302.671896333301,261,33.1411365920112
9.10666596812365,3.76921092239223,302.668957850853,261.5,33.1454636277309
-42.3819854616717,3.68911761659993,302.677473739148,262,33.1253258115852
-15.7118370280814,3.73018680093181,302.679192462404,262.5,33.1178603263811
17.4979995174316,3.78185398638459,302.675573601662,263,33.1261745073559
2.36853278005042,3.75857965957174,302.673312305262,263.5,33.1272999165868
-4.66369957983222,3.7476541245293,302.672312571273,264,33.1250839579979
25.1255067146896,3.79381573061393,302.668138215229,264.5,33.1370223518527
-19.3990399296052,3.72487768078468,302.669933758753,265,33.1278048908194
9.72459151979378,3.77017778181888,302.667135119159,265.5,33.1324255340947
-14.3576885005932,3.73271375161492,302.667944165001,266,33.1256034730668
26.1809258017656,3.79553803071746,302.663850468215,266.5,33.1380433496931
-22.4969711755525,3.72017220412768,302.666384842805,267,33.1273539054768
-4.6878758004807,3.74780663272628,302.665672564438,267.5,33.1251264595477
16.3519116037664,3.78051156344725,302.662087009022,268,33.1328960764243
1.76448100671949,3.75805065524867,302.659954806315,268.5,33.1337344702305
-23.0710933198766,3.71928367806292,302.662871453211,269,33.1227722316639
-3.57844417994373,3.7495478765602,302.661986082194,269.5,33.1210719325817
-15.3438699744067,3.73114404264253,302.663159285395,270,33.11378128706
43.1032331844116,3.82104629486267,302.658987463294,270.5,33.1342618043292
3.72554287590385,3.76127270417374,302.656372588544,271,33.1360319974115
-42.3502743165656,3.68957420798504,302.664871016822,271.5,33.1159092488282
-11.2611130246067,3.73751949530564,302.665642041566,272,33.1105585267887
6.14695770884649,3.76463486697397,302.663185775377,272.5,33.113479256029
-36.7256104850749,3.69784784602933,302.669911260689,273,33.0960290685559
-20.5230160033047,3.7227261483104,302.672680630111,273.5,33.0862775498734
-11.0017181553332,3.73747543175562,302.673137760083,274,33.0810500794025
16.5970191062472,3.78043635022254,302.669558830829,274.5,33.0889361592
13.2319712226424,3.77543420018609,302.666024246904,275,33.0952233352448
-4.28302132415703,3.74832181048354,302.664864605923,275.5,33.0931882560707
8.34249631326297,3.76799863905227,302.662070172632,276,33.0971521962948
-1.6444046249864,3.75254558161431,302.660529326283,276.5,33.0963708568261
-17.2008384021276,3.7282282964974,302.662089704173,277,33.0881978720656
-42.8416952620989,3.68821893324531,302.671067045719,277.5,33.0678416246374
7.49820508867728,3.76630945272482,302.668811264267,278,33.0714043995724
-15.1494584818299,3.73103855356327,302.669835573769,278.5,33.0642061287436
-35.9717625008495,3.6984524894655,302.676616154394,279,33.0471141324204
-2.00458303173212,3.75121788638244,302.675619832116,279.5,33.0461616540478
-23.1985922352437,3.7180780993979,302.678668223171,280,33.0351388343242
37.0494888736135,3.81126754662011,302.674365815609,280.5,33.0527429127339
20.7026833042894,3.78676738858596,302.670048688804,281,33.0625798004013
-10.4815723440662,3.73849025169167,302.669951412029,281.5,33.0575994774059
-36.5749486546671,3.69770513239714,302.676811152067,282,33.0402208769576
10.5093639706676,3.7708651354048,302.674110742426,282.5,33.0452144051546
-7.64560879218978,3.74268272829469,302.673567043458,283,33.0415815912951
10.3228065673055,3.77068833493314,302.670557698381,283.5,33.0464864766726
-50.4454676087845,3.6762827604993,302.681911720532,284,33.0225172939874
0.225253934510491,3.75465166977692,302.680735986766,284.5,33.0226243234781
-16.7988230028468,3.72805807237045,302.682192298101,285,33.0146423564841
18.9120149782775,3.7836366547052,302.678466619237,285.5,33.0236284074308
14.1247150680166,3.77646516831822,302.674799138829,286,33.0303397710456
-31.1956415741321,3.70590116455522,302.679791149304,286.5,33.015517150356
-22.9099622256249,3.71853572676857,302.683070057899,287,33.0046314732888
8.70045183107689,3.76779663108094,302.680387183329,287.5,33.0087654962103
-10.9213910414319,3.7372705630449,302.680490275896,288,33.0035761931974
8.35796868509377,3.7673407017375,302.677718259574,288.5,33.0075474851249
9.64099960773586,3.76945829677666,302.67460936196,289,33.0121284096721
-21.1663725437284,3.72144097254095,302.676980965737,289.5,33.0020711998903
15.337556695413,3.778252673322,302.673619558424,290,33.0093588456551
61.730759624308,3.84793557378014,302.670334328071,290.5,33.0386902390363
10.0757997506514,3.77087729724802,302.666810053232,291,33.0434777590331
-30.9689089007118,3.70695073956993,302.671684547426,291.5,33.0287628704576
-5.37749507339837,3.74659755956661,302.671169413946,292,33.0262077516746
-20.4556915660395,3.72298278450974,302.673489345682,292.5,33.0164882222235
16.7640955200023,3.78083852137417,302.6700257713,293,33.0244536884412
7.04931058211011,3.76597107639909,302.667169456659,293.5,33.0278031709845
6.40285660331923,3.76505168061722,302.664492048406,294,33.0308454906795
27.0296339888648,3.7969224225916,302.660209363886,294.5,33.0436886313164
-4.59748790427741,3.74824632555088,302.658974098178,295,33.0415041332298
-35.8291298551765,3.69950045750525,302.665440689768,295.5,33.0244799088612
-3.16652094015781,3.75010521527029,302.664627060134,296,33.0229753352595
24.3695424621873,3.792764834523,302.660531282734,296.5,33.0345545324187
30.3921767086812,3.80217948597914,302.656019236345,297,33.0489953864787
0.225278538202719,3.75595580405746,302.654001577843,297.5,33.0491024276599
14.2648488423416,3.77775573347724,302.650617902851,298,33.0558803758897
-6.88073561500513,3.74500231688159,302.649905885226,298.5,33.0526109918046
-31.6660601250462,3.70626997334556,302.655155069102,299,33.0375648515657
6.86653493517978,3.76607278656861,302.652881329834,299.5,33.0408274881925
2.92960629293777,3.76003294899294,302.650694561906,300,33.0422194917116
-20.983629341236,3.72272651892107,302.653056420705,300.5,33.0322491124303
-11.168035803817,3.73787571605472,302.65353637245,301,33.0269426160669
13.5119005141733,3.77625182822554,302.650317536399,301.5,33.0333628006187
-16.636061952298,3.72940498779222,302.651582467376,302,33.0254581695984
29.9516278810763,3.80148183153068,302.647489900186,302.5,33.0396896967192
-28.8691633450707,3.71050629223704,302.65162418525,303,33.025972503025
-14.5183497581959,3.73262060083761,302.652892129306,303.5,33.0190741037408
10.4007130939275,3.77139007763836,302.650018598657,304,33.0240160064334
-19.2960663305807,3.725171379729,302.651924821398,304.5,33.014847473344
-38.9706562701912,3.69439143379771,302.659602918984,305,32.9963305515316
12.876750935146,3.77487443040418,302.656745394178,305.5,33.0024489445248
0.0873279386283041,3.75514566039315,302.654902305047,306,33.0024904384273
26.8830613448031,3.79660797348439,302.650695707028,306.5,33.0152639350179
-25.3677735330868,3.71569483058847,302.653939124567,307,33.0032104279943
-3.16735972048194,3.75016353803589,302.653021976836,307.5,33.0017054558458
-38.9811952497282,3.69430613066541,302.660520616051,308,32.9831835264334
12.3379054289742,3.77397726868318,302.657713014602,308.5,32.989045886784
5.38240908282609,3.76333208239928,302.655134131679,309,32.9916033404604
-16.1372297299695,3.72978711541061,302.656378763926,309.5,32.9839357297559
-29.7103039276741,3.70846242168927,302.661267724355,310,32.9698188678012
14.8467069974438,3.77775317870521,302.658103558104,310.5,32.9768732861496
-48.723084068627,3.67901760975487,302.668755842405,311,32.9537224946438
-8.97534968588297,3.74037834917298,302.669172645829,311.5,32.9494578539043
-25.3686427620177,3.71468863592638,302.672837642464,312,32.9374039338663
-22.1504600340576,3.71952349444437,302.675879297658,312.5,32.9268791345477
-43.2423665467011,3.68655496162893,302.685140260583,313,32.9063325080096
-55.0686851355746,3.6680163631101,302.699071115092,313.5,32.8801666017981
6.49811633305001,3.76344832655184,302.697047242015,314,32.8832541841891
-1.64181069862223,3.75088011508847,302.695472772712,314.5,32.8824740772254
-6.61795784244544,3.74314853421298,302.694846959786,315,32.8793295520967
11.7116036632056,3.7718018827001,302.691609061942,315.5,32.8848943249305
-22.5160750227625,3.71842319710609,302.694316814878,316,32.8741958035141
9.60807036704819,3.76855731089261,302.691492544051,316.5,32.8787610817204
2.80192071186626,3.75809807869694,302.689204516788,317,32.8800924153881
-58.4334670319614,3.66301606897683,302.703790424638,317.5,32.8523277318078
27.3134053945542,3.79562277360743,302.700032137464,318,32.8653057065336
-13.9414153733675,3.73177825623154,302.70056470949,318.5,32.8586814378368
-46.3597984472694,3.68119099952094,302.710784055094,319,32.8366535623724
-12.8844413736876,3.73295777423618,302.711923054785,319.5,32.8305315152645
-16.0320800694956,3.72797163576414,302.713334180004,320,32.8229138664603
0.994452129687135,3.75460897709883,302.71154033872,320.5,32.8233863807593
-6.32904409164689,3.74321625807588,302.710795480922,321,32.8203791331066
20.580709242481,3.78514999917841,302.706735995092,321.5,32.8301580647532
11.6094788882031,3.77151613461431,302.703214165252,322,32.8356743129622
-29.9067137766346,3.70672905940742,302.707856307291,322.5,32.8214641267947
-19.562725169303,3.72264664882587,302.710267515669,323,32.812168890659
-30.1504299217196,3.70594051756081,302.715362263824,323.5,32.7978429026746
-16.2433291303839,3.7274812860025,302.717018591074,324,32.7901248788006
-42.2105407613639,3.68685160351362,302.725893282926,324.5,32.7700685246679
6.70820046643128,3.76305869241589,302.723589681363,325,32.773255928613
50.383204927688,3.82973138576782,302.719123647024,325.5,32.7971955271621
2.90515085723668,3.75781125797808,302.716412061919,326,32.7985759106718
-18.9126142455124,3.72368542899597,302.71824851201,326.5,32.7895895749831
-17.3023594659282,3.72606149775817,302.71996010885,327,32.7813683524515
12.1664265396802,3.77206087077732,302.716725377806,327.5,32.7871492345442
-26.7971581886898,3.71125124396378,302.72048506883,328,32.7744165548702
-21.4689305535874,3.71936481121335,302.723304335337,328.5,32.7642155845375
-14.6642897011185,3.72988501505088,302.72446658859,329,32.7572478418352
-2.96355246498894,3.74817383414601,302.723262430407,329.5,32.7558397087799
-21.1931816114186,3.71959944735806,302.725748058231,330,32.7457697606596
-68.4039490885462,3.64672483335581,302.744952844378,330.5,32.7132675988241
9.90203051445637,3.76761197519549,302.742576586853,331,32.7179725523036
-61.0812886960896,3.6572944338118,302.758344288045,331.5,32.6889497552755
-26.5923131696674,3.71001006349119,302.763051753926,332,32.6763144077884
-6.62242228214912,3.74125344697396,302.762613526053,332.5,32.6731677613794
-26.125364076862,3.71063129734644,302.766470403466,333,32.6607542849274
30.2482758361285,3.79846369075649,302.761926463878,333.5,32.6751267644344
-8.10451898514849,3.73920926838329,302.761148754816,334,32.6712758992261
-43.4161509798337,3.68394456246457,302.770325923497,334.5,32.65064669895
26.1623664762822,3.79224835559843,302.766166714987,335,32.6630777571059
-19.4482944870053,3.72137119989693,302.767893886882,335.5,32.6538368927514
-9.01943161800661,3.7376439431595,302.767784593144,336,32.6495513064655
-4.92835055081426,3.74406256738117,302.766777059229,336.5,32.6472095988694
19.5060325642185,3.78221880717907,302.762596967559,337,32.6564778974928
3.06924648202531,3.75688796558261,302.759999904983,337.5,32.6579362510995
-2.36632345512135,3.74845308502214,302.75841482814,338,32.6568118916303
-49.1075479476512,3.67548275374385,302.769466115215,338.5,32.6334784219694
-5.41555480987475,3.74326949457259,302.769042656246,339,32.6309052190885
-6.59018606220247,3.74144687461377,302.768294133063,339.5,32.6277738897314
8.82340324665735,3.76560554751032,302.765176986764,340,32.6319663330638
-27.4001224182541,3.7089295397378,302.769114511778,340.5,32.618947154712
-8.26815386886751,3.73876192164715,302.768942393372,341,32.6150185383279
6.75405329496399,3.76231184241446,302.766101551014,341.5,32.6182277292615
-43.2270201780308,3.68418857940401,302.774992005856,342,32.5976883945562
-20.7978225700623,3.7188134954015,302.777830009663,342.5,32.5878063014314
-11.31438345882,3.7336037662246,302.778197736589,343,32.5824302679253
2.48071586104513,3.75525552603008,302.775969518673,343.5,32.5836089809887
-34.9556093003018,3.69659049889243,302.782230912408,344,32.5669998102365
26.8990840604298,3.79299915185359,302.777891538959,344.5,32.5797809200264
-34.0402829239247,3.69810796975517,302.783603493794,345,32.5636066669421
-14.3824348533662,3.72865723078765,302.784783010889,345.5,32.5567728476755
-16.9716615881814,3.72451790726313,302.786317497222,346,32.5487087563634
-20.4282708129887,3.71898950015052,302.788724499419,346.5,32.5390022558933
-2.14987485946518,3.74763252451038,302.787324137615,347,32.5379807420547
7.0169949540872,3.76206709787043,302.784336527582,347.5,32.5413148698154
-22.4173430222001,3.71595862407895,302.786966680674,348,32.5306632609458
-13.8245022720376,3.72931716915046,302.787874246695,348.5,32.5240945435526
20.9517610363514,3.7836620699812,302.783612423191,349,32.5340497805969
-42.8641201731558,3.68410405546672,302.792248795715,349.5,32.5136828779638
22.4627002619617,3.78591499008557,302.788228647254,350,32.5243560383428
-43.5989777699003,3.68289902766691,302.797100815099,350.5,32.5036399678494
6.91376152488868,3.76169336191601,302.794600368055,351,32.5069250442078
-6.64514996923973,3.74055534879723,302.793682703653,351.5,32.5037675987299
-58.3838159673805,3.65993708323506,302.808482134259,352,32.4760265068714
19.4952107158918,3.78093761473075,302.804831777928,352.5,32.4852896634896
-41.1505825211052,3.68621427844367,302.81292439416,353,32.4657369489088
-19.3730783613554,3.71995506301576,302.8153522493,353.5,32.4565318235243
20.1088217113505,3.78174897814536,302.811122525597,354,32.466086537635
-46.353129077521,3.67800141224737,302.821023691374,354.5,32.4440618311241
2.06527419769629,3.75351538132674,302.81920045335,355,32.4450431469268
-21.7862457510317,3.71607410861042,302.821695526112,355.5,32.4346914041602
-28.5636011401449,3.70528363161512,302.826319023542,356,32.4211193984612
3.5936526391118,3.75570706171346,302.824020818406,356.5,32.4228269238484
-14.4711193621629,3.72739456714369,302.824730267653,357,32.4159509661045
-14.2550114945948,3.72767514907625,302.82559057405,357.5,32.4091776920942
-5.74194373915969,3.74103780698946,302.824686758106,358,32.4064494053922
-8.86559840221257,3.73614405832778,302.824294256336,358.5,32.402236913016
-4.18907948179265,3.74350533129554,302.823040345861,359,32.4002464703431
-9.5156294447693,3.73515175001586,302.822760371757,359.5,32.3957251154754
-33.067514653113,3.69808732509746,302.828558041385,360,32.3800130735966
11.0250231622079,3.76715324661813,302.82532853311,360.5,32.3852516174502
-48.8316348454018,3.67352143423809,302.836257498297,361,32.3620492480024
-23.8980859903268,3.71198955496931,302.839953887641,361.5,32.3506940635611
-23.0821420889285,3.71312806357332,302.843109814345,362,32.3397265751678
18.9618029874565,3.77905212820842,302.838920622389,362.5,32.3487362829055
-8.47048786385299,3.7363379063665,302.838174826931,363,32.3447115274484
-16.6075353983152,3.7235003741822,302.839487430165,363.5,32.3368204508308
21.8066390339348,3.78363197529803,302.835025561399,364,32.3471818834734
-8.84786785818327,3.73595452332289,302.834317700852,364.5,32.3429778157718
-8.37595665704598,3.73667550666015,302.833827688829,365,32.3389979768529
-9.05082784395955,3.73559596455003,302.833469834939,365.5,32.3346974726385
1.77933629222334,3.75262284784963,302.831187267901,366,32.3355429249392
-24.4922575284436,3.71133445799364,302.834354970894,366.5,32.3239054196706
-3.4905092595459,3.74424363239284,302.833131689653,367,32.3222469028985
-6.81807360415493,3.73903961227029,302.832282975831,367.5,32.3190072926912
-5.77140854285503,3.74069060837062,302.831272435583,368,32.3162650057768
-7.65769162943884,3.73772917633424,302.830613215358,368.5,32.3126264507527
-1.77571825553554,3.74698401372877,302.8288990858,369,32.3117827175635
2.59844248557145,3.75390633924742,302.826421527914,369.5,32.3130173684764
16.9410018088021,3.77638782586684,302.822193056828,370,32.3210668917829
-13.6083823726676,3.72870599383027,302.82253234253,370.5,32.3146008638402
-2.55843932257199,3.74601917481796,302.821026914784,371,32.3133852204451
-23.5072629544346,3.71305798677576,302.82396539555,371.5,32.3022157357145
-8.15747353716787,3.73705263292569,302.823616817895,372,32.2983397091311
14.6140214563233,3.77273969512445,302.819725964802,372.5,32.3052835668582
-42.57508636043,3.68324938007056,302.828285779831,373,32.2850539987487
2.21138632974882,3.75318941498763,302.826361500143,373.5,32.2861047397853
-23.1788105660067,3.71329067115253,302.829178988141,374,32.2750913193291
-33.2839896814466,3.6972486212613,302.835186663171,374.5,32.2592764192601
-36.0829186645559,3.69258899998532,302.842236425524,375,32.2421316070445
-4.55091785010856,3.74195629928693,302.841358339933,375.5,32.2399692367364
3.60542693231154,3.75484385789232,302.838738456851,376,32.2416823566834
-5.02045890707883,3.74138404702993,302.837473509491,376.5,32.2392968837676
-37.4645989770178,3.69035273052636,302.844607012586,377,32.2214955656379
-23.620540150425,3.71176104357037,302.848057467281,377.5,32.2102722572055
-0.931932049990401,3.74741886061053,302.846369381952,378,32.2098294493456
26.8898074170846,3.79085719397658,302.841405502898,378.5,32.2226061513349
3.16713918208388,3.75428331328351,302.838538037126,379,32.2241110186945
-13.6538588107463,3.72787539032496,302.839016303513,379.5,32.2176233826054
-30.6753785637897,3.7009941373595,302.844103607535,380,32.2030479650786
-30.6271709719316,3.70081142290401,302.8494162275,380.5,32.188495453407
0.240045820029446,3.74924493264027,302.847611676248,381,32.1886095112676
-47.577353245944,3.67421949622289,302.858223997262,381.5,32.166003114188
-14.4471221686571,3.72575821082689,302.859531689864,382,32.1591385587195
1.98929853062493,3.75165754300518,302.857233208938,382.5,32.1600837746558
27.8283294186999,3.79198300808441,302.852156051683,383,32.173306415723
-12.7140855836251,3.72893322258236,302.85217812305,383.5,32.1672653132321
-23.1063178535341,3.71247173195118,302.855129296876,384,32.1562863377152
18.0734898107035,3.77704601822741,302.850988968863,384.5,32.1648739631168
-25.5619773322102,3.70870351874285,302.854264943188,385,32.1527281800859
-1.74133383858684,3.74608107112544,302.85270727458,385.5,32.1519007846652
-15.8059432668691,3.72394093581479,302.853717929324,386,32.1443905848468
24.0277220164163,3.78627550261567,302.849064400037,386.5,32.1558073658941
8.21656918931713,3.76198448265389,302.845506311264,387,32.1597114717986
-7.31050262264019,3.73770267942268,302.844587167942,387.5,32.1562378837601
11.128618664092,3.76663861202534,302.841001419064,388,32.1615256510549
0.0733244412050027,3.74946261762259,302.838750766654,388.5,32.1615604911904
21.6016406108815,3.78309006392505,302.83416244804,389,32.1718245187561
17.6396562999946,3.77719236142776,302.829695756877,389.5,32.1802060080038
-12.886509511484,3.729550538776,302.829825019691,390,32.1740829782194
15.752787627404,3.77435607833869,302.825883142527,390.5,32.181567921116
-35.1391906777868,3.69468137045516,302.831893721035,391,32.164871521604
-56.757596232494,3.66087007675387,302.846280628731,391.5,32.137903128657
3.17606013022011,3.7540903929629,302.844363538335,392,32.1394122348084
-36.6720532237798,3.69148297944704,302.851076905057,392.5,32.121987495088
17.3751302177191,3.77609079609801,302.847187058403,393,32.1302432946693
8.07034004660451,3.76181168623453,302.843710881047,393.5,32.1340779197423
1.93774403879691,3.75232551635189,302.841189201746,394,32.1349986395426
-12.7259383626568,3.7292977160352,302.841440770255,394.5,32.1289519051993
27.9285472236396,3.79270632169689,302.836632555428,395,32.1422221647938
-9.10060187872669,3.73526332767578,302.835876195408,395.5,32.1378980104284
8.90679575844273,3.76349696186796,302.83259947946,396,32.1421300777437
-9.56643173954454,3.73459987259807,302.832118259503,396.5,32.1375845841467
-13.1614450329895,3.7288729011093,302.832590199108,397,32.1313309186471
-33.3258627671884,3.69706781572902,302.838386465485,397.5,32.1154961225659
-13.5640472390572,3.72785822591352,302.839251302127,398,32.1090511604784
-1.93507286514251,3.74611922518532,302.837601155615,398.5,32.1081317098873
-2.92580537175732,3.74460067846007,302.835994271385,399,32.1067415123774
21.008916085975,3.78202515097928,302.831480406493,399.5,32.1167239066647
10.1859896176461,3.76544837409332,302.827763188002,400,32.1215637834177
-17.8699375680485,3.72147558441408,302.829099773459,400.5,32.1130728759399
-3.70896427908198,3.74364749728037,302.827817152733,401,32.1113105601841
1.02653542618762,3.75110217306109,302.825592874803,401.5,32.1117983188734
-39.7071778070565,3.68713365675261,302.833261343933,402,32.092931438579
-3.77353970282203,3.74325991587886,302.832266642277,402.5,32.0911384397866
-9.10760745086889,3.73487436989293,302.831849508964,403,32.0868109567209
-24.8607669274685,3.71000263530603,302.835203381029,403.5,32.0749983540745
20.9008448117387,3.78164760377498,302.830938776761,404,32.0849293982557
-50.4164518533445,3.67022123500297,302.842242257073,404.5,32.0609740024175
-13.7752577558936,3.72710488293545,302.843400579092,405,32.0544286835745
19.9544471925919,3.77996125023462,302.839044099946,405.5,32.0639100465752
-30.7717542175236,3.70054549846404,302.843759040472,406,32.0492888361207
-17.763281985996,3.72076742934112,302.84557003783,406.5,32.0408486060824
-11.7780270843288,3.73010955122099,302.845863679926,407,32.0352522721353
-51.087489832079,3.66845609362407,302.857870474432,407.5,32.0109780323521
-26.1987654100241,3.70684831265805,302.862191532586,408,31.9985296792293
35.9631068983495,3.80384386997062,302.857182254432,408.5,32.0156175628397
-34.7605587028959,3.69370591663123,302.862994493291,409,31.9991010704514
-6.04717752094516,3.73869136285781,302.862316237525,409.5,31.9962277518045
-5.23702712937761,3.73999161761149,302.8611377946,410,31.9937393764173
-4.87128909196686,3.74059365254319,302.859882164527,410.5,31.9914247815946
19.8974302055818,3.77942086053799,302.855378137754,411,32.0008790529528
-15.9068151159591,3.72345853286451,302.85615889655,411.5,31.9933209238378
22.9674854045742,3.78431520330667,302.851582986914,412,32.0042339330649
-12.955618625066,3.72830710399584,302.851663221121,412.5,31.9980780660595
6.62897500032683,3.75907236883557,302.848675709099,413,32.001227825995
40.4043048995488,3.81116826121027,302.843457802408,413.5,32.0204259464865
-12.1636140298255,3.73004077864106,302.84320588563,414,32.0146464007589
-3.08151147431719,3.74425818655025,302.841709623131,414.5,32.0131822194365
-32.6627752012213,3.69767862748605,302.847153783244,415,31.9976624896587
34.6192102987241,3.80248524430535,302.84238964944,415.5,32.0141118203003
21.9034744722518,3.78337273374031,302.837483333726,416,32.0245192643374
-56.4559220229951,3.66118257770747,302.850962302545,416.5,31.9976942120032
-1.50212042983239,3.74656118002882,302.849753864809,417,31.9969804789226
29.3323555339112,3.79454973722643,302.84476341998,417.5,32.0109177585576
19.0362275295921,3.77901083907042,302.840099991892,418,32.0199628291441
8.30187053201957,3.76250874912316,302.836611080925,418.5,32.0239074660133
-12.4025432549902,3.7300719984049,302.836681548208,419,32.0180143929756
3.82739505915574,3.755500855278,302.834108021254,419.5,32.0198329811606
-39.5653386921589,3.68739130225328,302.841596345317,420,32.0010334957744
-3.05634209645898,3.74439286917722,302.840433037531,420.5,31.9995812736911
-1.13651015478914,3.74742982265852,302.838510388524,421,31.9990412604687
-14.9293335833836,3.72572598685439,302.839252814181,421.5,31.9919475820672
-8.5162557432022,3.73573305297386,302.838802031954,422,31.9879010799853
-13.9746894109062,3.72708594143168,302.839422924999,422.5,31.9812610011172
-73.872520077657,3.63426181662689,302.861020737529,423,31.9461604457435
5.73178036078225,3.7573736672533,302.858956617228,423.5,31.9488839033125
-15.5541402253808,3.72395461434537,302.859784945678,424,31.9414933478028
2.42152239907666,3.75223290293849,302.857406464011,424.5,31.9426439350708
-30.5425825674621,3.70034743776121,302.862201963341,425,31.9281316156111
-34.9943788880729,3.69310471659813,302.868772431409,425.5,31.9115040234748
-43.7094041731125,3.67918981800961,302.878359278617,426,31.8907354838349
-6.77481511234936,3.73699095201563,302.877923283211,426.5,31.887516427916
-31.2294336633462,3.6983922015922,302.883096194213,427,31.8726777509028
-16.025273890038,3.72217203548319,302.884486364871,427.5,31.8650633360572
13.8171757242275,3.76915523985999,302.8805829425,428,31.8716285722385
-32.2591852088358,3.69673593791608,302.885824815665,428.5,31.8563006083956
-26.1833166536649,3.70605106520772,302.889837602588,429,31.8438595957551
-25.6332258127727,3.70674254563109,302.893631834521,429.5,31.8316799589822
-23.2644996741175,3.7103208497619,302.896779972111,430,31.8206258233145
-4.71587323842688,3.73955594455803,302.89565949958,430.5,31.8183850743923
13.6200508958396,3.76846898236332,302.891616258794,431,31.8248566466382
-5.35376855593228,3.73883044695886,302.890197307542,431.5,31.8223128015188
-23.2660205990622,3.71051778914359,302.893061075358,432,31.811257943183
-26.3971751845967,3.70541071690171,302.897009964611,432.5,31.7987153155821
-3.61803544818793,3.74127603330019,302.895714112539,433,31.796996204694
-6.409404180781,3.73691619417581,302.894674591882,433.5,31.7939507739151
-31.8472886733486,3.69671578754441,302.900021910245,434,31.7788185228642
-44.8692665295956,3.6760518174984,302.910060137115,434.5,31.7574988741945
-9.32297172997861,3.73173851381757,302.910126183245,435,31.7530690607116
1.81603560474269,3.7493821308844,302.907677437184,435.5,31.7539319507042
-39.9618320721747,3.68348554202877,302.915590245572,436,31.7349440713411
27.6773731345128,3.78958012043424,302.910803791504,436.5,31.7480949854738
-21.0764060055407,3.71333432551629,302.912753253778,437,31.7380805233261
2.77008850777139,3.75094872806868,302.910276161673,437.5,31.7393967319102
-31.8784888296521,3.69625900524515,302.915516595063,438,31.7242496560934
24.4138807840494,3.78465736402256,302.91082029578,438.5,31.7358499206227
4.49954006961882,3.75387337622863,302.907603945316,439,31.7379878787593
6.02110711890576,3.75637593028882,302.904368127564,439.5,31.7408488100449
-13.3186862783179,3.72594766552937,302.904619872522,440,31.7345204313091
-21.5574984999555,3.71283318822597,302.907080668811,440.5,31.7242773778838
-21.0450849180003,3.71348730306747,302.909520393277,441,31.7142777979625
12.4809418873632,3.76628868099804,302.905752239132,441.5,31.7202081221395
-26.1444247919562,3.70549675818443,302.909175905638,442,31.7077855889816
-14.7207538799551,3.72336944956931,302.910129468159,442.5,31.7007910173037
25.26627780869,3.78609862042937,302.90520538891,443,31.7127962985961
38.6037605787417,3.80674409123365,302.89955385606,443.5,31.7311388897843
-15.5918235041874,3.72270635380736,302.899995771486,444,31.7237304290508
-60.7653070955355,3.65201452737871,302.915838049709,444.5,31.6948577707975
-32.7295619103944,3.69493016322393,302.922111773141,445,31.67930630729
-2.01894442031238,3.74325533968611,302.920546036476,445.5,31.6783470050983
-20.1833738036114,3.71455590935202,302.922523348244,446,31.6687568675332
10.6760765458663,3.76320108543993,302.918918384793,446.5,31.6738296092723
-27.0609702161021,3.70375374933475,302.922603285573,447,31.6609715792154
2.49402231257712,3.75032191704163,302.920211472932,447.5,31.6621566148443
3.67232258620642,3.7522800629571,302.917303349473,448,31.6639015202862
1.69311748677766,3.74926329395812,302.91469242497,448.5,31.6647060056894
-0.329043084790401,3.74615133529495,302.912434159331,449,31.6645496607453
17.3747006369136,3.77398090127024,302.907942417605,449.5,31.6728052562112
-44.2573852311744,3.67718584463643,302.917001919177,450,31.6517763431679
-49.5875524334799,3.66845085262589,302.928829693652,450.5,31.6282147991972
-53.467383786368,3.66195406726071,302.942337056338,451,31.602809751917
-12.7447508434319,3.72552409671941,302.943201518552,451.5,31.5967540788164
8.62598067394661,3.75931723854013,302.939713935677,452,31.60085271674
27.3010531181015,3.78856536453672,302.93432608199,452.5,31.613824822277
-11.3642735062249,3.72825373875236,302.933894403787,453,31.6084250834963
-36.3685640661902,3.68868086827264,302.940634662084,453.5,31.5911445467619
26.0168545318266,3.78660090270469,302.93583408766,454,31.6035064648633
17.6888902381271,3.77400551305491,302.930988678429,454.5,31.611911347635
-10.5493678246852,3.72978968110473,302.93045467437,455,31.6068988115919
-9.16353662480885,3.73193043435292,302.929930995524,455.5,31.6025447537584
0.737486431085266,3.74755392066817,302.927576053025,456,31.6028951707103
20.8639939309885,3.779134180517,302.922746948632,456.5,31.6128087051818
-8.02399560937543,3.73402734142359,302.921670263711,457,31.6089961006855
6.01778020419718,3.75615041834689,302.918528728799,457.5,31.6118554511864
-27.1891601918236,3.70378431765047,302.922213121989,458,31.5989365116149
5.28123688372579,3.75487701594689,302.9193988122,458.5,31.6014458932832
-6.44921085613699,3.73646837690993,302.918176348397,459,31.5983815483477
-32.3657569351829,3.69548251268635,302.92353759046,459.5,31.5830029469095
-6.77089688417888,3.73567761136982,302.922819636607,460,31.5797857527382
-2.37161015234584,3.74263569222722,302.920979949675,460.5,31.5786588812927
-10.9120061790944,3.72915865459079,302.920751208456,461,31.5734740375007
-18.9949230827115,3.71630533473222,302.922486114016,461.5,31.5644485927374
-8.55425129518608,3.73271879035026,302.92196461054,462,31.5603840370548
-5.11271320503139,3.7381515409938,302.920649792069,462.5,31.557954729475
18.4961527544891,3.7752675402307,302.916083913153,463,31.5667431833315
-28.5486885106236,3.70132804458857,302.920064681807,463.5,31.5531782633739
-15.1303550759152,3.72231215569139,302.921091075589,464,31.5459890695356
9.54227620707832,3.76120960130923,302.917569566598,464.5,31.5505230856223
-8.06344699368168,3.73358493866317,302.916635719478,465,31.546691735786
-26.0978506845373,3.70500485905416,302.920215815695,465.5,31.5342913323326
8.92503986050436,3.76018162640339,302.916905676684,466,31.5385320683398
15.2666251100021,3.77025545189952,302.9125047641,466.5,31.5457860109355
-45.1407605796012,3.67527942240348,302.92189582523,467,31.524337361767
-13.7461584934617,3.72431853655505,302.922831520533,467.5,31.5178058694493
-35.4319359698865,3.68996081690489,302.929306728959,468,31.500970371903
33.9578158876094,3.79861387834827,302.924232634221,468.5,31.5171054407443
-18.5905753140934,3.71671845876281,302.925413125396,469,31.5082721219736
1.08656820669166,3.74774883679956,302.923123711411,469.5,31.5087884052609
-7.5306518792598,3.73419138864375,302.922161522584,470,31.5052102132213
40.4680347287797,3.8087775723344,302.916782252921,470.5,31.5244386149648
-23.4993819842297,3.70936160897597,302.919132772448,471,31.5132728748802
6.97521970663411,3.75733440227928,302.916047661627,471.5,31.5165871531165
0.603349045162297,3.74741133795678,302.913567273925,472,31.5168738346396
-46.3738726835146,3.67340289353641,302.92351714693,472.5,31.4948392717966
-67.6830119900374,3.6401327467428,302.942884155332,473,31.4626796634914
-32.690119133008,3.69371018701944,302.949266893426,473.5,31.4471469412342
-12.7009279843759,3.72514469908494,302.949798538042,474,31.4411120905814
37.1666978804692,3.80304319022877,302.944309503306,474.5,31.4587718608944
15.7181916612164,3.77042020647658,302.939529509876,475,31.4662403655048
-5.10537736116547,3.73785418201059,302.937908403983,475.5,31.4638145435539
-0.00480344849567871,3.74592431520659,302.935605827709,476,31.4638122611936
-12.7313315823743,3.72583057071638,302.935704958842,476.5,31.4577629642599
-30.9197263771886,3.69696783992245,302.940697475738,477,31.4430714447788
7.83476322292702,3.75802847548833,302.937534299408,477.5,31.4467941354364
4.20917276889165,3.75246120739334,302.934441630339,478,31.4487941254421
-25.2234990586397,3.70596916710432,302.937602209183,478.5,31.4368091704886
-11.284638783385,3.7278559561831,302.937691398684,479,31.4314472701761
-24.6994553350892,3.70654318669377,302.940903337235,479.5,31.4197113147928
31.7718730592223,3.79504537166104,302.93572957851,480,31.4348077320866
-37.2414389663451,3.68699240606442,302.942239994014,480.5,31.4171124485189
-19.0706411280748,3.71535180355361,302.944294250189,481,31.4080510262983
-28.2251400739801,3.70072706123574,302.948603391734,481.5,31.3946398405007
-3.86708682241648,3.73914083815999,302.947245954695,482,31.3928023927596
-4.0946009725072,3.73882383658523,302.94564155761,482.5,31.3908568415855
-21.8434732854334,3.71070089070018,302.948013615769,483,31.3804779071346
-32.6959878202404,3.69337517904512,302.953722116325,483.5,31.3649423963685
1.22765061361756,3.74690502679096,302.951533550026,484,31.3655257150139
-24.2608177959541,3.70656638694835,302.954512979319,484.5,31.3539981784203
-46.3449227843905,3.6716040341668,302.964934316387,485,31.3319773711326
-46.0305560110045,3.67166809496769,302.97560538478,485.5,31.3101059353342
29.2708075707117,3.79000731437835,302.970622852348,486,31.3240139704316
-14.1602182756759,3.72210793672187,302.970765983012,486.5,31.3172857374544
-5.00031428579115,3.73660899346432,302.969417276428,487,31.3149098362629
-71.340517843433,3.63274556569977,302.99016282508,487.5,31.2810123626919
-57.7759436247107,3.65274175193618,303.005926886973,488,31.253560101603
-24.8054559971351,3.7040245627204,303.009897449967,488.5,31.2417737799657
38.6205033349897,3.80356388257366,303.004247596482,489,31.2601243264807
-16.3074050793164,3.71798077397211,303.004780400504,489.5,31.2523758568957
-36.9246836914793,3.68520600646464,303.011815723609,490,31.2348310797146
0.312356117374478,3.74407488570391,303.009723665485,490.5,31.2349794958399
11.2247933173856,3.76142794079499,303.005581630517,491,31.240312960557
-30.8471814609975,3.69488095178011,303.010334017239,491.5,31.2256559108197
18.334918364975,3.77256124731553,303.005796872618,492,31.234367754096
-7.89405087780086,3.7314187140764,303.004597706919,492.5,31.2306168928872
5.3688065184565,3.75244956003603,303.001342836174,493,31.2331678833
-9.64637664844765,3.72876808873159,303.000635557658,493.5,31.2285844038499
-10.3480497832089,3.72762887130407,303.00024478006,494,31.223667524149
26.0047826062235,3.78479519152668,302.994941393778,494.5,31.2360237062705
-30.0683067436696,3.69663752029649,302.999238274669,495,31.2217367391447
3.72425522729674,3.75001556510381,302.996504905069,495.5,31.2235063204002
-5.90864069020011,3.73485667242697,302.99505349047,496,31.22069882758
-23.1848396165934,3.70741224628231,302.997726467854,496.5,31.2096825424182
7.77618159504652,3.75636531503371,302.994327683924,497,31.2133773979936
-10.6287963484206,3.72735204204642,302.993804848697,497.5,31.2083271214579
-22.4442478558525,3.70853189434914,302.996338082212,498,31.1976627287465
39.1808961512225,3.80493605270305,302.990812657698,498.5,31.2162795461165
4.32581229479182,3.75132134324789,302.98728910399,499,31.2183349574363
-19.339686165925,3.71388266321869,302.988812753637,499.5,31.2091456983659
3.76082646053484,3.7503773164039,302.985959440597,500,31.2109326564565
