curr_dens,Volts_tot,Temp_tot,t_tot,SOC_tot
4.57566029045322,3.90248439130428,282,0,65
4.57566029045322,3.90254639179935,281.999667004421,0.5,65.0021741266878
-15.1615156511871,3.86697597568156,282.001479010488,1,64.9949701268905
17.506263098061,3.92573115500799,282.000838936642,1.5,65.0032882343087
-31.3397305841135,3.83804439153272,282.005774734124,2,64.9883971496726
5.28172909768133,3.90351132986364,282.005593676177,2.5,64.9909067652166
-5.78776008209165,3.88359222644662,282.00612476231,3,64.9881567088622
-16.2583742788412,3.86464730996497,282.008183607395,3.5,64.9804315362803
-21.9010590136804,3.85431333616732,282.011341335578,4,64.9700252399492
16.3918469684136,3.92311371292484,282.010686260674,4.5,64.9778138321292
3.85159251625735,3.900722811018,282.010280813129,5,64.979643917745
-22.9304193098881,3.85250879064431,282.013490411783,5.5,64.9687485204865
-11.1010287048867,3.8734971858549,282.014883410132,6,64.963473862571
-47.3724169404962,3.80880450616021,282.024546581617,6.5,64.9409648410532
-26.5088528980309,3.84511016832712,282.028994958995,7,64.9283691497453
-5.65548928169341,3.88234098003563,282.02971793597,7.5,64.9256819419109
-46.7314230080108,3.8090134992435,282.039281089559,8,64.9034774888983
16.2418506724743,3.92132082139479,282.038694304795,8.5,64.9111948102825
-6.7608290075723,3.88006011650682,282.039255113838,9,64.9079823998665
40.8918151407849,3.96553353159688,282.039549214711,9.5,64.9274121610303
-8.39027771413803,3.87765599829477,282.040189930798,10,64.9234255174558
-43.7329525763183,3.81448704180812,282.048712326814,10.5,64.9026457887833
7.44460286464575,3.90564285517963,282.048380869773,11,64.9061830946017
-22.4697021357195,3.85184428022396,282.051502411846,11.5,64.8955066072798
-24.2402702590067,3.84842162205841,282.055210315527,12,64.883988833856
-35.3829070368911,3.82829784832484,282.061618375918,12.5,64.8671766324254
-12.4390165033712,3.8689732990747,282.063308277192,13,64.8612662291102
-15.5261232415489,3.8633223048645,282.065316428613,13.5,64.8538889858808
-5.52356966889251,3.88124026601008,282.065876671156,14,64.8512644596995
-32.4912565509286,3.83281067107101,282.07143451309,14.5,64.8358262270721
-25.4055762063711,3.84509442192336,282.075559248185,15,64.8237547580943
20.8486233471912,3.92821946393981,282.074623039519,15.5,64.8336609892272
7.60717019241094,3.9047122256556,282.073767457982,16,64.8372755389718
-11.568779144667,3.87023466353694,282.074966191426,16.5,64.831778629261
8.08069376868622,3.90562458600613,282.074261319591,17,64.8356181739088
15.0476719343276,3.91833700487034,282.073189348414,17.5,64.8427680808217
-15.1970867810857,3.86400084289587,282.074896133308,18,64.8355471793889
-27.9094888073608,3.84104478513327,282.079326569007,18.5,64.8222859754079
-2.05758438500568,3.88723207571669,282.079540162137,19,64.8213083134226
11.1408529272357,3.91109054816439,282.078617844399,19.5,64.8266018938321
-12.2229480509398,3.86910583877371,282.079866814359,20,64.8207941555223
-7.89264932660023,3.87679947081016,282.08064224854,20.5,64.8170439602611
4.51985487994502,3.89916050567036,282.080120381578,21,64.8191915709873
-31.4777914960132,3.83453097250705,282.085258307996,21.5,64.8042348866575
-8.4607954387636,3.87545810407246,282.086261910414,22,64.8002147365599
-24.3877767912259,3.84676009450668,282.089888693373,22.5,64.7886268753524
-27.0470881763727,3.84174159145643,282.094249338119,23,64.7757754413519
-12.4307975754406,3.86770229487469,282.095818315299,23.5,64.7698689432633
-13.7369366633989,3.86526137545741,282.097483453655,24,64.7633418327016
5.97619684022792,3.90075200498512,282.09685642361,24.5,64.7661814248516
-4.06862600284263,3.8827518899205,282.097027368087,25,64.7642482156941
24.4072674056908,3.93405397265153,282.095936881388,25.5,64.7758453378742
-19.3871869836243,3.85552800667444,282.098327021146,26,64.7666335087726
2.02277934532522,3.89392111026642,282.098034460348,26.5,64.7675946331304
-9.42789620177985,3.87332247989747,282.098894962672,27,64.7631149647457
1.81238006852798,3.89354002470537,282.098547741665,27.5,64.763976117809
-22.025336522806,3.85065765069434,282.101573129747,28,64.7535107709732
-5.4318156119266,3.88029003064204,282.102071842353,28.5,64.7509298417662
-3.54589374015981,3.88367883764054,282.102227859151,29,64.7492450090375
28.1715839712965,3.94074359799223,282.101254295339,29.5,64.762630747633
14.9534979716802,3.91745414007249,282.100020739647,30,64.7697359077525
-11.5573726702563,3.86985941700329,282.101080482421,30.5,64.7642444178323
7.47403466768253,3.90407012713498,282.100337130025,31,64.7677957081828
-5.75384861122302,3.88032001490059,282.100651602508,31.5,64.7650617648765
-25.5229922035307,3.84473617389024,282.104400410739,32,64.7529345056439
-2.62198914895125,3.88562388267511,282.104579592567,32.5,64.7516886665252
-33.798628828718,3.82970033977708,282.110315084554,33,64.7356292354741
-2.16589053286214,3.88606070425803,282.11051177151,33.5,64.7346001117823
-46.5357590217113,3.80688302923893,282.119986504564,34,64.7124886285856
4.4915891681071,3.89756274159318,282.11967634013,34.5,64.7146228088483
-17.7305016398547,3.85761099639996,282.121857050813,35,64.7061981544036
7.67189161869481,3.90326181547575,282.12107874073,35.5,64.7098434565579
25.8945648302747,3.93615068890848,282.119883954349,36,64.7221472686622
6.73160932569109,3.90209964419336,282.11893001939,36.5,64.7253457953355
-9.78900907457741,3.87241166525494,282.119745417781,37,64.7206945440351
0.959522001773577,3.89170892277793,282.119415215746,37.5,64.7211504612709
5.7190220803453,3.90034345034925,282.118647030709,38,64.7238678567381
-16.9074878031513,3.85965945219654,282.120599619084,38.5,64.7158342576239
18.7582389751855,3.9237293437437,282.119491262494,39,64.7247472418454
-49.7077592704833,3.80162900688381,282.129730935952,39.5,64.7011285815514
1.47217625832153,3.8922625148205,282.129664612082,40,64.7018280866478
-31.7767757972766,3.83261424933202,282.13485209799,40.5,64.6867293398161
-6.68193505401676,3.87725766003553,282.135515398581,41,64.6835544158915
-1.33025234256102,3.88689048402493,282.135357852361,41.5,64.6829223459965
-45.1062135490006,3.80873697611235,282.144366564332,42,64.6614901118624
-30.5514047874906,3.83389816296442,282.149716721456,42.5,64.6469736005215
-6.85351297081102,3.87611825127241,282.150398946625,43,64.643717151286
2.45001324480311,3.89290931569296,282.149857473798,43.5,64.6448812759899
37.6959674618045,3.95611765228974,282.14921466767,44,64.6627925289412
-42.8674912716905,3.81249177795557,282.157274398264,44.5,64.6424240245293
31.6516367419899,3.94543544530371,282.156531607071,45,64.6574633114924
7.30778756378294,3.90227124009708,282.155414449961,45.5,64.6609356094696
-3.02646336406633,3.88376295747715,282.155290087514,46,64.6594975842773
-2.27310544115429,3.8851175820096,282.155143962395,46.5,64.658417517382
-27.0515833545168,3.84060294324422,282.15915349608,47,64.6455639474958
-13.9527063427175,3.86376570254218,282.160787545135,47.5,64.6389343138908
-33.135453788014,3.82932720314404,282.166418048194,48,64.6231899907068
-22.663343152394,3.84762127737973,282.169782988983,48.5,64.6124214947839
-25.0723154742873,3.84308447921825,282.173599716185,49,64.6005083747667
-13.7325732482923,3.86318625879218,282.175223707358,49.5,64.5939833374834
-7.44433586414049,3.87442340678088,282.175791060287,50,64.5904461585304
19.5815075659469,3.92309713759093,282.17437998803,50.5,64.5997503191289
-18.2443817798774,3.85529256632201,282.176473672992,51,64.5910814943447
-13.007011548819,3.86453082385326,282.177887117793,51.5,64.5849012079725
3.41666559022119,3.89404742762338,282.177225657758,52,64.5865246378977
13.937918721226,3.91310598138103,282.175858730719,52.5,64.5931472451589
-26.614203840259,3.84037977920133,282.179697886365,53,64.5805014963115
13.804064832408,3.91280474990579,282.178532188842,53.5,64.5870605028477
-10.554215985208,3.86913634948804,282.179322858993,54,64.5820456631992
-37.9480826412162,3.82010944047229,282.186225601355,54.5,64.5640146176268
30.5197890235629,3.9424147301797,282.185249885786,55,64.5785161067257
-26.6508871620125,3.84019929891987,282.188997313742,55.5,64.5658529277843
-18.6033751664421,3.85430033420285,282.191433332304,56,64.5570135271591
5.40202796258153,3.8973682921583,282.190617933712,56.5,64.5595803027534
-49.2244467886338,3.8000200031958,282.200922931347,57,64.5361912885648
1.65108773271684,3.89016191500355,282.200674998756,57.5,64.5369758035147
14.1687305715232,3.91280780526026,282.199230884603,58,64.5437080811124
-27.2477056958279,3.83856108733683,282.20320802986,58.5,64.5307613236229
-46.6166801043513,3.8040335408402,282.212955044367,59,64.5086113907437
-27.4633358025768,3.83732806334343,282.217550214492,59.5,64.4955621765288
-7.88769964294768,3.87221910320809,282.218228026052,60,64.4918143331115
3.83157066365701,3.8933568997092,282.217402093408,60.5,64.4936349053366
-4.12914975205898,3.87913037177457,282.217328227382,61,64.4916729382971
-17.0254439398974,3.85592763432633,282.219302676306,61.5,64.4835832922806
-29.785258333364,3.83294796428452,282.224167810275,62,64.4694308157121
1.61833378725885,3.88907921206153,282.223697013133,62.5,64.4701997676127
16.772326702932,3.91646690787175,282.222098582899,63,64.47816914488
-22.8069528766847,3.84552178993172,282.225077746896,63.5,64.4673324127432
-0.83350587809478,3.88482598331423,282.224783497451,64,64.4669363721154
-5.37124910407963,3.87670414239656,282.224867544095,64.5,64.464384221107
-39.0610622234778,3.81646015555624,282.232111296448,65,64.4458243428723
-3.91647275323754,3.87889215292274,282.232312830287,65.5,64.4439634293878
-4.89137695975677,3.87716821137985,282.232352452062,66,64.4416392898073
21.4766337377504,3.92462458851379,282.23071849671,66.5,64.4518439203108
-32.9575087325041,3.82723568659007,282.236064372797,67,64.436184147786
-12.0463739329385,3.86427311961091,282.237354814841,67.5,64.4304603087341
-6.93140154053493,3.873407032584,282.237704896792,68,64.4271668507157
2.14895681354336,3.88976507751908,282.236961950394,68.5,64.4281879283444
-2.16554400287646,3.88208301102139,282.236606392057,69,64.4271589693065
1.7962746590884,3.8892618581235,282.235862813735,69.5,64.4280124698784
11.8611738891371,3.90746675928643,282.234398984313,70,64.4336483110607
-7.99705772587997,3.87190187226802,282.23471753349,70.5,64.4298485061097
-30.9285051317841,3.83076531689988,282.239684277552,71,64.4151528154
19.7981296279958,3.92151422701119,282.2382320994,71.5,64.4245599040519
29.0726089528665,3.93836312489777,282.236649560097,72,64.4383737650023
-7.73244915676063,3.87271625301967,282.236823305084,72.5,64.4346996889112
1.85466367224002,3.88991606098726,282.236096677111,73,64.4355809330445
15.9110631564804,3.9152499611296,282.234520670554,73.5,64.4431410806175
-22.6276297355924,3.84620863239922,282.237325011488,74,64.4323895539379
6.22272743872754,3.89781098727787,282.236352289013,74.5,64.4353462851934
31.5701839286551,3.9432669838461,282.23501331021,75,64.4503468698219
2.45163740485781,3.8915650479962,282.234036730938,75.5,64.4515117662461
8.86366403862019,3.90314574634997,282.232751830623,76,64.4557233395087
3.09847912476553,3.89289868031878,282.231826289712,76.5,64.4571955830166
20.9006773197653,3.92490501927259,282.230261963672,77,64.4671265476139
-23.2512214457524,3.84589862065151,282.233099070602,77.5,64.4560787211014
-13.2576480980592,3.86350128176279,282.234379661104,78,64.4497793446797
-12.6924060053976,3.86436531733124,282.23550251144,78.5,64.4437485432483
-28.5699557142735,3.83582258949866,282.239797556751,79,64.4301735181711
-34.3362172550459,3.82524534103503,282.245722231513,79.5,64.4138586517794
13.2065205860056,3.91010740790853,282.24444442644,80,64.4201337349448
3.52592849178571,3.89292011583638,282.243428208634,80.5,64.4218090811783
-36.2922653569503,3.82171327140861,282.249625270761,81,64.4045647978039
-9.0829647982374,3.8698787432268,282.250403658092,81.5,64.4002490237038
51.8970077497265,3.97835918186812,282.251075039863,82,64.4249079062265
-26.7847897318757,3.8388357687834,282.254591539826,82.5,64.4121811034293
-3.88905374653645,3.87956805242825,282.254557425103,83,64.4103332180961
-13.5683202528252,3.86214676463131,282.255738889669,83.5,64.4038862256846
-24.0390461193529,3.84325296079587,282.259012951191,84,64.3924640639855
-13.4228804415275,3.86200635740959,282.260339803408,84.5,64.3860861773543
32.652051415442,3.94449053734503,282.25904780442,85,64.4016008117214
10.440093717857,3.90529278995895,282.257462111398,85.5,64.406561426132
0.0455349613703948,3.88675584396549,282.256737260205,86,64.4065830620859
-25.1969344802833,3.84147882216045,282.260117359636,86.5,64.3946107293017
-14.5253690396728,3.86027804214233,282.261607769666,87,64.3877089948033
-5.76120011750634,3.87589015929055,282.261702653116,87.5,64.384971558426
-2.88873973064082,3.88103249454335,282.261385565847,88,64.3835989726693
-11.9479640279562,3.86474044232641,282.262290995674,88.5,64.3779218931203
12.3519057471522,3.90834582523412,282.260830267777,89,64.3837909057273
-6.45628534524612,3.8747095743882,282.260841226205,89.5,64.3807231993457
-20.2867619254972,3.84982965945976,282.263258036001,90,64.3710839368761
-24.7423656502123,3.84164084005484,282.266739867553,90.5,64.3593275926405
-8.21070001345977,3.87101496028011,282.267254127894,91,64.3554262754771
32.8008829688765,3.944445705704,282.26590633635,91.5,64.3710116272121
-10.5529269897702,3.86722993503281,282.266392725648,92,64.3659974000303
-28.0523869785078,3.83580347194914,282.270527211369,92.5,64.3526682979302
-19.6579282303082,3.85046304704603,282.273005298483,93,64.3433278260246
35.2053993894509,3.94854012862795,282.271859818794,93.5,64.3600556846306
7.01931814949267,3.89872833523888,282.270420955542,94,64.3633909162584
-12.1027140093926,3.86445044986821,282.271248630456,94.5,64.3576403071982
-30.5199059378583,3.83140556806672,282.275973871039,95,64.3431387625475
-17.3553053678095,3.85453834005172,282.278012383931,95.5,64.3348923827509
-15.7879083556875,3.85717716681443,282.279665593808,96,64.3273907522272
-32.8386042586615,3.82659993053338,282.285100435488,96.5,64.3117874772074
-26.248028787359,3.83794517584641,282.289086957227,97,64.2993157165726
-7.17451106302449,3.87188651270403,282.289456664502,97.5,64.2959067449742
4.24069967495904,3.89242913400353,282.288389557347,98,64.297921715001
-10.0648828139938,3.86680133682342,282.288947932236,98.5,64.2931393821908
26.8040285661788,3.93290518656405,282.287253033723,99,64.3058753263272
-36.3823115020978,3.82017885780676,282.293342453174,99.5,64.2885882574935
16.5930571392954,3.91465676254401,282.291826850772,100,64.2964724547609
-27.2008462601512,3.83631499090319,282.295610990367,100.5,64.2835479625497
-20.0862766277277,3.84871423330203,282.298164171636,101,64.2740039607439
7.79957772651537,3.89865749921304,282.29689523312,101.5,64.2777099329998
-42.2737287950702,3.80932929388358,282.304864320639,102,64.2576235550494
-39.6761704952348,3.81338191214634,282.312535332527,102.5,64.2387714078908
-18.71292354169,3.85021807630975,282.314991195576,103,64.2298799553143
-22.7878509994101,3.84277280030297,282.318122504436,103.5,64.2190522994415
-46.5582008580256,3.80050403348479,282.327905718421,104,64.1969301529979
10.0395797828896,3.9011119174718,282.326653586203,104.5,64.2017004630635
-33.8779162632628,3.82255864337524,282.332338028291,105,64.1856033585584
11.6978757792262,3.90399033013451,282.330855101236,105.5,64.1911616085831
2.20538966555235,3.88716216776613,282.329765694942,106,64.1922095003024
-14.1473457238501,3.85784351796668,282.330981542392,106.5,64.1854873837231
-2.03127547687814,3.87954619284691,282.330511892637,107,64.1845222224252
5.09057103354991,3.89242413728404,282.329235420286,107.5,64.186941009144
3.70468558376858,3.89006950322433,282.328035053322,108,64.1887012918762
-27.9408898170111,3.83339162354994,282.332104474578,108.5,64.1754251676938
-36.2653846460137,3.81831955171186,282.338657297465,109,64.1581936566992
10.2830422324949,3.90134031088241,282.337253910405,109.5,64.1630796480383
-6.5200213627997,3.87132014418606,282.337186609754,110,64.1599816574642
-31.8637944012755,3.82594374748096,282.342353484246,110.5,64.1448415637105
-22.4611744618441,3.84235358549408,282.345490328128,111,64.134169128316
12.8159110911333,3.90557051895367,282.343812331006,111.5,64.1402586132347
-30.9791440642757,3.82723626217651,282.348632729578,112,64.1255388614174
-26.924654711216,3.83411878634304,282.352796926275,112.5,64.1127456017234
-4.33423152684048,3.87439678131539,282.352693221386,113,64.1106861900024
8.59014007152022,3.89770185555188,282.351108694868,113.5,64.1147677982503
-2.76985190448297,3.87745427886154,282.350531947562,114,64.1134517020884
-30.5114376879176,3.82778011542148,282.355320362183,114.5,64.0989541811297
-21.0667517347023,3.84430071444476,282.35813369246,115,64.0889443062123
-22.4379224247,3.84166230364777,282.361179550149,115.5,64.0782829190319
18.4665694166594,3.91496606908492,282.359250660203,116,64.0870573163543
-72.6046695294014,3.75455347313146,282.37892799419,116.5,64.0525591806399
-15.4224330747346,3.85350324926922,282.381086084204,117,64.0452312058318
-34.2483446937745,3.81980437466051,282.387111779858,117.5,64.0289580921203
-46.27622528279,3.7982844434781,282.39708540337,118,64.006969926476
-23.2873963927976,3.83849814131028,282.400668288105,118.5,63.9959049114239
-25.2538484899676,3.83481731248232,282.40449751996,119,63.9839055359269
-22.1069319734251,3.84025720121327,282.407610192617,119.5,63.9734014189825
34.8018935571024,3.94212439895739,282.405699559606,120,63.9899375516422
-13.6843264201061,3.85583370723675,282.406609899618,120.5,63.9834354388571
-2.44250882875473,3.87599554776559,282.406055671307,121,63.9822748798793
-14.8842545660388,3.85368041745664,282.407374396857,121.5,63.9752026207897
-39.5051016926322,3.80972510428728,282.414894168373,122,63.9564317570362
-4.05123915925356,3.87267234833948,282.414776542469,122.5,63.9545068092438
-0.770754433579047,3.87864651188144,282.413934783845,123,63.9541405849882
28.5929160776292,3.93133028665107,282.411673240957,123.5,63.9677265196906
7.88492595926153,3.89477225063987,282.409802083047,124,63.971473045191
3.92617653675106,3.88782901532107,282.408363809067,124.5,63.9733385694318
19.7670044892868,3.91634161868688,282.406104141842,125,63.9827308689624
-4.29833646239797,3.87346975527281,282.405517310464,125.5,63.9806885127946
-13.083796968791,3.85768086182139,282.406412265434,126,63.9744717418016
-5.47438347594591,3.87124010124639,282.406188281574,126.5,63.9718705864581
-26.2950948183086,3.83392616184789,282.409837323644,127,63.9593764623812
7.04145123821723,3.89346108930828,282.408370170982,127.5,63.9627222105543
-15.7731571538839,3.85262334896552,282.409691565031,128,63.9552275890697
-5.91226216857618,3.87019502756886,282.409551681037,128.5,63.9524183755027
-34.6842677395554,3.81877717548671,282.415404015277,129,63.9359381327939
-9.71976405666819,3.86296676704214,282.416011918573,129.5,63.9313197832895
-30.4928301209707,3.82577206834411,282.420810198847,130,63.9168311037231
18.4010075209741,3.91312287049903,282.418761775386,130.5,63.9255743492865
-7.88061305241917,3.86625519215747,282.418683256403,131,63.9218298730654
10.453164362028,3.8991799876466,282.416814383651,131.5,63.9267966979975
25.9908844091912,3.92712277167352,282.414495995082,132,63.9391462763855
-5.32320324181316,3.87142861674111,282.413986035694,132.5,63.9366169543864
9.67600549777588,3.89834813455661,282.412167546661,133,63.9412145119953
18.0862201190936,3.9135657140266,282.409924257736,133.5,63.9498081862077
-13.2865379469239,3.85755812127455,282.410661232783,134,63.9434950827635
-36.0301769349633,3.8169227797688,282.416805921386,134.5,63.9263753308002
-16.966441534839,3.85039969088223,282.418645833675,135,63.9183137197984
5.48563608282655,3.89056398572227,282.417202459715,135.5,63.9209202218223
-12.4477534230702,3.8584811315739,282.417891624482,136,63.9150056671564
9.27357790453973,3.89739242504349,282.416133293716,136.5,63.9194120111448
-58.8697276579607,3.77682584672305,282.429864993616,137,63.8914400381659
-49.1473929485998,3.79282524958409,282.440793226033,137.5,63.868087636138
-4.03146197893741,3.87242200286345,282.440670352858,138,63.8661720854802
-15.6587152021344,3.85158490782936,282.442044469728,138.5,63.8587318411315
12.589002236997,3.90222430087183,282.440041109287,139,63.8647135102238
-8.60076841816713,3.86440829935825,282.440057583213,139.5,63.8606268519129
34.0882590244851,3.94066151188532,282.438019093868,140,63.8768239008592
-13.8502075231477,3.85547370065999,282.4387683459,140.5,63.8702429696064
-6.04528331026819,3.86935801647035,282.438549068559,141,63.8673705509945
3.36609225571672,3.88625028863322,282.437164415452,141.5,63.8689699509809
-3.58079647615295,3.87387202619492,282.436494312434,142,63.8672685342043
-7.81786904775777,3.86627057832945,282.43645707934,142.5,63.8635538708203
25.910893931122,3.92660797808293,282.434199697367,143,63.8758654417029
-0.395638496830216,3.87994208741506,282.433026236446,143.5,63.8756774539241
-25.5806318239393,3.8348727899922,282.436335692427,144,63.8635228072045
11.7856607902086,3.9015441154753,282.434481415399,144.5,63.8691227683097
-16.002678478554,3.85188991087467,282.435706088387,145,63.8615190896824
8.45952972128002,3.89562550310008,282.433980995464,145.5,63.8655386383739
-26.430925833873,3.83327578671629,282.437442877816,146,63.8529799741394
-47.0422346794593,3.79666792233123,282.447147792827,146.5,63.8306278388456
-16.6579761603645,3.84986194810363,282.449024114484,147,63.8227127952811
30.0779170329631,3.93335908572084,282.44684348121,147.5,63.8370043287395
-24.8156264939807,3.83563559937059,282.449836510853,148,63.8252131745868
-28.7858411168352,3.82830219434784,282.454177609237,148.5,63.8115355714802
1.15265867369109,3.88160925703053,282.453163716981,149,63.8120832576775
-56.9378670392171,3.7788487086441,282.466309869084,149.5,63.7850292089897
6.49840201083569,3.89064782082792,282.465039876157,150,63.7881169271206
-28.0699996286149,3.82887089646073,282.469022171467,150.5,63.7747794563633
6.34746252259641,3.89028310738746,282.467475440864,151,63.7777954555403
2.33626000303867,3.88325034984137,282.466052230445,151.5,63.7789055303492
-24.1097496503449,3.83594150350501,282.469071327339,152,63.7674497738411
-3.84056699754588,3.87202749294647,282.468596049424,152.5,63.7656249270047
-22.1996903461536,3.83914600162848,282.471238033834,153,63.7550767358849
-10.7341206527404,3.85947267388962,282.471790593129,153.5,63.7499764144668
-1.76752208023082,3.87553080998585,282.470941199667,154,63.7491365756934
-2.8804589105371,3.87359200581816,282.470166847049,154.5,63.7477679245714
-19.3552331504918,3.84407832539864,282.472181486165,155,63.7385712783455
-1.89347619535837,3.87523515393099,282.471410645146,155.5,63.7376715924275
-8.37851945392926,3.86364115147767,282.471416755097,156,63.7336905357946
-5.61242458641125,3.8685785854061,282.471055013713,156.5,63.7310237901662
-7.61999353919915,3.86497659674102,282.470967756441,157,63.7274031474037
-2.52223052402598,3.87411063359514,282.470183254906,157.5,63.7262047086326
-42.9292330236643,3.80219817381877,282.478448803289,158,63.7058068676044
-19.7373647365098,3.84278152382293,282.480920753025,158.5,63.6964286514134
11.5989947332523,3.8988623651509,282.478891613504,159,63.7019399180723
-14.3831592807218,3.85245599386678,282.479836094817,159.5,63.6951057545937
-19.4957095562407,3.84319336242498,282.481978209488,160,63.6858423609514
-9.87331637506957,3.8602719043099,282.482359525323,160.5,63.6811510510059
-12.8353778191673,3.85491640000593,282.483175336371,161,63.6750523164641
-16.1372273895613,3.84891718352228,282.484635461471,161.5,63.6673847068716
-22.4744505319351,3.83745835329872,282.487469915506,162,63.6567059633475
-24.2973572892494,3.83400107776733,282.490799164856,162.5,63.6451610650001
-37.5487882780946,3.81026726102934,282.497734905673,163,63.6273197442927
-26.6907141464305,3.82911611008929,282.501849863271,163.5,63.6146376415449
-49.236812512195,3.78914910982009,282.51276175181,164,63.5912427517781
-43.6297954933662,3.7983776118935,282.522067531123,164.5,63.570512038232
11.7307596816182,3.89690146341204,282.520148246009,165,63.5760859130551
15.5073121068976,3.90394650583128,282.51758129529,165.5,63.5834542181669
-10.778857411439,3.85705458727442,282.517868792008,166,63.5783326400613
-25.1655090264083,3.83125481956059,282.52133060241,166.5,63.5663752390932
-39.7422216168307,3.80519122878477,282.529015383683,167,63.5474917077196
-12.1869114432011,3.85386671508305,282.530013105486,167.5,63.5417010922174
5.15487404913469,3.88502224307263,282.528321118203,168,63.5441504325379
-54.3142684333997,3.77955226173584,282.540827146769,168.5,63.5183429877029
-6.22699257980669,3.86414615972891,282.540961504954,169,63.515384229864
-52.5051760535294,3.78209695137702,282.552973012675,169.5,63.4904363759457
-28.3200804768294,3.82402706446269,282.557767031659,170,63.4769800791804
-56.7055467446983,3.77399561487648,282.571763415226,170.5,63.4500364175669
-12.0059748658862,3.85242779787629,282.572963359934,171,63.4443317741467
-41.3587377073171,3.8001071126682,282.581307682787,171.5,63.4246801545518
3.42044020787398,3.87984463429698,282.579995049903,172,63.426305377988
-2.78442748318509,3.86888084564125,282.579076612585,172.5,63.4249823562344
9.99215087132322,3.8919653246228,282.57678253355,173,63.429730130435
-18.5030034586988,3.84101054371092,282.578581957942,173.5,63.4209384214639
22.3394391324104,3.91417030930389,282.575816806809,174,63.4315530142714
-25.0327278139564,3.82965237060407,282.578994129171,174.5,63.4196587043458
-29.5249817186841,3.82142374686752,282.583693296608,175,63.4056298983076
-14.3979600458138,3.84819187474479,282.584934410373,175.5,63.39878870224
-10.4220258563043,3.85527377654172,282.585297466418,176,63.3938366727804
-7.80290892697309,3.85997167955347,282.585175001823,176.5,63.3901291177034
26.5311457711321,3.92146362079133,282.582286802652,177,63.4027354014783
29.2026625177346,3.92661308061936,282.579283507182,177.5,63.4166110574284
-10.327788884476,3.85639008717515,282.579260727083,178,63.4117038047011
-8.15431460794931,3.86022938011637,282.579116511036,178.5,63.4078292790841
12.8435969255513,3.89786845119226,282.576652206206,179,63.4139319189373
-27.7158571600424,3.82547843393585,282.580405073641,179.5,63.4007627191056
-22.3606803025799,3.83471754944646,282.583196259361,180,63.3901380335482
-3.24676281284717,3.86876896956341,282.582420365001,180.5,63.3885953329908
-9.85695509210456,3.85695001144175,282.582512481539,181,63.3839117971149
12.285671818646,3.89663303420854,282.580081524279,181.5,63.3897493386462
-42.9435288834534,3.79837644606931,282.588289393745,182,63.3693447049349
-14.7760502138538,3.84785155852012,282.589630191408,182.5,63.3623238591835
-35.4477977692172,3.81094354215541,282.595800373882,183,63.3454808248973
26.9393795230168,3.9220509472575,282.593116100574,183.5,63.3582810810912
7.06403130021437,3.88705113561924,282.590830875131,184,63.3616375581892
-7.0544146114076,3.86188895663696,282.590361373179,184.5,63.3582856504644
6.1829634022677,3.88562695217836,282.588354275988,185,63.3612234878232
-10.5494443114151,3.8557640617726,282.588455570845,185.5,63.3562109154374
-60.3665803321789,3.76805862738409,282.603196811617,186,63.327527712354
-4.71201506786452,3.86546593256911,282.602981584232,186.5,63.325288796643
-13.6242258237158,3.84951942830052,282.603744061281,187,63.3188152406787
-36.6278242922182,3.80848830982298,282.610236894912,187.5,63.3014115163515
-5.71948664870165,3.86325396692114,282.609925705647,188,63.2986939001444
-16.443538254072,3.84405315592739,282.611265521999,188.5,63.2908807468308
-20.2191566097326,3.83718962916626,282.61350260361,189,63.2812736070521
-15.104668738166,3.84619051882925,282.6146968377,189.5,63.2740966180867
-5.02289173532413,3.86420297757495,282.614083200606,190,63.2717099892116
6.05767526530153,3.88414140083834,282.612028164662,190.5,63.2745882958656
-1.05829446385558,3.87154911496202,282.61069366314,191,63.2740854468577
10.3333551076161,3.89205128905683,282.608255616962,191.5,63.278995344378
-12.548353541467,3.85123221661311,282.608673882778,192,63.2730329895285
-14.9816241924472,3.84678898462837,282.60971826412,192.5,63.2659144652247
-6.51806397936812,3.8618543604208,282.609301644972,193,63.2628174047021
16.8503839501822,3.90371402620833,282.60653543027,193.5,63.2708238708994
-44.0498588782602,3.79548915653303,282.615044004647,194,63.2498935640799
-16.6686985800563,3.84346222912687,282.616725714574,194.5,63.2419734257537
-13.9797762699974,3.84815651279442,282.617625765309,195,63.2353309298626
-16.2675831886238,3.84397460922882,282.6189599827,195.5,63.2276013816638
-13.2616175156242,3.84924591547273,282.619725131442,196,63.2213001191718
-2.39677663410689,3.86867113868645,282.618692313863,196.5,63.2201612898633
7.70761872218379,3.88686080250045,282.616451505088,197,63.2238235677641
-14.4600916170581,3.84729281243228,282.617243449324,197.5,63.2169528498573
-7.91692831571656,3.85891834549484,282.61703218947,198,63.2131911184253
-46.8692417863586,3.78980096400483,282.626759133799,198.5,63.190921180769
-3.84843890248434,3.86568660881028,282.626236857388,199,63.189092593594
-24.9313157285914,3.82799289140055,282.629457296122,199.5,63.1772464696585
-19.5368808777759,3.83739468600866,282.631602827559,200,63.1679635134474
49.5827823340064,3.95993523073691,282.629955920811,200.5,63.1915227909036
23.490659509302,3.9149730174514,282.626714138167,201,63.202684386501
-21.8321524141158,3.83431776871185,282.628881183715,201.5,63.1923108311664
-31.0003482977355,3.81779302527318,282.633684374396,202,63.1775810041497
-31.0328688796138,3.81739040133267,282.638635397858,202.5,63.1628357249665
-32.4674459373635,3.81452050082289,282.644034050929,203,63.147408805961
-37.6574134562317,3.80501854638465,282.651030988084,203.5,63.1295158719598
4.2608755287409,3.87949648949274,282.649352283972,204,63.1315404285511
15.080635552626,3.89902433097938,282.646471778156,204.5,63.1387059981395
-4.947149478809,3.86344045682019,282.645543396082,205,63.1363553582257
-12.363342977537,3.85016636892985,282.645979598969,205.5,63.1304809112144
9.6846360235539,3.88962069475875,282.643576019007,206,63.1350825696208
1.70761241540586,3.87554121513699,282.641794277673,206.5,63.1358939422948
-25.6502588040749,3.82668892768618,282.645030520913,207,63.1237062122897
-15.9506136648032,3.84373269186011,282.646324310935,207.5,63.1161272722779
12.4825100901616,3.89455635625814,282.643749169316,208,63.1220583415871
20.2865372282312,3.90869456303875,282.64065701713,208.5,63.1316974972917
1.29972501097673,3.87511096458713,282.638859022054,209,63.1323150621137
40.3049079358601,3.94431110996214,282.636376090959,209.5,63.151465954101
-10.193585486698,3.85517112850886,282.636100195254,210,63.146622468168
0.191101985308622,3.87367060392404,282.634615563595,210.5,63.1467132703473
10.8590830511332,3.89279456033818,282.632078799023,211,63.1518729676955
-3.60407057330341,3.86709909899762,282.630942072918,211.5,63.1501604922229
-42.8382423658823,3.79744274600223,282.63896479223,212,63.1298058854396
-42.6789020830247,3.7971727262929,282.647393362242,212.5,63.1095269892508
34.7188448850442,3.93425558732108,282.644850931159,213,63.1260236613031
10.1096130162427,3.8911683724482,282.642155170401,213.5,63.1308272476856
-1.83770570821124,3.86997484608379,282.640769824014,214,63.1299540611353
-21.897294499641,3.83414107155134,282.643018291134,214.5,63.1195495535144
-62.5115184927254,3.76303490431955,282.658554582557,215,63.0898471822667
-35.7514016157958,3.80856861877214,282.665145172551,215.5,63.0728598905
-34.9600486936816,3.80957789067398,282.671262770505,216,63.0562486103683
-2.45343513688209,3.86721967210045,282.670318697291,216.5,63.0550828597511
-28.4383805570115,3.82085001105182,282.674327491542,217,63.0415703526588
-6.10136971966274,3.86049520709344,282.673855480761,217.5,63.0386712845686
-4.40357342739173,3.86357252552161,282.67293356576,218,63.0365789250177
-24.2052040831366,3.82819337245751,282.675871918535,218.5,63.0250778133004
-22.8175810177623,3.83044581125163,282.67865978799,219,63.0142360311984
-29.685117309692,3.81803646276998,282.683205878789,219.5,63.0001311366745
-25.8096144762682,3.824639350181,282.68682645456,220,62.9878676887626
-7.71863650875406,3.85678323752391,282.686605288848,220.5,62.9842001757564
-10.5816107513536,3.85167089019602,282.686721252427,221,62.9791723194746
-55.9591981461836,3.77158657050085,282.699964213093,221.5,62.9525832856751
-0.787061486630432,3.86861524083599,282.699003610627,222,62.9522093131172
-30.8135798180069,3.81503262525553,282.703749611132,222.5,62.9375682292131
-42.7376428941316,3.79371779205233,282.712468440176,223,62.9172614223061
-63.9249222330268,3.75666614472371,282.729590303723,223.5,62.8868874717459
-57.2573828814523,3.76728440399626,282.744350747783,224,62.8596816049869
-21.6957105820234,3.82923210732715,282.747471438007,224.5,62.8493728800394
4.11198138776645,3.8755114392014,282.745522646502,225,62.8513266895243
7.56683491778621,3.88193455559313,282.742981177872,225.5,62.8549220739481
-55.0698219260364,3.77093443289613,282.755987568652,226,62.8287556275902
-10.4642424812277,3.84921695097281,282.756562052825,226.5,62.8237835388856
8.51955988250004,3.8833519234746,282.754003806941,227,62.8278316109306
-17.5470285498442,3.83681852627995,282.755384389294,227.5,62.8194941337928
7.63754688507826,3.88193653378856,282.752955540713,228,62.8231231170341
-12.8901559496143,3.84532565560179,282.753336707753,228.5,62.8169983546433
16.2513000801928,3.89751549022943,282.75021844374,229,62.8247201659171
9.81052444591545,3.88633115327536,282.747356768301,229.5,62.8293816402542
-1.50053908372191,3.86629237329088,282.745778044214,230,62.8286686585508
-1.81884004868571,3.8657976650304,282.744315361352,230.5,62.8278044360256
-9.33471916227253,3.85239103834077,282.744031756405,231,62.8233690407459
-14.1596006310533,3.8437193633497,282.744708421741,231.5,62.8166411012429
-8.54439285184666,3.85369024528823,282.744388575282,232,62.8125812298033
36.323420042896,3.93349008546783,282.74121830661,232.5,62.8298403163383
-40.849414721992,3.79687091527158,282.748502806571,233,62.8104307017492
-33.1389668778808,3.8099441079228,282.754082476847,233.5,62.7946847093192
6.77710426608449,3.88091173742705,282.751847901627,234,62.7979048529304
11.1439386250667,3.88890343736089,282.748925492313,234.5,62.8031998995103
-26.4819299840486,3.82185555715875,282.752212123866,235,62.7906170006349
36.9634898695666,3.93452423633995,282.749198466189,235.5,62.808180216586
4.23348580527633,3.87707890172855,282.746752215181,236,62.81019175894
-94.4025032687192,3.70694166514624,282.777677795255,236.5,62.7653363744219
-46.8128126298652,3.78529106421912,282.788419290157,237,62.7430932491002
17.5363740026823,3.89933130878267,282.785449778648,237.5,62.751425663726
38.6141237915703,3.93679729828222,282.782076920524,238,62.7697731789986
-20.9093546316396,3.83153797924266,282.783779820438,238.5,62.7598380913733
2.26314691173624,3.87280365040798,282.781831536608,239,62.7609134264696
-16.9280555084844,3.83857225631313,282.782861744256,239.5,62.7528700546025
-7.86314917398156,3.85465341022907,282.782330141862,240,62.7491338763497
2.68406916050269,3.87353098966569,282.780231809866,240.5,62.750409212809
-17.580075485842,3.837389872484,282.781395491146,241,62.7420560334073
-12.5081752000352,3.84630846490449,282.781700478396,241.5,62.7361127693117
1.07125150584877,3.87055146200748,282.779833551712,242,62.7366217748629
-4.45909362136076,3.86075084001057,282.778623618428,242.5,62.7345030348712
-35.2327885043757,3.80597599201461,282.784363161254,243,62.7177621623171
8.23678550814414,3.88312933613196,282.781925976234,243.5,62.721675874013
-11.6273647399902,3.84777688085423,282.781872238216,244,62.7161511273348
-28.7112945074286,3.81726311419014,282.785842263487,244.5,62.7025089450775
-4.88174635907668,3.85950840542222,282.784946129042,245,62.7001893814804
23.214057285364,3.90966029547661,282.781454456005,245.5,62.7112195494283
27.1997388079904,3.91706165951349,282.777814597089,246,62.7241435154332
-20.7137156421536,3.83207930097624,282.779457420578,246.5,62.7143013857464
-24.7325545748026,3.82471365172761,282.782403111502,247,62.702549703247
-6.11140461764053,3.85769929624574,282.781634588043,247.5,62.6996458670713
-20.3271182213081,3.83229872352673,282.783448493246,248,62.6899874292927
11.0647279415596,3.88823253839666,282.780644324006,248.5,62.695244838887
5.68409439851206,3.87884704505972,282.778092188051,249,62.6979456384532
35.0945907590566,3.93104354053738,282.774762800625,249.5,62.7146208462973
-5.28590192020642,3.85988373740532,282.773450825413,250,62.7121092480351
41.3093201252626,3.94231424429202,282.770630544544,250.5,62.7317373868475
-12.3795190874249,3.84776631456812,282.770445912583,251,62.7258552537516
-43.435834968672,3.7927406214039,282.778559654291,251.5,62.7052167006209
-30.8175497816267,3.81432446439064,282.783249225093,252,62.6905737303871
-13.1636019213816,3.84536836651399,282.783738135401,252.5,62.6843190400412
-33.2301813823597,3.80961929293918,282.788881558369,253,62.6685297070055
-10.9221840718555,3.84892719861568,282.788999334975,253.5,62.6633400271839
-12.1596696143916,3.84666482176837,282.789150531506,254,62.6575623556468
-20.6709683925863,3.83140392675366,282.791086785689,254.5,62.6477405373316
-19.5448195725702,3.83322921282359,282.792855069164,255,62.6384538090468
-19.1614004649486,3.83375192075106,282.794539960115,255.5,62.6293492624935
-25.0843914310589,3.82305233292193,282.79763957199,256,62.617430404581
-22.6328454066752,3.82718405615926,282.800210221829,256.5,62.6066763996732
-6.84275082331131,3.8552172234514,282.799559902564,257,62.6034250640761
-14.1747168900279,3.84211734641517,282.800110907717,257.5,62.5966899420769
11.564308020941,3.88808811634188,282.797177868699,258,62.6021847273316
35.9665901951641,3.9314235404221,282.79371994706,258.5,62.6192742660318
-18.2792021210989,3.83553978500304,282.794779217843,259,62.6105888963495
-21.4291599025192,3.82975208986614,282.796907583769,259.5,62.6004068230565
-1.82855380371865,3.8645716873282,282.795451449963,260,62.599537985037
-36.6051357240096,3.80274492803227,282.801541520806,260.5,62.5821450411914
3.20221492048599,3.87324439743033,282.799591468738,261,62.5836665748011
-44.1866504575111,3.78920290252818,282.80812405755,261.5,62.5626712714118
-3.30163427206591,3.86126143464935,282.807105274508,262,62.5611024986602
4.20440410114918,3.87475845659583,282.804752751732,262.5,62.5631002228317
19.1529668109993,3.90153789486971,282.801258234834,263,62.5722007621312
-26.3380150553316,3.8207049952771,282.804312725924,263.5,62.5596862444876
-0.710124139184352,3.86618290964311,282.802736644434,264,62.559348828739
-45.2475981060854,3.78725146807896,282.811630262806,264.5,62.5378494156801
45.3222896883056,3.94701613109891,282.809130805716,265,62.559384318472
-44.1600247362549,3.78936539306237,282.817311028282,265.5,62.5384016663041
-3.03009005171006,3.86179104601602,282.816204264257,266,62.5369619178897
-20.0023455667451,3.83151295150109,282.817886305437,266.5,62.5274577959587
-58.2862811925918,3.76430648238287,282.83187262025,267,62.4997630477847
8.96423404415271,3.88247322641697,282.829507625966,267.5,62.5040224069228
-14.3659569187754,3.84096640379404,282.829927168363,268,62.497196417153
-47.9685144233735,3.78153241323638,282.839992503272,268.5,62.4744041596945
-33.9265593982394,3.80556112941429,282.845869242042,269,62.4582839423858
-41.8047076070172,3.79137351391428,282.854142363156,269.5,62.4384204200273
14.207805093158,3.8907734252276,282.851142239165,270,62.4451712638984
-17.5933154314866,3.83419406944946,282.852239486939,270.5,62.4368117935316
4.64871406611596,3.87391370537521,282.84986700919,271,62.4390206317481
-16.6677598293255,3.83593353331218,282.850798369581,271.5,62.4311009394697
-34.3558655946294,3.80439278685725,282.856458223074,272,62.4147767371621
-8.88194052824661,3.84942781163958,282.856210195826,272.5,62.4105564798186
4.24368720117747,3.87295209454347,282.853805203671,273,62.4125728693697
-27.5693991422443,3.81626804420088,282.857364527769,273.5,62.3994732591195
-20.6703090169663,3.82828991318,282.859478987329,274,62.3896517541069
15.5603151360818,3.89293271015706,282.856176071748,274.5,62.3970452436276
11.8798439842737,3.88668351119654,282.852876230851,275,62.4026899559126
18.7441325389716,3.8991300203814,282.849211642282,275.5,62.4115962374558
-30.1166183080775,3.81232275202736,282.853246421183,276,62.3972863150722
0.455648325085891,3.86654003323962,282.851462272643,276.5,62.3975028165432
-9.47831414150061,3.84886240371822,282.850954290249,277,62.3929991920557
-1.87375921350176,3.86243480679887,282.849310192622,277.5,62.3921088746689
-7.84898738820591,3.85180703319797,282.848534851293,278,62.3883794253939
-55.3962670060403,3.7680154830039,282.86124937466,278.5,62.3620578685349
26.213629083939,3.91184657278192,282.857928139596,279,62.3745132841379
-13.7927939072191,3.84098276418847,282.858063314135,279.5,62.367959632986
-14.7896093576407,3.83911064749969,282.858670088302,280,62.3609323446024
-2.95822795810821,3.86017368909445,282.857214741611,280.5,62.3595267414885
-3.2921931254967,3.85963213996356,282.855715287872,281,62.3579624547012
-52.5880955218028,3.7725819297911,282.867312895993,281.5,62.3329752015667
-4.35647140816514,3.85718413537161,282.86644786327,282,62.3309052225578
-37.4567360846971,3.79834579881612,282.872902401221,282.5,62.3131076404843
-18.5925651746564,3.83139523128701,282.874608108147,283,62.3042733762306
-35.075713584471,3.80200806447628,282.8805153956,283.5,62.2876071378831
20.6278936610682,3.90100726932943,282.877039769024,284,62.2974084892236
-3.07469288580175,3.8591069525869,282.875347939492,284.5,62.2959475477561
13.5063053736055,3.88879269815141,282.872000978043,285,62.3023650737747
-8.49996046550329,3.84973997478687,282.87120574224,285.5,62.2983263144001
-2.00245533798577,3.86134516726488,282.86953583599,286,62.2973748470019
-10.8250029789014,3.84562658367426,282.869259861735,286.5,62.2922313428127
11.7113037362433,3.88584714190533,282.866117026915,287,62.2977959731362
2.38561446848222,3.86943822488863,282.863734071716,287.5,62.2989294987376
-3.90158396017512,3.8583041474276,282.862256605858,288,62.2970756596687
-22.540464600041,3.82505935687904,282.864454818904,288.5,62.2863655495356
13.2389732021746,3.88870908900243,282.861311954032,289,62.2926560525736
-16.9771216866085,3.8350068811245,282.862130775921,289.5,62.2845893668937
-18.5595183110841,3.83203522102663,282.863527409463,290,62.2757708048695
-23.3762536233762,3.82329688832583,282.866078743548,290.5,62.2646635692713
-16.8282459206424,3.83473837885585,282.867191237287,291,62.2566676219669
-28.6839137617903,3.81352551228777,282.871138079722,291.5,62.2430384496811
8.55405025940462,3.87971677416889,282.86841178684,292,62.2471029098414
-38.9605963157112,3.79535444986727,282.875186650636,292.5,62.2285907680202
-15.2160581626923,3.83701523446995,282.876143002582,293,62.2213608523283
12.7769314273938,3.88696677294834,282.872939717978,293.5,62.2274318160452
17.7358646026189,3.89603644798512,282.869258885567,294,62.2358590187037
-9.72329381609127,3.84735096581209,282.868640621038,294.5,62.2312389920328
-8.59418982420435,3.84932157244811,282.868013758949,295,62.2271554595433
-2.26896703145054,3.86060308858527,282.866381588443,295.5,62.2260773590149
-15.6644880315778,3.83671585783102,282.867046211896,296,62.2186343717041
5.516582073426,3.8744464689337,282.864508743032,296.5,62.2212555777269
25.4321842743537,3.90994093549372,282.860704512653,297,62.2333396895381
17.2796132054966,3.89591054349542,282.857045288811,297.5,62.2415501041756
-17.5007228823532,3.83417625995018,282.857903408474,298,62.233234629193
-13.5081588486855,3.8411134936118,282.858213209357,298.5,62.226816222495
-27.8410684469231,3.81551083770404,282.861791310341,299,62.2135875284737
-12.3396959550878,3.84278859580755,282.862001166413,299.5,62.207724317354
-18.0774892338529,3.83247168547731,282.863256644781,300,62.199134791625
-4.28785796705421,3.85694612951919,282.862008704357,300.5,62.1970974143181
4.11880203548258,3.87199759120361,282.859543760476,301,62.1990544646363
19.6845940941493,3.89980946116814,282.855894005022,301.5,62.2084076068369
-23.8027003315139,3.82264161454133,282.858203955667,302,62.1970977449268
-8.36221194911775,3.84990600221573,282.857652180137,302.5,62.1931244368109
-11.7644291102571,3.84379398110533,282.857585666306,303,62.1875345639463
36.9267910880626,3.93004015305142,282.854149979681,303.5,62.2050803424577
0.125148847570093,3.86549963690689,282.851930110657,304,62.2051398069791
-10.2081330412578,3.84709852206934,282.851481369,304.5,62.2002894087701
15.210262721434,3.89233375708446,282.848172915846,305,62.207516570756
-9.48610716375712,3.84855713575166,282.847500522159,305.5,62.2030092434111
47.6199531716746,3.94914916474588,282.844953054444,306,62.2256358818612
3.96538521290134,3.87313543023603,282.842266397573,306.5,62.2275200361191
-17.9287525588966,3.83417869546894,282.843239606789,307,62.2190011826765
0.83776030758316,3.86742878982144,282.841274339111,307.5,62.219399244798
-28.8498007435418,3.81465602309656,282.844890733937,308,62.2056912512511
-8.20359011876473,3.85101207329492,282.844332383471,308.5,62.2017933123569
-35.938320843035,3.80176806251582,282.850074161377,309,62.1847172058498
-6.87690629364114,3.85292232762167,282.84938524801,309.5,62.1814496412682
-34.565323162167,3.80373224318474,282.85477343195,310,62.1650259151196
-21.8617521856726,3.82581098512854,282.857084236294,310.5,62.1546382954424
18.7874055806137,3.89806776508667,282.853662337667,311,62.1635651381875
6.35691833903618,3.87629103205263,282.850830099289,311.5,62.1665856302991
-29.381188436954,3.81278469191379,282.854640269559,312,62.1526251476922
-29.5309321557102,3.81218978936339,282.858831093031,312.5,62.1385935143016
-16.2409678686249,3.83548262861915,282.859853184983,313,62.130876612382
19.8027068153722,3.8996158877733,282.856336052024,313.5,62.1402858758861
-37.0634223609948,3.79884940819128,282.862314877859,314,62.1226751769745
39.6587773239605,3.93434972696089,282.859198898387,314.5,62.1415190597614
14.7572442305735,3.89117883291195,282.855616121603,315,62.1485309698429
-23.9768654670997,3.82241672026084,282.857938365308,315.5,62.1371383533039
27.699453885077,3.91401960166512,282.854408299566,316,62.1502997591134
9.73831550234063,3.88265055973209,282.851235874401,316.5,62.1549269233442
-13.7759612749637,3.84089131977282,282.851346547128,317,62.1483812702238
-27.5350561043447,3.81631586927008,282.854752106114,317.5,62.1352979780808
4.38986448715019,3.87286106839738,282.852447820998,318,62.1373838238237
-51.9907381336026,3.77340384751852,282.863486072337,318.5,62.1126804052742
-59.1215672261215,3.76051088566699,282.878001265318,319,62.084588770631
-16.622757537789,3.83417616098244,282.8794364844,319.5,62.0766904612081
21.4980586485074,3.90201882132342,282.875801079538,320,62.0869052717659
-6.54401819099076,3.85245910921916,282.874593243882,320.5,62.08379587909
22.2099569610282,3.90363235462331,282.870898562421,321,62.0943489483956
-26.9037762019469,3.81658433070922,282.873932621022,321.5,62.0815656091329
-26.7805177995607,3.81650937780683,282.877338541731,322,62.068840836146
-29.0484049335926,3.8122187667164,282.881385236862,322.5,62.0550384757444
-15.7389092735891,3.83557763375383,282.88228278138,323,62.0475601271528
-30.7047837568511,3.80888605012386,282.886731594254,323.5,62.0329707377376
23.982385049289,3.90593911466731,282.8831343099,324,62.0443659769081
-6.64473154186395,3.85183906873681,282.881923234236,324.5,62.0412087302461
-7.43064117328792,3.85043412382152,282.881037805389,325,62.0376780583306
-14.9303998641822,3.83703283342005,282.881552655545,325.5,62.0305838732855
-5.78177561514662,3.85326239784109,282.880471105522,326,62.0278366604528
-10.5638241270762,3.84473249605312,282.880135896369,326.5,62.0228172554922
-43.823690656103,3.78584803729847,282.888570613723,327,62.0019944125875
-18.7172688611001,3.82964561850475,282.890287327734,327.5,61.9931008953308
-16.6516051396597,3.83319303739993,282.891311910413,328,61.9851888789592
-8.95674532742073,3.84683141551693,282.890807838934,328.5,61.9809330780876
-3.50673608264911,3.85657074051618,282.889341210966,329,61.9792668511345
16.9221677409453,3.89304808342841,282.885765070472,329.5,61.9873074254266
-17.9817894201238,3.83109685683041,282.886764861656,330,61.9787633714997
-2.36854534038258,3.85882894497725,282.885191058347,330.5,61.9776379563008
8.79918504694107,3.87881964828375,282.882193103105,331,61.9818188923466
17.1260570130342,3.89380475632062,282.878560716736,331.5,61.9899563447022
-18.7824557992975,3.83008876133319,282.879693552881,332,61.9810318538476
-39.513564552822,3.79327531926897,282.886722212485,332.5,61.9622569689629
-22.3822935167799,3.82305230386901,282.88921494225,333,61.9516220138788
-33.5134640150046,3.80313924700877,282.894546646675,333.5,61.935698078995
38.0978172039969,3.92982336086024,282.891146405311,334,61.9538002710006
0.530990835935707,3.86401529544713,282.888807436717,334.5,61.9540525714937
5.40209040540177,3.87278835773616,282.886107410499,335,61.9566193767578
-25.0625706475819,3.81861541465223,282.888795210677,335.5,61.9447108869987
-6.76649460232194,3.85095190220587,282.887943426989,336,61.9414957845732
-21.2457284517629,3.82512489000095,282.889827561095,336.5,61.9314008688022
11.4963156702521,3.88334109017375,282.88674306731,337,61.9368633474662
-37.4763379049495,3.79649121777409,282.892902694453,337.5,61.9190564515805
-21.9740817466783,3.82345360796044,282.895269434889,338,61.9086154584707
-30.4565346427266,3.80821712223564,282.899714461882,338.5,61.8941440247143
41.0581843138901,3.93466363623395,282.896430889063,339,61.9136528362526
-1.75044499460112,3.85969672363547,282.894372675587,339.5,61.9128211116628
-11.2971596004896,3.84269799871486,282.894102046072,340,61.9074532620794
-34.025627643758,3.80228084853541,282.89938664444,340.5,61.8912859724569
-10.8927254813847,3.84298496707604,282.89934958271,341,61.8861102898956
0.408921957724596,3.86313242271831,282.897313067098,341.5,61.8863045893158
21.9338814719017,3.90149150042224,282.893506016685,342,61.8967264812501
-39.9309611861765,3.79199428322816,282.9003391486,342.5,61.8777532702
5.01162669209111,3.87136297500918,282.89800751415,343,61.8801345464856
4.07236875617048,3.86983675186612,282.895404008118,343.5,61.8820695340138
-4.36671968601738,3.85489998538299,282.893920779251,344,61.8799946855318
-43.3851523320469,3.7858186263337,282.902087467415,344.5,61.8593802142748
6.08934699753093,3.87310399197939,282.899676627131,345,61.8622735697641
-7.1019029812427,3.84971994244299,282.898622444164,345.5,61.8588990979227
-42.719313117491,3.78663739868628,282.906636217134,346,61.838601000416
1.54518655150157,3.8646969443192,282.904741347909,346.5,61.8393351963803
-44.0544204865677,3.78394097490098,282.913199044608,347,61.8184027221108
-1.93978514657347,3.85812130017614,282.91179336091,347.5,61.8174810324774
-42.555217852153,3.78613873297698,282.919825835813,348,61.7972609048969
-5.79802114924244,3.85086562369318,282.919007732206,348.5,61.7945059729927
-4.61277467854292,3.85303221471537,282.917652853968,349,61.7923142113896
-44.8224854489436,3.78182306551045,282.926513360512,349.5,61.7710167907678
-2.26574134336056,3.85681420172393,282.925165874477,350,61.7699402229263
-3.69336350066456,3.85435674130378,282.923637235097,350.5,61.7681853198861
-33.9232967796719,3.80060437714268,282.928976215908,351,61.7520666528118
3.91876339991254,3.86770934961663,282.926681717097,351.5,61.7539286546979
-24.1678625697254,3.81771915133594,282.929273531304,352,61.7424452858145
5.98762015456188,3.87137266888522,282.926648078638,352.5,61.7452903057566
-12.6475470237832,3.83825157943058,282.926617692131,353,61.7392808190871
-1.21409601414533,3.85863577937961,282.924789405591,353.5,61.7387039409147
-15.5510173156833,3.83310059261019,282.925395325931,354,61.7313148692568
0.688999512532435,3.862025893804,282.923330548885,354.5,61.7316422476312
-7.59144139949287,3.84733308191752,282.922395387661,355,61.7280351714285
0.612434759401632,3.86199578747222,282.920275765903,355.5,61.7283261700321
11.4191094181383,3.8813662228759,282.916959190277,356,61.7337519641166
5.75086049940617,3.8714964624072,282.914100676994,356.5,61.7364844876206
5.05842276535482,3.87040832663606,282.911356288614,357,61.7388879990777
1.38989516124776,3.8639971338524,282.909046563648,357.5,61.7395484082802
-51.489512970899,3.77067493334812,282.920056216608,358,61.7150831470532
17.5810622105572,3.89230709248839,282.916810833794,358.5,61.7234367952975
-7.13201824263211,3.84858767013385,282.91566299407,359,61.7200480141785
-19.1412525879894,3.82715163212074,282.917040715586,359.5,61.7109530408964
-29.976216935917,3.80775450840085,282.921268788406,360,61.696709830277
-33.1125845534679,3.80189987134833,282.926544382715,360.5,61.6809763734183
-14.1608124128985,3.83521426156869,282.927152996104,361,61.6742478581366
-41.6134454206925,3.7865465188732,282.935013177671,361.5,61.654475214077
-16.276342972457,3.83092468063032,282.936189742543,362,61.6467415036636
-12.8035779323415,3.83704232672568,282.936393994696,362.5,61.64065787885
-27.0259120488988,3.8116582456198,282.939897358941,363,61.6278165066942
-19.8589752529303,3.82416848538786,282.941747683421,363.5,61.6183805072211
1.46778882241253,3.8621688526194,282.939618574779,364,61.6190779276257
0.393056417422001,3.86038929611077,282.937455461973,364.5,61.6192646885285
5.03358095262175,3.8687967275343,282.934721265168,365,61.6216563963891
-4.19615557744019,3.85247113756452,282.933191472261,365.5,61.6196625915068
-3.99866733339385,3.85286760111182,282.931696350903,366,61.617762623237
-1.98822177559971,3.85650494780721,282.929897794352,366.5,61.6168179189213
-21.862067503603,3.82109791796728,282.931917450134,367,61.6064301494207
-1.35869650483406,3.8575067069591,282.93018067394,367.5,61.6057845642714
0.119354742817642,3.86022688762867,282.928071361551,368,61.6058412757218
14.0314673595536,3.88510839576363,282.924553973732,368.5,61.6125083326533
-61.8179871648306,3.75173690053247,282.939696390042,369,61.5831354930738
0.580361873522254,3.8606893806542,282.938104677609,369.5,61.5834112522338
31.4018697381555,3.9154044750287,282.934091890832,370,61.5983318623121
-10.7967429265508,3.84098070498021,282.933496632393,370.5,61.5932017858973
-23.1650255568043,3.81888162762207,282.935851271075,371,61.5821949153935
-32.0987832495316,3.80283464718636,282.940741670533,371.5,61.5669431666011
-5.31860488032699,3.85015996239473,282.939689618297,372,61.5644160295153
-18.5093456623174,3.82664204102273,282.940955073526,372.5,61.5556213070438
15.5154828220716,3.88720203280347,282.937449781078,373,61.5629934944739
3.99663372248912,3.86699038163295,282.934722732793,373.5,61.5648924964727
-54.6402785012679,3.76360608762412,282.947024718047,374,61.5389301478328
-1.16267927579419,3.85729475533185,282.945574049606,374.5,61.5383777003427
-13.9065533773789,3.83461652260371,282.945816569358,375,61.5317699963363
-22.1411736216633,3.81986069045918,282.948006984771,375.5,61.52124960946
-24.5241816480555,3.81543467336176,282.950886460425,376,61.5095969354341
-9.45339127073256,3.84209760609849,282.950487646512,376.5,61.505105153058
-17.0213356095275,3.82857252272814,282.95148224916,377,61.4970174591162
-20.8219510663004,3.82168650145152,282.95342069272,377.5,61.4871239013274
-13.6723392110909,3.83428260912271,282.953817339618,378,61.4806274842692
22.6582802910764,3.89896869899263,282.949907229724,378.5,61.4913935745717
-29.9865463971602,3.80563082125096,282.953880602312,379,61.4771454559049
-32.3090636909766,3.80121465368748,282.958980104269,379.5,61.4617937922827
-22.3006436286683,3.81863566439571,282.961441049075,380,61.4511976331733
21.2383964002126,3.89610793880866,282.957625042342,380.5,61.4612890651172
-4.10778311435383,3.85135730204852,282.95594757923,381,61.4593372504436
-45.2457428432802,3.77851719806992,282.964950991256,381.5,61.4378387189135
-23.4494862263515,3.81637852384336,282.967830210242,382,61.4266966868168
5.07471133652312,3.86715266092403,282.965237582126,382.5,61.4291079377946
-8.34043496362376,3.84335422587375,282.964377096994,383,61.4251449770215
5.07620940897194,3.86733854506725,282.961652179171,383.5,61.427556939809
-45.7397301256952,3.77734739288616,282.970774422313,384,61.4058236900381
-13.8300740332669,3.83322033014218,282.971445759351,384.5,61.3992523252205
-16.9531378728705,3.82758586778078,282.972473402651,385,61.3911970354586
-19.5229178534879,3.82290033730006,282.974118991922,385.5,61.3819207137837
6.28379504145421,3.86889781434182,282.971344335226,386,61.3849064613334
16.84099326742,3.88787401373583,282.96749519469,386.5,61.3929084655443
-13.5889009749756,3.83390562045245,282.96752714516,387,61.386451694195
-17.0675214956122,3.82761448938728,282.96852549701,387.5,61.3783420550122
-19.9315451077465,3.82238460701554,282.970220182632,388,61.3688715739456
3.80477991260559,3.86463430286536,282.967731780331,388.5,61.3706794165354
-22.9627888832762,3.81699715887603,282.96998322014,389,61.3597686388621
-11.6173933237734,3.83702615405052,282.969953517639,389.5,61.354248630106
0.20361872891956,3.85811806101657,282.967858893644,390,61.3543453796208
-10.8979204740299,3.83838056113459,282.967488832431,390.5,61.3491672286567
-27.5496221207088,3.80868051403756,282.971056245256,391,61.3360770154657
-1.71953741499971,3.85449477103261,282.96938181524,391.5,61.3352599766238
-10.2232720948933,3.83937821365653,282.968907179826,392,61.3304023850879
-16.8482977238811,3.82751827500317,282.969852159023,392.5,61.3223969101618
3.21302040359177,3.86325492334515,282.967413269299,393,61.3239235780009
-35.779735270552,3.7939889921868,282.973258266202,393.5,61.3069228234875
-27.4273311762474,3.8083551764691,282.977079424086,394,61.2938907168842
-28.9487469316737,3.80540571556694,282.98126913998,394.5,61.2801357090193
17.7317930375243,3.88841255092491,282.977625395371,395,61.288560977072
-34.7746102665351,3.79523608516285,282.983105902304,395.5,61.272037808078
-7.24422745590303,3.8438687464034,282.982401082196,396,61.2685957107096
-8.57995744201723,3.84150869573195,282.981679239722,396.5,61.2645189407418
12.918575332568,3.87990507823346,282.978178979345,397,61.270657206613
-6.68056775530034,3.84519453995984,282.976952496808,397.5,61.2674829323608
-24.8154937993635,3.81285931968667,282.979760822697,398,61.255691841258
-50.7148647323499,3.76717926737325,282.991061076717,398.5,61.2315946544295
-6.62502444838104,3.84453464835301,282.990428889524,399,61.2284467716003
-0.871517510017446,3.85487639074956,282.988438089809,399.5,61.2280326697314
-9.49561600062016,3.83955933255524,282.987824135769,400,61.2235208242591
-1.98387600918663,3.85298885780188,282.986012064411,400.5,61.222578184836
0.100150686551951,3.85680067993807,282.983837080955,401,61.2226257714719
-5.71878182482094,3.84650361430508,282.982532504517,401.5,61.2199084901622
-2.23824154503638,3.85275346550337,282.980721189994,402,61.2188449888601
-3.86854495085808,3.84990868840007,282.979131912601,402.5,61.2170068482887
12.1415760578595,3.87851078058708,282.975666610517,403,61.2227759226657
-7.29826847892891,3.84407320670634,282.974530585474,403.5,61.2193081476851
0.635996106033565,3.85823403941391,282.972321890109,404,61.2196103414713
4.56912258882033,3.8653408979121,282.969568903014,404.5,61.2217813617678
-36.5751351404955,3.79232120688142,282.975551961543,405,61.2044026727106
-49.8061992144135,3.76882637070691,282.986531387134,405.5,61.1807372386406
-8.35612275816987,3.84145016662918,282.986173531736,406,61.176766823806
-14.0792886276472,3.8312326577201,282.986516407656,406.5,61.1700770445813
-9.13239473897249,3.84000262229741,282.98593575558,407,61.1657377838265
-10.189008266395,3.83810763072213,282.985508243944,407.5,61.1608964727614
-12.6532648076514,3.83368127231181,282.985569709636,408,61.1548842692848
16.2810578423683,3.88524476765268,282.981866451439,408.5,61.1626202199703
5.52355989886407,3.86641447263777,282.978890423267,409,61.1652447415094
17.8572694867742,3.88848321252377,282.974996469691,409.5,61.1737296297437
-5.37676160609814,3.84742229887319,282.973490664604,410,61.171174859468
-4.68114920014602,3.84866551326825,282.972034208486,410.5,61.1689506096855
-16.518886560194,3.82755485382031,282.972790789668,411,61.1611016545963
12.5085525824191,3.87917677401739,282.969418359669,411.5,61.1670450980053
5.05290737315674,3.86614516426853,282.966536134084,412,61.1694459888219
-28.1922919051873,3.80707375994111,282.970032965929,412.5,61.1560504108439
-32.158366486567,3.79975392382099,282.974974588895,413,61.1407703510544
0.24077994187393,3.85707579406447,282.973046896772,413.5,61.1408847577333
4.982077836046,3.86562834904781,282.970252295455,414,61.1432519938689
-6.7044377598582,3.84491870519828,282.969062503004,414.5,61.1400663777752
-11.1050025396337,3.8370550736321,282.968749745364,415,61.1347898316908
-2.33048547574145,3.85265775819863,282.96699778484,415.5,61.1336825006507
1.21184313599241,3.85903058602257,282.964687679164,416,61.1342583083672
-11.7292412107106,3.83602491140272,282.964433245002,416.5,61.1286851550461
-10.0850172181227,3.83888175862652,282.963976869109,417,61.1238932553663
27.6793208917707,3.90587991966989,282.959989151342,417.5,61.1370450949765
-2.09671292726577,3.85352078940077,282.957944488364,418,61.1360488410498
2.69319994004775,3.86209286823459,282.955454701306,418.5,61.1373285160024
5.57353241652126,3.86731497261258,282.952609951672,419,61.1399767820018
-11.5639638507575,3.83688820063489,282.952269395275,419.5,61.1344821602797
-11.3118939684161,3.83724194323721,282.952020337091,420,61.1291073096559
-24.9727131979571,3.81286066458167,282.954802251069,420.5,61.1172415156974
2.46685864078226,3.86148179470936,282.952543274629,421,61.1184136444976
12.3620355880477,3.8791884919116,282.949095397354,421.5,61.1242874703022
-4.50392835587243,3.8493780564005,282.947512904536,422,61.1221474270698
18.9073575029339,3.89099063344666,282.943757967006,422.5,61.1311312650153
-17.3692754979037,3.82675625983969,282.944503564951,423,61.1228782473062
-10.0438171827145,3.8396243751311,282.944074710217,423.5,61.1181059238385
-27.1116881892597,3.80921695313623,282.947392600005,424,61.1052237951178
1.04711508211219,3.85905199025187,282.945345978645,424.5,61.1057213322383
-22.0209142267655,3.81803298471381,282.947319089924,425,61.0952580866582
-22.3428726577974,3.81723943060218,282.949584931908,425.5,61.0846418624099
-12.4790943436896,3.83458428799026,282.949708921473,426,61.0787124160939
-17.8063189896301,3.82501433168172,282.950863665249,426.5,61.0702517370073
-24.9647496261629,3.81214428025638,282.953791682647,427,61.0583897269428
48.6671767980974,3.94179929050087,282.950879410012,427.5,61.0815139540883
11.5638526091402,3.87770296243715,282.947268919189,428,61.0870085229539
-15.1955793708956,3.83023837097585,282.947609313724,428.5,61.0797883377675
-10.4693539001841,3.83851690125753,282.947243427236,429,61.0748138203703
-53.1251487053376,3.76344907155643,282.959027612813,429.5,61.0495713862161
-18.8183987307709,3.82294002249439,282.960819538703,430,61.0406298170643
-44.7752228656344,3.77703744034319,282.969787644424,430.5,61.0193548532765
11.0712800064425,3.87562824419231,282.966817131962,431,61.0246153760868
-18.6025228001436,3.82294949118805,282.967979774708,431.5,61.0157763804636
-5.25724748825062,3.84662015260025,282.966772983361,432,61.0132783973654
-7.42603198181563,3.84278030147937,282.965816881644,432.5,61.009749915509
30.7239725186891,3.91042230537315,282.961796405813,433,61.0243484224715
-9.90558300639523,3.83884741257028,282.961016731263,433.5,61.0196417810241
-38.4933455715374,3.78814317518545,282.967698196122,434,61.0013516535676
-20.7607853611204,3.81901823921773,282.969777433449,434.5,60.9914871586863
-29.1065511232228,3.80403456716652,282.973853941086,435,60.9776571701011
-3.34463285974808,3.84964018580609,282.972443929139,435.5,60.9760679665545
-32.2597989139526,3.7982468147181,282.977286027001,436,60.9607397111095
-16.3489578329607,3.82616438065376,282.978347570275,436.5,60.9529714977181
-7.53429567295939,3.84180956676102,282.977519269758,437,60.9493915743286
31.0416483368002,3.91025000131819,282.973438046729,437.5,60.9641410250741
-24.6680939126374,3.81181468550424,282.975910904857,438,60.9524199710823
2.45330441628004,3.85993449400133,282.973626199239,438.5,60.9535856595876
-14.1007879846404,3.83050730934275,282.973852610768,439,60.9468856649354
-11.1888001592405,3.83560851364935,282.973639853137,439.5,60.9415693023808
-9.77703768338625,3.83807652994968,282.973140779089,440,60.9369237392913
2.01200573337268,3.85909370427311,282.970789881192,440.5,60.9378797445634
-19.4672824353718,3.82088632913447,282.97219372398,441,60.9286298580781
-15.9695876618748,3.82694798231488,282.973010277014,441.5,60.9210419025646
-9.91679407899167,3.83763543403946,282.972590179258,442,60.9163299341719
-9.49329062389771,3.83836078952529,282.972041431837,442.5,60.9118191936032
33.9047872436396,3.91521938472849,282.968068227354,443,60.9279290658646
7.98974376928189,3.87004411691616,282.964781941548,443.5,60.9317253955864
-29.8569599176518,3.8028590481532,282.968719227808,444,60.9175388499835
36.365705813566,3.91983568748322,282.965046660706,444.5,60.9348180286182
-27.9685700924038,3.80644010304161,282.96826689298,445,60.9215287521427
-3.61381217216585,3.84945432229548,282.966846333425,445.5,60.9198116479459
-6.1105966335522,3.84502494165546,282.965615659116,446,60.9169081956841
-48.4141218725281,3.77035207935466,282.975637313065,446.5,60.8939042076806
-50.1387018808854,3.7667571166849,282.986858618325,447,60.870080784845
7.55885111610043,3.86831454112783,282.984245023478,447.5,60.8736723757625
-25.2157682315374,3.81008598619912,282.987039156525,448,60.8616910941145
-21.6544892752749,3.81618000889827,282.989230057741,448.5,60.8514019554862
-22.3237554571452,3.81481468063452,282.991567469972,449,60.8407948147829
-29.3269701993847,3.80220701762593,282.995783482944,449.5,60.8268600939917
-74.3160213470825,3.72445868832024,283.017461456506,450,60.7915488088249
6.88430336662461,3.86569714482068,283.015191518234,450.5,60.7948198881285
38.659261019456,3.92188632585782,283.011031398283,451,60.8131888503717
-7.64259395811567,3.8406111152859,283.00978521973,451.5,60.8095574690118
-4.68353822004651,3.84590247791188,283.008325036506,452,60.8073320840856
-37.8903970079547,3.78696678787661,283.014880063187,452.5,60.7893284478632
-18.995796067637,3.81999796652213,283.016562899078,453,60.7803025883008
1.632419477571,3.85671998518602,283.014277362129,453.5,60.7810782330224
-6.94413144211238,3.84153349330769,283.013133854654,454,60.7777787263865
-30.5596422156461,3.79951039992112,283.017509425345,454.5,60.7632583010286
-10.4230600018914,3.83504771589527,283.017296247415,455,60.7583057801944
-25.2662436298658,3.80857321172644,283.020278306475,455.5,60.746300515142
-12.6197186515714,3.83089519900659,283.020458164573,456,60.7403042511339
-20.05241858151,3.81759109161154,283.022166678116,456.5,60.7307763369913
-33.7279631456258,3.79318915055488,283.02768006434,457,60.7147504827658
-0.720378752617944,3.85168566739202,283.025873012807,457.5,60.7144081945337
2.97239458796704,3.8584072731131,283.023256392961,458,60.7158205289271
-27.5086891228026,3.80417781448932,283.026737069137,458.5,60.7027497650652
-0.444880981975321,3.85222198350109,283.024814898786,459,60.7025383797013
-11.6534644169714,3.83229900401957,283.024573499775,459.5,60.6970012317519
-35.4436834358078,3.78999505517654,283.030509825731,460,60.6801601523928
4.98863238782843,3.86167017575173,283.027949668568,460.5,60.6825305029262
-28.9925798018264,3.80123499622184,283.031840151488,461,60.6687546678566
-26.6527521055132,3.80511025221602,283.03541405542,461.5,60.6560906027867
5.33877935137874,3.86201587400722,283.032720379487,462,60.65862732578
3.89545011885409,3.85963321274722,283.029929623508,462.5,60.6604782503519
-28.837817811557,3.80140976308074,283.033762008128,463,60.6467759504996
-26.9559413091519,3.80446699244287,283.037399365879,463.5,60.6339678249669
13.7434448389082,3.87685915670227,283.033882798859,464,60.6404980278906
17.9936996313147,3.8846784286728,283.02977988138,464.5,60.6490477409588
-22.6657444036076,3.8125426818124,283.031823377716,465,60.6382781040804
17.5234152074978,3.88397551548726,283.028032616122,465.5,60.6466043613298
-22.5178080020652,3.81294728297394,283.030022827069,466,60.6359050164876
-11.8441456710148,3.83176169187348,283.029962047665,466.5,60.6302772662695
19.4327306841384,3.88741463597198,283.025987934138,467,60.6395107354773
-6.63203941221674,3.84136987769573,283.024624389846,467.5,60.6363595194855
7.07661172769293,3.86582255674461,283.021556675409,468,60.6397219741783
-32.6925009017629,3.79522762697132,283.026339729259,468.5,60.6241881202228
24.2604671605736,3.89608068759311,283.022403628589,469,60.6357154902119
-8.28845201904839,3.83864984782906,283.021288867782,469.5,60.6317772291542
5.92221913915,3.86396310422348,283.018361221084,470,60.6345911737795
-25.4836668402263,3.80816948587767,283.021120470155,470.5,60.6224826000079
-28.6382400286283,3.80231485783376,283.025030510135,471,60.6088751296133
3.53836209577462,3.85934041890446,283.022559954438,471.5,60.6105563836784
21.8741186138071,3.89199276969328,283.018409828229,472,60.6209498792685
-43.9122723801433,3.77576417888677,283.026640906696,472.5,60.6000849467246
5.57693586707792,3.86298391295876,283.024079982377,473,60.6027348298748
10.745787017564,3.87233661992302,283.020574023965,473.5,60.6078406945705
-24.9513678362922,3.80897940045038,283.023159088791,474,60.5959850428685
1.8160826643935,3.8564190170902,283.020863696852,474.5,60.5968479552216
-32.0924026096544,3.79621234358006,283.02549663899,475,60.5815992381926
-25.9737203853517,3.80667615515793,283.028777316649,475.5,60.569257815297
-32.2002878841211,3.79541250513963,283.033776850462,476,60.5539578365398
5.85130225561302,3.86285961628652,283.031064325511,476.5,60.5567380849815
-50.8752803222602,3.76268213923472,283.042109193815,477,60.5325646766258
1.24561227406116,3.85428456694645,283.040167040966,477.5,60.5331565297608
-13.9932825158629,3.82720123442674,283.040354417068,478,60.526507616372
-12.2305920504721,3.83028102883488,283.040304052333,478.5,60.5206962460131
8.77032196380927,3.86772706996088,283.037084734718,479,60.5248634677541
20.8389716459756,3.8893248877486,283.032886033943,479.5,60.5347651128777
32.944401216936,3.91087312190811,283.028540044838,480,60.5504186573615
-6.10713480259436,3.84227376439579,283.026973231707,480.5,60.54751684999
22.9065680896682,3.89375581773458,283.022883281493,481,60.5584009143323
-13.7678630278273,3.82896239428613,283.022762461451,481.5,60.5518591090971
-32.3345755809364,3.79592509619513,283.027499953227,482,60.5364953234908
-47.8091973275861,3.76851280398495,283.037572217513,482.5,60.5137787656097
-18.753494343308,3.81904628907849,283.039226670648,483,60.5048680358017
-9.65400345299587,3.83513144042319,283.038684588299,483.5,60.5002809324726
-21.9345302699767,3.81322672713533,283.040723055064,484,60.4898587322616
-6.07968476276681,3.84131323233718,283.039576976778,484.5,60.4869699677867
-11.0376549582521,3.83248956496243,283.039192196079,485,60.4817254219306
9.46491970146929,3.86901993419447,283.035894413152,485.5,60.4862226820449
3.8654387194264,3.85926750272326,283.033047322524,486,60.4880593466892
-26.9894677773883,3.80444758198816,283.03623330247,486.5,60.4752352910427
2.73742854827274,3.85713446181396,283.033822908366,487,60.4765359812349
-29.5250359692863,3.79982467798027,283.037732609377,487.5,60.4625071494195
62.5652303010688,3.96083528298726,283.03623942248,488,60.4922350418529
-19.1546064570087,3.81886385068317,283.037093683224,488.5,60.483133723475
-10.0909698818943,3.83480531590731,283.036565075036,489,60.4783389953847
-12.2218562970543,3.83094659750269,283.036375417534,489.5,60.4725317758222
-17.7563920107643,3.82100568711268,283.037375561106,490,60.4640948195582
-20.9630913633648,3.81514926694736,283.03918436997,490.5,60.4541341989048
-0.814207455313195,3.85087544843266,283.037179636996,491,60.4537473279297
-9.28198426741076,3.83584826241575,283.036384220195,491.5,60.4493369896549
-11.3532640385376,3.83211984975249,283.036048963558,492,60.4439424820269
-23.6970322797796,3.81009166871548,283.038494453005,492.5,60.4326828283309
-15.8712471639877,3.82378504970741,283.039236785339,493,60.4251415993415
-29.6070041951908,3.79928550265903,283.043347792452,493.5,60.4110738202931
28.2289254534739,3.90170073561481,283.039274837603,494,60.4244868047151
10.2687141019484,3.87045787555474,283.035643728336,494.5,60.4293659880376
-10.7808818550985,3.83316425095066,283.035034780969,495,60.4242434480168
-30.9727006275063,3.79724736100557,283.039409909859,495.5,60.409526757801
-18.4302160026226,3.8191455141355,283.040783721383,496,60.4007696338167
-27.8112147497016,3.80234409908711,283.044412080568,496.5,60.3875551247908
-11.5266788208949,3.83104073166745,283.044317337861,497,60.3820782190645
-8.02539207894655,3.83725059132686,283.043413365064,497.5,60.3782649510351
-23.7127543226716,3.80930038248994,283.045888796853,498,60.3669978270046
7.12001641353278,3.86407302064085,283.042928990261,498.5,60.37038090545
25.7880862671281,3.89727378450112,283.03860052924,499,60.3826341242254
-14.072998759732,3.82689755783927,283.038555985124,499.5,60.3759473336337
0.322268358884159,3.85246795299274,283.036332376131,500,60.3761004595642
