curr_dens,Volts_tot,Temp_tot,t_tot,SOC_tot
-22.2992674247104,3.81033093820775,284,0,56
-22.2992674247104,3.81003719446124,284.003306383899,0.5,55.9894044947944
-41.3077551667687,3.77692190657509,284.011511431077,1,55.9697770995726
-11.8711701509982,3.82751010611946,284.013351551612,1.5,55.9641365086628
-5.57225691262082,3.83845289982036,284.014036345675,2,55.9614888487195
-0.155180827758441,3.84793140464809,284.014059899832,2.5,55.9614151144915
-12.1169980095136,3.82697134492573,284.015571982619,3,55.9556577183833
-12.9781984405695,3.82534486512397,284.017313324928,3.5,55.9494911225702
-43.6766394011809,3.77201805840885,284.02624599604,4,55.9287381511239
-29.9736459200817,3.79508375428443,284.031775349996,4.5,55.9144961621236
8.52724597446631,3.86217483057334,284.031254966733,5,55.918547886218
-31.0663941374124,3.79305729907336,284.036586148877,5.5,55.9037866774961
20.4808497041534,3.88291302789704,284.035651575432,6,55.9135181608458
-3.42401195182969,3.84134354970281,284.03581604065,6.5,55.9118912402942
17.7276241049108,3.87840911543649,284.034713416551,7,55.9203145274771
-43.2924356622455,3.77229804197,284.043275340547,7.5,55.8997441105802
-10.2603672554951,3.8291038329573,284.044854636243,8,55.8948688932649
-34.7419445749375,3.78638253898463,284.051260105555,8.5,55.8783612453864
19.4021676519398,3.88066083350238,284.05031681393,9,55.8875801925581
27.8261728476481,3.89557557700714,284.049079359344,9.5,55.9008018089298
10.7909911285831,3.86626912817047,284.047993750906,10,55.9059291523756
-17.8397595340686,3.81623039026729,284.050330778726,10.5,55.8974525840018
-21.6147076979547,3.8094430869391,284.053628192716,11,55.8871823476048
-43.7787725433232,3.7709363464635,284.06266800015,11.5,55.8663808475581
18.0386124251862,3.87819211747438,284.061803991281,12,55.874951900957
38.7364463433291,3.91423397660306,284.061136492538,12.5,55.8933575378355
-15.9375014422787,3.81943200491743,284.062952829413,13,55.8857848281012
-0.302558284786224,3.8466655025567,284.06294194688,13.5,55.8856410674197
-49.5064773400617,3.76137778427797,284.073548841987,14,55.8621180463097
-24.4006108026343,3.80392828060732,284.077759547062,14.5,55.850524087017
4.23332822202476,3.85384652398397,284.077371796035,15,55.8525355544953
22.6395498872291,3.88611827700704,284.076040784772,15.5,55.8632927450394
-4.75052537128429,3.83850382242493,284.07624290888,16,55.8610355311435
12.9883280823374,3.86957489213194,284.075167841701,16.5,55.8672069400596
23.1379086885626,3.88744499140986,284.073841550304,17,55.8782009259735
-22.9219913630649,3.80717884367436,284.077026747067,17.5,55.8673095332571
-48.1295545668191,3.76353878172288,284.087338942912,18,55.8444407575147
4.32210973884892,3.85406726244194,284.087147606527,18.5,55.8464944095637
-44.5685455738211,3.76911823343049,284.096175631112,19,55.8253176485679
-5.4721925176744,3.83648887921414,284.096982617987,19.5,55.8227175342591
-42.6687234088432,3.77184059858883,284.105568962569,20,55.8024434744712
19.1594334340171,3.87918289628183,284.104529610944,20.5,55.811547086389
-7.17961033509094,3.83334179178004,284.105023459953,21,55.8081356918696
4.38038675585073,3.85359738780106,284.104405730745,21.5,55.8102170342648
-31.8979186142687,3.79029601626291,284.109848885819,22,55.7950607263786
-22.2403144799123,3.80672127499051,284.11337861502,22.5,55.7844932326867
-22.7496302910826,3.80562532286508,284.116940883641,23,55.7736837373977
9.1765121171352,3.86137410068103,284.116067491556,23.5,55.7780439605411
18.6210033126972,3.87805314938705,284.114585914567,24,55.7868917371867
-9.88890541081683,3.82838675832522,284.115441105293,24.5,55.782193020105
-2.98951082902985,3.84041515081097,284.115559351736,25,55.7807725529233
-11.9321589653742,3.82474204252277,284.116875289922,25.5,55.7751029831557
-9.77935115648205,3.82841761299717,284.117926365855,26,55.7704563208187
-30.1136868308485,3.79287470777511,284.123030837821,26.5,55.7561477913275
-20.1236276118565,3.80993189360606,284.126094301712,27,55.7465860421877
-3.22519163885828,3.83936280518388,284.126321105852,27.5,55.7450535911817
10.4739403689856,3.86341769271864,284.12518530067,28,55.7500302878413
23.8846822643516,3.88697700850494,284.123650853603,28.5,55.7613791034972
-3.56560605312942,3.8393147123253,284.12358867868,29,55.7596849044557
16.8218119418759,3.87500305655667,284.122230908412,29.5,55.7676777946527
-20.4221218054827,3.81003472429531,284.124895168336,30,55.7579742158858
-12.0257392705772,3.82448768480352,284.126330482512,30.5,55.7522601814013
-9.691516041262,3.82846965838509,284.127334711256,31,55.7476552539519
-8.02119521751538,3.83132259394183,284.128075943283,31.5,55.7438439800628
-7.23998409784236,3.83263940534903,284.128693625657,32,55.7404038989276
53.5211738388322,3.93762829387482,284.129535591424,32.5,55.7658345045712
15.9647490288012,3.87390906829161,284.12793803835,33,55.7734201610064
-32.8143381242095,3.78893936504789,284.133351580872,33.5,55.7578284160494
-24.6795147535696,3.80262536073245,284.137265714721,34,55.7461019354407
-9.9107933046779,3.82814224438122,284.138375822942,34.5,55.7413928183181
-33.6024528583572,3.78681158878411,284.144283609352,35,55.7254266003523
-26.390747288591,3.7989207370768,284.148663788005,35.5,55.7128870269685
-9.91412655280491,3.82743033577344,284.14980700806,36,55.7081763260518
6.29170334690241,3.85580025696742,284.14893422434,36.5,55.7111658312357
2.58947946796345,3.84944359326439,284.14825928271,37,55.7123962233675
-36.0954990066786,3.78204837019231,284.154764155498,37.5,55.6952454335976
-14.9575454105517,3.8183724475858,284.156830334833,38,55.6881383503359
-11.9161167548419,3.82358225901509,284.158180239024,38.5,55.6824764030306
-23.2008706752197,3.80378327577413,284.161664932885,39,55.6714525007054
-2.74739764928292,3.83937290571737,284.161775880765,39.5,55.6701470736911
19.6919688663745,3.8786763971175,284.160202235444,40,55.6795037200176
-7.14743348989356,3.83199197333668,284.160552992582,40.5,55.6761076143381
20.4543843671462,3.88025129343801,284.159026705253,41,55.6858265226732
13.3644802377135,3.86817837027741,284.157521963402,41.5,55.6921766604258
-22.3199036955258,3.80591853190604,284.160532043112,42,55.6815713498884
24.8118327047038,3.88804515648463,284.159155004572,42.5,55.6933607014208
-23.2672826283522,3.80436826993895,284.162283514484,43,55.6823052434313
-6.97190500994662,3.83258616357193,284.162899383944,43.5,55.6789925401744
-38.8217391676017,3.7771713311196,284.170194229368,44,55.6605463763786
-24.405959569522,3.80163626578336,284.174144969002,44.5,55.6489498756173
-10.3575604920336,3.8259409997575,284.175287607852,45,55.6440284768996
16.9740892262148,3.87374880794849,284.173789242811,45.5,55.6520937217047
32.2607054900876,3.9004779448404,284.172290106284,46,55.6674224079098
-13.9659490538958,3.82027055750227,284.173571677617,46.5,55.6607864820257
19.4901098117553,3.87865986765712,284.172093533533,47,55.6700472149473
-43.0330493943165,3.77009877855715,284.1803702301,47.5,55.649600045532
-19.0909413386111,3.81094067189928,284.183191410939,48,55.6405289776587
14.5992617401347,3.86973824142199,284.181827730467,48.5,55.6474658223012
14.7746198831628,3.87026300195675,284.180232555996,49,55.6544859884305
-3.82301977306905,3.837923889138,284.180102426806,49.5,55.6526694791643
-23.8180980587801,3.80295859842513,284.183505757677,50,55.6413523010183
-5.08414470924072,3.83544109303324,284.183826660714,50.5,55.6389365677699
30.5280961216053,3.89750259052359,284.182382108596,51,55.6534420039895
-3.1470772610237,3.83922133069737,284.18207617196,51.5,55.6519466690592
26.1742168879895,3.89035850924709,284.180542837692,52,55.6643833579426
-4.73060134541911,3.83676162768068,284.180447097321,52.5,55.6621356109549
-28.1237873490811,3.79590236546503,284.184775894315,53,55.6487725829423
1.39140128834973,3.84711767286403,284.184384418883,53.5,55.6494337077816
-9.60519643254039,3.82789843875963,284.185110858377,54,55.6448697951264
-34.1222868857196,3.78516143433988,284.191032764147,54.5,55.6286565778292
20.7457843764755,3.88050109410072,284.189655454262,55,55.638513944987
8.91618994568709,3.86016340416979,284.188295066696,55.5,55.6427504759539
-6.12175093301353,3.83396185454594,284.188465990575,56,55.6398417237226
5.75557960403955,3.85471652598518,284.187501000478,56.5,55.6425764895108
22.2376529682278,3.88354424560927,284.185854413411,57,55.6531427185845
0.835947008285997,3.84647674175775,284.185145764811,57.5,55.6535399191162
-8.77643360026086,3.82966007368419,284.185731076584,58,55.6493697934288
-30.8895974714825,3.7910602792763,284.190750989835,58.5,55.6346925897084
-23.7164804387344,3.80312814467812,284.194333527796,59,55.6234236952124
33.7131800847934,3.90295949423959,284.193162079629,59.5,55.6394425252611
19.7315086111672,3.87923456612249,284.191367028315,60,55.648817958912
3.89920748405456,3.85185306002575,284.190380818941,60.5,55.6506706687974
-27.7051342829349,3.79672532086756,284.194494997864,61,55.6375065639447
-22.7395787257414,3.80501095081198,284.197799682397,61.5,55.6267018446607
-8.08516576037665,3.83035009488533,284.198468525587,62,55.6228601751444
0.752966945014405,3.84577109686143,284.197935245307,62.5,55.6232179476682
0.592696389302603,3.84553323659988,284.197353212365,63,55.6234995675779
23.5330055622949,3.88558571198098,284.19570923728,63.5,55.6346812839181
8.21297872168092,3.85920885799759,284.194373867743,64,55.6385836838106
-20.8271656517665,3.80853656409286,284.196961857868,64.5,55.6286876483095
-45.811079755984,3.76526789491019,284.206322362255,65,55.6069204967352
15.3062198131126,3.87094759336539,284.205135012186,65.5,55.6141932527689
25.7842628067496,3.88935904642654,284.20339794724,66,55.6264446548256
-39.6258487951746,3.77586600405305,284.210493655071,66.5,55.6076164180415
-20.8361368924416,3.80785272711778,284.213519551134,67,55.5977161198521
-42.7096007222821,3.76989030278235,284.221998696641,67.5,55.5774226371935
-26.0415701306807,3.79810707929866,284.226257867094,68,55.5650489754661
-9.77135826065187,3.82625190843541,284.227200424937,68.5,55.5604061109565
-7.01914926121895,3.83102840833885,284.227585386298,69,55.557070959576
-25.6852782992188,3.79841463622764,284.231428553669,69.5,55.5448665900448
-28.2434034365828,3.7937244411275,284.236067293122,70,55.5314467264036
5.36799271773029,3.85221589433399,284.235198232341,70.5,55.5339973301388
-6.00228644066408,3.8324296643381,284.235315263483,71,55.5311453415054
-46.7245872795372,3.76187122364349,284.245062984958,71.5,55.5089441364917
-32.4943843675377,3.78572807799485,284.251052783994,72,55.4935044176812
-38.9522159440547,3.77429123400889,284.258752333924,72.5,55.4749962577966
16.4793281040932,3.87061988906392,284.257255197411,73,55.4828264166707
13.6564020047336,3.86598634300695,284.255437996727,73.5,55.4893152611594
-8.48315664719206,3.82745729790632,284.2558210356,74,55.4852844861253
15.3921459222625,3.86921554851794,284.254112667798,74.5,55.4925980699816
-8.29529764894455,3.82800717393017,284.25443980281,75,55.4886565562203
-5.28418079137055,3.83323799015524,284.254506402044,75.5,55.4861457757531
-8.27419746078346,3.8279927189551,284.254973207891,76,55.482214287754
14.3313020779538,3.86751332283001,284.253313960389,76.5,55.4890238112634
-25.4172625234539,3.79825899117899,284.256868128298,77,55.4769467895277
-18.4479480007343,3.81012577505285,284.259269893319,77.5,55.4681812401779
1.00588240036131,3.84401758221633,284.258658449591,78,55.4686591855744
-12.6860805996497,3.8201069369245,284.259775956919,78.5,55.4626313896619
-6.28222461916852,3.83122534550905,284.260007321775,79,55.459646388299
0.864716884056488,3.8437342832102,284.259306616546,79.5,55.4600572588479
-7.80998634788764,3.82860256256186,284.259645688572,80,55.4563463409316
4.74436734050243,3.850555899138,284.258582325097,80.5,55.458600628837
14.4182045605997,3.86756486156582,284.2568198779,81,55.4654514440933
19.9887801887379,3.8774665070701,284.254869908453,81.5,55.4749491204299
-67.5675271007924,3.72705791630773,284.27198771908,82,55.4428443848128
-10.4309162443972,3.82378527223634,284.273390258158,82.5,55.437888131082
-6.44357892217702,3.8307108652332,284.2735960528,83,55.434826462162
-24.1735590053728,3.79972800656519,284.277023872576,83.5,55.4233403866152
-20.9543699010678,3.80509734732681,284.279920715817,84,55.4133839099678
-29.1402222902045,3.79068658975248,284.284698091431,84.5,55.3995379225151
-30.3015749696225,3.78839087865469,284.289880679462,85,55.385140117905
-12.6863498310573,3.81879637330052,284.291276868909,85.5,55.3791121940672
-23.8614612070969,3.79922329571668,284.294760251398,86,55.3677744119052
16.1434426400219,3.86901320912743,284.293018256521,86.5,55.3754449746762
-20.2875289855143,3.80555039724028,284.295464158343,87,55.3658053477377
-33.6236509208823,3.78223214711191,284.301436759895,87.5,55.3498290575046
11.6966171425991,3.86105195550039,284.299982661846,88,55.3553867094876
-30.7681294663805,3.78708162163145,284.304922781038,88.5,55.340767221335
-21.6929457643351,3.80254153560178,284.308074877404,89,55.3304598100917
-12.0495160630422,3.81922255416677,284.309254811661,89.5,55.3247344780555
29.9842060744552,3.89250382115679,284.307285071935,90,55.338981484717
9.51818121514017,3.85739949943023,284.305484205319,90.5,55.3435040520594
-2.5689081593295,3.83641456403876,284.304956763788,91,55.3422834343926
-3.3480408314719,3.83507447411193,284.304611869154,91.5,55.340692611547
-0.730736747666984,3.83967510117657,284.303954751961,92,55.3403454017098
10.487608869689,3.85934661846533,284.302290281596,92.5,55.3453285929625
21.6661457106278,3.87896942513475,284.300182169475,93,55.3556232701503
19.0825089085035,3.8747758532411,284.298071683762,93.5,55.3646903313512
-28.6749222521781,3.79171283450451,284.302234172537,94,55.3510654313845
-29.863441819419,3.78932042612249,284.307114874308,94.5,55.3368758059036
-48.0720995111302,3.7578022153729,284.317439314697,95,55.3140343299522
-17.4513850390472,3.81002816018632,284.319818869925,95.5,55.3057422978642
5.65795396939193,3.85035359894011,284.318601681549,96,55.3084306767958
-47.5427422453502,3.75816343213124,284.328504115512,96.5,55.285840725146
-16.8661817912284,3.81055328675131,284.330776333913,97,55.2778267525987
7.89099062088106,3.85379425400778,284.329344706517,97.5,55.2815761597253
-9.11105916877893,3.82419582107707,284.329714410969,98,55.2772470365746
-36.8666522669306,3.77590753087527,284.33642830011,98.5,55.2597298330465
-35.9753516720314,3.77705046411022,284.343212225997,99,55.2426361313273
3.47890709693637,3.84551732740649,284.34233044863,99.5,55.2442891353275
-36.563773628735,3.77583813292893,284.348915982624,100,55.2269158446969
1.51128293165819,3.84186318121605,284.348235168938,100.5,55.2276339313436
-29.1707963773303,3.78836858772856,284.3528252532,101,55.213773416602
9.56595640103226,3.85582455910729,284.351323552232,101.5,55.2183186843416
-26.0118574614181,3.79381066060695,284.355049071395,102,55.2059591406001
-0.014438775830266,3.83903570436463,284.354415738504,102.5,55.2059522800104
-14.0548587237272,3.81452947701674,284.355668332088,103,55.1992741086636
-9.57641268882153,3.82228602161705,284.356258299079,103.5,55.1947238726149
-6.14027316211491,3.82827921918729,284.356276067659,104,55.1918063195395
0.487572543789911,3.83990639571431,284.355398889414,104.5,55.1920379898149
-27.0670707269396,3.79184208087667,284.359417617843,105,55.1791770610981
-19.1224291289613,3.80541278895378,284.361897114762,105.5,55.1700910317895
-26.0313059254353,3.79323439897151,284.365870671495,106,55.1577222471031
-44.7652589583573,3.76074281862307,284.375306715412,106.5,55.1364520176695
9.76709114705164,3.85519633230881,284.373894001032,107,55.1410928546585
11.6284390230778,3.85866924528755,284.37187515682,107.5,55.1466181117827
5.69627870261378,3.8485258100198,284.370300349002,108,55.1493247007255
-8.9537159683881,3.8230105573727,284.370586527377,108.5,55.145070339255
-4.59901531146605,3.83060501395758,284.370335439088,109,55.1428851154203
-15.704953662788,3.81118422561965,284.371881973148,109.5,55.1354229008498
12.6874815217089,3.86075248372925,284.37000085842,110,55.1414513624108
19.278504266042,3.87243827966597,284.367662350924,110.5,55.1506115508788
0.580565402162962,3.84009754777396,284.366550375443,111,55.1508874067454
8.20903172772557,3.85349238636028,284.364855283986,111.5,55.1547879312222
-68.3615588653778,3.72219905222128,284.382587693907,112,55.1223059111169
15.9554333559207,3.86637595354606,284.38107126763,112.5,55.1298871412067
-40.6187974616981,3.7681646837646,284.388636673248,113,55.1105871044946
-4.43033312760146,3.83059463323164,284.388623175274,113.5,55.1084820300622
-3.3921856083526,3.83244439171974,284.388127554843,114,55.1068702318095
11.4232760797697,3.85839403387919,284.386177601882,114.5,55.1122980056849
-2.18461096563642,3.83480423113889,284.385400394102,115,55.1112599869726
-6.37370060621587,3.82750450204164,284.385287279842,115.5,55.1082315207604
-6.47866792362717,3.82730389557782,284.385222935861,116,55.1051531792883
33.3755388968409,3.8965605337229,284.383116724222,116.5,55.121011579001
-32.6959413742697,3.7821308417556,284.388179103286,117,55.1054760903038
-4.62838612413837,3.83062891136469,284.3880735275,117.5,55.1032769109165
-12.2834294480738,3.81723885581731,284.388906127167,118,55.0974404348484
-40.1428584639823,3.76887100498062,284.396492185583,118.5,55.0783665407279
-20.3273813718794,3.80267366076338,284.399254507525,119,55.0687079779133
21.7726803832016,3.87601908043208,284.397015302017,119.5,55.0790532750904
-35.9163526949614,3.77586916554378,284.403105361737,120,55.0619876067571
-1.73473032612628,3.83499215854441,284.402643427367,120.5,55.0611633489978
-10.4711082890717,3.81975580488542,284.403147487661,121,55.0561879980021
31.1186741225069,3.89209659238768,284.400902632321,121.5,55.0709740475784
42.1938887130623,3.91138689588312,284.399104978998,122,55.0910224894841
12.3221666298941,3.86052580630105,284.396842980462,122.5,55.0968773715385
-8.5218781018215,3.82428612472865,284.396865834526,123,55.0928281979908
13.8913380343399,3.86334033352167,284.394828637748,123.5,55.0994286724213
16.9720400311716,3.86887926454385,284.392535201317,124,55.1074929435507
-8.16878046350801,3.82523525229113,284.392471945563,124.5,55.1036115444771
-6.80864555802165,3.82752600803646,284.392391232306,125,55.1003764140094
-29.5703002002287,3.78785917863946,284.396805586317,125.5,55.0863260748778
-0.00269961703530974,3.83903614755923,284.396047502008,126,55.0863247921538
-26.550566456135,3.79278365209243,284.399702313739,126.5,55.0737092806332
25.9347557674113,3.88390759443459,284.397569577507,127,55.0860321894761
44.4746927426595,3.91587729624018,284.396117611335,127.5,55.1071643562643
20.1632984449345,3.87481434569589,284.393639813041,128,55.1167449550152
-7.87218184933633,3.82620241005841,284.393489111102,128.5,55.1130044848834
-17.2371521696571,3.80977241892056,284.395114298252,129,55.1048142456228
12.7207382352919,3.86184768444874,284.393224445737,129.5,55.1108585091237
-38.3930108182092,3.7731917360455,284.399803657005,130,55.0926160557625
-36.9361959063817,3.77521255516378,284.40648310657,130.5,55.0750658085482
-1.71772510962811,3.83598174501571,284.405977896463,131,55.0742496308239
-32.0047583872959,3.78329868125802,284.411005545869,131.5,55.0590425579798
38.6080505062303,3.90547209515425,284.409365681629,132,55.0773871875287
-38.8875502568963,3.7716844342245,284.416002601197,132.5,55.0589097535694
-4.35755351902354,3.83115000815674,284.415832800356,133,55.0568392603951
-0.243344704041647,3.83834441708213,284.41483664935,133.5,55.0567236350685
-9.26578123865874,3.82261958456565,284.415033025296,134,55.0523209956689
14.4000004798695,3.86386872489402,284.412916479252,134.5,55.0591631612494
-14.6732501420916,3.81333612253296,284.413917648871,135,55.0521911609903
-41.4208887130489,3.76697060373903,284.421728706811,135.5,55.0325100103219
-27.6976855272393,3.79008687428315,284.426065308689,136,55.0193494447482
-14.9890032884769,3.81191489432072,284.427516015118,136.5,55.0122274142642
6.07645899430133,3.84863510271621,284.425952124178,137,55.015114646014
-25.8299515470498,3.79309357638299,284.429404304297,137.5,55.0028415349353
-11.4433657115018,3.81789966908944,284.430196607476,138,54.9974042154639
-26.8026712065283,3.79108610177151,284.434051748537,138.5,54.9846689162775
-20.4184778671701,3.80192142525991,284.436604972333,139,54.9749670689292
16.5456106531157,3.86630830208868,284.434401603407,139.5,54.9828287219811
-3.45475521831272,3.83167545215079,284.433632407919,140,54.981187193755
-25.6410967707326,3.79299828678205,284.437117837884,140.5,54.9690038170934
-9.28868787246875,3.82125117564856,284.43754497775,141,54.9645902935982
3.39736405120617,3.8434045442064,284.436160180243,141.5,54.96620455239
-21.5001040600787,3.80002248055974,284.438651250449,142,54.9559887699541
6.76654190937616,3.8492105661305,284.437056958684,142.5,54.9592038948575
-6.24462693894526,3.82661180608208,284.436733425894,143,54.9562367580463
-33.6382285493402,3.77895556641705,284.442298346482,143.5,54.9402535412476
-32.7051165442986,3.78020361600893,284.447917684117,144,54.9247136929649
-8.66672310035019,3.82170493099886,284.448324566549,144.5,54.9205956962623
-51.0769140054295,3.74850367739653,284.459557690543,145,54.896326481587
-24.9328661510286,3.79276371315246,284.463468202747,145.5,54.8844796209677
-16.3984751059669,3.80744095081016,284.465220353878,146,54.8766878794257
-29.6480522927908,3.78429978550429,284.469962319222,146.5,54.8626005963584
6.76941370959091,3.847655285518,284.468385238767,147,54.8658170857988
12.2187166922004,3.85735300698672,284.466083610901,147.5,54.8716228135768
-35.476476581839,3.77445993243226,284.472112585332,148,54.8547661525422
-17.0395098759786,3.80608512330945,284.474064695469,148.5,54.8466698230909
-59.8972659426744,3.73259772532166,284.488847993092,149,54.8182096149141
-1.64458391624269,3.83229680573467,284.488516968344,149.5,54.817428190255
-25.527144332648,3.79065987599363,284.492090938289,150,54.8052989581368
-32.7815774765529,3.77788808456414,284.49780482395,150.5,54.7897227794137
15.4240288979761,3.86176869057317,284.495572975938,151,54.7970515124778
-27.5215577975087,3.78704436529801,284.499486667658,151.5,54.7839746340604
-35.4248739575279,3.77314145099496,284.505955332123,152,54.7671424920318
-8.81299351478646,3.81914270442891,284.506391022536,152.5,54.7629549948874
4.86397514678213,3.84312086793367,284.504719617897,153,54.7652661144864
15.964999299219,3.86265553786705,284.502117222334,153.5,54.7728518898377
-15.8537399000515,3.80732414350994,284.503329362704,154,54.7653189794313
-4.32778752970229,3.82738553903762,284.502823396763,154.5,54.7632626295779
-23.0204569919005,3.79476562949138,284.505728723393,155,54.7523244508813
16.9832011535222,3.86445396810026,284.503308673566,155.5,54.7603940252222
-45.4596322025087,3.75625738152618,284.51239449621,156,54.7387938640836
-3.03341301937459,3.82933277264283,284.511996297014,156.5,54.7373525367599
-23.4580262821369,3.79370736397969,284.514996439391,157,54.7262064468524
14.7432537606112,3.86026772849029,284.51265905907,157.5,54.733211709357
8.04994352303421,3.84886613702474,284.510485407856,158,54.7370366430141
-14.8653839140053,3.80896980388468,284.511509876593,158.5,54.7299733503219
-5.08686184127916,3.82596462080307,284.511067274348,159,54.7275563260271
-37.7385275175188,3.76923229462222,284.51784616962,159.5,54.7096248506496
-3.5115207579995,3.82836433588767,284.517407828108,160,54.7079563502562
-15.0229324276401,3.80827848842552,284.518570372773,160.5,54.7008181983291
-42.9000645803125,3.75996038488004,284.527111254108,161,54.6804342166976
-13.3227490951257,3.81072273748963,284.528358522416,161.5,54.6741039075129
-7.97300233088894,3.82003535822556,284.528360660202,162,54.6703155324917
-34.8959415086586,3.77319111573707,284.534422575248,162.5,54.6537347129129
-30.0064323740057,3.78129801089306,284.539423985411,163,54.6394771454168
13.0032492149421,3.85617336025562,284.537183888157,163.5,54.6456556441147
8.79508540676876,3.84909700905597,284.534898510662,164,54.6498346322149
-14.3420714941456,3.80882237320361,284.535814411561,164.5,54.6430199916134
11.4183688641783,3.85378613034608,284.533540712507,165,54.6484454338235
10.8599358713694,3.85303070829505,284.531115587441,165.5,54.6536055363895
4.82593768946469,3.84270215202167,284.529209436465,166,54.6558985824765
-6.17684918235668,3.82358637704132,284.528715277264,166.5,54.6529636502915
-50.303021056585,3.74737780220716,284.539568205618,167,54.6290621511385
-12.4955493912619,3.81197965034919,284.540681855079,167.5,54.6231248862006
8.64512017714172,3.84889506277698,284.538588693822,168,54.6272326182662
-8.08247179058232,3.81983720124624,284.538363362039,168.5,54.6233922287906
-2.07917944174564,3.83032116668095,284.537383702776,169,54.622404305906
-10.3933047000991,3.8158302893555,284.53761956415,169.5,54.6174659233145
-2.39111223087317,3.82977715136451,284.536700270628,170,54.6163297854493
2.17579777004057,3.83780940375726,284.535154227798,170.5,54.6173636165685
-23.1836370902719,3.79362456431897,284.537930484967,171,54.6063479027875
-6.64308372451927,3.82227225653323,284.537739961984,171.5,54.6031914390866
-11.5894872205581,3.81362047335737,284.538223044714,172,54.5976846899258
-2.68290861355979,3.82913377536323,284.537352968998,172.5,54.5964099049008
35.1830609471807,3.894788871373,284.534707958558,173,54.6131271493876
-26.3176751837413,3.78846786960959,284.537961920921,173.5,54.6006222962416
3.26396667317949,3.83979422454235,284.536496224108,174,54.6021731712196
-13.2176471741406,3.81109223769679,284.5371590646,174.5,54.5958928012518
5.74409135171533,3.84412462169904,284.535328724881,175,54.5986221083926
1.06134079924657,3.83607505220957,284.533839249937,175.5,54.5991264048679
-28.2931074220283,3.78498061407012,284.537813515227,176,54.5856829243596
-9.34259040916081,3.81767157937519,284.538083654327,176.5,54.581243789054
14.776357690231,3.85972246809143,284.535566583564,177,54.588264780903
-10.1187443478243,3.81651638046697,284.535596076891,177.5,54.5834568557649
-12.9398039682483,3.81152185154435,284.5363127336,178,54.5773085030996
0.95333102775831,3.8357025527575,284.534983338291,178.5,54.5777614786918
-2.36773832649201,3.82997055926347,284.533952791632,179,54.5766364469459
46.9302407724772,3.91487098981096,284.532221946567,179.5,54.5989353682931
-15.6773075168804,3.80738292644509,284.533035772952,180,54.5914862897992
14.5730028548715,3.85996985495405,284.53062105329,180.5,54.5984106575225
9.51457539074156,3.85137987997101,284.528296044194,181,54.6029315115561
-27.7789787351812,3.78656835331239,284.531971909634,181.5,54.5897323194844
-16.281322649229,3.80620923639879,284.53344093111,182,54.5819962429758
-36.1613805843388,3.77164407130766,284.539659408778,182.5,54.5648141495498
24.9659117105669,3.87746776326904,284.537125825794,183,54.576676711779
-40.1743028988074,3.76475959337775,284.544210927713,183.5,54.5575878768236
-15.9868187068128,3.80610351836906,284.545781477884,184,54.5499917339727
10.7424303806434,3.85264065591329,284.543544585206,184.5,54.5550960037611
-38.9661180334674,3.76644096214188,284.550400688578,185,54.5365812382936
-20.7095801060111,3.7975349196431,284.552964559398,185.5,54.5267410736083
3.63794230076245,3.83987723347395,284.551375423611,186,54.5284696432448
-2.66534351421226,3.82898547704762,284.550333914578,186.5,54.5272032042833
40.0108588376096,3.90274555499024,284.54794893518,187,54.5462143787322
4.80290378114675,3.84259863318767,284.545830347777,187.5,54.5484964802491
4.01471328414738,3.84131672561138,284.543995657965,188,54.5504040727584
0.997198085746684,3.83613463547153,284.54248917298,188.5,54.5508778917995
-3.15658650278664,3.82892921533838,284.5415169187,189,54.5493780385493
-24.9383759286796,3.79098747566906,284.544602267673,189.5,54.5375285599571
-28.0831025952258,3.78527180334894,284.548687038083,190,54.5241848633203
-44.7554116361013,3.75637622618495,284.557723722347,190.5,54.5029193128456
-1.81749794390321,3.83025244688134,284.557013895224,191,54.502055728022
-8.91363986451005,3.8179113602278,284.556935800848,191.5,54.4978204087271
-2.50636253832725,3.82907630286683,284.555958981759,192,54.4966295096354
18.5582154335259,3.8658015008384,284.5531833292,192.5,54.5054474525968
16.1224324978086,3.86185538106341,284.550378938889,193,54.5131080323909
22.7161864352124,3.87348820733828,284.547439838151,193.5,54.5239016368194
-13.8350800162042,3.81018661080347,284.54798874122,194,54.5173278934071
-36.409444232138,3.77096796997005,284.554178991303,194.5,54.5000279324466
3.56842379118348,3.84002777686635,284.552734523749,195,54.5017234703374
24.0548650624267,3.87567264793072,284.549847611112,195.5,54.5131531484132
-28.4577423687095,3.78470032917793,284.553577539948,196,54.4996314415488
-3.64931012867469,3.82755484652738,284.552912092683,196.5,54.4978974704846
27.8345276248544,3.88220013073182,284.550098694274,197,54.5111230566318
-0.854691292403631,3.83281573886194,284.548639095906,197.5,54.5107169497466
16.9135294890391,3.86374840569827,284.545975244681,198,54.5187534195701
-51.4155655203487,3.74589247186393,284.556680299388,198.5,54.4943232945017
-38.3451194753915,3.76742088454536,284.563861398993,199,54.4761035967299
5.50861900205731,3.84317916899169,284.562224844638,199.5,54.4787210190963
11.4466358752155,3.85364849110454,284.559730670848,200,54.4841598923872
-21.1598429895889,3.79699838940868,284.56182964981,200.5,54.4741057851255
-29.4872068066126,3.7823595549069,284.56621996627,201,54.4600949278507
-35.6938428652367,3.77135973659154,284.572448471659,201.5,54.4431349851457
34.5282516024388,3.89277941127381,284.569965609537,202,54.459541096729
-46.6343167812471,3.75286031779871,284.579060569051,202.5,54.437382783776
17.2993219392715,3.86315057244671,284.576678196357,203,54.4456025630257
28.870346884413,3.88335965545016,284.573639338225,203.5,54.4593203190791
-16.67224341346,3.80463145213485,284.574652670251,204,54.4513984964241
-21.7779367252776,3.79559071438127,284.577091691041,204.5,54.4410507016941
28.8839168228232,3.88341201889391,284.574351724732,205,54.4547749055087
17.3925933549337,3.8639980211644,284.571400446131,205.5,54.4630390027063
-12.7003819732743,3.81183579655745,284.571713458478,206,54.4570044114909
-0.428582885451688,3.83311963634888,284.570432000275,206.5,54.4568007701735
-41.1939085973477,3.76252823526874,284.577879509134,207,54.4372274691915
-12.7866413977698,3.81113097657441,284.578751153025,207.5,54.4311518917785
-11.5103901484056,3.81326313420502,284.579119209391,208,54.425682725621
-33.5077421657207,3.77502467224141,284.584488944333,208.5,54.409761509476
-14.1200529186912,3.80829072889047,284.585554813647,209,54.4030523610831
-4.33581180998593,3.8252813230098,284.584806470894,209.5,54.40099219849
-4.88078823871491,3.82435351392669,284.584051062881,210,54.3986730901441
-19.5729828732069,3.79873835810795,284.585943475924,210.5,54.3893729800566
-23.7301956443126,3.79134400689726,284.588918804217,211,54.3780975687755
-12.1954955201829,3.81121557576943,284.589543620554,211.5,54.372302874546
-6.47506503814362,3.82114359230644,284.589101037621,212,54.3692262449863
-3.84461611879418,3.82574362523588,284.588218642607,212.5,54.3673994742084
-1.46519903206057,3.82993173233257,284.586991018294,213,54.3667032843437
3.88448671740675,3.83932613048773,284.58512168052,213.5,54.3685489996513
-8.50146025756453,3.81781026448265,284.584853717579,214,54.3645095276499
-21.24830234871,3.79555280540468,284.587144444847,214.5,54.3544133888908
-15.9978721939943,3.80449710231872,284.588459252755,215,54.3468119939713
-19.3924363552428,3.79846295332618,284.590438282143,215.5,54.3375976706288
-7.77739607258505,3.81856860860979,284.590269693105,216,54.3339022379941
-26.6679807214624,3.78565471561781,284.593881851573,216.5,54.3212309370416
-37.9334260369523,3.76597953359263,284.600832025379,217,54.3032068555601
8.80295358713046,3.84691224604098,284.59881914359,217.5,54.3073895822291
-8.7416292768904,3.81646814245637,284.598574039995,218,54.3032359938289
-5.21657759388086,3.82261049739819,284.597907870895,218.5,54.3007573350462
-14.2683152561477,3.8068188414433,284.59875642026,219,54.2939777397486
38.6158057732735,3.89834132390479,284.596154497631,219.5,54.3123260542155
3.18071262911592,3.83774726232149,284.594086915115,220,54.3138373710035
-21.5820693231195,3.79464761332073,284.596322808591,220.5,54.3035826427424
-65.4495865880335,3.71993802356551,284.613117285224,221,54.2724842473472
0.364137512626447,3.83200079021588,284.612273581035,221.5,54.2726572674216
-9.51359867432484,3.81483884438761,284.612193766564,222,54.2681368774753
18.0539108235186,3.86286746351057,284.609314007291,222.5,54.2767151999138
-37.6803665388994,3.76627810674243,284.615710106758,223,54.2588113597468
27.3920745504819,3.87888302555863,284.612926709496,223.5,54.2718267141513
-37.5298754486083,3.76657636914173,284.619190171495,224,54.2539943798818
-4.87331094689899,3.82286366222703,284.618697672486,224.5,54.251678824374
-19.3453229069395,3.79763131661013,284.620531502675,225,54.242486887004
-34.9572996206295,3.77044267241466,284.626478740457,225.5,54.2258769130954
-61.8126053951415,3.72466649043066,284.642132830759,226,54.1965066306659
-37.9058079966449,3.7643192439553,284.649618554322,226.5,54.1784956719064
5.97084899979885,3.84038865064622,284.647769446985,227,54.1813327230281
-44.098104999705,3.75361077729636,284.656507240802,227.5,54.160379492046
-27.7630121983084,3.7812599675774,284.660891057517,228,54.1471878864803
-17.638341277273,3.7986762931871,284.6626774255,228.5,54.1388070220661
-30.8195668555797,3.77567602831152,284.667615551341,229,54.1241630934189
-46.7182523360179,3.74814115530669,284.677738375673,229.5,54.101964898456
-19.5816311804226,3.79451762925737,284.680210335651,230,54.092660679122
-35.0409134872449,3.76759121509022,284.686464714012,230.5,54.0760109760537
22.8901180161601,3.86831737578623,284.68341123575,231,54.0868872241374
8.90096744839672,3.84442324355406,284.680682170816,231.5,54.0911165221291
-37.3970288329758,3.76398682824207,284.687236731021,232,54.0733473099784
15.9949798016337,3.85666075757698,284.684490463338,232.5,54.0809473305766
-7.01368265094076,3.81679689057056,284.683792901013,233,54.077614776658
-14.7572165118214,3.80327747598871,284.684679222195,233.5,54.070602879747
-8.72461344465012,3.81375167553721,284.684511200025,234,54.0664573764258
-23.6248035929629,3.78774699588481,284.687381473772,234.5,54.0552320422172
-4.18294420229314,3.82152076379397,284.686567201082,235,54.0532445147246
14.1028974531941,3.85349863942304,284.683621325378,235.5,54.0599455116916
-34.7245995408728,3.7687120322137,284.68923578731,236,54.0434461053125
10.4545540499912,3.8470937144267,284.686829485265,236.5,54.0484135905553
4.76213654059904,3.8373886508498,284.684556987312,237,54.0506763215027
-30.2139158164944,3.7765563597353,284.688935147416,237.5,54.0363201681718
0.229926038435483,3.82933959129273,284.687544978881,238,54.0364294176145
-42.585174913689,3.7551174159311,284.695708300846,238.5,54.0161950559251
-19.2558608710294,3.79495579572713,284.697896905209,239,54.0070456264747
-16.5256224835553,3.7995956092369,284.699251754488,239.5,53.999193470809
-49.0568166486103,3.74343205178553,284.709919195543,240,53.9758841061437
-14.1820448208661,3.80310903234326,284.711151233451,240.5,53.9691455022755
-31.0787872118072,3.7736577719929,284.716085054112,241,53.9543784049797
-29.9123390061315,3.77541576205368,284.720892071233,241.5,53.9401655459824
20.0967373092498,3.8624510600313,284.717774778932,242,53.9497145181849
6.02567506859769,3.83833552807697,284.715246972231,242.5,53.9525776199335
-7.72746271914247,3.81446411173504,284.714677081262,243,53.9489059131502
27.2509673994367,3.87530670850272,284.711254858506,243.5,53.9618542204393
4.4047704029466,3.8361082858209,284.708851533218,244,53.9639471487336
-29.5766448393205,3.77700175633481,284.713005276577,244.5,53.9498937949444
-27.8101137701988,3.77976159738773,284.717047140982,245,53.9366798090493
-26.4337235928635,3.78189135056846,284.720747222877,245.5,53.9241198154586
-46.0091071617882,3.74801571313809,284.730403936323,246,53.9022585710888
24.1334359016278,3.86933910824925,284.727323336499,246.5,53.913725582128
-36.9269986693041,3.76352052910689,284.73353165875,247,53.8961797049844
30.0809047147246,3.87960593827457,284.730323300409,247.5,53.9104726580408
-75.2020859229249,3.69969736331332,284.751367438086,248,53.8747403589615
-2.59729995985243,3.82254750743696,284.750819765449,248.5,53.8735062509202
30.7335701047351,3.88046842674552,284.747242552736,249,53.8881093181792
2.27967657063879,3.83165197655477,284.744975579445,249.5,53.8891925073491
25.3336921284125,3.8717608698878,284.741422351329,250,53.9012298205806
-8.60310925193153,3.81313856751635,284.740738362364,250.5,53.8971420500217
-2.73593544200443,3.82335042023416,284.739395304214,251,53.8958420692795
6.21297914199843,3.83900331446964,284.736932676365,251.5,53.8987941686282
-8.96571498328134,3.81265117930539,284.736438147238,252,53.8945341058213
-49.4094610807745,3.74286395208728,284.746829396785,252.5,53.871057182023
-41.1765935852137,3.75626209596604,284.75495919614,253,53.8514921082755
17.9034416234968,3.85851433934574,284.751973720699,253.5,53.8599989352177
-16.1998288308647,3.79936985152328,284.752781043571,254,53.8523015805272
-15.5014855756674,3.80047928370457,284.753725830547,254.5,53.8449360438939
-33.3555018279546,3.76939703219273,284.75908801979,255,53.8290871648019
6.73823937972552,3.83892925488705,284.756826221593,255.5,53.8322888417479
-29.8862331626558,3.77526595909192,284.761019028109,256,53.8180883869518
-17.0135210162199,3.79735507026358,284.762441330595,256.5,53.8100044061169
-22.5311545281249,3.78764172179022,284.764992018918,257,53.7992987196679
-9.41639053345106,3.81035945474244,284.764862073037,257.5,53.7948245182058
-0.456266302788717,3.82602690225734,284.763202883919,258,53.7946077231024
-6.90624478564959,3.81484943269789,284.762427057591,258.5,53.7913262183254
23.722476630603,3.86814480701258,284.758902827397,259,53.8025979619142
-22.0730482288363,3.78879726472905,284.760940387442,259.5,53.7921099448436
-2.18496944300095,3.82330840192366,284.759619067143,260,53.7910717558006
4.57848918915077,3.83517519252506,284.757278052842,260.5,53.7932472266407
-26.0834860599155,3.78184825336035,284.760425905557,261,53.7808536485439
-14.0635175524518,3.80251607207676,284.761160451881,261.5,53.7741713629514
11.6269446697388,3.84726918439857,284.758273139365,262,53.779695910033
-2.27502021158318,3.82325467000763,284.756676176196,262.5,53.7786149333339
-8.16476521709659,3.81301475788634,284.756092790939,263,53.7747354421061
-6.05549408372467,3.81667482775972,284.755217562281,263.5,53.7718581718414
-8.85204338030569,3.81179285387384,284.754786371717,264,53.7676521201389
13.135273371219,3.85009609450773,284.751766508357,264.5,53.7738933501636
-12.378451654167,3.80584115100749,284.751805789467,265,53.768011724259
-3.4306215436279,3.82137670444151,284.75056917596,265.5,53.7663816631574
26.3500506325197,3.87306536825411,284.747068176721,266,53.7789018995099
-18.4041346158883,3.79567678124661,284.748203373519,266.5,53.7701571681062
-33.2520799410122,3.76979045248603,284.753421071011,267,53.7543574299623
-2.186069469438,3.82344904733289,284.75221320627,267.5,53.7533187182413
-1.01231520764939,3.82554748631313,284.750552993052,268,53.7528377162941
-14.3952032096412,3.80224875057779,284.751089980931,268.5,53.7459978301383
-27.7791677184237,3.7788837316177,284.754820805757,269,53.7327985482712
-28.5997083336894,3.77718976972579,284.758938135642,269.5,53.7192093862258
10.8240719774671,3.84562281293715,284.756259474394,270,53.7243524480492
8.11372023394065,3.84112100061833,284.753476766074,270.5,53.7282076852343
-2.60078804548493,3.82260804408309,284.751951620787,271,53.7269719198278
-19.1703846329777,3.79374306737878,284.753496770159,271.5,53.7178631044437
-2.10434175161621,3.82335123630005,284.752137606033,272,53.7168632256782
-11.046602357845,3.80778824708401,284.752058662236,272.5,53.7116144284618
-2.73093765805529,3.8222461460452,284.750715258953,273,53.7103168224184
-1.12044689141151,3.82509772301227,284.749079458638,273.5,53.7097844416615
6.06784307190359,3.83768721526811,284.746596710036,274,53.7126675795526
-45.1672640903484,3.74906435672422,284.75533651529,274.5,53.6912063372311
-10.9580422546317,3.80763404898465,284.755685845615,275,53.6859996193807
29.1319452096755,3.87716726580585,284.752214579865,275.5,53.6998416739756
-13.6720926389234,3.80329215288306,284.752385021059,276,53.6933453740762
-9.04523480110833,3.81125756005874,284.752040769636,276.5,53.6890475273983
-12.8764287568098,3.80453068850819,284.75235136008,277,53.6829292874882
-11.6707236293451,3.80654663403789,284.752477381992,277.5,53.6773839388177
22.6994052282575,3.86624514457171,284.749078521314,278,53.6881695696494
-19.3014940460216,3.79353665807662,284.750440663668,278.5,53.6789984575789
-5.28449062257758,3.81779350546039,284.749540726335,279,53.6764875298953
-39.1104885449584,3.75915584972491,284.756409060585,279.5,53.6579041667256
27.1837584549246,3.87371936467238,284.753206162365,280,53.6708205396598
-33.6433358831686,3.7685453400325,284.758172818227,280.5,53.6548348961095
-15.2507216975113,3.80006550110214,284.759195064596,281,53.6475885100262
22.1272010263637,3.86499054034298,284.755814847924,281.5,53.6581022578187
25.0200664032118,3.87028380372456,284.752145846063,282,53.6699905516702
3.75326062378212,3.83380987129399,284.749709170538,282.5,53.6717739148507
-9.14449904382522,3.81140983516976,284.749200537706,283,53.667428902731
-16.4834504887297,3.79855601922983,284.750178263793,283.5,53.6595967851043
22.523298291903,3.86620847788739,284.746860372754,284,53.6702987386597
-3.14711306889784,3.82197778647819,284.745298601143,284.5,53.6688033867152
-20.5230755342916,3.79171712489466,284.747075339496,285,53.6590518397466
-3.22260838443376,3.82164736658042,284.745870218507,285.5,53.6575206161749
-5.1117901787216,3.81836696586372,284.744789062985,286,53.6550917471713
-8.41540649258661,3.81259574497447,284.744248526069,286.5,53.6510931636483
-10.5175104191188,3.80888170889679,284.744100576986,287,53.6460957646633
-7.72619953934719,3.81367839525304,284.743502674535,287.5,53.6424246580803
-10.0801568457068,3.80953794286901,284.74328137349,288,53.6376350678082
-4.98836210648285,3.81835815858073,284.7422567718,288.5,53.6352648456991
0.608771675684142,3.82812140350607,284.740423861154,289,53.6355541037871
-10.4283084326481,3.80893601070334,284.740197592681,289.5,53.6305990891591
-15.5291713184934,3.79997667837829,284.741031429363,290,53.6232203976348
-29.1070333510066,3.77628498537035,284.745093516629,290.5,53.6093901799188
22.2152733838949,3.86520125543091,284.741895690278,291,53.6199457753247
-26.7684284864611,3.78039221333989,284.745028459308,291.5,53.6072267465794
-21.3747773641195,3.7894686687637,284.747297942056,292,53.5970705131697
-23.7621032598789,3.78513193216838,284.750098005168,292.5,53.5857799409733
8.63699887871386,3.84139218136363,284.747580091381,293,53.5898838142009
-5.00713965502245,3.81778694137644,284.746418007323,293.5,53.5875046699327
28.084086968641,3.8751535024254,284.742953555528,294,53.6008488342948
-15.519686990335,3.79987319342457,284.743483745576,294.5,53.5934746492526
-43.1239307994555,3.7521206570172,284.751692570642,295,53.5729842975039
-1.51027084055209,3.82371104935686,284.750509976125,295.5,53.5722666917526
-10.2973900242315,3.80843568422113,284.750294056453,296,53.567373883055
5.88367028191237,3.83661304244354,284.74790737548,296.5,53.5701695111764
19.4615388980442,3.86029449038395,284.744487851824,297,53.5794166686178
13.0798785299108,3.84953776464729,284.741311582367,297.5,53.5856315777632
-17.8136566803994,3.79594800941454,284.742393821115,298,53.57716741217
-19.9013539603946,3.79214324445406,284.744201333967,298.5,53.5677112764383
-24.6582541544226,3.78369645914407,284.74716003706,299,53.5559948978112
-53.8408295319649,3.73359910195521,284.759331789576,299.5,53.5304124076462
18.9555782966952,3.85878945839237,284.756454974503,300,53.5394191577198
4.68875090896949,3.83433809401832,284.753955478443,300.5,53.541647019457
-21.2365367697277,3.7892727175052,284.755893563643,301,53.5315564711171
2.26674211487083,3.8300617094027,284.753989536303,301.5,53.5326335144756
-35.7250001738336,3.76415057401489,284.759769803372,302,53.5156587673638
26.9225333256149,3.87249644059556,284.756527012522,302.5,53.5284510190807
-20.1276810604176,3.7911685132602,284.758045197566,303,53.5188873439433
-19.6952926784712,3.79173576479467,284.759857187087,303.5,53.5095291183063
-8.33716390764424,3.81136651790803,284.759454316896,304,53.5055677117766
15.6501153235409,3.85311359730902,284.756275375545,304.5,53.5130038698898
34.749411192146,3.88611513111798,284.752787019183,305,53.5295150655343
-25.3214660349064,3.78255487094605,284.755418401185,305.5,53.5174835615357
50.3187552942329,3.91244214092142,284.753406768805,306,53.5413925368175
1.49255974163372,3.8296078041358,284.751092801735,306.5,53.5421017271335
-20.5391533033952,3.79129577090275,284.752780637871,307,53.5323425408069
23.0353217826877,3.86674478204901,284.749519931889,307.5,53.5432877825143
-49.0548652751683,3.74253188969375,284.759235759281,308,53.5199793450448
-36.9615833416854,3.76247403754828,284.765791976774,308.5,53.5024170349812
-29.5099889297833,3.77487945204694,284.770149184664,309,53.4883953527722
-7.12828185263249,3.81349952531953,284.769614179618,309.5,53.4850083470003
-5.31804512698051,3.81665593808181,284.76857588403,310,53.4824814758815
43.2385362445791,3.90021963011125,284.765650577798,310.5,53.5030262824501
-14.5193239111034,3.80122499864907,284.765831075419,311,53.4961274202968
-18.3144302565773,3.79448924181164,284.767200300269,311.5,53.4874253119528
-30.5420175528367,3.773137520258,284.771598562609,312,53.47291326096
-30.4270171384768,3.77301414969809,284.776136620133,312.5,53.4584558524567
-16.3000503773966,3.79721730740359,284.777308627571,313,53.4507108774611
3.62516735419169,3.8318660243297,284.775154814205,313.5,53.4524333770769
-24.8485800356953,3.78238396390434,284.777938253186,314,53.4406265650366
-32.0915068079262,3.76963045251826,284.782929021321,314.5,53.4253782736482
5.91360787617546,3.83547241541349,284.780680741701,315,53.4281881266287
22.8183918885211,3.86491039524305,284.777056517336,315.5,53.4390302940163
47.2859143382425,3.90670833453879,284.774268147987,316,53.4614982137905
-4.38788986085839,3.81864576184694,284.772687924609,316.5,53.4594133062921
-0.609949387551969,3.82521132517249,284.770919284121,317,53.4591234886139
-5.24896418969539,3.81715858112367,284.769768342291,317.5,53.4566294413281
19.2428129790129,3.85966734007834,284.76641453829,318,53.4657726710677
-52.6743342262337,3.73584780260547,284.777469092066,318.5,53.4407444415808
-16.2880794350091,3.79757460195006,284.778823503436,319,53.4330051545829
-31.3036271253895,3.77142111377867,284.783413543024,319.5,53.4181312245185
-12.1143977583737,3.80440254608637,284.783736442864,320,53.4123750639207
-0.672155252691907,3.82429946682362,284.782046164759,320.5,53.4120556891025
-71.5643774916275,3.70346316172538,284.801327843835,321,53.3780518485365
-8.00123196821347,3.81079048654164,284.801432276516,321.5,53.3742500601927
-14.7604685460858,3.7990100706857,284.802067971699,322,53.3672366180765
-11.3270400525478,3.80492602188578,284.802096496018,322.5,53.3618545707852
-33.2445130282636,3.76683172571577,284.807305883124,323,53.3460584280626
-23.0068016587116,3.78423376852995,284.8100493731,323.5,53.3351267377028
-8.51201866007931,3.80933938030838,284.809668256464,324,53.3310822488725
-21.7637457237065,3.78623779807623,284.811864514604,324.5,53.3207411970021
-9.53595747260214,3.80740718296204,284.811649263133,325,53.3162101832645
-25.6609181666427,3.77930750122726,284.814818734683,325.5,53.3040173884593
-0.937147720993281,3.82222993502631,284.813278266593,326,53.3035721023713
-0.581959241232181,3.8229499723362,284.811454699421,326.5,53.3032955842215
52.3361838485212,3.91353911180939,284.809071384454,327,53.3281631414308
-21.5729066700412,3.78717416839087,284.810692032377,327.5,53.3179127668078
-43.020244053068,3.75003608054626,284.818931300287,328,53.2974716818551
-21.4010194312441,3.78680306290367,284.821343886289,328.5,53.2873029795174
24.9100356336006,3.86717180496501,284.817775435252,329,53.2991389922079
-5.57802009134969,3.81463229794489,284.816447728886,329.5,53.2964885938882
-5.82629996824969,3.81420713658274,284.815384602854,330,53.2937202252926
6.54779987975474,3.83578962796073,284.812737033186,330.5,53.2968314148393
-3.03307356538517,3.81923938570176,284.811152854539,331,53.2953902488073
3.51529284318349,3.83068684613241,284.808808943412,331.5,53.2970605415084
-25.1613225986925,3.78085113444422,284.811585093284,332,53.285105129723
-12.7335297160035,3.80221454369247,284.811915444718,332.5,53.2790547883453
-20.7714510569307,3.78813929645493,284.813822173389,333,53.2691852256548
23.8866940199119,3.86559916486544,284.810306964109,333.5,53.2805349971972
7.83174284314128,3.83818365483127,284.807334265285,334,53.2842562527202
34.6646402175328,3.88447693722166,284.803754308038,334.5,53.3007271694046
-37.9209839013813,3.75942560482767,284.809749921746,335,53.2827089998084
-3.1712786164997,3.81921947984755,284.80858884865,335.5,53.281202165595
0.168793482316904,3.82506368039452,284.806644129944,336,53.2812823678808
-3.01898611857969,3.81956554863156,284.805102460441,336.5,53.2798478955044
-25.3436090643099,3.78073848598122,284.807944556067,337,53.2678058702372
-8.22826938891018,3.81025271901684,284.807453000912,337.5,53.2638962049785
39.0135822216741,3.89170154995216,284.804171979867,338,53.2824335230727
-63.3545103442634,3.71659573532325,284.819344845417,338.5,53.2523306039334
-9.58036208298313,3.80767329643556,284.819513421836,339,53.2477784913286
-3.04015128256392,3.8190473052441,284.818047222506,339.5,53.2463339623167
-9.22442229092152,3.80829924709417,284.81750337292,340,53.2419509746364
20.9375541849416,3.86066710876286,284.81396280542,340.5,53.2518994612899
-24.564328002794,3.78190875372046,284.816414049211,341,53.2402277117087
-18.3515724086264,3.79244599263271,284.81784223142,341.5,53.2315079552574
-43.6139876930605,3.74876685437282,284.826210051159,342,53.2107847527935
-4.87185166362846,3.81534024904253,284.825377115743,342.5,53.2084698906646
14.0041240915282,3.84823261613674,284.822090785851,343,53.2151239554321
6.02240508455874,3.83461555931907,284.819325436995,343.5,53.2179855034466
-9.38444608801578,3.80789989137763,284.818726188229,344,53.2135264803996
-9.92481177735623,3.80690971174557,284.818354239243,344.5,53.2088107023945
-21.2656977715872,3.787113400985,284.820302655454,345,53.1987062981938
-4.7363620357129,3.81572525316212,284.819201551316,345.5,53.196455814012
9.70444861757765,3.8408985389814,284.816249599934,346,53.2010668863798
-7.73079160320149,3.81071107649099,284.815350292727,346.5,53.197393597876
48.100898452594,3.906505243874,284.812724216729,347,53.2202487576551
1.60022184992979,3.82757786329885,284.810266831868,347.5,53.2210091036619
-12.2857042481573,3.80344051529377,284.810186078766,348,53.2151715467217
-5.3597059960306,3.81539524527629,284.809070307687,348.5,53.2126248804255
-23.5420106849334,3.7837483246474,284.811448488201,349,53.2014388852978
-18.0771997329924,3.79299082589267,284.812787078672,349.5,53.1928494971253
12.8558640554268,3.84667570615418,284.809737158561,350,53.1989579657098
7.62304188020677,3.83780511664539,284.806857408746,350.5,53.2025800568928
24.7607890643526,3.8675334613145,284.803187938064,351,53.2143451550204
18.8217485690598,3.85764501025516,284.799572039536,351.5,53.2232883158491
21.4215628174073,3.8623582026388,284.795946126759,352,53.2334667793843
14.5351787468648,3.85075005720116,284.792584146962,352.5,53.2403731749687
35.4314605317226,3.88668793065206,284.789219393619,353,53.2572084466104
-9.92666953295556,3.80886634438766,284.788474365587,353.5,53.252491785892
25.0061857199975,3.86922522444017,284.785096698339,354,53.2643734843318
47.2996658390082,3.90716785609991,284.782641437968,354.5,53.2868479381368
-29.3073467123202,3.77605370644979,284.785886243037,355,53.2729225414527
21.6440801308541,3.86391320266558,284.78275014929,355.5,53.2832067341721
-14.8574546103701,3.80090616668798,284.782944849826,356,53.2761472090914
21.3108950300691,3.86340512502332,284.779683982474,356.5,53.2862730887863
-47.7172207582906,3.74461545288685,284.788604381003,357,53.2636002336062
6.40864543455527,3.83735769069739,284.7864463383,357.5,53.2666453038666
-28.6577733611655,3.77660697191251,284.789860646952,358,53.2530285522018
-27.6122104210738,3.77807197886247,284.793366543754,358.5,53.2399086001566
-31.6115777901041,3.770875642894,284.797956035751,359,53.2248883472195
9.16719317170825,3.8413249095965,284.79535677378,359.5,53.2292441424625
-35.5472039693204,3.76395024793513,284.800738222705,360,53.2123538752834
8.98738392522644,3.84081065934106,284.798186792532,360.5,53.2166242340961
-25.3965150788646,3.78121047413704,284.800862810572,361,53.2045570705164
-15.2548076715292,3.79854548286135,284.801614987516,361.5,53.197308742981
-34.2540281478385,3.76555727391691,284.806910142298,362,53.1810329287741
-64.0083790838452,3.71503695407677,284.823088984161,362.5,53.1506193236602
21.7539945108264,3.86169674907111,284.820090881955,363,53.1609557422381
-14.8071776942151,3.798531813699,284.820380416707,363.5,53.1539201062527
-22.9027667903643,3.78436392637404,284.822734300154,364,53.1430378480992
-9.73437415419203,3.80708403954054,284.822454680227,364.5,53.1384125566015
-18.0194152875871,3.79262549362998,284.823669437881,365,53.1298506247297
-19.3628309222834,3.79015819576136,284.8252652399,365.5,53.1206503684197
-27.7812793244207,3.77541109364871,284.828927675102,366,53.1074500832223
-9.21151379532719,3.80745938571941,284.828626433601,366.5,53.1030732290185
-8.55998126395623,3.80858733932819,284.828027931683,367,53.0990059507391
-20.1019773551092,3.78846939958134,284.829719256903,367.5,53.0894544887268
10.5119298051963,3.84166890348843,284.826814664921,368,53.0944492360811
4.48956681033106,3.83141048983434,284.824223833614,368.5,53.0965824554198
-29.0195738109141,3.77323831033226,284.827959700124,369,53.0827937941368
-19.2252597736966,3.78993467753548,284.829644833064,369.5,53.0736589048092
2.1905477358235,3.8271332309588,284.82756692735,370,53.0746997443801
-16.5804233316736,3.79451467857742,284.828384294752,370.5,53.066821550071
-32.1887845230439,3.76733959021945,284.833229333248,371,53.0515270371402
-29.8504589825256,3.77105802458586,284.837630508567,371.5,53.0373435804591
3.02177363677296,3.82804023910332,284.835559505782,372,53.0387793773258
30.272646558038,3.87524490608688,284.831757648512,372.5,53.0531634365903
13.905665010604,3.84752924577539,284.828229087631,373,53.0597707184889
-16.4388012117892,3.79493665207353,284.828879264482,373.5,53.0519598159828
-2.71946619246676,3.8187128030228,284.827400690109,374,53.0506676606106
15.2706088298574,3.85001753824222,284.824031517913,374.5,53.0579234960722
11.4280347795229,3.84359935773495,284.820791074943,375,53.0633535310456
14.6401996146307,3.84934152302287,284.817384705441,375.5,53.0703098273343
-9.5575614283262,3.80748454297985,284.816707340852,376,53.0657685484691
2.50403041131334,3.82841896260597,284.814507381505,376.5,53.0669583394498
-27.9011922785175,3.77563878304404,284.817870276466,377,53.0537010775676
-29.9535006130763,3.77179216210071,284.822102228976,377.5,53.0394686606174
47.2194714519754,3.90439515479927,284.819589611696,378,53.0619050100295
-41.0158982784559,3.75319603949738,284.826414097812,378.5,53.0424162907167
44.3317607940636,3.8997344558828,284.823796156579,379,53.0634805433364
-25.3164780465827,3.78031004024739,284.826178751592,379.5,53.0514514093823
17.6175736952239,3.85460458117622,284.82292281997,380,53.0598224060721
-17.5230083391761,3.79380624742307,284.823701935209,380.5,53.0514963421463
-18.7691679750553,3.7914652733827,284.825049580743,381,53.0425781650064
-19.1350098527171,3.79064881031027,284.826508341901,381.5,53.0334861579623
3.74693822437254,3.83031449230203,284.824235437013,382,53.0352665170523
0.716892917531593,3.82514499082162,284.822119530711,382.5,53.0356071489886
4.05699411606368,3.8310187747037,284.819648108074,383,53.0375348312508
-35.6087330009828,3.76230792159265,284.825110194619,383.5,53.0206153285295
2.95199371168276,3.82882630046738,284.823098714787,384,53.0220179694388
-38.7604034771043,3.75661889722032,284.829569074215,384.5,53.0036009493192
18.25923073034,3.8550721098264,284.826392423281,385,53.0122768295878
2.54287081586521,3.82810597349951,284.823954138933,385.5,53.0134850756012
-11.8912872120825,3.80304944260331,284.823778571239,386,53.0078349260623
0.321574262094551,3.82424135063267,284.821846764873,386.5,53.0079877221925
26.7822073831727,3.87004504245781,284.818178546172,387,53.0207132979857
7.63951924980502,3.83738975587318,284.815192705563,387.5,53.0243432183969
17.3718336620422,3.85435340129445,284.811716611975,388,53.0325974516186
-17.1828775894081,3.79457373408685,284.812421600364,388.5,53.024433000945
-19.0001998163155,3.79123458353871,284.813808242972,389,53.0154050489398
-8.01238934424753,3.81015428764398,284.81315010636,389.5,53.0115979591647
-7.74999094225112,3.81056289514104,284.812353520253,390,53.0079155480878
-3.95687183981074,3.81712648711629,284.810977302488,390.5,53.0060354389623
-19.6083327555368,3.78989262264896,284.812413067219,391,52.996718532365
-23.6690443573704,3.78266085989049,284.814942493254,391.5,52.9854721771406
3.95872020127715,3.83051124886397,284.812722499363,392,52.9873531645158
7.55739670180158,3.83687604822188,284.809907924716,392.5,52.9909440643677
9.12038562672114,3.83973097487284,284.806941035393,393,52.9952776189884
4.83680016941455,3.83244484208057,284.804363109415,393.5,52.9975758263867
-44.3636480941893,3.7474672347816,284.812544109249,394,52.9764964225046
-20.6424259527074,3.78771088693011,284.814656589771,394.5,52.9666881661403
-0.17822764831557,3.82316206323992,284.812900189045,395,52.9666034812069
-5.60138247204173,3.81377880619358,284.811724579468,395.5,52.9639419822433
3.22015627880866,3.82914276985937,284.809427461954,396,52.9654720406961
27.0139123951008,3.87033430355195,284.805776968396,396.5,52.9783077112118
-13.7082318784997,3.80013583551856,284.805777636085,397,52.9717942397393
16.4463856481879,3.85241366071927,284.802528388253,397.5,52.9796087459933
-40.8123857017894,3.75350097715554,284.809454225912,398,52.9602167257569
10.0898315179196,3.84121406383935,284.806856178954,398.5,52.9650109129531
-17.5115752794157,3.79336440454537,284.807741327945,399,52.9566902814499
7.95418666060423,3.83752650808577,284.805087196016,399.5,52.9604697161983
-41.7299465980682,3.75163549276829,284.812420556394,400,52.940641716561
-4.31540246046656,3.8158809307815,284.811461665593,400.5,52.9385912514778
-5.6675232188723,3.81354303554658,284.810335432798,401,52.9358983257137
9.74584870026347,3.84036286694475,284.807418797143,401.5,52.9405290693463
-15.1314409079684,3.79723645408416,284.807837287009,402,52.9333393595744
-6.56884959935724,3.81202280778849,284.806948909179,402.5,52.9302181682456
27.1936413494856,3.87046002029324,284.803379312884,403,52.9431392370408
-33.7455865878262,3.76528033910112,284.808139348796,403.5,52.9271050090302
-16.1163779870989,3.79539841158163,284.809160739388,404,52.9194473060391
-31.415487377599,3.76876389971428,284.813691887513,404.5,52.9045202255343
-3.57487107849234,3.81680763038489,284.812522966712,405,52.9028216242126
-5.93287744093944,3.81273125666353,284.811442295482,405.5,52.9000026152912
-17.5947112015901,3.79241632975022,284.812527299541,406,52.8916424817237
-20.1213508421286,3.78788134158488,284.814284028019,406.5,52.8820818143919
-4.60223701625261,3.81475179971748,284.813160545581,407,52.879895059763
9.97468841243099,3.84015441575792,284.810209024335,407.5,52.8846345366698
-14.0133675363108,3.79856678536649,284.810437096117,408,52.877976079876
2.22257527448149,3.82676347040914,284.808340156173,408.5,52.8790321373439
20.4236459317705,3.8583954537336,284.804777761916,409,52.8887364402999
-34.5536521435934,3.76332212330839,284.809865535176,409.5,52.8723182596401
-34.4847023248826,3.7630517077249,284.815489940632,410,52.8559328405123
-1.34476713864119,3.8202476888832,284.81404903487,410.5,52.8552938739065
-33.5942509333772,3.76429036870252,284.819125546476,411,52.8393315530883
2.68736160402304,3.82702189924307,284.817164324786,411.5,52.8406084539534
-35.9400681592469,3.76004593645971,284.822915767502,412,52.8235315172084
-8.89235401128219,3.80659613946463,284.822666038716,412.5,52.8193063118946
-13.3385175954555,3.7988290440087,284.82296007419,413,52.8129685103011
19.4121781475875,3.85573288406489,284.819491030414,413.5,52.8221922139636
-7.54340235645391,3.8091936442696,284.81849704817,414,52.81860796353
1.21478728370103,3.8244492297441,284.816452036212,414.5,52.8191851701594
-25.9826621119093,3.7771866017047,284.819437728494,415,52.806839498599
-6.72278778097273,3.81045331076878,284.818704430031,415.5,52.803645163486
-7.45231166416048,3.80918035192053,284.817907669472,416,52.8001041948287
-5.53568429006188,3.81251297432309,284.816810477992,416.5,52.7974739123806
-31.8673773240616,3.76676827534648,284.82145179254,417,52.7823321161998
17.3008251798044,3.85193239375429,284.818260475775,417.5,52.7905526097148
-33.507750658111,3.76393688443518,284.823173185294,418,52.7746313895346
-29.4417266552088,3.77059723056495,284.827462863166,418.5,52.7606421421707
-12.9931257935537,3.79890462874481,284.827906455666,419,52.7544684536203
-8.51210345207002,3.80666719886894,284.827363545664,419.5,52.7504239245011
13.2461197709608,3.84456508527347,284.824164778981,420,52.7567178232339
26.4489034702269,3.86754672238822,284.820344278937,420.5,52.769285029549
6.89494315649437,3.83415018385447,284.817428389016,421,52.7725611643527
-4.93493526682016,3.81368100662611,284.816099012963,421.5,52.7702163280263
-4.8238791335566,3.81386897248892,284.814852049142,422,52.7679242600629
-9.12974019741961,3.80635912980824,284.814300818853,422.5,52.7635862606145
-15.1815106229953,3.79576157709788,284.814918606401,423,52.756372760199
-38.6432121778409,3.75508033244924,284.821624162557,423.5,52.7380114235688
-3.19935969500115,3.81613765426838,284.820491789579,424,52.7364912466205
-4.42558225430469,3.81404370652246,284.819189233688,424.5,52.7343884295673
-26.632527821138,3.77541544555674,284.822421655225,425,52.7217339740737
-1.67871620549802,3.81862109924298,284.820946425484,425.5,52.7209363314447
-17.7546263221498,3.79064837233971,284.82207578988,426,52.7125002141482
-17.5748626155935,3.79082591930597,284.823324418567,426.5,52.7041495116437
-14.2773691641043,3.79644409762297,284.823897106528,427,52.6973656143784
-1.39046003063246,3.81885260946893,284.8222661062,427.5,52.696704936778
-11.6173982255234,3.80107425081305,284.822174255713,428,52.6911849256929
-26.8201337349039,3.7745717978129,284.825564352733,428.5,52.6784413291796
-22.8246864655631,3.7812559300692,284.828135878346,429,52.6675961709214
9.07053924505555,3.83668988250855,284.825399960018,429.5,52.6719060410153
-37.423316036368,3.75607764734203,284.83163460742,430,52.6541243384901
-42.7647655169974,3.74654730534726,284.840113841146,430.5,52.6338046442589
-16.6435189121463,3.79125208700357,284.841512225106,431,52.6258964700613
-37.8454588824695,3.75443297655034,284.848245480585,431.5,52.6079141862059
-7.83024709847517,3.80622695837089,284.84788795141,432,52.6041936413865
11.6370506688483,3.8402315315786,284.844751536156,432.5,52.6097229903374
-24.8951648286942,3.77676627734259,284.847514289952,433,52.5978940435153
-3.04291773742545,3.81469346217461,284.846215769469,433.5,52.5964482000213
-38.0821051742072,3.75386990092539,284.852853757512,434,52.5783534735925
-46.241787871224,3.73954743788759,284.862659524191,434.5,52.5563816708972
25.959961588788,3.8643428018124,284.859200535088,435,52.5687165562955
-10.8476556886851,3.800782713986,284.858767671427,435.5,52.5635622886629
28.0182270085875,3.86824683907346,284.85496884871,436,52.5768751596406
10.5982788574574,3.83860887077807,284.851633522908,436.5,52.5819109357791
-10.178713183793,3.80258452860258,284.851130972183,437,52.5770745164264
12.1852318182099,3.8415136766447,284.847965459795,437.5,52.5828643338541
-25.1377455506743,3.7767228775545,284.850664663444,438,52.5709201247119
25.3180599584654,3.86415578654994,284.847083154479,438.5,52.582950010312
-20.0247426690361,3.78575833270992,284.848451856966,439,52.5734352463895
22.0098055760754,3.85866132415676,284.84490229921,439.5,52.5838932136901
-19.2998937943525,3.78717946468489,284.846114908015,440,52.5747228619799
6.45314185061291,3.83188686987677,284.843540772903,440.5,52.5777890747288
-16.9897838030551,3.79116458241397,284.844373965289,441,52.5697163726396
-25.3268323977765,3.77653259822134,284.847357673401,441.5,52.5576823188117
-69.2100419874387,3.70209910254895,284.865948006159,442,52.5247971416356
65.496798119995,3.93056038414183,284.86584734716,442.5,52.5559179696078
-13.023805068305,3.79784355891588,284.865508903672,443,52.5497297037886
-0.0256109886730371,3.82041825371303,284.863569839851,443.5,52.5497175347178
4.98585915631914,3.82921303050483,284.860929057291,444,52.5520865675492
5.56636418164584,3.83034274093869,284.858193348581,444.5,52.5547314275592
-21.3994919973162,3.78349861606314,284.859953066979,445,52.5445634509824
-31.0805384861177,3.76653283933963,284.864452582215,445.5,52.5297955215679
-22.9530014068348,3.78027702178182,284.866986041006,446,52.5188893944177
-5.77797599780912,3.81000649966186,284.865998097157,446.5,52.5161439869746
27.4231615053904,3.86755009019,284.862186243363,447,52.5291741123572
-13.5160602548858,3.79693888423686,284.862125265735,447.5,52.5227519513031
-37.591809863849,3.75516489378176,284.868462324811,448,52.5048901888732
-21.1954219960556,3.78307672464752,284.870662568536,448.5,52.4948191762333
-17.6328290286497,3.78910435629403,284.871897468208,449,52.4864409309662
-4.95093176464448,3.81111091677478,284.870728105959,449.5,52.4840884938979
-1.98969195689653,3.81631363528184,284.868997039573,450,52.483143091025
18.499344615836,3.85196967264794,284.865344810969,450.5,52.4919330614955
-28.8107561914214,3.77000393749262,284.868895749656,451,52.4782436199821
10.0300992186137,3.83733109364496,284.866034326881,451.5,52.483009425354
-39.5968087444139,3.75137852211519,284.872819718925,452,52.4641949869608
-47.5750726349584,3.73735601671284,284.882876383114,452.5,52.4415896735144
0.470254560054276,3.82002267725963,284.881248756379,453,52.4418131151434
-19.5161863213769,3.78525426656333,284.882716999575,453.5,52.4325399919585
-0.140468628539679,3.81893786399695,284.880856937284,454,52.4324732482374
-11.6269121204201,3.79897864997363,284.880677167984,454.5,52.4269487166216
-4.39482977415571,3.81156359459212,284.879354805269,455,52.4248605116208
-17.4331854560923,3.78884827707092,284.88038863865,455.5,52.4165771270714
-22.0358637126294,3.78071445226203,284.882607214571,456,52.4061067782375
18.6683575500526,3.85142932944905,284.879078232857,456.5,52.4149770552665
-2.46371384939143,3.81501082583412,284.877215081966,457,52.4138064207152
-13.0013279362154,3.79666779421642,284.877299510606,457.5,52.4076288349136
29.686729205253,3.87060367032541,284.873517375713,458,52.4217344953302
-20.5301942943899,3.78392688664815,284.874922500794,458.5,52.4119795658801
18.4162078261124,3.85149999392627,284.871433463273,459,52.420730033874
-15.0022923887843,3.79365488554826,284.871714810648,459.5,52.4136016890691
22.5418292352077,3.85875688713511,284.868053372636,460,52.4243124476091
-3.71726414651167,3.81354060454456,284.866334497664,460.5,52.4225461881682
-16.7249066689443,3.79087528928327,284.867130726563,461,52.4145993425477
-20.0076106661427,3.7850141160266,284.868778041637,461.5,52.4050927189027
-17.3587953258019,3.78943803274882,284.869895038016,462,52.3968446808513
-0.961063612739753,3.8178931628846,284.868124010942,462.5,52.3963880311185
-31.5166910421931,3.76481802064584,284.872576744977,463,52.3814128636549
8.25792086131504,3.83370869006808,284.869895323577,463.5,52.3853366178217
-20.9932757555059,3.78291143729001,284.87158349469,464,52.3753616550431
-20.0345113881601,3.78439360278554,284.873331694858,464.5,52.3658422495101
-14.1954790766615,3.7944013644186,284.873831956807,465,52.3590972623503
-18.7248813806948,3.78642339348323,284.875239915641,465.5,52.3502001280021
-24.1418657038942,3.77686382965018,284.877983536492,466,52.3387291115392
-23.9691753632674,3.776958546067,284.880761610989,466.5,52.3273401489559
-15.1954150749009,3.79204188239775,284.881546989301,467,52.3201200418349
-39.4154161463328,3.75001866817641,284.888677555822,467.5,52.301391792202
9.83287186805693,3.83528209798907,284.88591547449,468,52.3060638849251
-24.5880335619524,3.77547252748281,284.888552475226,468.5,52.2943808716386
-27.2158840062036,3.77070890350988,284.892209354145,469,52.2814492342367
-22.3515741674524,3.7789321024145,284.894677856131,469.5,52.2708288754629
-38.964325963617,3.75004597447243,284.90182142873,470,52.252314961498
6.32199194100384,3.82851168256993,284.899381655008,470.5,52.2553188583187
-25.0375355620077,3.77395893311109,284.90220839368,471,52.2434222639898
-1.72281183859087,3.81448140880613,284.900629142855,471.5,52.2426036693043
-38.3223119349494,3.75091794848724,284.907349851725,472,52.2243948085438
9.01778347387936,3.83298254700516,284.904613120052,472.5,52.2286796117134
-53.4326467918161,3.72511528672204,284.916584687527,473,52.2032910697291
-31.5407230491085,3.76191196711048,284.921890447798,473.5,52.1883044834484
-5.13486624403114,3.80772497255635,284.920913259669,474,52.1858646498439
-26.6555021796883,3.77021597890756,284.924312097046,474.5,52.1731992780752
1.35923366532409,3.81897839398074,284.922299407827,475,52.1738451184566
-22.9989806852085,3.77654417887134,284.924673815792,475.5,52.1629171442351
-13.201612379453,3.79349387048386,284.925068487804,476,52.1566443932059
-2.48305580759835,3.81222436549938,284.92345676687,476.5,52.155464568316
-24.4485934928485,3.77393685624516,284.926218842627,477,52.1438478100302
-6.23015394138092,3.80558600177888,284.925319361214,477.5,52.1408875500691
-29.1865907566318,3.76557875364409,284.929389204822,478,52.1270195306223
-10.6614371432553,3.79764522458357,284.929345889573,478.5,52.1219537448008
-22.2061860895196,3.77747263464012,284.931639439307,479,52.1114024672262
-21.5718873372908,3.77843023759369,284.933904744174,479.5,52.1011525769395
-2.88474734981135,3.81098671638386,284.932434726396,480,52.099781888164
5.75490558785331,3.82618292402714,284.929627890293,480.5,52.1025163336932
-15.3437476990289,3.78947166063821,284.930164969983,481,52.0952257462706
24.0420010737963,3.85798070516078,284.926231720803,481.5,52.1066493120174
6.28635784863774,3.82760162825767,284.923161944107,482,52.1096362772858
-17.4895067427133,3.78623571054084,284.924099574211,482.5,52.1013261316561
8.53933181216332,3.8315614992893,284.921140244171,483,52.1053835983407
-25.8306758103836,3.77179252267287,284.924055744989,483.5,52.093110143128
8.11946384815894,3.83079633429777,284.921221254768,484,52.0969681093935
6.5796226251281,3.82829742813955,284.918240158996,484.5,52.1000944195295
-18.3573775288224,3.7849261711388,284.919347992004,485,52.0913719047732
-6.34389411502022,3.80575630861363,284.918350066044,485.5,52.0883576011264
-9.72548392216027,3.79985541850781,284.917830130954,486,52.0837365338257
-9.08842504992755,3.80093562644988,284.917228993619,486.5,52.0794181652851
-35.9894898360835,3.75417312786806,284.923186745564,487,52.062317745812
-20.0794266288109,3.78136959574446,284.925163920849,487.5,52.0527769987857
-30.8358013368913,3.76254137445945,284.929780778326,488,52.0381253563186
-7.96724788401977,3.80211993671969,284.929230802251,488.5,52.034339715525
-2.23978008787982,3.81215858967783,284.927508147162,489,52.0332754831837
-12.0878239049611,3.795017117114,284.92742885473,489.5,52.0275319491622
12.3629163021089,3.83765523703413,284.924080220122,490,52.0334061934385
-23.8040220061709,3.77479959542061,284.926471596323,490.5,52.0220957035342
-26.8314081115265,3.76933354782678,284.930003088514,491,52.0093467499966
-33.819841708847,3.75700049793684,284.935584554192,491.5,51.9932772396377
13.7855096713375,3.8396762989048,284.93232920245,492,51.9998274296821
-41.4281711606343,3.74392262148812,284.939921748209,492.5,51.9801428187561
15.0680271586792,3.84178837750136,284.936650449044,493,51.9873023974614
-42.5854979724755,3.74184624287171,284.944617750305,493.5,51.9670678822705
37.2279075959445,3.87963317394177,284.94099619647,494,51.9847567364026
-8.45586711832714,3.80120328183856,284.939903344135,494.5,51.9807389279982
-11.5651878089618,3.79575350364468,284.939725577364,495,51.9752437247119
-11.8955178816407,3.79512639933684,284.939646634056,495.5,51.9695915649688
-20.3071839137217,3.78039267597096,284.941385128329,496,51.9599425989839
-18.406583450272,3.78355177222084,284.942784031719,496.5,51.9511967040157
39.6491234498923,3.88385486965894,284.939051779869,497,51.9700359997607
48.8205910680564,3.89968266179877,284.935664763454,497.5,51.9932331217536
-40.3796710198791,3.74676946144296,284.942380576408,498,51.9740467060592
-12.803451055951,3.79402512617899,284.942713041243,498.5,51.9679631415308
-5.98263749834749,3.80585190832027,284.941534140588,499,51.9651204890997
-19.5766099023791,3.78213556808171,284.942967061041,499.5,51.9558186556278
-22.2124825236212,3.77738269067091,284.945171935263,500,51.9452643863002
