curr_dens,Volts_tot,Temp_tot,t_tot,SOC_tot
-20.676536383996,3.73393617952287,267,0,38
-20.676536383996,3.73363038376651,267.003596802665,0.5,37.9901755360516
-5.45903359191812,3.76596944745476,267.004485046468,1,37.9875816742112
-13.5055966856661,3.74861596077486,267.00660668524,1.5,37.9811644849259
21.7602228153155,3.82385393202263,267.005685255672,2,37.991503862885
-13.2856066296446,3.74923269680495,267.007534229716,2.5,37.9851912019566
-17.7779578531928,3.73942780407591,267.010606960423,3,37.9767439986745
3.68604699305064,3.78529065367644,267.010365386005,3.5,37.9784954252734
-17.8872666963823,3.73902517045814,267.013324338089,4,37.9699962838538
-6.16979434514893,3.76393761624415,267.014285683594,4.5,37.9670647037774
-24.6526827654398,3.72430329108525,267.019018086768,5,37.9553509723978
2.26421781649992,3.78169237617549,267.018967047791,5.5,37.9564268163349
-35.8531254329325,3.70044738043533,267.027017373106,6,37.9393911904587
-16.0599144891415,3.74189162268009,267.030058525052,6.5,37.9317603161196
-48.0904620828287,3.67449327738744,267.042992043408,7,37.9089101151855
25.5919553058231,3.83003490129912,267.042264211658,7.5,37.9210701422617
-11.6787304043697,3.75090489076204,267.0438247351,8,37.915520989169
-28.1240920702111,3.71567165296265,267.049679452133,8.5,37.902157816368
15.6542490983586,3.80905315442633,267.048692131559,9,37.9095959386459
-3.96800278606833,3.76729312646015,267.048999975925,9.5,37.9077105406471
-43.5269842287855,3.68341517454377,267.059957555514,10,37.8870286779116
17.7903760903966,3.81326503043584,267.059062342994,10.5,37.8954817817237
-42.1123671965455,3.68605558866065,267.069344829555,11,37.8754720747969
20.4136967832231,3.81856487834787,267.068372641218,11.5,37.8851716504113
-6.80543018165418,3.76070315227453,267.069053257375,12,37.8819380477309
-12.8942611534393,3.74755546832483,267.071060737239,12.5,37.875811334751
-14.1367662259999,3.74475012280972,267.073395139347,13,37.869094245024
21.9793575157778,3.82186662267194,267.072122782257,13.5,37.8795377449174
9.44335181698128,3.79562474070603,267.070932926099,14,37.8840247570434
9.5950608060712,3.7961089821221,267.069826260334,14.5,37.888583853752
-22.7402736123694,3.72690399027105,267.073876568623,15,37.8777788042924
3.80205716163748,3.78357087687312,267.07350368872,15.5,37.879585353166
-15.1686075152423,3.742877087131,267.075838096002,16,37.8723779836669
-1.55226809619913,3.77197378775618,267.075999680621,16.5,37.871640422904
-17.6553341682127,3.73738426398058,267.078945000562,17,37.8632514843113
-7.52204886383369,3.75893338986349,267.080034115408,17.5,37.8596773799977
14.3388873918938,3.80575302972879,267.078788548341,18,37.8664905076718
-6.33666123781201,3.76166570346995,267.07938301218,18.5,37.8634796407293
21.4840331923809,3.82104069236865,267.078056353574,19,37.8736877870864
16.3567583401058,3.8105356934678,267.076591554539,19.5,37.8814597068916
-10.7765128274333,3.75264194818079,267.07789558202,20,37.8763392428159
-12.5177974523068,3.74876396183943,267.079763313148,20.5,37.8703914067035
-11.7690467349271,3.75021736881033,267.081518326084,21,37.8647993397728
-22.4495754535632,3.72722143648805,267.085694891911,21.5,37.8541324156514
-56.561350453459,3.656258376718,267.102335687113,22,37.8272572689593
23.2712655983682,3.82392611709645,267.101438525439,22.5,37.8383146194584
5.61755637909159,3.78682087796249,267.100441027727,23,37.84098380346
-8.25592220980182,3.75711217121501,267.101383702663,23.5,37.8370609989533
-50.6489929100247,3.66784238320982,267.115258404841,24,37.8129951111456
6.73694942260929,3.78860438082409,267.114856108132,24.5,37.8161961751679
-19.2790104950103,3.73285444169899,267.118135321271,25,37.8070357461651
-41.5754842451875,3.68563657435932,267.12866224756,25.5,37.7872811393721
-29.9871853465436,3.70930471227278,267.135576778861,26,37.7730327171083
21.838104458797,3.8197978656309,267.134195352929,26.5,37.7834091005593
-14.4946009975719,3.74240637257509,267.136267241806,27,37.7765219855075
-27.3530187814195,3.71479476864855,267.141974285889,27.5,37.7635251884663
5.88868976235922,3.78581356423106,267.141302183666,28,37.7663232015957
-10.9876585297889,3.74964194461433,267.142761936818,28.5,37.7611024115611
21.4372882553627,3.81894485455016,267.141179083018,29,37.771288347044
-26.5488106765232,3.71663650394538,267.146246856303,29.5,37.7586736697827
15.0769545867586,3.8055358456327,267.14493520503,30,37.7658374903588
7.96298098730994,3.79062516200997,267.143672874721,30.5,37.7696211037348
-40.0865717238479,3.68834483496894,267.153246231695,31,37.7505739542798
-24.5362712487687,3.72048406734514,267.158405541928,31.5,37.7389155358757
-49.9149350435836,3.66725646124348,267.172507015654,32,37.7151984359361
38.7840865570447,3.85388613090504,267.171995865107,32.5,37.73362670908
2.12547058348547,3.77747697928848,267.17109834827,33,37.7346366272178
-30.4534739144616,3.70777010175377,267.177490002325,33.5,37.7201666477676
2.49294321242746,3.77798761285494,267.177110747938,34,37.7213511706616
1.58503084108977,3.77613771879808,267.176503109386,34.5,37.7221042986549
33.1217594955809,3.84282518111937,267.175112947731,35,37.7378421149908
10.0472752917084,3.79486949114793,267.173515557739,35.5,37.7426160815803
-39.8690823283796,3.68864672439996,267.182858828374,36,37.7236722722924
35.6256447159449,3.8481039556745,267.182069018515,36.5,37.7405998106214
-4.23068981248159,3.7644238564172,267.181968420782,37,37.7385895967844
-9.82650651708142,3.75235619446917,267.183090632588,37.5,37.7339205285603
-26.1262754410466,3.71739153892989,267.188143398982,38,37.7215066190732
13.333420274944,3.80162535732044,267.186780755859,38.5,37.7278419986729
-2.65785849629195,3.76759408356249,267.186583329791,39,37.7265791162205
-17.8541191285256,3.73494092796271,267.189401362258,39.5,37.7180957248801
3.07627739780955,3.77972114625837,267.188751771514,40,37.7195574192291
-1.39866584835544,3.77019124629184,267.188455289432,40.5,37.7188928426314
-23.5997221730589,3.72258050527528,267.192728879833,41,37.7076794258687
-3.05316437591703,3.76636895582149,267.192928879443,41.5,37.7062287136806
19.3906617860845,3.81433191606391,267.191150013478,42,37.7154421938359
4.92987983761563,3.78385258306862,267.189989142485,42.5,37.7177846280732
-1.0204993094735,3.77117286173586,267.189609119789,43,37.717299737447
-26.2960111203708,3.71703138830672,267.19457846935,43.5,37.7048051779888
-36.6483699633766,3.69488892663954,267.203192036106,44,37.6873916913783
-4.34604263762314,3.76323957527418,267.203743484825,44.5,37.6853266676035
-18.8853483348668,3.73199157531261,267.206886961665,45,37.6763532873224
17.5532284996358,3.80990944131993,267.205223399167,45.5,37.6846937103687
-9.44083216122138,3.75237903832648,267.206093609793,46,37.6802078954581
-17.4606905091593,3.73506642869649,267.208896876262,46.5,37.6719114418724
-14.2595888257173,3.74173597032999,267.211075647787,47,37.6651359929415
0.1315052125178,3.77257070238366,267.210706774741,47.5,37.6651984776921
-22.2600616021298,3.72452296669467,267.214658570378,48,37.6546216011477
30.1503709915697,3.835977009761,267.213148936756,48.5,37.6689475611314
9.07717161724563,3.7920481870973,267.211512285094,49,37.6732605825993
-36.1757816145174,3.69556109782499,267.219533954281,49.5,37.6560716465185
-5.33688957859017,3.76078486151616,267.220183630199,50,37.6535358214514
-13.0445508370034,3.74417851580696,267.221951188924,50.5,37.6473376982725
-21.9638232003457,3.72493586506814,267.225940425678,51,37.6369015795148
-10.5566084175386,3.74914807964864,267.227396328512,51.5,37.6318856031013
-26.5403989540147,3.71484426812355,267.232695270992,52,37.619274922673
2.76464906116649,3.77745252681375,267.232100465303,52.5,37.6205885467021
-51.4218308316301,3.66289708960898,267.246472903195,53,37.5961554446687
-28.7305542525181,3.70928148967476,267.253093655832,53.5,37.5825041111363
-0.880577683630235,3.76875293597644,267.253014747338,54,37.5820857043226
0.064788031558237,3.77087361767204,267.25248871466,54.5,37.5821164883799
5.31259170978695,3.78224840826589,267.251304133951,55,37.5846407683055
1.17446335551219,3.77349713318354,267.250547839073,55.5,37.5851988150054
-45.6368541036577,3.67409710117865,267.262493770776,56,37.5635144468146
45.8951283444889,3.86638587241113,267.2623518771,56.5,37.5853215341069
-19.8453745919203,3.72851697230425,267.265298454016,57,37.575891996993
10.3101967805399,3.79311138971385,267.263815393092,57.5,37.5807908908256
-28.0545355410158,3.71101334062806,267.269280073998,58,37.5674607678353
-9.94785348658587,3.74941572953944,267.270616789891,58.5,37.5627340415534
-7.78807431909244,3.75400044336407,267.271349734398,59,37.5590335351459
23.2662261567395,3.82031546311606,267.269289684262,59.5,37.5700884911524
-5.51532035446905,3.75925770795822,267.26930701928,60,37.5674678846359
-7.35015932750578,3.75527763326905,267.26986749444,60.5,37.5639754536994
-14.6309111594589,3.73955703153986,267.271920356356,61,37.5570235708236
-27.2638520652938,3.71240392771338,267.2773998668,61.5,37.5440691413806
-11.9326791134091,3.74488049194568,267.279132967375,62,37.5383993244644
-23.1464901231894,3.72072610002841,267.283458464944,62.5,37.5274012610787
-11.1869865127773,3.74613473099837,267.285013020202,63,37.5220857602789
22.8542921412417,3.81890503974841,267.282914383745,63.5,37.5329449856849
-16.5963336329497,3.73483355980979,267.285182977484,64,37.5250592315902
46.6932646347276,3.86787102862929,267.284842123679,64.5,37.5472455536376
8.20292265569224,3.78872878695493,267.2829934747,65,37.5511431753865
17.0742739446435,3.8077557547932,267.280903012109,65.5,37.5592560229979
-2.99098750338812,3.76510134881439,267.280486156804,66,37.5578348541739
-36.04637209258,3.69460634441607,267.288460436643,66.5,37.5407074070755
22.9709615359719,3.81996501741849,267.286680301911,67,37.5516220679877
-20.7043615964781,3.72694458351466,267.289817388816,67.5,37.5417843828792
-19.5488551678509,3.72914975125549,267.293079112674,68,37.5324957370798
-11.7638384312891,3.74562195244595,267.29456985365,68.5,37.5269061448765
18.3717059403944,3.81008166930121,267.292538054313,69,37.5356354677829
-4.1429009864649,3.76223567317819,267.292278115109,69.5,37.5336669668393
-19.5248130247359,3.72916563731581,267.295349330503,70,37.5243897446731
-50.2825218541511,3.66457059276387,267.309232512536,70.5,37.5004979857238
15.0470370912017,3.80247415518828,267.307700790549,71,37.5076475909908
24.0448421131704,3.82171372689801,267.305364049174,71.5,37.5190725066584
-4.16790020702331,3.76196555888953,267.305041323043,72,37.5170921273258
-17.1253353947973,3.7340846262805,267.307503435321,72.5,37.5089550178474
-23.615804033208,3.72000799882168,267.311810108595,73,37.4977339597829
-29.6465340292478,3.70690975526439,267.318047615508,73.5,37.4836473981191
-0.0218286988550922,3.77006048402855,267.317624565762,74,37.4836370262048
-25.5914108055601,3.71521336571751,267.322411019752,74.5,37.4714772578481
-15.2010037749852,3.73713788814722,267.324762904874,75,37.4642544952541
3.56957624754452,3.7774375784838,267.323713993777,75.5,37.4659505807349
-4.53275589036967,3.76011157278774,267.323622789017,76,37.4637968400888
-2.32124950641541,3.7648827963833,267.323246068218,76.5,37.462693897523
-15.5730620291684,3.73636908988309,267.325395900012,77,37.4552943513112
-37.4228657524354,3.68980897870554,267.334262277175,77.5,37.4375128627387
24.517949053689,3.82151388837936,267.332284317761,78,37.449162575345
12.8896160462919,3.79736315232014,267.330064427326,78.5,37.4552870812005
22.4129509383789,3.81772882768831,267.327672923028,79,37.4659366031699
-17.0857675793716,3.73356911621606,267.329871606483,79.5,37.4578182943537
-17.007954877854,3.73352866606506,267.332424039886,80,37.4497369582715
-19.7450317321033,3.72746778715885,267.335692542633,80.5,37.4403550991047
2.57021429564612,3.77526592268128,267.334761679921,81,37.4415763373826
6.73647499673347,3.78430947495751,267.333162551065,81.5,37.4447771759813
-34.6924155586523,3.69580485708425,267.340691832421,82,37.4282930618332
8.84556517034298,3.78855088170902,267.33927221063,82.5,37.4324960354119
-21.6001825085768,3.72328685770514,267.34278765582,83,37.422232700664
-7.42879433436186,3.75349045856834,267.343399723613,83.5,37.4187029062747
-20.6603334073366,3.72500173518574,267.346846030701,84,37.4088861411767
-32.2059298658208,3.70021901170706,267.353952658646,84.5,37.3935834816298
-1.67580540806883,3.76525949384258,267.353750665483,85,37.3927872220673
-10.1382762019014,3.74706277472219,267.354715528369,85.5,37.3879700163615
-6.66452987382156,3.75449208524592,267.355085541871,86,37.3848033625147
-11.4536198707233,3.74414433299455,267.356360557995,86.5,37.3793611707757
10.4178672788375,3.7911430531344,267.354520060618,87,37.3843112242856
0.505705274262997,3.7700755045057,267.353539451147,87.5,37.3845515103347
49.5072521610998,3.87207662145982,267.35317216707,88,37.4080748996011
-12.4951887761101,3.74290203217847,267.354133727544,88.5,37.4021378060096
-19.050072749436,3.72868136318525,267.357066304189,89,37.3930861568617
-28.057620212726,3.70924249561134,267.362651455141,89.5,37.3797545681885
2.47380876121293,3.77443372338818,267.361756283237,90,37.3809299993409
-19.8801420311427,3.72641882280131,267.364840329719,90.5,37.3714839424652
-11.4662210790104,3.74427177561177,267.366187160528,91,37.3660357632575
-14.0576712171579,3.73859571476813,267.368019300386,91.5,37.3593562555534
18.0767057402527,3.80742268572882,267.365757704984,92,37.367945409005
-16.0272609042309,3.73456453875993,267.367740937254,92.5,37.360330050029
-27.8251649635429,3.70917450286166,267.373280285524,93,37.3471089125538
22.1434167932443,3.81582349687825,267.371067918952,93.5,37.3576303652739
-61.6147739710193,3.63971407480495,267.389936183033,94,37.3283540825191
-8.15697885977297,3.75056188307013,267.391189816276,94.5,37.3244782909819
14.9106766062114,3.80009743979323,267.388925169521,95,37.3315631045137
-22.1048446844144,3.72084458822452,267.392520524819,95.5,37.3210599793454
-9.06523683788834,3.74863172870009,267.393389563689,96,37.3167526286923
-5.70997552831884,3.75582343075452,267.393488684619,96.5,37.3140395316975
-32.6649817678269,3.69808827482907,267.40056910053,97,37.2985187534688
-22.2226888377413,3.71986834614037,267.404778948304,97.5,37.2879596346073
-17.4837425931915,3.72980280781856,267.407621707584,98,37.2796522278153
-2.16130892395541,3.7627199003081,267.407238015606,98.5,37.2786252810767
11.0997494587019,3.79130025738371,267.405118454369,99,37.2838993311579
-12.0753456696849,3.74161874952373,267.406282728595,99.5,37.2781617261744
-53.7555925043643,3.6538461219396,267.42199076319,100,37.2526197364147
-27.7859869671774,3.70707415005095,267.428268248677,100.5,37.2394172143791
1.53447872180369,3.76994310577111,267.427449061346,101,37.2401463225141
2.37817888428437,3.77189181202032,267.426183462262,101.5,37.241276315095
-30.9568099968198,3.70032882109286,267.432733269419,102,37.2265671753182
-6.08426675119674,3.75338909560877,267.433165598935,102.5,37.2236762337098
-37.587966961866,3.68598164794062,267.442229880557,103,37.2058162972362
-8.66824912478169,3.74737112303953,267.44328287453,103.5,37.2016975754425
-14.9885749235013,3.73369445076575,267.445403827459,104,37.1945757484963
2.86058842235142,3.77219267429859,267.444214403608,104.5,37.1959349581485
5.24986645557301,3.77748389854431,267.442537065655,105,37.1984294341462
-16.2823803356552,3.7311316578284,267.444753731736,105.5,37.1906928550775
34.7055716345961,3.83957483720499,267.44242756499,106,37.2071832203399
-26.6303437614769,3.70942656906204,267.447191702897,106.5,37.194529802603
-24.8667675008562,3.71285308340606,267.45203579033,107,37.1827143487819
9.59993294198954,3.78685649439894,267.450151494761,107.5,37.1872757604876
-15.9828908720817,3.73188710260049,267.452198068509,108,37.1796814839488
-29.4011082038656,3.70299433549784,267.4583679882,108.5,37.1657115364572
-9.49250825413978,3.74541388162476,267.459393374798,109,37.1612011676318
-9.81641319363635,3.74467691562379,267.460258664607,109.5,37.1565368952541
-30.2357675144864,3.7007731558397,267.466706539882,110,37.1421703590808
-18.6299210556443,3.72524847925448,267.469954549428,110.5,37.1333183451663
-44.5694853274678,3.67013088059391,267.482054164166,111,37.1121411376463
-22.1765443276818,3.71687682979602,267.486602885754,111.5,37.1016039443658
0.310269956931389,3.76534427335503,267.485822167966,112,37.1017513692512
-12.999148726181,3.73663034120881,267.487361983411,112.5,37.0955748189021
-21.7928338229297,3.71757077832308,267.491337704859,113,37.0852199458106
-7.9145173046322,3.74737559851512,267.491996485075,113.5,37.0814593599714
-21.5701447954964,3.71784715879287,267.495859737342,114,37.0712102976541
8.54459719447194,3.78279425111067,267.493968097158,114.5,37.0752702661872
-30.7338775641866,3.69829701117015,267.500509424975,115,37.0606670528386
-11.8236040698678,3.73860975174883,267.502107818235,115.5,37.0550490629699
-1.96130003607148,3.75994992357064,267.501518629919,116,37.0541171505287
6.76023478451321,3.77888841521893,267.499587547102,116.5,37.0573292785994
-10.9174762419073,3.74082441284486,267.500506797619,117,37.052141835705
-8.8132049700314,3.74532611249774,267.501143632201,117.5,37.0479542380876
-11.7769652959571,3.73887771288302,267.502403970237,118,37.0423584086496
-9.46935355105463,3.74380916279028,267.5031903676,118.5,37.03785904179
-12.4985918001501,3.73721128984268,267.504625107741,119,37.0319203312504
-21.4131713359557,3.71787614042107,267.508410932939,119.5,37.0217458549307
-16.0031268292781,3.72933471475839,267.510861191204,120,37.0141419632693
-4.29976670501562,3.7545842316713,267.510690928418,120.5,37.0120989275212
2.05655512670016,3.76840378062033,267.509351331554,121,37.0130761004541
15.1529672184952,3.79667164640988,267.506615451534,121.5,37.0202760384604
-17.6316608641746,3.72622136759504,267.509008349927,122,37.011898348247
-38.11302308447,3.68236669778171,267.518382905518,122.5,36.9937889311616
8.45792730867726,3.78203990974413,267.516616592669,123,36.9978077184662
-6.36285191856663,3.75021392406025,267.516536799313,123.5,36.994784407012
-4.60389698275948,3.75403280605167,267.516251961568,124,36.9925968636493
-1.04678284094555,3.76176853546559,267.515333951966,124.5,36.9920994843933
-23.600434711829,3.71308505095812,267.519543661686,125,36.9808857290676
-4.22561920616479,3.75471043354461,267.519376410889,125.5,36.9788779245311
6.9099490940625,3.77882498268675,267.517370765899,126,36.9821611894116
-6.87559888361613,3.74919660298197,267.517359093721,126.5,36.9788942460464
-45.684887994091,3.66645940581103,267.529632829265,127,36.9571870545347
-22.1377971631988,3.71558292675297,267.534039091191,127.5,36.9466682719838
-18.0324556208046,3.7242165319776,267.53701453722,128,36.9381001439929
-2.6230922746929,3.7574832405743,267.53652058228,128.5,36.9368537807235
-34.7062052497015,3.68845192969759,267.544577593138,129,36.9203631143986
-17.246647855638,3.72542977000515,267.547529118576,129.5,36.9121683632594
-0.572995138066873,3.76149164522257,267.546683119716,130,36.9118961044065
-30.3135943440675,3.69732764179046,267.553195790103,130.5,36.8974925887862
-24.1831045252829,3.71009774104903,267.558106061716,131,36.886001977682
16.1941704836717,3.79718178458232,267.555438794806,131.5,36.8936966438068
-15.3444366665227,3.72934050738815,267.557296813406,132,36.8864057290211
-24.2883796082581,3.7099052496467,267.561980707731,132.5,36.8748650964221
11.8716704517082,3.78793586719414,267.559616157513,133,36.88050592505
15.1643480015492,3.79524114691715,267.55664780729,133.5,36.8877112706396
-43.422276184041,3.66982226167262,267.567828644488,134,36.8670791599705
-8.7346957251021,3.74339885831119,267.568773528381,134.5,36.8629288660499
3.54576190329373,3.77003819299392,267.56714073989,135,36.8646136361363
-4.6787901167317,3.75235984365808,267.566701530841,135.5,36.8623905072732
13.848389716497,3.79238256864712,267.563939914583,136,36.8689705747945
-33.9736119562428,3.68961374979286,267.571400612334,136.5,36.8528280004453
9.79209256762445,3.78358512740472,267.569292958868,137,36.8574807168686
-15.2711033697044,3.72955375863331,267.571067749037,137.5,36.8502246464261
41.3456263581464,3.84957742254516,267.568660063114,138,36.8698700361586
16.5513452587645,3.79877305591792,267.56541543497,138.5,36.8777344140105
15.020474690857,3.79579177135596,267.562416779965,139,36.8848713981431
37.148748137428,3.84217514164656,267.559659823186,139.5,36.902522639629
-37.3678796908913,3.68427761684308,267.567728551514,140,36.884767277704
-12.369473381148,3.73710732182733,267.569115281757,140.5,36.8788899178291
-7.32053996191194,3.74791319710272,267.56916880313,141,36.8754115605451
-3.73042685324332,3.75564524823549,267.56851157114,141.5,36.8736390468392
-20.9855371577265,3.71838358231651,267.571731078862,142,36.8636677610583
-21.8410888941,3.71629697103307,267.575419586453,142.5,36.8532899595518
7.20826005366903,3.77881932153225,267.573382955847,143,36.8567149669956
11.7525002841935,3.78873937666921,267.570638123558,143.5,36.8622991718741
13.488030416914,3.79266735683885,267.567742149379,144,36.8687080145403
-34.5935034057597,3.68962723716203,267.575072263384,144.5,36.8522708985385
4.07232605038619,3.77228688700219,267.573539398201,145,36.854205865775
9.04190055901183,3.78309921603179,267.571052147819,145.5,36.8585021281866
-11.1264693495491,3.73974578332483,267.571659628029,146,36.8532153821394
-34.8205472533031,3.68890887142851,267.579359322922,146.5,36.836670386169
9.07733609878516,3.78285157994344,267.577266768262,147,36.8409834857904
29.1557728849662,3.82545649983512,267.574039145576,147.5,36.854836862114
8.0110048221004,3.78121700330395,267.571467659788,148,36.858643294033
-36.120714333464,3.68665653672166,267.579303974953,148.5,36.8414805231912
-40.7895065700225,3.67634831447312,267.589559271949,149,36.8220993739828
-22.8463543139332,3.71378792081571,267.593802115709,149.5,36.8112439202384
-70.9296247593095,3.61449855342033,267.61875859211,150,36.7775416826691
-2.70020012662215,3.7561483119891,267.61882634386,150.5,36.7762586815752
-0.159480652370613,3.76174243689941,267.617538740435,151,36.776182904284
-5.56362365182034,3.75013154534881,267.617147046475,151.5,36.7735393464378
-23.7859047471725,3.71073835044996,267.621310687764,152,36.7622374649558
-27.134994984592,3.70328930922004,267.626777631109,152.5,36.7493442620027
9.98942412249436,3.78325913471951,267.62442031958,153,36.7540907405876
-29.0160695680007,3.69924122537106,267.630119607813,153.5,36.7403037443469
15.9164384784031,3.79586975166713,267.627295669483,154,36.7478664460062
-4.73837395007194,3.75168045930302,267.62656576427,154.5,36.7456150058625
-25.5300596491805,3.70674910728963,267.631209950593,155,36.7334843885306
12.911465692779,3.78952324551122,267.628547546806,155.5,36.7396192762537
22.5220454978878,3.81016802855219,267.625062303477,156,36.7503206345436
-20.5394210837616,3.71792943718019,267.627874358779,156.5,36.7405613209811
-8.61198121436249,3.74348912347946,267.628206408283,157,36.7364693349059
-12.3152182012735,3.73541907899944,267.629234093204,157.5,36.7306177544
-7.01942525466367,3.74680464903798,267.629167334097,158,36.7272824718811
35.1860910013832,3.83645041719633,267.626085728286,158.5,36.7440011560992
18.8915103084115,3.80305796991554,267.622604412316,159,36.7529774642443
29.424555920186,3.82540256252042,267.619230915251,159.5,36.7669585529271
-24.6438181290681,3.71021158404235,267.622980106187,160,36.7552490335828
-33.4586711932513,3.69112180027754,267.630176886877,160.5,36.7393511335286
1.06720450609865,3.76493580771297,267.62889385493,161,36.7398582161463
12.3869726355779,3.78935180423308,267.625991304678,161.5,36.7457438907984
-26.0007015183259,3.70686858003608,267.630366945318,162,36.7333896478074
1.2689113943661,3.76538247277473,267.628958940626,162.5,36.7339925715281
13.1630810965048,3.79101794129201,267.625997655716,163,36.7402470144039
29.5220578326703,3.82565716065311,267.622640158341,163.5,36.7542744311566
8.0052340605794,3.78066058357892,267.619934116092,164,36.7580781210961
-33.4944774489133,3.69166377009349,267.626661352922,164.5,36.7421632076861
-4.02928278361088,3.75443614507619,267.626157636333,165,36.7402486924738
-17.6534976783143,3.72499982325566,267.628282081481,165.5,36.73186062649
15.5004099649423,3.79620650542814,267.625358807042,166,36.7392256520465
13.1860176790218,3.79154156988403,267.622301332155,166.5,36.745490993248
-19.1631356228574,3.72208780260587,267.624609879886,167,36.7363856222337
11.3829055015302,3.78769624273926,267.621993614031,167.5,36.7417942140139
-5.18396811883668,3.7522382766782,267.621222841848,168,36.7393310496353
2.31253910255244,3.76839496528623,267.619430055031,168.5,36.7404298534495
-1.96517132515583,3.75924059903872,267.618194256597,169,36.7394961015638
20.0576645501416,3.80636958526924,267.614993719313,169.5,36.7490265083304
-26.1112326556362,3.70760257356468,267.619180861903,170,36.7366197464284
-40.6069277925135,3.67664568542029,267.628960670447,170.5,36.7173253495939
21.3626839925066,3.80861294542044,267.6260747495,171,36.7274758368336
-34.966043013495,3.68829312077404,267.633293462533,171.5,36.7108617084987
7.8544445571483,3.77981033233515,267.631157918764,172,36.7145937507496
-10.1879458072679,3.74104186953244,267.631405041918,172.5,36.7097529445123
-22.1997640919859,3.71506011491299,267.634825381118,173,36.6992047183522
0.0667025016833751,3.76287537221171,267.633526292005,173.5,36.6992364120707
-12.6376541471363,3.73546572689842,267.634402419375,174,36.6932316260052
-18.8194539148222,3.72200489070202,267.636950553713,174.5,36.6842895554823
-34.9871053456302,3.68728341459178,267.64473076405,175,36.6676654193724
-32.1127857958122,3.69288619396842,267.651789799207,175.5,36.652407017265
-31.409458098051,3.69396500911252,267.658649421846,176,36.6374828015747
2.50420646460452,3.76677930158893,267.657138945848,176.5,36.6386726762072
-1.26559030709519,3.7587555189536,267.655821087367,177,36.6380713305023
29.8527401735007,3.82501804520518,267.652387405614,177.5,36.6522558710922
-2.76106394370974,3.75609051505863,267.651054261878,178,36.650943950533
7.48667413503552,3.7782285069549,267.648566080066,178.5,36.6545012465311
-14.2969151375067,3.73131170787528,267.649737421688,179,36.6477080619893
5.63605726370595,3.77426918682648,267.647571199756,179.5,36.6503860366931
30.6143315298415,3.82721134500201,267.644208083573,180,36.664932447699
-15.5721886075249,3.72907152274394,267.645452846673,180.5,36.6575333164939
-66.5425208502916,3.62292253252526,267.667262623767,181,36.6259156129777
-37.4647817222279,3.68115249956521,267.676741210118,181.5,36.6081142080165
-34.5837444803225,3.68672395298332,267.684824048304,182,36.5916817289717
-59.9657735938251,3.63383188696577,267.704235197727,182.5,36.563188969359
-26.579726754223,3.70249290144978,267.710101214308,183,36.5505596023119
22.6086965854885,3.8083067584214,267.7067162292,183.5,36.5613021328983
-26.1849836303797,3.70358881842646,267.711298858672,184,36.5488603281932
-8.5275714489956,3.74150853623968,267.711632718752,184.5,36.5448084494495
-9.59598911463788,3.73917632051208,267.711990279993,185,36.5402489116548
48.0193937776961,3.86032251886296,267.70966225618,185.5,36.5630653444573
22.472332293814,3.80884888309339,267.705749046519,186,36.5737430814998
-14.0304965745054,3.73076277567615,267.706648865868,186.5,36.5670764858372
-12.2134889031581,3.73454989875967,267.707472527127,187,36.5612732420451
-34.4093220821399,3.6868035808012,267.71494418852,187.5,36.5449236398676
22.412224681564,3.80846395650769,267.711657813568,188,36.5555728167558
-2.00626445349521,3.75656157972966,267.710129333832,188.5,36.554619539455
-18.2722361841194,3.72137467369447,267.712343050979,189,36.5459374796402
-5.38025032892599,3.74910041629047,267.711796205824,189.5,36.5433810516965
-24.3014298889957,3.70819096205222,267.715814051197,190,36.5318342182518
-29.8887023151781,3.69593724405055,267.721914152405,190.5,36.517632590237
-39.9957853117537,3.67416134972418,267.731946740852,191,36.4986285779794
25.6790010206654,3.81456015262418,267.728605727078,191.5,36.5108299648594
-1.31111210916464,3.75732254952091,267.726941468964,192,36.5102069894534
-15.3418289265112,3.72694872905363,267.728431001556,192.5,36.5029173137363
7.85473354100375,3.77706374340308,267.725850401669,193,36.506649493298
-40.7179691284407,3.67282836552374,267.735596961431,193.5,36.4873023351315
24.8000056549923,3.8127978300905,267.732274207443,194,36.4990860670368
19.1717916824152,3.80135690107135,267.728489478844,194.5,36.5081955509809
-9.79238393307086,3.73934913726691,267.728419030982,195,36.5035426961153
-37.88250194555,3.6790501855745,267.737106070031,195.5,36.4855428112347
4.57806012285939,3.76993686276469,267.735163160096,196,36.4877180782038
-41.7268436974585,3.67062067610979,267.745338960792,196.5,36.4678915529108
-33.4467629234514,3.6874626239083,267.752994934453,197,36.4519993110754
-30.3123600276299,3.69370654593177,267.759512310625,197.5,36.437596381941
-11.2155080454677,3.73459363089873,267.760432518568,198,36.4322673291244
-35.6024509656581,3.68203237107764,267.76865554579,198.5,36.4153508113144
11.8061953375573,3.7840614144474,267.76585741113,199,36.4209605294175
16.3563420268838,3.79405606201806,267.76219832368,199.5,36.4287322514113
1.95856894706284,3.76340557101871,267.760021312642,200,36.4296628661745
9.18944156217302,3.77912819920728,267.757047929734,200.5,36.4340292327485
-28.6596779910174,3.69748033367379,267.762306838935,201,36.4204115760981
-5.1447268978635,3.74798219240827,267.761792745009,201.5,36.4179670572003
-30.5483073258501,3.69309273919829,267.767918342927,202,36.4034520176194
1.25859200321362,3.76156051063956,267.766329053292,202.5,36.4040500380776
49.1333954575,3.8614918843724,267.763863051934,203,36.4273957891924
-51.8096885138911,3.64931230048154,267.777954049733,203.5,36.4027783964371
-18.445415054961,3.71901357998152,267.780830921968,204,36.3940140506174
-11.3448603029227,3.73423552570076,267.781495909637,204.5,36.3886235360276
0.657399211854157,3.76024787450716,267.779728828612,205,36.3889358995074
13.5315465447775,3.78809439791008,267.776316826557,205.5,36.3953654188779
-21.05443976121,3.71353680955433,267.779123141197,206,36.3853613939993
-2.66845299338399,3.7531850732543,267.777999438752,206.5,36.3840934775676
-18.7233387553565,3.71838325647997,267.780324655513,207,36.3751970761985
-30.4196017080304,3.69302773501026,267.786521035938,207.5,36.3607431911398
10.588363056279,3.78138134261754,267.783690509318,208,36.3657742557817
-24.8080534633073,3.70495470941938,267.787721754173,208.5,36.3539866999573
-36.2695705677026,3.68018029283378,267.796200294606,209,36.3367532000205
10.4560635209334,3.78067959320478,267.7934462011,209.5,36.341721402489
-52.3275353225435,3.64652060132399,267.808479423605,210,36.3168579546301
5.37129399336455,3.76932267831778,267.806539263325,210.5,36.3194101269676
-11.2351917702821,3.73340474592742,267.806960995574,211,36.3140717214218
7.28781207281724,3.77359872805819,267.804234008769,211.5,36.3175345280371
13.2826904477258,3.78668459131275,267.800719517479,212,36.3238458033406
0.641103979469367,3.75967833348773,267.798664582937,212.5,36.3241504241347
-3.96677645647459,3.7497588666467,267.797506216244,213,36.322265608827
-3.3060827186856,3.75121738859351,267.796271097966,213.5,36.3206947223943
-18.2996677067508,3.71868073351589,267.798454689478,214,36.3119996284813
-24.6112824191184,3.70485218751191,267.802699471836,214.5,36.3003055684918
-16.7525475421099,3.72155782273078,267.804777744422,215,36.2923455893001
-16.4536148031978,3.72205435507235,267.806700937387,215.5,36.2845276481105
-36.0747713261825,3.67973057554037,267.815064218382,216,36.2673867071056
-14.3894041441368,3.72595408298303,267.816760270491,216.5,36.2605495763779
-33.3890116618413,3.68484951842704,267.824194798031,217,36.2446847750759
15.401898628202,3.79011940049468,267.820906899731,217.5,36.2520029929341
-68.9318853383589,3.61167033261523,267.84477264452,218,36.2192499819932
-28.9136282749706,3.69336921458962,267.85154985981,218.5,36.205511660771
-20.242448196298,3.71182494524387,267.854938652192,219,36.1958934539863
-9.22749625448784,3.73570698640308,267.855269933933,219.5,36.1915090057111
-42.5943377747933,3.6637674256239,267.866581118966,220,36.1712702902848
-32.4830082123674,3.68466631189344,267.874367527798,220.5,36.1558359768586
-7.90937024808909,3.73776694128775,267.874604967583,221,36.1520778366453
-19.26718593663,3.71296358819904,267.877482838542,221.5,36.1429230260858
2.04356452154823,3.75945054676385,267.875562511581,222,36.1438940265278
-37.5031901844581,3.67369158379168,267.884663286278,222.5,36.1260743717715
-2.29896377272833,3.74972273562689,267.883742874652,223,36.1249820182804
9.77534721155221,3.77613055627926,267.880524538534,223.5,36.1296267781415
-10.1505317697532,3.73293127858203,267.880666179615,224,36.1248037491981
10.6982431400904,3.77835583252611,267.87740278521,224.5,36.1298870234027
-24.9188253914365,3.70102415683437,267.881631319794,225,36.1180468342555
4.36518579745216,3.76465165274719,267.879329098236,225.5,36.1201209539097
-16.122610666017,3.72008392583221,267.880981865373,226,36.1124602894589
-6.95828054575105,3.73999228815614,267.880617664895,226.5,36.1091540598712
-3.3927422196181,3.74780648780169,267.879415562614,227,36.1075419971444
-21.09113710181,3.70922604363082,267.882563070093,227.5,36.0975205355108
26.020496716945,3.81094806649609,267.878471608263,228,36.1098841841978
-12.7482188554525,3.72773714778824,267.878980210599,228.5,36.1038268632701
-24.7597487017361,3.70151837929316,267.883297413986,229,36.0920622594711
-25.4913045586647,3.69964817568352,267.888065796015,229.5,36.0799500566348
-15.7576371183637,3.72052839246516,267.889959606246,230,36.0724628095008
5.78268353672782,3.76746691773073,267.887320234925,230.5,36.0752104537327
27.6646941468937,3.81435420954904,267.882936319574,231,36.0883553434397
-6.99325748610993,3.74031123603426,267.882063557695,231.5,36.0850324945458
-25.4838403306757,3.70005727390613,267.886475239975,232,36.0729238383402
-17.2467239186086,3.71762695404519,267.888674125936,232.5,36.0647290510596
-20.8737409897752,3.70957701928249,267.89185561833,233,36.0548108852694
-60.3243325853011,3.626207495847,267.911649948074,233.5,36.0261477562186
-14.1604748361756,3.7231742356076,267.913695582663,234,36.0194194013367
21.0458263341017,3.79955632372479,267.909578305067,234.5,36.0294193335422
-27.836590169429,3.69384616474869,267.914670037608,235,36.0161927673761
-7.05297670674171,3.73883596235713,267.914423930468,235.5,36.0128415428723
-17.1888297475032,3.71667749210049,267.916469246515,236,36.0046742640286
-24.3208808001096,3.7010053075401,267.920817767309,236.5,35.9931181884762
4.81746253814783,3.76444273611899,267.918364770957,237,35.9954072075919
-15.455846539698,3.72029258814408,267.919801401229,237.5,35.9880633563635
24.4753747950057,3.80668863874651,267.915553107167,238,35.999692839795
10.7383465007445,3.77780194532546,267.91185282947,238.5,36.0047951691264
-59.0411562916033,3.62864185603534,267.930363005506,239,35.9767417417685
14.5387774614199,3.78549183982219,267.927209069013,239.5,35.9836498472834
-5.61799583609505,3.74201331322752,267.926123275098,240,35.9809804544737
-38.7446472312082,3.67027694018316,267.9354842588,240.5,35.9625709209402
4.18035422969129,3.76298220556131,267.933249580458,241,35.9645572178062
-2.17737751845388,3.74928392878544,267.931575677514,241.5,35.963522636069
24.6046736329336,3.80701776465735,267.927162286078,242,35.9752135558914
2.95548839244015,3.76100733589365,267.924404704312,242.5,35.9766178572996
-41.8904122999492,3.66413521835347,267.934785186127,243,35.9567136123244
-61.0362314407456,3.62393106389607,267.955149108864,243.5,35.9277122242679
-29.6983121784084,3.68855979027897,267.962007409465,244,35.9136010601973
0.242146437547342,3.75364187501151,267.960306070477,244.5,35.9137161161671
22.5752760194267,3.80194291427689,267.955832845904,245,35.924442766959
-15.3610403294673,3.72008320015054,267.956955907263,245.5,35.9171439629367
18.195978432745,3.79293216536729,267.952874223111,246,35.9257897888526
31.6927005833654,3.82161215101041,267.948238147257,246.5,35.9408485873151
-24.1460505167246,3.70186378971677,267.951693871858,247,35.9293755824369
0.280326484343366,3.75483045020458,267.949759473251,247.5,35.9295087796701
-2.63398884368579,3.74856359252495,267.948079517798,248,35.928257238892
7.70590458347613,3.77109895647273,267.944833180517,248.5,35.9319187023191
-11.9487865639134,3.72846589038657,267.945064120413,249,35.9262412319419
-33.2741793762528,3.68219253506712,267.952104958847,249.5,35.910430993243
-52.9261081776802,3.64043857697994,267.968059584787,250,35.8852831332695
-26.7426080510146,3.69500438671167,267.973601811951,250.5,35.8725763731137
-20.1278529254018,3.70908284447396,267.976672687421,251,35.8630126163146
3.60793260772752,3.76085800660501,267.974204483925,251.5,35.8647269268342
-7.26802893440454,3.73724349856803,267.973500419515,252,35.8612735201845
-8.70720866414732,3.73409850481077,267.973217719559,252.5,35.8571362867512
21.3259189690735,3.79916142355995,267.968845284159,253,35.8672693050763
-1.78709328094675,3.74965477541447,267.966816285179,253.5,35.8664201670396
-0.661787168506768,3.75217633667606,267.964779092015,254,35.8661057186205
-3.73494635359361,3.74554208065968,267.963297803415,254.5,35.8643310574722
30.5630427511352,3.81903811958857,267.958798639356,255,35.8788530985959
-2.78281265403402,3.74818472880095,267.956840841397,255.5,35.8775308441289
7.96739992840983,3.77157748939737,267.953524693008,256,35.8813165571665
-19.5068180495418,3.71193061841873,267.955681701462,256.5,35.8720478853194
13.6340614626437,3.78375426865907,267.951967434944,257,35.8785261146912
-51.8653880109582,3.64329309423506,267.966503209742,257.5,35.8538822562992
14.7477971740462,3.78575491788088,267.963087282645,258,35.8608896776083
15.1601279502701,3.78691796443737,267.958903829569,258.5,35.868093018039
-9.36624254681169,3.73400291321777,267.958384829809,259,35.8636426444114
3.07998994101262,3.76106468912918,267.955773593139,259.5,35.8651061027767
8.01069624399794,3.77185909463385,267.952389920005,260,35.8689123880746
-40.8024385457318,3.66653814134205,267.961976113411,260.5,35.8495250942332
-28.2216047734224,3.69272999221999,267.967517511447,261,35.8361155882349
-9.06429796127293,3.73402816338132,267.967456771605,261.5,35.8318086836894
14.6137541165563,3.78541350017277,267.963515730096,262,35.8387524143899
32.0100112864898,3.82230319348861,267.958920667698,262.5,35.853961983151
22.8208754907558,3.80360822913933,267.954282021144,263,35.864805330623
9.0265468559316,3.77453437292041,267.950627030412,263.5,35.8690942977168
-14.4315295262452,3.72374026305838,267.951268618634,264,35.8622371510982
-28.7849798037471,3.69252049892123,267.956441132013,264.5,35.8485599572449
-19.0132039349856,3.71322980613475,267.958811172289,265,35.8395258263279
-32.1346916641134,3.68470461626629,267.965374338023,265.5,35.824257015639
-6.66203207189517,3.73953294569825,267.964797350633,266,35.8210915486237
-16.5958928382553,3.71784658077528,267.966322745177,266.5,35.8132060039729
32.9971807549449,3.82416390871632,267.962003761812,267,35.8288846266738
10.2169278180775,3.77659008542954,267.958132899738,267.5,35.8337392037242
-0.831634351610681,3.75285137579905,267.955923275916,268,35.833344052353
-57.4392205223333,3.63218589174921,267.973145244785,268.5,35.8060517853713
-13.5676353772288,3.72432910570113,267.974519540535,269,35.7996051183787
6.1351689158875,3.76717165602558,267.971502687183,269.5,35.8025202461695
-9.28071182065779,3.73376186376548,267.971036280008,270,35.7981105124982
6.04747326488877,3.76709610633908,267.967979813089,270.5,35.8009839716679
7.70037258875976,3.77082944284848,267.96457018818,271,35.8046428065658
1.85336853681374,3.75832574136487,267.961946615732,271.5,35.8055234353149
-31.7049490172012,3.68557502857609,267.968035033558,272,35.7904588170045
4.87145525349744,3.76458629730252,267.965398589782,272.5,35.7927734907789
-5.54507017205873,3.74205504765917,267.964129713799,273,35.7901387486256
-7.43260663605367,3.73792651112213,267.963353509433,273.5,35.7866071428197
8.15991879648312,3.77180286668616,267.960026059144,274,35.7904843312689
-23.4491148908574,3.70323067028005,267.963302308788,274.5,35.7793424756124
-2.82777849052785,3.74785256667984,267.961816503143,275,35.7779988556115
-30.6036256890963,3.68754761367278,267.96764025277,275.5,35.7634575314898
-4.82143272929568,3.7431680275379,267.966653597057,276,35.7611666259363
-5.46929219853686,3.74176927326381,267.965498503543,276.5,35.7585678897152
-31.1156493909175,3.6860510375303,267.971596125934,277,35.7437832773413
-2.64603343985143,3.74756851915095,267.970213321279,277.5,35.7425260135688
4.51594722580428,3.76322503988121,267.967317385838,278,35.7446717675717
27.1324134095847,3.81165699363289,267.962726159706,278.5,35.7575637438885
11.0732067174549,3.77798916730702,267.958803131336,279,35.7628251821763
-12.3103844275263,3.72737300404478,267.958941249455,279.5,35.7569758984397
-14.1499563086985,3.72323491897283,267.959785246734,280,35.75025254144
-17.3378064963384,3.71614240970869,267.961522127241,280.5,35.7420144762388
-4.59016408803022,3.74376846908325,267.960310128221,281,35.7398334580661
-33.5745935906138,3.68089562971614,267.967254286909,281.5,35.7238804774417
11.72278003199,3.77879800190152,267.963844894335,282,35.7294505607313
35.4538996276758,3.82893168165197,267.959391003997,282.5,35.7462964943178
3.88824272042875,3.76265346971491,267.956267749505,283,35.7481439942917
3.65563605065519,3.76224902379404,267.953410460018,283.5,35.74988097112
-24.0615810572888,3.70206458561292,267.956838372676,284,35.7384481019368
3.20050629622945,3.76107348041865,267.954344933848,284.5,35.7399688236931
-43.1773604892825,3.66110126771589,267.964913848657,285,35.7194530848074
-0.283029488044907,3.75305114651453,267.963233643235,285.5,35.7193186032409
-28.9391853759125,3.69079526818672,267.968457185973,286,35.7055681385527
-15.8123770349872,3.71887602423916,267.970023590652,286.5,35.698054881727
-0.0430646573286477,3.75317102344934,267.967974364019,287,35.698034419539
5.26842555964188,3.764807658964,267.964938742404,287.5,35.700537713902
-47.27878014119,3.65163899419846,267.977460238613,288,35.6780731839441
25.8937529779401,3.80846153859089,267.973405201621,288.5,35.6903766102965
-29.6309232293269,3.68887434367264,267.978650634672,289,35.6762974661101
-51.781871553066,3.64168455966948,267.993817996338,289.5,35.651693290594
-2.38570593432587,3.7471360760594,267.992687072664,290,35.6505597215326
-8.40967116086911,3.73402465018064,267.992171587064,290.5,35.6465638631545
-18.0516100506934,3.71290820598884,267.994179485585,291,35.6379866339291
17.1111790380472,3.7892718843264,267.990068052731,291.5,35.6461170170093
32.8557631479874,3.82264161453317,267.985348727444,292,35.6617284450818
-38.6336805144194,3.66940797770611,267.993861559475,292.5,35.643371637425
-53.7850413826243,3.6371260105987,268.010116666766,293,35.6178156550198
22.507609178192,3.80046278954208,268.00613453866,293.5,35.6285101538871
-21.7980736745177,3.704739292066,268.008893840444,294,35.6181527910782
-17.7408657661242,3.71333348169571,268.010921521231,294.5,35.609723212115
-1.2936818371233,3.7491690697996,268.009071266569,295,35.6091085187092
6.7520765474355,3.76678162747073,268.005774886473,295.5,35.6123167703905
-2.34113149251419,3.74714345928739,268.003838596058,296,35.6112043808916
10.5036702200659,3.77512511490863,268.000107008554,296.5,35.616195203701
40.5941162911401,3.83836306225208,267.995834090039,297,35.6354835131458
-33.2176973032652,3.68104373256361,268.002086354814,297.5,35.6197001119249
-25.2733840843827,3.69764570329894,268.006393671722,298,35.607691454083
-1.7530784009379,3.74864227281968,268.004665643097,298.5,35.6068584782291
-21.4984906564639,3.70557021921198,268.007476626175,299,35.5966434624026
-13.2824848879759,3.72324148332802,268.008242168254,299.5,35.5903322847709
-3.36092927202491,3.74484511856505,268.006695763207,300,35.588735337978
-28.0088878717914,3.69112464101781,268.011684174493,300.5,35.5754269044947
16.4044289386346,3.78742906318842,268.007686971666,301,35.5832214750025
36.9609901699697,3.83071418877657,268.003090180882,301.5,35.6007835032204
31.5169689717649,3.82006183359068,267.998275001984,302,35.6157588027423
-61.1474619568207,3.62311878649657,268.016970443098,302.5,35.5867045634647
17.7161831210809,3.79075407445891,268.013324964031,303,35.5951224144599
9.7031197221125,3.7738699061555,268.009466899132,303.5,35.5997328554025
5.66905562994171,3.76533326290333,268.006158866086,304,35.6024265092923
-5.25566447167235,3.74168520658431,268.004683912751,304.5,35.5999292783651
-7.13138869953068,3.73756618938601,268.003704267551,305,35.5965407963737
-16.6142160140959,3.71682561719473,268.005035378122,305.5,35.588646545459
-15.6592222191862,3.71871506635006,268.006246381305,306,35.5812060602009
-13.9235133776511,3.72233279451673,268.007017916625,306.5,35.5745902976441
12.2375278348737,3.77913616237355,268.003210143464,307,35.5804049635436
10.4565775080218,3.77553161354128,267.99933986453,307.5,35.5853734102333
-1.32045889896409,3.7501833465383,267.997111137237,308,35.5847459936966
42.50623853712,3.84266026401579,267.993213539064,308.5,35.6049428487373
-27.9369901798435,3.6930580062634,267.997434594425,309,35.5916685774691
-4.39057579046183,3.7438169832512,267.996142580947,309.5,35.5895823937502
4.6199457066015,3.76340589573043,267.993122956852,310,35.59177756267
-41.2382647563881,3.66442281590324,268.002704588983,310.5,35.5721831858425
19.0873883939399,3.79408256162455,267.998745718661,311,35.5812525655328
-18.2935875249838,3.71339868998683,268.000273852082,311.5,35.5725603606204
-5.15811127348989,3.74182525180107,267.999044934467,312,35.5701094821315
22.4949240141751,3.80139959398357,267.994556203072,312.5,35.5807979536384
-15.135894689461,3.72043563868691,267.995185284809,313,35.5736061276506
30.5800523923399,3.81847969976074,267.990798960302,313.5,35.5881362509116
-23.9159625720914,3.70172496580945,267.993814269069,314,35.5767725724057
-11.9331173665327,3.72742624687895,267.994099849239,314.5,35.5711025472534
-19.7881294807151,3.71020007898334,267.996343210649,315,35.5617002101753
29.7425835410752,3.81659209106344,267.991960076751,315.5,35.5758324098003
-17.647608716803,3.71512779638782,267.993187517604,316,35.5674471419588
-9.51461900507953,3.73262379603432,267.992849603178,316.5,35.5629262672019
-10.6875791130952,3.72997685596202,267.992705517004,317,35.5578480600137
4.40738876573079,3.76276444106066,267.989790008898,317.5,35.559942232424
13.500882242022,3.78249475275443,267.985740883745,318,35.5663571816396
-9.11814870231746,3.73366819317282,267.985007516241,318.5,35.5620246898945
-24.3618852328001,3.70043553242019,267.988577414226,319,35.5504491310707
-9.85658400515008,3.7316583170705,267.988436721195,319.5,35.5457657715169
-7.13218022502248,3.73752179158457,267.987544372473,320,35.5423769134319
-34.5255493826629,3.67812218260898,267.994714302849,320.5,35.5259720858094
-25.3675008023891,3.6973090273089,267.99908925617,321,35.5139187083739
1.20782207456897,3.75495810718964,267.996856803713,321.5,35.5144926054816
14.9804191226283,3.78483540441923,267.992688218226,322,35.521610557196
-39.737892464194,3.6666570544546,268.001725801052,322.5,35.5027290828208
-9.50766108747932,3.73141794510699,268.001776511,323,35.4982115141211
7.10724140546631,3.7676035310576,267.998501698654,323.5,35.5015885225167
-10.9543077152366,3.72838149583726,267.998333029639,324,35.496383579134
-8.79130548748481,3.73302044862332,267.997852540737,324.5,35.4922063870639
4.35212170462421,3.76165725688071,267.994942741696,325,35.4942742993095
0.773482024737548,3.75399632049244,267.992450042041,325.5,35.4946418195811
-23.2375850613368,3.70167735974715,267.995700377986,326,35.4836004724017
17.6544897115401,3.79026565805267,267.991605207737,326.5,35.4919890097504
12.9165157835089,3.78042189047115,267.987488147669,327,35.498126297026
30.7723898986394,3.8183519613211,267.982863253813,327.5,35.5127478095246
-28.4372391028076,3.69132448484182,267.987387783464,328,35.4992358447947
-41.1510524747256,3.66379608908977,267.997394587117,328.5,35.4796829069152
-4.40313033121847,3.74264718276733,267.996358101342,329,35.4775907579017
-11.9655477872676,3.72612269164763,267.996546156797,329.5,35.4719053234229
-41.0785892693595,3.66319535051873,268.006515854365,330,35.4523868164624
0.336072317965071,3.75239026868957,268.004638909822,330.5,35.4525465013492
3.36944789799841,3.75909427658927,268.001781590538,331,35.4541474957704
-2.38340053330795,3.74666637524425,267.99984975871,331.5,35.4530150221211
-2.97648501945112,3.74540656712791,267.998081334527,332,35.4516007441577
3.92242475694078,3.76048033487197,267.995171310086,332.5,35.4534644857389
-18.4334674562897,3.71177037681427,267.996972693506,333,35.4447058168253
-18.4210007848644,3.71158002741091,267.999042055983,333.5,35.4359530714552
-24.7420492897967,3.69761689267494,268.003078153802,334,35.4241968775384
21.8840529617957,3.79857668038761,267.998756343062,334.5,35.4345950934376
13.5348487492482,3.78112789532794,267.994532263968,335,35.4410261818518
-8.94694632988485,3.73248113006231,267.993828002222,335.5,35.4367750369775
-22.3428195075532,3.70316860980188,267.99690796855,336,35.4261588379835
4.58475941809751,3.7617017015154,267.994120112825,336.5,35.4283372881252
11.4425361875018,3.77668220397751,267.990236786202,337,35.433774213448
41.0060818071425,3.83872602588249,267.986084897508,337.5,35.4532582684608
-2.97713923542362,3.74621024716569,267.983946958799,338,35.4518436796465
6.9026418343101,3.76768413668496,267.980650938185,338.5,35.4551234724798
-30.5024369509723,3.68652141232118,267.986098015123,339,35.4406302282246
2.26366514874501,3.75735831654216,267.983740872752,339.5,35.4417058095615
12.6807530200515,3.77997892130206,267.979793876194,340,35.4477310740725
7.31269448516603,3.76861775542557,267.976320969385,340.5,35.4512057035753
-48.5360978009735,3.64846712660623,267.989045115024,341,35.428143758664
-24.5243677217534,3.69873867016042,267.993302199695,341.5,35.4164909962252
-14.4511611469513,3.72035486638681,267.994362817167,342,35.4096245216346
9.62672639186814,3.77273041244211,267.99085573112,342.5,35.414198664258
-27.0854995236927,3.6929628162679,267.995276173274,343,35.4013289790915
-7.52026527329572,3.73525362879436,267.994720179842,343.5,35.3977557222516
-15.5618092561822,3.71762253457901,267.99589000737,344,35.3903615227991
-13.9016337825393,3.72109135030731,267.996730426021,344.5,35.38375615634
-18.891024324804,3.71005531606429,267.998930872013,345,35.3747800791102
-2.93219702598875,3.74478569866499,267.997374579316,345.5,35.3733868446034
26.2173619294553,3.80755534805324,267.992735845397,346,35.3858440338693
-12.9908523170416,3.7232656955177,267.992906297429,346.5,35.3796714255621
-17.9024842516124,3.71239537441568,267.994753925411,347,35.3711650535155
6.50951962775309,3.76554386285594,267.991660642258,347.5,35.3742580541862
-5.60553997938577,3.73926682562118,267.990337661255,348,35.3715945797814
-20.9158895172962,3.70577446693876,267.992992706683,348.5,35.3616563871027
-3.75014953929398,3.74307244746946,267.991606849563,349,35.3598745021552
17.4181852809959,3.78898150902899,267.987324210607,349.5,35.3681507593659
-17.5378695271494,3.71324846570302,267.988768708883,350,35.3598176341411
-21.2608684865012,3.70492049063873,267.991669787794,350.5,35.349715524577
-40.5640666158136,3.66311970325922,268.001651538387,351,35.3304414932466
1.76371662460479,3.75452753709825,267.999564123222,351.5,35.3312795238563
-35.3574944594071,3.673740358715,268.007271176003,352,35.3144793972214
13.1348223797396,3.77892096450218,268.003643470503,352.5,35.3207204129574
-4.49465652588043,3.74079552650844,268.002077302974,353,35.3185847752384
1.88455091422678,3.75477275876099,267.999515753718,353.5,35.3194802203058
-8.16479295060395,3.73286465938213,267.998813483614,354,35.3156007159004
-41.8319954633088,3.65987879776037,268.009222281414,354.5,35.2957242277069
13.8434809735911,3.78027975729471,268.005609380339,355,35.3023019628372
-6.88297997831555,3.73538568874027,268.004533201409,355.5,35.299031512342
-20.7013214082475,3.70508190278042,268.007236082044,356,35.2891952717801
3.73272826188292,3.75839361411503,268.004569671895,356.5,35.2909688790012
-38.0048137378752,3.66760484762194,268.01331369207,357,35.2729108776271
-22.944184410285,3.69957345718096,268.017197085633,357.5,35.2620089398761
-30.18816506593,3.683562618786,268.023411846583,358,35.2476650220239
20.4664345924436,3.7936780275832,268.019137355341,358.5,35.257389656028
-83.4100809081361,3.5742358151068,268.052130807503,359,35.2177573250805
3.24717519818981,3.75571867414593,268.050501239185,359.5,35.2193002215829
-14.9366096679423,3.7158834304236,268.051618368323,360,35.2122030859471
-12.1270603348259,3.72196340249454,268.052169124375,360.5,35.2064409087214
-46.1486225193589,3.64817424172325,268.0650036886,361,35.1845133735776
2.12310682141536,3.75271895168637,268.062946170957,361.5,35.185522168573
10.2086718821946,3.77054567948739,268.05910300033,362,35.1903728228124
-8.10121897756448,3.73063321130363,268.058363020797,362.5,35.1865235256039
-27.910348285454,3.68712964273521,268.063615854442,363,35.1732619132417
14.1289703416113,3.77898661834954,268.059676181424,363.5,35.1799752987513
16.1870529634428,3.7837088900975,268.055125863461,364,35.1876665829837
0.977707624439068,3.75094319482281,268.052453866926,364.5,35.1881311411249
-37.3377409470116,3.66732044494433,268.061032224322,365,35.1703900996353
-18.4952565212391,3.70771904853491,268.063557091004,365.5,35.1616020716244
4.39099343208022,3.75790681541172,268.060697346655,366,35.1636884537858
-0.554110179916657,3.74722250546584,268.05841402546,366.5,35.1634251681279
-16.6097194803698,3.71196292454577,268.059909135457,367,35.1555330537428
-8.46657220878627,3.72973656669121,268.059496295037,367.5,35.1515101588108
5.18395011043961,3.75971416309772,268.056396137285,368,35.1539733146326
-7.32900510597465,3.73239155719784,268.055471844876,368.5,35.1504909351323
10.4970509318831,3.77143144047635,268.051667351188,369,35.1554786127844
-2.90784777656937,3.74234603479445,268.049747593246,369.5,35.1540969478325
-53.2701294158422,3.63359634983895,268.065555173102,370,35.1287856260398
-23.0771724382896,3.69727845753871,268.069775635518,370.5,35.1178204989778
-37.7185751227331,3.66525165752075,268.079062000254,371,35.099898503988
-22.7828016262433,3.69716814362484,268.083081333661,371.5,35.0890732473269
6.85877091523088,3.76226720366561,268.079914838807,372,35.0923321948767
-11.7050444948381,3.72159128278033,268.0801015447,372.5,35.0867705386341
-5.8296220475436,3.73450624655734,268.079072421774,373,35.0840005915513
10.1777026690599,3.76968009502512,268.075256566806,373.5,35.0888365307576
-6.34731569062104,3.73364790594611,268.074078126291,374,35.0858206013479
35.3696144463684,3.82333560921411,268.06923706219,374.5,35.1026264867992
-26.1761744470954,3.69073373000539,268.073312564465,375,35.0901888677808
22.5681852404918,3.79682409311644,268.06875071389,375.5,35.1009121493865
-35.6681168468189,3.67031766915801,268.076394171989,376,35.0839644304087
-32.5573275491736,3.67648596135201,268.083597417951,376.5,35.068494804122
-1.63383630133766,3.74392367526064,268.081912439489,377,35.0677184861961
-9.15360382966328,3.727420408229,268.081473885249,377.5,35.063369147934
30.5505012391982,3.81327307878716,268.076539832609,378,35.0778852299536
5.20218653750377,3.75949365297496,268.073032886543,378.5,35.0803570508206
-24.332706766102,3.6947705012503,268.076700331919,379,35.0687953561561
-0.114084585438723,3.74770695296323,268.074577078974,379.5,35.0687411488229
-29.8120076122052,3.68261404024271,268.080255084558,380,35.0545759623247
-49.6333697689314,3.63987554807658,268.094790210183,380.5,35.03099264823
15.7120431987384,3.7813413366756,268.090913431012,381,35.0384582313961
-29.8089205457857,3.68187189952661,268.096561489644,381.5,35.0242945117187
8.95616296710199,3.76669071844928,268.09312311432,382,35.0285500358815
-38.1565448245969,3.66372875138741,268.102092895192,382.5,35.0104199394251
-23.6914999218352,3.69457318344311,268.106311477545,383,34.999162914431
-28.3225679304893,3.68417050207365,268.111995445393,383.5,34.9857054357512
15.1936863741179,3.77952100791031,268.107839482488,384,34.9929247214794
-14.6026851033326,3.71437817096674,268.108657716526,384.5,34.9859862502247
-4.25464123913292,3.73713894970888,268.107257987628,385,34.9839646558584
1.83396028908234,3.75061059323819,268.104570237971,385.5,34.9848360627715
-17.6462079166373,3.70773158287088,268.106347514778,386,34.9764514605207
21.9966940473266,3.79432513233137,268.101595140962,386.5,34.9869031978736
5.24886313844351,3.75848228350477,268.098104474408,387,34.9893971971448
-15.9970301325915,3.71182981516474,268.099289027691,387.5,34.9817962023312
-29.2469409345905,3.68261860798759,268.105010143789,388,34.9678995074748
-7.14342406373167,3.7308561159777,268.104405099567,388.5,34.9645053068757
-25.8889059455044,3.68954685808873,268.108918019397,389,34.9522041835927
-11.2958817564708,3.72137571199317,268.109305914919,389.5,34.9468369411773
0.7229443991508,3.74787515349491,268.106893737588,390,34.9471804484773
31.5979325618448,3.8143997436011,268.101768040672,390.5,34.9621942178792
-57.0960997928029,3.62349761881641,268.119303063646,391,34.9350649848397
12.7522878483257,3.7741072844478,268.115750709361,391.5,34.9411242391509
1.51651454916666,3.74981474489288,268.112913334487,392,34.9418448116027
9.53031663374673,3.76747594182709,268.10899241391,392.5,34.9463731450937
-9.72417048440315,3.72535850277423,268.108481130006,393,34.9417527018735
9.07223692118038,3.76662774890024,268.104734198979,393.5,34.9460633786188
0.0322633727343344,3.74702776922096,268.10216967477,394,34.9460787085723
-5.89204316281711,3.73404875240546,268.100858031515,394.5,34.9432791020734
-7.55793511006815,3.73036027646129,268.099982389394,395,34.9396879463965
-34.2681953779186,3.67180579714735,268.107419249108,395.5,34.9234054006251
-8.23661961188305,3.72838797355029,268.10709516522,396,34.9194917677549
-19.6300555442272,3.70321753920997,268.109532220993,396.5,34.9101645395664
-11.3404198472959,3.72129513462029,268.10980057486,397,34.9047761348607
22.0208605128767,3.79410774675696,268.104964051045,397.5,34.9152393549186
26.4650761740144,3.80388037188196,268.099730864474,398,34.9278142456999
-3.32277423281378,3.73982690967392,268.097640629687,398.5,34.9262354282881
-17.4001410288341,3.70881462082751,268.099222026733,399,34.9179677448105
9.78016793146132,3.76837047840383,268.095485116632,399.5,34.9226147952385
-7.98204032760838,3.72959450036488,268.094530957878,400,34.9188221258099
-23.8722503650751,3.69458757095041,268.098173451677,400.5,34.9074792171755
6.51742814491304,3.76114475712959,268.094939126441,401,34.9105759755811
26.333709298333,3.80389290234339,268.089874316925,401.5,34.9230884473426
9.30954042129987,3.76782312513643,268.085812703252,402,34.9275118789342
5.37495565107628,3.75942368479493,268.082392687196,402.5,34.9300657911097
16.7573012213148,3.78420850509365,268.077825941149,403,34.9380280290138
-3.37564424663212,3.74064871156018,268.075803674028,403.5,34.9364240903952
-6.69243991248831,3.73334719556787,268.074644666291,404,34.9332441750832
-28.4165845755584,3.68569707555301,268.079677311344,404.5,34.9197420243595
-9.05991719639343,3.72771115506414,268.079381395032,405,34.915437201336
-16.956158804439,3.71026225387097,268.080903980753,405.5,34.9073804761774
1.11893559480465,3.74985468351014,268.078437793316,406,34.9079121388412
-4.28926806352895,3.73804878441114,268.076785756699,406.5,34.9058740915265
-2.19355084574127,3.74266136800805,268.074776620903,407,34.9048318250268
-22.983400236167,3.6969747694455,268.078043714087,407.5,34.8939112538615
-1.53867334339928,3.74386257625132,268.076137009638,408,34.8931801526504
-8.2588848034255,3.72910922846347,268.075389439967,408.5,34.8892559404662
-3.78163141993066,3.73892197045209,268.073752696116,409,34.8874590968914
7.64090514217907,3.76398715411156,268.070187932868,409.5,34.8910896758099
-0.637568064420681,3.74602839552962,268.067790286279,410,34.8907867351071
1.24952414332043,3.75022120260777,268.065144442138,410.5,34.8913804469682
-54.3479283239794,3.63003726688259,268.081281752154,411,34.8655570086237
18.9976677530013,3.78813177557419,268.077245797872,411.5,34.874583757518
16.4545830188751,3.78300325835049,268.072577677908,412,34.8824021587557
-19.2383562100927,3.70514822302006,268.074497098875,412.5,34.8732610466515
-11.8951581781555,3.72106110911288,268.074803528814,413,34.8676090578216
21.451726995918,3.79366791370771,268.070125797052,413.5,34.8778018538775
-3.3926072197539,3.74006952466269,268.068115472246,414,34.876189855296
-19.7167867308886,3.7041554358392,268.070358160834,414.5,34.8668214167519
25.1471425381587,3.80163152845002,268.065666835532,415,34.8787700908763
20.0890855755697,3.79128389064386,268.060794447512,415.5,34.8883154273547
-5.92365697466949,3.73504359906466,268.059281989801,416,34.8855007995414
-11.097603820363,3.72361258627745,268.059176010295,416.5,34.8802277689611
26.8786824476494,3.80580218552183,268.054443552432,417,34.892999184917
-33.1855929533631,3.67577054214608,268.060820303255,417.5,34.87723103809
-4.88408670246802,3.73715245560045,268.059667902426,418,34.8749103624778
-28.2713321953476,3.68586386350844,268.064672404311,418.5,34.8614772284766
-36.9513102341256,3.66671291014721,268.073310415958,419,34.8439197996839
-34.6600287893844,3.67108068470671,268.081285149645,419.5,34.8274510741213
22.6858352213673,3.79581020699691,268.076781764672,420,34.8382302571592
-37.9462971863676,3.66401993930411,268.085350362328,420.5,34.8202000599462
-1.37504685737844,3.74354142590451,268.083627824682,421,34.8195467059208
-11.9157128890225,3.7203542082049,268.083797094883,421.5,34.8138849505125
-45.2913999929591,3.6477432622695,268.096009409908,422,34.7923647249708
33.0220270141418,3.81690323865054,268.091465615119,422.5,34.808055153381
-0.305654387408829,3.74586817879552,268.088795858342,423,34.8079099215852
-2.80728796194925,3.7404249354632,268.086861952995,423.5,34.8065760376666
3.99643024845107,3.75540923731363,268.083770971196,424,34.8084749429847
29.343483135118,3.80994137616306,268.078753920425,424.5,34.8224175099034
15.360596948747,3.78069240359187,268.074113971734,425,34.8297161032533
-16.3541429039391,3.71152843938022,268.075145535219,425.5,34.8219454261735
-16.6781891405899,3.71060643807597,268.076619609622,426,34.814020778404
-4.7277703066199,3.73672545745502,268.075232961475,426.5,34.8117743765855
14.0888386936312,3.77783466279,268.070971177109,427,34.8184686935276
-29.1506777837575,3.68341390117085,268.076093481551,427.5,34.8046177381432
-0.928160480507561,3.74496828985457,268.074132420767,428,34.8041767223459
-14.2095886470206,3.71576216800311,268.074822259579,428.5,34.7974250310185
-12.6571015114263,3.71902919927687,268.075267785082,429,34.7914110045306
11.9775400656237,3.77297021843484,268.071287364978,429.5,34.7971021371449
22.7401710077324,3.79628307580825,268.066360367739,430,34.8079071378519
3.76598157285864,3.75567229066553,268.063102734538,430.5,34.8096965453961
-1.65091258473482,3.74388739592862,268.060900284221,431,34.8089121136678
-3.27872528913855,3.74032812470198,268.059061682034,431.5,34.8073542261279
-0.808027679060661,3.74575464484939,268.056787932562,432,34.8069702914759
-27.7881528007618,3.68658690260079,268.061562685092,432.5,34.7937667403436
35.417517161283,3.82292428680397,268.057102785844,433,34.8105953867877
-10.8812566927169,3.72385621622698,268.05659733152,433.5,34.8054251536255
-12.2370997698325,3.72074727906697,268.056831086493,434,34.7996106911213
2.90621798875035,3.75389948300622,268.054039752203,434.5,34.8009915816789
-48.7225341251237,3.64190937978567,268.067297048668,435,34.7778410514789
-16.8287332921534,3.70989852658796,268.069343171149,435.5,34.7698448725998
-19.64519537559,3.70352122489285,268.071812917564,436,34.7605104507149
-25.5873071960167,3.69026644372206,268.076244910521,436.5,34.7483526321897
21.9893680937591,3.79401420495971,268.071672150985,437,34.7588008886131
-6.35268604436709,3.73270266839653,268.070296641041,437.5,34.7557824074777
18.0605420990916,3.78595872816506,268.06575737214,438,34.7643638807693
-28.4739997158975,3.6844427795967,268.070655197288,438.5,34.7508344492204
-13.5361013703439,3.71679342697033,268.071519459251,439,34.7444027656228
8.24485643499115,3.76457250888856,268.067985552737,439.5,34.7483203122226
-44.8364686488009,3.64894670190566,268.079616350746,440,34.7270162474781
34.1261668256405,3.81929132080676,268.075181468938,440.5,34.7432313083302
19.7978170412631,3.78968571715632,268.070212183182,441,34.7526382484563
-0.585255019717815,3.7457341708852,268.067678101637,441.5,34.7523601643161
-4.07146029550573,3.73810206397509,268.065979718138,442,34.7504256084433
7.38289937949049,3.76320781442642,268.062454336349,442.5,34.7539335958278
-30.0656122831795,3.68124170896322,268.067952562702,443,34.7396479089759
-21.6115121496042,3.69924020749922,268.071120631629,443.5,34.7293791909449
-40.8811109380968,3.65721135387826,268.081386933276,444,34.7099545158869
-38.1129777959025,3.66249906073635,268.090905855306,444.5,34.6918451203204
5.65591060417903,3.75801940666383,268.08802810905,445,34.6945325283463
-34.8326172724377,3.66922233709322,268.095664296207,445.5,34.6779817973018
-7.71583539646922,3.72829096485929,268.095277747596,446,34.6743156152452
-25.8985020353171,3.688156770265,268.099806213454,446.5,34.6620099323765
-17.0138775209103,3.70739769877232,268.101761756608,447,34.6539257821483
-17.9717392421953,3.70511908307134,268.103904195727,447.5,34.6453865035672
-29.8732862681717,3.67877461740087,268.11007262297,448,34.6311922004928
-26.9454873897016,3.6847923193003,268.115397415293,448.5,34.6183890421438
-15.2647869399604,3.71026089583515,268.116968011399,449,34.6111359729553
-36.4076488782676,3.66369604588399,268.125814714864,449.5,34.5938368650578
-3.64119378510898,3.73552649235642,268.124646026902,450,34.5921067504774
-26.3387725348386,3.68527323501817,268.12951273828,450.5,34.5795918729172
24.6670967216795,3.79712353588905,268.124645660838,451,34.5913124530934
13.6499047076771,3.77386142046262,268.120052978479,451.5,34.597798210389
-28.5692691379333,3.6809987896665,268.125336932328,452,34.5842235115387
1.07462641835082,3.74623140941887,268.12304635167,452.5,34.5847341206809
26.5878051215542,3.80167321729728,268.117863417135,453,34.5973673261672
-38.3513003042086,3.66009014388777,268.126779506276,453.5,34.5791446915723
-3.76555016174049,3.73562748885528,268.125543270547,454,34.5773554890132
-30.6205930281142,3.67632432824648,268.131791620859,454.5,34.5628061028541
55.9552301160511,3.86095013535037,268.128674373264,455,34.5893932512426
36.9653215290601,3.82379401678437,268.123331595743,455.5,34.6069573375074
14.8675419588072,3.77768247480684,268.118569720929,456,34.6140216555954
-11.2486531863571,3.72060528599763,268.118265405639,456.5,34.6086768538527
-9.766361750708,3.72375586249766,268.11787875772,457,34.6040363634367
-11.9387362382545,3.71886105311283,268.118034600206,457.5,34.5983636684754
21.2174453054976,3.79126640047627,268.113236827614,458,34.6084451454989
-45.7779261224528,3.64559401091865,268.12512296827,458.5,34.5866937468859
-34.7411481032783,3.66846090362623,268.133271650418,459,34.5701864774512
-26.4979219390844,3.68590820241556,268.138292804099,459.5,34.5575959799924
18.934523484125,3.78549952161082,268.133711630485,460,34.566592725864
-36.3113681109272,3.66464555107296,268.141778978172,460.5,34.5493393658089
-29.0557217270862,3.67987255797359,268.147770345353,461,34.5355335288301
-17.2316979672965,3.70553537536517,268.149798376247,461.5,34.5273458811359
-10.6238997907325,3.72003237737,268.149862156179,462,34.5222979312013
2.61998744249863,3.74933824586924,268.147019809132,462.5,34.5235428192085
-14.5893593422509,3.71132355233894,268.147885735481,463,34.5166106796941
15.7756609295832,3.77814081499332,268.143383435353,463.5,34.5241064908487
-16.7127437895174,3.70684247326271,268.14468373848,464,34.5161654244249
4.97706167263004,3.75470435216069,268.141510545034,464.5,34.5185302771286
-58.9858738275944,3.61586957999269,268.160547404901,465,34.4905031172541
-10.382058790308,3.7200347868375,268.161158002802,465.5,34.4855700781608
23.8276581121866,3.79496211150259,268.156048221998,466,34.4968917987697
6.15705048916099,3.75708572536024,268.152288363718,466.5,34.4998173235982
8.77495953016671,3.76299357144915,268.148314044592,467,34.5039867488806
-3.94085818208137,3.73516014767259,268.146451956876,467.5,34.5021142486506
44.7545265081785,3.83897019875395,268.141903901707,468,34.5233793785564
15.0151462747444,3.77745524337946,268.137029770698,468.5,34.5305138308901
-47.4311662679989,3.64140550697062,268.149663934906,469,34.5079768946074
-20.3991388323777,3.69911302890533,268.152705051582,469.5,34.4982842362088
-45.0897607558241,3.64525649046388,268.164994686184,470,34.4768598196255
-1.18740449272853,3.74080679176476,268.163241608105,470.5,34.4762956239394
0.420639018630542,3.74444441913117,268.160627131082,471,34.4764954907255
-6.17405340411767,3.72993405394481,268.159326187655,471.5,34.4735618869556
-51.9584701947116,3.63021323793199,268.174816693621,472,34.4488738005294
-22.398363143274,3.69321464528476,268.178796346907,472.5,34.4382312099562
-25.6158782540921,3.68586321791102,268.183493719657,473,34.4260598158822
-19.3354277263378,3.69944588980197,268.186173174013,473.5,34.416872580211
-8.34905017967019,3.72370025770165,268.185706935801,474,34.4129055259147
3.16340273079275,3.74926817884295,268.182703018219,474.5,34.4144086178981
10.8617522249995,3.76635739096996,268.178446203125,475,34.4195695835052
8.22454088545898,3.76081944399209,268.174454878444,475.5,34.423477477164
-28.6936014122629,3.67932774419662,268.179747330434,476,34.4098437017874
1.23766897376582,3.745284752544,268.177296393825,476.5,34.4104317806604
19.4901570985133,3.78529664943407,268.172261895436,477,34.4196925360503
-9.03760049326625,3.72297825286272,268.1714334864,477.5,34.4153983168166
66.3630292990393,3.88016911449382,268.169843964106,478,34.4469307348556
-0.745002432164496,3.74238809064476,268.16689931519,478.5,34.446576746673
10.1836983453228,3.76641457557722,268.162768573387,479,34.4514155347271
-33.1834612095516,3.67120600767525,268.169382627381,479.5,34.4356484007989
25.0734312331848,3.79822462660167,268.164540604769,480,34.4475620509693
-14.8306204002056,3.71144414211966,268.165022123945,480.5,34.4405152761735
0.0629829229711767,3.74420879008881,268.162529384564,481,34.4405452025328
-25.8925793025436,3.68695964839038,268.16666138276,481.5,34.4282423338528
-33.7404314206218,3.66946891350651,268.174058148358,482,34.4122105553218
-23.0485261426951,3.69235815248488,268.177798670537,482.5,34.4012590395578
-32.3532742601322,3.67167194106445,268.184792814506,483,34.3858863692672
-30.7303071844157,3.67475263889801,268.191374968902,483.5,34.3712848523859
-9.34915852836554,3.72163130187744,268.191229911886,484,34.366842596236
-10.2476919864132,3.71959941567055,268.191035090249,484.5,34.3619734015796
5.26453241895543,3.75395892279664,268.187659404544,485,34.3644748461153
-3.65759027828759,3.73438034376286,268.185744702513,485.5,34.362736940735
-17.8740478183895,3.70282977264741,268.187547743429,486,34.3542440802702
-12.3752393186359,3.71485177681284,268.187979632337,486.5,34.348363980708
-45.8972497299775,3.64139214970363,268.200791671037,487,34.3265558854386
-20.7493089926939,3.69550151809001,268.204193307139,487.5,34.3166968435581
-19.6632854420309,3.69769691980446,268.206921069002,488,34.3073538261714
-40.650619094317,3.65143233509281,268.217692068003,488.5,34.2880386693986
-9.86796460244376,3.71881167961698,268.217938226565,489,34.2833499023498
-19.875118595578,3.69646385266282,268.220672223188,489.5,34.2739062323614
-9.94440766015778,3.71844462015744,268.220642812849,490,34.2691811433653
-29.0189544842777,3.67597906435314,268.226580671856,490.5,34.2553927763556
8.26913508571809,3.75866199414702,268.222988639329,491,34.2593218589653
53.7610484464517,3.85403096858032,268.218704501675,491.5,34.2848664411179
-1.44991560474678,3.7382648330235,268.215939736,492,34.2841775131793
-33.9057336343782,3.66642015208869,268.223315989632,492.5,34.26806719124
-18.0524562290513,3.70089374436338,268.22559905111,493,34.2594895599526
12.471504792819,3.76848082568407,268.221276034452,493.5,34.2654154000906
29.9652549205482,3.80626700428984,268.215633021972,494,34.2796534021043
-31.6648659312925,3.67161463522927,268.221777595259,494.5,34.2646078292871
-18.7896869050204,3.69955342074015,268.224190477131,495,34.2556799025699
-34.3656391442268,3.66500830468769,268.232070781087,495.5,34.2393510563567
-7.38330781683364,3.72432544439163,268.231476906868,496,34.2358428749031
-14.1622856193417,3.70919502624384,268.232316012725,496.5,34.2291136596269
0.317725427364232,3.74138333754049,268.229793769853,497,34.2292646269818
0.113897586352358,3.74103947806471,268.227141747249,497.5,34.2293187454623
-2.40517561647783,3.73553482707392,268.224984150251,498,34.2281759253741
-18.9439706838463,3.69873051444622,268.227133194603,498.5,34.2191746906621
-14.169796793015,3.70915689437667,268.228087360371,499,34.2124419064489
-21.4490371017693,3.69282684217336,268.231230180486,499.5,34.2022503884972
-35.8525884455028,3.66083988678466,268.239902936837,500,34.1852150177708
