curr_dens,Volts_tot,Temp_tot,t_tot,SOC_tot
-50.8075858112138,3.58444997937028,266,0,21
-50.8075858112138,3.58353663504399,266.017022894908,0.5,20.9758587567163
-12.7384755679417,3.67380237777489,266.020296209007,1,20.9698060653153
-27.9088699623084,3.63682234918718,266.027788540437,1.5,20.9565451553788
4.56051220641121,3.71523220041386,266.027311103284,2,20.9587120844489
-15.5925335886887,3.6663611501054,266.030708895169,2.5,20.9513032863184
13.236735013242,3.73590631780948,266.029113453457,3,20.9575927258801
5.11404483609911,3.71668260828229,266.028156474369,3.5,20.9600226661849
-4.55506567776081,3.69335387788541,266.028883650882,4,20.9578583250349
-28.5056383128993,3.63512013290433,266.036453865795,4.5,20.9443138603949
28.8267281176177,3.77213320553864,266.034484829554,5,20.958010890975
-22.002936570547,3.65090367841637,266.039541972185,5.5,20.9475561874849
22.6678817877847,3.75807896307668,266.037525055996,6,20.9583268399421
-24.8711570668584,3.64400776932727,266.043541252654,6.5,20.9465093004171
-15.4093161386366,3.66658211116794,266.047131667606,7,20.9391875581261
-37.7899931707651,3.61233319117211,266.0585151625,7.5,20.9212316288242
-0.663257261211878,3.70169475860048,266.05892387624,8,20.92091648189
-28.1939125078194,3.63476907537185,266.066427692416,8.5,20.9075201338821
-45.1186624989069,3.59388779942937,266.081440743752,9,20.8860819846249
4.39187816529909,3.71291306570283,266.081083356853,9.5,20.8881687871676
-16.9206925172545,3.66113588074372,266.084879251315,10,20.8801289138285
0.535491929326508,3.7034822464055,266.084780760373,10.5,20.8803833530178
-14.8228252012688,3.66608934409869,266.087990038498,11,20.8733402821137
-1.39789031171661,3.6986551560135,266.088208349238,11.5,20.8726760740125
-52.1745808393718,3.57630887073927,266.106493653417,12,20.8478853025331
20.6698397245431,3.75075460696661,266.104561303922,12.5,20.8577065845613
9.83228169452736,3.72543843160142,266.102732105235,13,20.8623783968632
5.88951301114469,3.71615007748438,266.101483650892,13.5,20.8651768011596
10.8238691640913,3.72813015722726,266.09967640836,14,20.8703197666162
-14.8547025160031,3.66599795351052,266.102711082117,14.5,20.8632615491941
-1.97134107082301,3.69722419460689,266.102976521503,15,20.8623248657516
-4.30839982258521,3.69153644419307,266.103576716889,15.5,20.8602777279744
-6.79742673450993,3.68543210737059,266.104733695923,16,20.8570479281349
-21.3649477433416,3.64980898318369,266.109906740521,16.5,20.8468963652732
-23.1239915554383,3.64521144265559,266.115855145177,17,20.8359089920903
-11.0602354581736,3.67431623996409,266.118264483227,17.5,20.8306537171012
-24.5871240570214,3.64117884199011,266.124642070023,18,20.8189711359663
10.1354327369865,3.72535180983676,266.123129362167,18.5,20.8237869905987
39.1965490234003,3.79273786341411,266.120763580743,19,20.8424112454367
-49.1462076289973,3.58304437807544,266.136966124871,19.5,20.8190594066139
-6.4918454136355,3.68515504926365,266.138548940996,20,20.8159748038526
-37.8476978184255,3.60891835654431,266.15002921022,20.5,20.7979914561659
9.9512739613778,3.7244517792843,266.148628626804,21,20.8027198076876
41.2563643702372,3.796830273736,266.146301989391,21.5,20.8223227845534
-40.877277161714,3.60214119491084,266.158550397459,22,20.8028999311157
25.1174849841399,3.76050428425413,266.156187635884,22.5,20.8148345134422
-53.7359047746828,3.5716181213086,266.174881381137,23,20.7893018783146
1.92768221720261,3.70500167032323,266.174781095086,23.5,20.7902178172366
8.56065801489727,3.7211179782964,266.173039914781,24,20.7942854170744
-6.57500066131982,3.68454998034177,266.173889844985,24.5,20.7911613030662
17.5947161777575,3.74276329219882,266.171388195319,25,20.7995214389981
19.1898364294411,3.74681989002939,266.168630862181,25.5,20.8086394969106
-1.47843089961336,3.69757346427917,266.168321320505,26,20.8079370199191
-32.0238971766863,3.62322027343253,266.17708240382,26.5,20.7927208532721
-25.3066588475365,3.63894818905215,266.183763061918,27,20.7806963849141
-28.0687710729033,3.63185812517914,266.191420355465,27.5,20.7673594979055
-45.8782292733669,3.58871385226912,266.206887837206,28,20.745560440213
-35.3362407910976,3.61311467358925,266.217911360826,28.5,20.7287704122665
-2.01873821283515,3.69388256916252,266.218260088884,29,20.7278112080543
25.1649204572935,3.75888082993412,266.215175550979,29.5,20.7397683293635
-16.510928673139,3.65892777499547,266.218468726924,30,20.7319231554673
-13.3203127275674,3.66652496483759,266.221227408398,30.5,20.7255940039235
38.1795246681634,3.78850223136677,266.218535969245,31,20.7437350192611
26.279413177536,3.76217353837666,266.215267803892,31.5,20.7562216922006
1.4920663581436,3.70370510611322,266.21426811252,32,20.7569306480853
40.6399233444827,3.79500943264809,266.211873144388,32.5,20.7762407227685
7.33926519455584,3.71855484017737,266.209951457362,33,20.7797279773538
-17.5536740983499,3.65809164101445,266.213481348179,33.5,20.7713873425811
0.639945664683612,3.7022124965266,266.21299318012,34,20.7716914130016
-23.4304294403393,3.64353231655156,266.218484097492,34.5,20.7605584357438
-20.0621163443005,3.65136565112611,266.223169415189,35,20.7510259137056
1.70552981797817,3.70421455220372,266.222515742653,35.5,20.7518362968326
-6.91738256931873,3.68326420173642,266.223357875582,36,20.7485494999335
-13.266643844429,3.66766150000124,266.225872317935,36.5,20.7422458491796
-2.79741909190201,3.69307688267044,266.225976932984,37,20.7409166544582
6.20659840509513,3.71493482426333,266.224439821157,37.5,20.7438657219974
-3.86335180331993,3.69060709007056,266.224569318999,38,20.7420300489521
-5.61134259126957,3.68631070198559,266.225162292752,38.5,20.7393638174341
-3.86127428121713,3.69052908251817,266.225399059189,39,20.7375291315241
-7.7881616059682,3.68090763405614,266.226488132308,39.5,20.7338285836421
-38.472564146603,3.60625065979368,266.238015275334,40,20.7155483304874
4.1596040818751,3.70936720485986,266.237158032974,40.5,20.717524767913
49.2625443235198,3.81300883857729,266.235409145363,41,20.7409318841595
-16.5063576103556,3.65989969368689,266.238347104426,41.5,20.7330888822055
32.6908104130458,3.77711635129352,266.235580367195,42,20.7486219329246
-16.978672278481,3.65906757962788,266.238711789812,42.5,20.7405545104804
17.7275882611267,3.74279893003684,266.236156970113,43,20.7489777806321
-10.8932547673866,3.67398249554246,266.237732132843,43.5,20.7438018465803
-13.164678326497,3.66827066073087,266.240158890676,44,20.7375466447801
-25.3117717356331,3.63845891284712,266.246400932267,44.5,20.7255197470314
-33.2628071786655,3.61881622715943,266.255858167794,45,20.7097149118365
-19.2300576687538,3.65235518757951,266.260410901523,45.5,20.7005777427872
4.58190294537988,3.71024129446284,266.25919258336,46,20.7027548356748
8.49690900757048,3.71981228690122,266.257189823333,46.5,20.7067921451481
2.53716112221098,3.70557687014312,266.256026835145,47,20.7079976781984
-58.9507044538507,3.55756933057297,266.277687850354,47.5,20.6799872290649
13.3852778065184,3.73089371986277,266.275833834559,48,20.68634724879
22.3292633136751,3.75225540695475,266.27258458949,48.5,20.6969570065534
7.63239821663901,3.71774244602281,266.270525736069,49,20.7005835434031
-45.6763337448896,3.58865152246244,266.285093234418,49.5,20.6788804164461
-15.1456310379016,3.66166249507671,266.288527083292,50,20.6716839642287
3.19323656069257,3.70629325080315,266.287411529398,50.5,20.6732012317674
4.8041658276517,3.71029925853449,266.285858211961,51,20.6754839329462
-24.834496286786,3.63802865132377,266.291789881592,51.5,20.6636838128044
-21.7572668294193,3.64515364887155,266.297019552164,52,20.6533458393831
1.27477409661875,3.70121669849289,266.296292498079,52.5,20.6539515487689
-9.65157761670668,3.67457565942871,266.297681632517,53,20.6493655980768
-1.60521530504116,3.69416878844201,266.297357793212,53.5,20.648602879428
-23.9676817477555,3.63943985284359,266.303089332435,54,20.6372146265366
-28.4832348059555,3.62807873575236,266.310766788994,54.5,20.6236808069312
12.1947972091277,3.72690284394182,266.30851674233,55,20.629475169358
7.34565308140696,3.71548709952003,266.306463721674,55.5,20.63296545915
24.2572081754628,3.75576953144068,266.303086092309,56,20.6444912806311
-35.2253093542305,3.61229399974846,266.312840519626,56.5,20.627753961798
-28.0616945416118,3.62904939360734,266.320432921374,57,20.6144204372059
-36.283651998229,3.60869466849207,266.33135894912,57.5,20.5971802464721
-8.98511425223403,3.6748020033773,266.333013085903,58,20.5929109660954
-27.1761106383437,3.6301177907045,266.340090257329,58.5,20.579998227024
18.8127936356988,3.74168493057398,266.337141849599,59,20.5889371329129
-36.2843514270767,3.60803776376336,266.347596468361,59.5,20.5716966098452
-45.3223335652507,3.58573821243341,266.362973863905,60,20.5501616862051
-5.30993741141279,3.68257769585072,266.363860539365,60.5,20.5476386674703
7.742709841741,3.71445513040233,266.361775422051,61,20.5513176189297
-19.0445270692797,3.64899828974443,266.365823121251,61.5,20.5422686048137
-28.3288415208343,3.62599179102183,266.373484357183,62,20.5288081452351
-17.4200374477455,3.65233951821963,266.377452069683,62.5,20.5205310079667
-25.8754767215158,3.63135185465013,266.384228119098,63,20.5082362655844
-7.87867159915263,3.67531108493173,266.385458429154,63.5,20.5044927118455
20.1161426951303,3.74312544264014,266.382042967104,64,20.5140509045244
-1.30759803456756,3.69184865782614,266.381254869595,64.5,20.5134295988322
-35.983534743227,3.60684046385501,266.391833074531,65,20.4963320089237
-14.4278915079634,3.65906846631883,266.394945518252,65.5,20.4894765909108
-43.1009262082794,3.58889215013112,266.409112656447,66,20.4689971698021
-8.36000898753936,3.6732531614113,266.410680195412,66.5,20.4650249084242
-12.1528098373417,3.66384629599452,266.41283343426,67,20.4592504963127
52.4926304186226,3.81477843066584,266.410434819989,67.5,20.4841923891679
10.7024661691053,3.72067047216985,266.407421839937,68,20.4892776699463
-9.208351671157,3.67224543535059,266.408421000889,68.5,20.484902318227
18.6407113096858,3.73975100305245,266.405078092503,69,20.4937594591346
-32.0556072804992,3.61646197154102,266.413614939091,69.5,20.4785282254201
-14.4758245172605,3.65905549682698,266.416538956372,70,20.4716500320199
23.096545941089,3.74997242443083,266.412953717548,70.5,20.482624364409
21.6252341445651,3.74692872155079,266.409162429395,71,20.492899602451
3.776261149993,3.7045565412244,266.407304184374,71.5,20.49469389434
-1.91128640543364,3.6907611593198,266.406635203714,72,20.4937857458941
-17.1644133177913,3.6532717128496,266.409932796952,72.5,20.485630068526
24.5224710096643,3.75395273604054,266.406395111372,73,20.4972819297414
-33.3552937860259,3.61392942728612,266.415300909719,73.5,20.4814331495006
4.8743758695842,3.70706270628205,266.413784444653,74,20.4837492110069
-0.294018288921349,3.69458194870117,266.412773019639,74.5,20.4836095081076
12.4965341909467,3.72564012768351,266.409885596407,75,20.4895472409735
-14.0101847869618,3.66117791573779,266.412088090946,75.5,20.4828902964643
6.15904356226111,3.71041025530003,266.410149895111,76,20.4858167683022
12.676345892766,3.72626483290435,266.407200540207,76.5,20.4918399387651
-18.4053060873943,3.65058651585676,266.410702910385,77,20.4830946507363
-5.58566981657892,3.68183848833662,266.411034189971,77.5,20.4804406176467
35.6443645076123,3.77961747626811,266.407476993209,78,20.4973770506917
-5.7472195434539,3.68202219644763,266.40736676453,78.5,20.4946462571894
-17.9272063656204,3.65202780904423,266.410848668096,79,20.4861281384211
-1.84686149844694,3.69126110385717,266.410352706458,79.5,20.4852506014936
-16.1524364914379,3.65612650933061,266.413287178359,80,20.4775757652908
6.61770833943704,3.71168435269052,266.411297402668,80.5,20.4807201718681
-13.1383691544119,3.66346331847843,266.41328281272,81,20.4744774708808
-8.84501344855726,3.67384702953534,266.41432859994,81.5,20.4702747594529
2.59615504297302,3.70179088897135,266.412901604545,82,20.4715083234866
33.1877620355031,3.77412654373791,266.409198670206,82.5,20.4872775009539
-18.0869010840508,3.65171494141617,266.412396549608,83,20.4786835031808
12.9029163576566,3.72708998864923,266.409660580289,83.5,20.4848143286842
5.43510945603427,3.70931406132317,266.407588489672,84,20.4873968229625
28.0831574653884,3.76308257257463,266.403904941691,84.5,20.5007405456708
-48.5475947345258,3.57867317440708,266.419497638551,85,20.4776731379873
-16.370700089574,3.65572223972575,266.423014460804,85.5,20.4698945937547
0.656059643097189,3.69728819673576,266.421986060973,86,20.470206320738
-20.9500900219573,3.64429903425569,266.426383589826,86.5,20.4602518776768
-24.396316673261,3.63553529757442,266.432231945756,87,20.4486599587412
3.62101748894206,3.70394526024892,266.430759927046,87.5,20.450380486547
-1.55635494853437,3.69140575483759,266.429953833467,88,20.4496409839147
-3.47001465125942,3.68673532254288,266.429591681794,88.5,20.4479922051634
0.524918890790788,3.69650812157614,266.428442839268,89,20.4482416205694
-44.5597679115969,3.5865038922679,266.442574239122,89.5,20.4270690302831
-16.8418041518043,3.65317599795931,266.446266504315,90,20.4190666407802
-11.0765363686855,3.66716321611994,266.447938558135,90.5,20.4138036204074
-23.6561648479368,3.63606723078407,266.453504744082,91,20.4025633848868
3.86994660735456,3.70343436784333,266.45194784986,91.5,20.4044021914558
14.58820856095,3.72945266825066,266.448675208771,92,20.411333784176
-20.9496964572803,3.64283124121805,266.452993486723,92.5,20.4013795281172
4.90489603684226,3.70608638190637,266.451219884397,93,20.4037100912923
-32.0343272650547,3.61552595455022,266.459781485351,93.5,20.388488968785
12.8078528005837,3.72488422220128,266.457048987647,94,20.3945746248039
-31.9520162493667,3.61550894131106,266.465519078045,94.5,20.3793926124063
-3.60357082073021,3.68473913042956,266.465499718786,95,20.3776803743914
-15.8340439278844,3.65457959180554,266.46838244925,95.5,20.3701568225334
10.3171408331006,3.71853104428578,266.46573024896,96,20.3750590158352
-8.2244677525728,3.67339958485847,266.466339995599,96.5,20.3711511569255
-8.99431265782742,3.67142150823173,266.467319789642,97,20.3668775059229
16.6887265439205,3.73386894857493,266.463925908628,97.5,20.3748071605436
-16.5874198051175,3.65293445963572,266.466800621473,98,20.3669256418575
-11.1802749443118,3.66604807496731,266.468437296797,98.5,20.361613330062
30.3874722653238,3.76584818411014,266.464519777607,99,20.376051948804
-45.762957871268,3.58210232190477,266.479016854082,99.5,20.3543076623611
33.26533238165,3.77225534394575,266.475500613907,100,20.3701136974072
-27.4970054194214,3.62624532519999,266.481947090155,100.5,20.3570484850614
0.921419345083724,3.69576119184283,266.480868340607,101,20.3574862978057
-3.70196792644299,3.68447831594444,266.480432745036,101.5,20.3557273063694
1.39980564786564,3.69698875241085,266.479004764052,102,20.3563924245433
-16.1301495651647,3.6538956640797,266.481825845722,102.5,20.3487281779817
-1.80099286948469,3.68900031600826,266.481157345464,103,20.3478724355504
10.6662724801857,3.71940405766451,266.478281124489,103.5,20.352940518884
-53.224987761651,3.56392892521149,266.496838443137,104,20.3276506461651
-38.2915557334918,3.5987402890048,266.508909367936,104.5,20.3094563992251
33.9236002612798,3.77283044662412,266.505123272229,105,20.3255752104989
-0.00959695844381869,3.69290699507894,266.50362314989,105.5,20.3255706505005
-24.3355007771506,3.63298799388853,266.50918367029,106,20.3140076282606
-13.7184894898359,3.65881012238412,266.511567766495,106.5,20.3074892828803
-33.6474842994253,3.6096181358527,266.521034209454,107,20.2915016682084
-21.7976844547637,3.63816360328613,266.526204638098,107.5,20.2811444903374
-22.5003186678842,3.63612567718116,266.531500541129,108,20.2704534555589
-17.8530823454539,3.64730356670743,266.535234442876,108.5,20.2619705568464
-30.659153578047,3.61549050605161,266.543665714323,109,20.2474028486276
-16.887299419254,3.64902809200519,266.547230061245,109.5,20.2393788420314
-33.6862476771417,3.60738018305045,266.557005303847,110,20.2233728089263
17.4603784751057,3.73263541675356,266.553522469463,110.5,20.2316691142488
-36.8927348938234,3.5994672053915,266.56431221164,111,20.2141395175508
23.5232685801065,3.74684635471146,266.560417536884,111.5,20.2253166073604
-13.9688114412797,3.65595934790686,266.562431920308,112,20.2186793214118
-44.5932838148562,3.58055863422386,266.577178944704,112.5,20.1974908060316
-17.2182646283484,3.6470336756826,266.581030251773,113,20.1893095411933
5.22882826364272,3.70243039616667,266.578893218436,113.5,20.1917940208863
9.38109579452857,3.71273679599004,266.575861166097,114,20.1962514520401
-5.98779326568197,3.67517825529192,266.575779310985,114.5,20.1934063498442
2.07301435592857,3.69507050107804,266.574069761605,115,20.194391343386
18.5443187602047,3.73508339021379,266.57005598052,115.5,20.2032026833379
-43.0666921717804,3.58433829247843,266.583554053966,116,20.1827395285444
-19.5541055696525,3.64131069075295,266.588055320503,116.5,20.1734483880146
-44.861055381186,3.57892229713293,266.603072334851,117,20.1521326408752
-27.0005584762825,3.6218695801568,266.610475555717,117.5,20.1393033154789
4.19790066278913,3.69894255341748,266.608581611613,118,20.1412979495392
4.30015587962392,3.69936061134389,266.606313354498,118.5,20.1433411702038
16.7687192979261,3.72977415060919,266.602323186102,119,20.1513088334112
-3.92437573943922,3.67957500704624,266.601617680411,119.5,20.1494441648199
-40.2665226014754,3.58974424456275,266.61407654962,120,20.1303115116385
22.3908212068509,3.74292280973419,266.610119314621,120.5,20.1409505186578
9.81783613349114,3.71322562829983,266.606790737847,121,20.1456154671459
-20.6660370319074,3.63811204898512,266.610956300339,121.5,20.1357959919685
-6.05564056564295,3.67413227182858,266.611103436178,122,20.1329186521029
38.4175068365268,3.78008226066914,266.606672449466,122.5,20.1511727447562
3.91033557764511,3.69941976777585,266.604172156461,123,20.1530307421594
13.0060121170379,3.72165717541159,266.600607074295,123.5,20.1592105536513
-12.06806387552,3.66031238160527,266.601932203814,124,20.153476408615
-10.0250120069565,3.66522618059409,266.602941663274,124.5,20.1487130204336
-5.12240244016189,3.67726697769807,266.602691717565,125,20.1462791090101
-21.7548526192656,3.6359828651886,266.607304385047,125.5,20.1359422827017
6.10435956356026,3.70459524595536,266.604938964424,126,20.1388427714173
-8.21866217351511,3.6694310041528,266.605307798932,126.5,20.1349376710307
-0.274668395841125,3.6890140383323,266.603966795082,127,20.1348071622403
-19.3019572775471,3.64189577213401,266.607692933482,127.5,20.1256358300652
-31.9399830206755,3.61039030362103,266.616451962018,128,20.1104595352607
-9.75590041762057,3.66485754705051,266.617687463566,128.5,20.1058240155509
-16.0471258252075,3.64912246340055,266.620521157266,129,20.0981992177503
8.88574612868614,3.71057933928944,266.617634275046,129.5,20.1024212833262
8.30777738641136,3.70938128572361,266.61459308782,130,20.1063687268394
1.00440126327332,3.69166830682184,266.612821853967,130.5,20.106845968473
-32.4576265756466,3.60885852149038,266.621543819924,131,20.0914237151409
-52.2139213479484,3.56030939520505,266.64045022706,131.5,20.0666142510042
-5.17030450805163,3.67519948880338,266.640795056975,132,20.0641575788954
-19.7304787135655,3.63894457869113,266.644841680631,132.5,20.0547826346007
25.119531876103,3.74847851191057,266.640374867231,133,20.0667181895087
36.4385486529342,3.7749152537006,266.635520097931,133.5,20.0840319794455
-20.6231829441684,3.63776609701322,266.639333175113,134,20.0742328664039
9.85255334966839,3.71282582496106,266.636299886953,134.5,20.0789143107902
18.8391393186969,3.73465455479243,266.632018835403,135,20.0878657348401
-3.08384738069514,3.68162901144683,266.63095295062,135.5,20.0864004436109
17.4452609645637,3.73166167428507,266.626927681309,136,20.0946895658427
25.9216349788802,3.75196002634496,266.622297792177,136.5,20.1070062403381
-5.75544566100192,3.67581629177452,266.621782912378,137,20.104271538193
4.73057591804479,3.70158556843659,266.619411621055,137.5,20.1065192730988
-4.23856857829743,3.67961708465999,266.618713738368,138,20.1045053156633
-50.5443437346956,3.56594231546434,266.635885837503,138.5,20.0804891519502
-11.3396729119428,3.66116990790152,266.637686820978,139,20.0751011021511
-0.304235647279867,3.6883887028996,266.636295090864,139.5,20.0749565444702
-7.2785760779054,3.67118033919582,266.636389927465,140,20.0714981263413
-15.4808657971685,3.65073858932792,266.638866294179,140.5,20.0641423872034
24.7151709176505,3.74855505806547,266.634462058445,141,20.0758858098517
12.185354154016,3.71916736031525,266.630740508555,141.5,20.0816756854073
13.9213963489618,3.72358041532202,266.626934733408,142,20.0882904420572
-15.4681887026137,3.65159480109331,266.62912859435,142.5,20.0809407264456
-3.32641432938139,3.68147078240532,266.62840964942,143,20.0793601794405
16.216420387569,3.72911951134567,266.624511406364,143.5,20.0870654176154
24.0924529277228,3.74804937232964,266.619985824046,144,20.0985129555793
1.00154092565289,3.69285650909399,266.618030835723,144.5,20.0989888381224
-26.1296426432487,3.62580524805053,266.623916706323,145,20.0865733287079
0.136972258705754,3.69037637415614,266.622592376634,145.5,20.0866384111276
-40.0493432223261,3.59132081941634,266.634434183542,146,20.0676089508089
-13.5377744515208,3.65593428682225,266.63668815664,146.5,20.0611764722462
0.910176210617433,3.69154934493413,266.63506257699,147,20.061608942811
24.1300819739148,3.74758207216274,266.630563998358,147.5,20.0730743602302
10.650195589167,3.71585096459208,266.627052896562,148,20.0781348046231
-9.26826551886414,3.66710537424651,266.627500921124,148.5,20.0737309848168
6.63427117907927,3.70617228124653,266.624836586775,149,20.0768832612335
-12.9636879359401,3.65796655465428,266.626339848407,149.5,20.0707235600921
32.8659253695933,3.76821846526456,266.621953565593,150,20.0863398167479
40.4106658184318,3.78569785096047,266.61765784863,150.5,20.1055409596324
15.3636303127646,3.7284450403993,266.613667637841,151,20.1128409942862
-14.5391049647561,3.65546927976151,266.615466300894,151.5,20.1059327331579
-10.8906899415539,3.66425883210558,266.616539552157,152,20.1007580177841
-23.2569311392224,3.63351056774863,266.62144010607,152.5,20.0897074783086
8.61140009716804,3.71169255145523,266.618657374734,153,20.0937991882656
17.3150238284765,3.73280169735541,266.614638882602,153.5,20.1020264282738
21.0962285997562,3.74205067527423,266.610351647597,154,20.1120503091346
-5.25566070052658,3.67851212355717,266.609715537145,154.5,20.1095530799992
-3.00876821004104,3.68397725502326,266.60880586343,155,20.1081234626658
-30.9700978955134,3.6149563646551,266.616515435679,155.5,20.093408009139
19.2768295752407,3.73752647055245,266.612753309469,156,20.102567401877
-11.1283152150612,3.66374179770042,266.613601398447,156.5,20.0972797787661
-26.213467668262,3.62630140949038,266.619590501658,157,20.0848244398598
19.2691391797815,3.73730652950903,266.615748534008,157.5,20.0939801785035
7.04037755515448,3.70822852151861,266.612814509598,158,20.0973254165158
17.2764019838018,3.73302315405512,266.608847891277,158.5,20.1055343053401
-20.7295371744616,3.64023558658938,266.61258860775,159,20.0956846580464
1.28646424141925,3.69427218065466,266.610982123652,159.5,20.0962959220089
0.752506943482571,3.69300482912732,266.60925633508,160,20.0966534759628
-33.5627081178966,3.60843604082231,266.61802861853,160.5,20.0807061427252
-13.5047780714263,3.65729846631785,266.62011191571,161,20.0742893424047
-21.3508614975627,3.63768285626725,266.624459550339,161.5,20.0641444726279
3.97369109166372,3.69994986799736,266.622364557116,162,20.0660325734272
-20.8295178597866,3.63875643546655,266.62636279966,162.5,20.0561354202736
18.849640216556,3.73569985665388,266.622436468555,163,20.0650918338291
11.9344941934664,3.71946711628669,266.61883200697,163.5,20.0707625131812
-14.4746059489122,3.65478697065081,266.620696400725,164,20.0638848987843
-8.54341185551625,3.66926696456353,266.621192379772,164.5,20.0598254934655
2.59998286311727,3.69665496797112,266.619202620731,165,20.0610608762893
12.6021505853848,3.72107053424637,266.615658659493,165.5,20.0670487928243
-2.40404175375645,3.68465325797629,266.614465347853,166,20.0659065114914
-4.35025783956775,3.67983631989607,266.61383100644,166.5,20.0638394848619
-18.1896732403538,3.64552428626578,266.617004783249,167,20.0551966548605
-10.7988100057502,3.66356150722658,266.618156649388,167.5,20.0500655962723
3.79035799100015,3.69943197896218,266.61599005583,168,20.0518665862807
17.4883560691264,3.73267100447405,266.611973839768,168.5,20.0601761851674
4.24230303252749,3.70094460342835,266.609496911993,169,20.0621919170302
-53.5269647197758,3.55954788960378,266.627972153913,169.5,20.0367585598473
1.37960133791563,3.69318032994071,266.626765260469,170,20.0374140779358
-11.7795487840413,3.66070796663504,266.627994244656,170.5,20.0318170209526
-11.817370971586,3.66045965164817,266.629370546786,171,20.0262019927429
-34.1883443102617,3.60501974150967,266.638754817156,171.5,20.0099573882359
10.9506309620511,3.71585052306284,266.635730167656,172,20.0151605846079
-18.2610095876415,3.64402189361766,266.638858261812,172.5,20.0064838591146
-23.2884432544639,3.63128704760295,266.644030542652,173,19.9954183466458
-17.1982511698403,3.64604495445192,266.647212221023,173.5,19.9872465912098
-15.2877771395737,3.65055953190185,266.649731716306,174,19.9799825982193
-5.8977840448046,3.67371285012334,266.649622016328,174.5,19.9771802639382
-5.05613856067194,3.67576789592502,266.649202820207,175,19.9747778378217
-14.1482927266863,3.65313665801324,266.651235726836,175.5,19.9680552712736
-14.0186751095051,3.65327752736883,266.653336377565,176,19.9613942925845
-7.59556744749821,3.6690910023475,266.653641801318,176.5,19.9577852558886
0.35334629074781,3.68874319440446,266.65203989042,177,19.9579531485099
27.3697406048168,3.7538319376852,266.647335414502,177.5,19.9709578909318
4.33857088580913,3.699122692232,266.644690290285,178,19.9730193645009
-13.9094133274566,3.65403644055813,266.646498623462,178.5,19.9664103015881
12.3859309297446,3.71867072137908,266.643033413369,179,19.9722954812733
-32.3739667975676,3.60837076255187,266.651408727441,179.5,19.9569129789159
-42.0016337491348,3.5842455418792,266.664745987906,180,19.9369558870277
-38.2391554887108,3.59267506180523,266.676578213064,180.5,19.9187865380836
-29.6127811895065,3.61326236283807,266.684659771549,181,19.9047160140941
-18.2992554888986,3.64094262694588,266.688410023857,181.5,19.8960211160467
-19.674069772168,3.63727756983956,266.692492727258,182,19.8866729744814
-57.5139799649052,3.54421687062017,266.714493861149,182.5,19.8593451855229
-6.26068915022898,3.66963913606525,266.715102885015,183,19.856370416746
-36.7523895519942,3.59360775258943,266.72610630837,183.5,19.8389075051893
-31.1916648574589,3.60676402273805,266.73506745177,184,19.8240867740382
-1.18047162188422,3.68138911531088,266.734044581791,184.5,19.8235258725083
14.8901360692363,3.72100021357577,266.729893720953,185,19.8306009261963
33.7122410140645,3.76560101451731,266.724615578062,185.5,19.8466193100452
-4.56540052160076,3.67405042445458,266.723649319173,186,19.8444500582903
50.6957409891813,3.80372849540985,266.719666623326,186.5,19.8685381584652
-5.51560053314159,3.67261640214223,266.718786551382,187,19.8659174188217
-7.59061316954701,3.6673972077317,266.718831812232,187.5,19.8623107361527
-17.9117676259911,3.6415531302284,266.721962139642,188,19.8537999531073
-12.2475318121872,3.6554447244445,266.723465040754,188.5,19.8479805338143
-8.87425806997909,3.66372517854113,266.723963124504,189,19.8437639267938
-40.2101826553646,3.58577888112706,266.736275936901,189.5,19.8246580435587
17.862694695003,3.72881509379617,266.732255163648,190,19.8331455095827
-41.268461189154,3.58292378499181,266.744838356425,190.5,19.813536784909
-11.907223387792,3.65518063536877,266.746595813989,191,19.8078790632903
11.9387695237832,3.71417464493855,266.742869172919,191.5,19.8135517740672
-14.2206698826101,3.64956248828118,266.744687189813,192,19.8067948174866
-2.18684804556673,3.67946573999551,266.74352588418,192.5,19.8057557358249
11.2735094821817,3.71269580177799,266.739795094494,193,19.8111123480458
17.692848372363,3.72845244574218,266.735237198707,193.5,19.8195191115264
23.6970361076326,3.74304851913382,266.73024702177,194,19.8307787670413
-27.3711390980159,3.61777601689579,266.736455387046,194.5,19.8177733601248
-22.4510192187054,3.62956309051332,266.74137503694,195,19.8071057499979
19.050902734764,3.7317702463058,266.737022632105,195.5,19.8161577935137
-3.31652299475215,3.67740868218517,266.735774946148,196,19.8145819463799
-8.22125011279864,3.66517893757885,266.735937505349,196.5,19.810675616333
-2.22447114830104,3.68003862710833,266.73468829038,197,19.80961865804
11.3377640323782,3.713458509302,266.73097343867,197.5,19.8150058008343
-6.69742161794084,3.66916109701397,266.730604867221,198,19.8118235184631
-26.4884427875473,3.61970782714726,266.736777175117,198.5,19.7992375250267
-10.9370275113966,3.65811031150772,266.737970749071,199,19.7940407923393
-12.3628191331747,3.65441875918499,266.73940673881,199.5,19.7881665942328
31.0908671227027,3.75988751059439,266.73441893512,200,19.8029394313028
-1.81369402726047,3.68118902735434,266.732745148162,200.5,19.8020776539116
2.63612592260682,3.69223026227544,266.730421363794,201,19.8033302101236
4.19782408403693,3.69617136493868,266.727774652421,201.5,19.8053248077975
-16.9524899114729,3.64364435951891,266.730409496229,202,19.7972698259147
-7.50741758682888,3.66698940363168,266.730528452609,202.5,19.7937026736578
-5.34285924945564,3.67231262473084,266.730005152544,203,19.7911640120994
-30.270975825781,3.61009759486189,266.737701905005,203.5,19.7767807466839
-5.04867461937848,3.6725549110624,266.737386016761,204,19.7743818670619
2.5998652570326,3.69154212011468,266.735105876108,204.5,19.7756171940052
-12.4431321294558,3.65415929490661,266.736414160289,205,19.7697048351487
12.768171376161,3.71643544519289,266.732607651461,205.5,19.775771636524
4.9269591353573,3.69750386428935,266.729744558586,206,19.7781126829886
-16.1874624852483,3.64505791738033,266.732152639058,206.5,19.7704212041718
-10.9196075131961,3.65800100116435,266.733206379336,207,19.765232748603
-14.6800552476657,3.64845851596366,266.735333879301,207.5,19.7582575148954
7.96300523490081,3.7045821417004,266.73222372785,208,19.7620411397926
5.11677796285199,3.69776638094454,266.72936884785,208.5,19.7644723787436
-12.2323192495948,3.65472975010044,266.730579078596,209,19.7586601877054
2.53499946783213,3.69137370862206,266.728392010441,209.5,19.7598646936448
26.2078452763696,3.74862808503306,266.72343184632,210,19.7723173610694
8.59731277179692,3.70685266856044,266.719909784008,210.5,19.7764023774286
3.27054028957725,3.6939280367076,266.717399592717,211,19.7779563758629
-35.0573906655412,3.59868491928638,266.72694427071,211.5,19.7612988436572
-14.4800142197662,3.64926072946254,266.729273516439,212,19.7544186595183
-3.45352039164834,3.67661015156537,266.728382527657,212.5,19.7527777180205
-10.637543876605,3.6586680826256,266.729224259095,213,19.7477232850935
-43.9650194292324,3.57579761648691,266.743313353501,213.5,19.7268332897697
-24.5173260045817,3.62308429025324,266.749332840325,214,19.7151838732054
12.5865033141931,3.71506261414668,266.745642675583,214.5,19.7211643549336
-55.0442474483118,3.54798727680202,266.765613975755,215,19.6950100602983
15.3203297925219,3.72115361815039,266.76196354254,215.5,19.7022895206939
-39.1293283486877,3.58616365050424,266.773591248993,216,19.6836972057844
1.03605718801972,3.68583436343614,266.771989189798,216.5,19.6841894887424
-8.41815511845672,3.6623041153084,266.772189573833,217,19.6801895992088
-25.292529003387,3.61989563700312,266.778080477463,217.5,19.6681718446515
-4.52253824219771,3.6716463150285,266.777562960434,218,19.6660229589246
-33.6294576796046,3.59871292190515,266.786928970006,218.5,19.6500439096079
1.16301244906749,3.68537120679895,266.785215860743,219,19.6505965154054
-2.96858930070964,3.67516111739424,266.78402170085,219.5,19.6491859890957
-42.8374747831462,3.57552783301264,266.797764959916,220,19.6288317470296
-42.7672507518243,3.57490780918918,266.812134177105,220.5,19.608510871938
-30.6346558029201,3.60428666084919,266.820902674915,221,19.5939548038462
-53.0584544749078,3.5483527889827,266.840945005158,221.5,19.5687440594804
-11.9627183732997,3.65000747394046,266.843018911169,222,19.5630599693987
12.4161164317333,3.71089338916018,266.838984477485,222.5,19.5689594917364
-1.96504713457496,3.67548413117438,266.837421600585,223,19.5680257988599
-7.33690609682782,3.66203291113528,266.837351673459,223.5,19.5645396652009
15.3359227728185,3.71835651755456,266.832880557199,224,19.5718265346068
-36.4580647911533,3.58912745414307,266.8434435262,224.5,19.5545034715696
20.3361019612868,3.73026558815248,266.83878376515,225,19.5641661779756
-35.2103978473432,3.5921435639256,266.84870824029,225.5,19.5474359443505
-7.50707338851518,3.66133159530369,266.849044816546,226,19.5438689556395
-31.5109282301726,3.60074895139849,266.857655163491,226.5,19.5288965263782
-5.19610311902704,3.66668260354465,266.857337858145,227,19.5264275960498
-64.8435289432769,3.51822112109117,266.884245043181,227.5,19.4956171691697
7.32869809575083,3.69707924991884,266.881661394834,228,19.499099402794
13.8866343484935,3.7134729154722,266.87711122848,228.5,19.5056976422664
21.529851175291,3.73227363167777,266.871709635565,229,19.5159275590551
39.738619126835,3.77492889798959,266.865938504193,229.5,19.5348093787043
-8.15108445952515,3.66008986369753,266.865577977326,230,19.5309363878936
-21.6023749175746,3.62606692938506,266.869941256968,230.5,19.5206720114217
-36.0793653533883,3.58941325452593,266.880584264101,231,19.5035288875632
-8.00370517544747,3.65952979171633,266.880974783711,231.5,19.4997259240741
-3.74810833160633,3.67021682313575,266.87989241667,232,19.4979450090071
7.06150802757286,3.69726724960039,266.876467077701,232.5,19.5013002871712
-38.4200688035743,3.58317391431157,266.88793931568,233,19.4830449771982
0.593424422751198,3.68078445854617,266.886202457783,233.5,19.4833269430333
-7.50803704491222,3.66049378670683,266.886008302413,234,19.4797594964406
-28.9951914048466,3.60615155601857,266.893421032219,234.5,19.4659824204669
24.9667597623167,3.74008323479343,266.888163799308,235,19.4778453856483
-3.47700394563217,3.67074166032775,266.886679233297,235.5,19.4761932859311
-11.6628551524549,3.65009627094327,266.88768378166,236,19.4706516759703
25.5795309703546,3.7419002119379,266.882236964153,236.5,19.4828057996189
0.258179325475702,3.68053555888394,266.879863508932,237,19.4829284736213
-11.0434578468673,3.6521570319302,266.880600196703,237.5,19.4776811705205
13.0705892460537,3.7122283815341,266.87631663036,238,19.4838916658592
-6.65744488481211,3.66340039025699,266.8757036193,238.5,19.4807283784475
-5.49668187869471,3.66627270755761,266.874975079705,239,19.4781166280097
1.69869816130922,3.68429718027982,266.872566501962,239.5,19.4789237650725
-15.774636707015,3.6404033143464,266.874765020533,240,19.4714284405776
-23.7685561715542,3.62000525178354,266.880022552761,240.5,19.4601348022778
-4.11879462166584,3.66926659650695,266.879165002733,241,19.4581777554824
15.6374885432854,3.71828213007791,266.874492968847,241.5,19.4656079139762
-13.5349934594234,3.64586033321105,266.875854352483,242,19.459176756803
-34.6820449805537,3.59244085322804,266.885676200764,242.5,19.4426975702389
-11.4867635698565,3.65031667425793,266.887006070322,243,19.437239630259
-19.7699599590599,3.62923112713535,266.890802573641,243.5,19.4278459264359
-13.8362095284097,3.64397945801072,266.892693831665,244,19.4212716463355
12.5148597649069,3.70986183213,266.888477082858,244.5,19.4272180866046
-13.7108017222497,3.64445663063643,266.889959462322,245,19.4207033940699
-14.4661759773456,3.64237487569221,266.891953568678,245.5,19.4138297851771
-16.1632902811375,3.63789520568353,266.894532573038,246,19.406149791792
-31.7907377909984,3.59819848086169,266.903246842866,246.5,19.3910444109139
-22.3475812696908,3.62150663617975,266.908332307297,247,19.3804259493668
-37.8835496270755,3.58202856249473,266.920083681008,247.5,19.36242556668
-12.2808494613826,3.64615828897666,266.921811445828,248,19.3565903164936
-22.5381010626875,3.61996746980559,266.926806263672,248.5,19.3458813293961
-19.9339227854794,3.62627204782069,266.930956909067,249,19.3364097185751
-12.5313304774734,3.64486632835965,266.932534061965,249.5,19.3304554522407
-33.9508364853501,3.59036081038567,266.942426687366,250,19.314323699665
-8.69730478766507,3.65401911004267,266.943032829282,250.5,19.3101911720623
3.32303181493134,3.68442828213151,266.94028413256,251,19.3117701118644
-23.4712905720905,3.61651637981485,266.945479675891,251.5,19.3006177194246
8.65929971326828,3.69764877314343,266.941867423353,252,19.3047321889021
-39.7313965332403,3.57538194299855,266.954271962733,252.5,19.2858538010709
-14.2573038388164,3.63932217013311,266.956674138097,253,19.2790794378524
-67.030022297597,3.50699476723371,266.985616917088,253.5,19.2472300978423
-25.0960267699192,3.61029670682544,266.992651284683,254,19.2353057113942
-73.616497942696,3.48898371366175,267.026820757225,254.5,19.2003268050331
-27.4991786671403,3.60244505195157,267.035197948266,255,19.1872605600678
-31.575404829567,3.59164779015628,267.044676193572,255.5,19.1722574947263
-21.821515608376,3.61619901350194,267.05000116985,256,19.1618889934738
-28.6699666178755,3.59835153745146,267.058075425429,256.5,19.1482664481786
-31.9473893001829,3.58954484339354,267.067766131537,257,19.1330866342776
-3.00778795802025,3.66361796714418,267.066793637585,257.5,19.1316574827113
19.4431255701026,3.72008895619444,267.06115762276,258,19.140895891053
25.1141325629831,3.73421695925697,267.054807272938,258.5,19.1528288804754
-25.0590086668843,3.60820366952002,267.060493492833,259,19.1409220831928
-9.37019486975722,3.648192282745,267.061065905603,259.5,19.1364698316174
-15.2695806406245,3.63297724971069,267.063385025133,260,19.1292144847003
-7.13851679881365,3.65374498318201,267.06317127319,260.5,19.1258226157899
-22.0326345621549,3.6154256162096,267.067979362668,261,19.115353801288
-40.6437253206547,3.56756604001649,267.08156188828,261.5,19.0960419200944
-11.8994117125056,3.64060969565544,267.083218022097,262,19.0903879101961
-28.75742072339,3.59708825131326,267.091016867394,262.5,19.0767238110501
-50.4548174837784,3.54149408227171,267.110341761972,263,19.0527501857684
28.1970440234216,3.73989550893189,267.104414198148,263.5,19.0661480217171
-12.2147598439419,3.63925832974379,267.105345302985,264,19.060344174037
29.8648825469002,3.74431583702636,267.098856371619,264.5,19.0745344840801
7.02839802516296,3.6890688358515,267.094681210597,265,19.0778740300142
-61.2435922387089,3.51575733156643,267.119701922073,265.5,19.0487741143974
1.69707035192644,3.6748456422341,267.117720010732,266,19.049580478006
3.29434017751544,3.67907111549706,267.114521783787,266.5,19.0511457849658
-0.372499311686644,3.66991563168011,267.112143689005,267,19.0509687917794
-5.58303021182804,3.65668923284597,267.111158463467,267.5,19.048316012899
-25.2840833454122,3.60597064213686,267.117110235559,268,19.0363022712992
7.73346894336604,3.69028192875323,267.113288104916,268.5,19.0399768319422
-24.5645143332948,3.60774925048419,267.118795480647,269,19.028304993826
-15.5637659468439,3.63059299101657,267.121257287089,269.5,19.0209098646512
18.2283133050971,3.7161687358178,267.115693384008,270,19.0295710544937
14.6068028271467,3.70764686828092,267.110283040819,270.5,19.0365114822865
-13.7776345539721,3.63592827285499,267.111596181051,271,19.0299650341069
-18.6740680966056,3.62316083544661,267.114939502871,271.5,19.0210920437096
-2.46010253259505,3.66462015086032,267.113270477227,272,19.0199231250768
20.6197259428377,3.72244187545518,267.107327237924,272.5,19.029720595523
20.473915679541,3.72249722685511,267.101232489452,273,19.0394487841684
-3.41508768544412,3.66317884114691,267.099365720488,273.5,19.0378261039852
-17.7990546944935,3.62630433508144,267.102159763446,274,19.0293688765311
14.2925250568152,3.70756686488335,267.097162027766,274.5,19.0361599751245
-11.5661393586727,3.64244465631322,267.097682100135,275,19.030664319709
19.8581387074807,3.72140716092557,267.091968072283,275.5,19.0400999216972
-48.1738173454942,3.54962818153915,267.108455366436,276,19.0172101144791
-6.66817114469129,3.65453703216126,267.108265483576,276.5,19.0140417304811
3.96266964939179,3.68159943351515,267.104918791691,277,19.0159245944379
-28.3024156210065,3.59916001852862,267.111810534404,277.5,19.0024766911354
-17.5635392542048,3.62625963260019,267.114866535222,278,18.9941313689303
-27.6167749523909,3.60019235185933,267.121793520731,278.5,18.9810092480464
-18.4374913761239,3.62335368854271,267.125218911029,279,18.9722486671657
-13.698054585854,3.63533553215197,267.126864234009,279.5,18.9657400314376
-5.7877998952205,3.65556237131872,267.126003516465,280,18.9629899561661
-44.3036517933057,3.55681720813771,267.141001155368,280.5,18.9419390595486
-5.55991561680718,3.65546165668153,267.140506725314,281,18.9392972635766
-21.38171027056,3.61465058198061,267.144842457903,281.5,18.9291377359938
-23.6147242808501,3.60858829191233,267.150281332568,282,18.9179171909741
-23.500883130282,3.60853938604805,267.155734065194,282.5,18.9067507376193
-30.4828763028753,3.59019087201331,267.16424584145,283,18.8922667876133
28.5979233223741,3.73942356251503,267.15781888975,283.5,18.90585510151
24.4593584917732,3.73006950861072,267.151133157064,284,18.917476974789
11.2795617627138,3.69819416505334,267.146064282495,284.5,18.9228364627532
4.72241902584913,3.68196961420992,267.142301659032,285,18.9250803219087
-28.5928340572901,3.59658600343564,267.149299023624,285.5,18.9114944261783
-16.1677969169717,3.62812273791432,267.151831563197,286,18.9038122914635
-27.5303682161076,3.59860696133943,267.158710011167,286.5,18.8907312267725
-74.1523657339105,3.48079453000376,267.193103281046,287,18.8554977026312
-18.7712533160673,3.61939810192924,267.197518765059,287.5,18.8465785346407
2.8983201407452,3.67517381814966,267.194460408865,288,18.8479556725329
-1.51740933636114,3.66404459855168,267.192206173199,288.5,18.8472346749227
-6.0884488193075,3.65236729186995,267.191224474154,289,18.8443417462031
-11.7505357578717,3.63773004192901,267.192028744478,289.5,18.83875847477
-20.5719074156532,3.61475464775363,267.19607065719,290,18.8289837253147
-8.33959602606597,3.64620600136174,267.195980782898,290.5,18.8250211631631
6.96766126222374,3.68545456423605,267.19189246241,291,18.8283318500017
7.02794743986024,3.68583599856095,267.187633056271,291.5,18.8316711818401
-4.27739592740852,3.65716675512136,267.186010773713,292,18.8296387755753
6.01233630129313,3.68351068905124,267.182059528925,292.5,18.8324955394037
-0.348900683907575,3.66749804270503,267.179419833,293,18.832329759114
-33.5196902269324,3.58199352670499,267.188776977487,293.5,18.8164028658432
-8.1909826198586,3.64689198188309,267.188756890847,294,18.8125109174068
-16.9310267025584,3.6242120605397,267.191329131839,294.5,18.8044661337757
-37.1694865529976,3.57173509559167,267.202795228449,295,18.7868050384239
-31.0661732551828,3.58674877154253,267.21169170145,295.5,18.7720439346543
-26.7903112771942,3.59729032279722,267.218636966557,296,18.7593145082928
1.2291421552655,3.66959523382743,267.216017098538,296.5,18.7598985356448
-12.164374479429,3.63509511115288,267.216898190659,297,18.7541186285893
2.57519796921329,3.67310504400193,267.213755007608,297.5,18.7553422348616
-22.5715492086616,3.60811143165859,267.218434168264,298,18.7446173548651
-58.9868122201817,3.51452901853408,267.24269716224,298.5,18.716589749113
-6.67597854983019,3.64814563277388,267.242702910931,299,18.7134176554235
-21.0856473861182,3.61059415082615,267.247006554809,299.5,18.7033988022304
26.4077538473392,3.73132532962248,267.240316265225,300,18.7159464562868
20.1263647249093,3.71658048793203,267.233782384157,300.5,18.725509505967
-14.3247843114044,3.6291925409858,267.235101632785,301,18.7187030793768
-50.9112200735482,3.53468446754983,267.254087054157,301.5,18.6945125942349
1.17921086524084,3.66839219895443,267.251737169802,302,18.6950728967158
12.8472092531891,3.69820720095836,267.246359764976,302.5,18.7011772529679
32.7704712950331,3.74695280800198,267.239052583757,303,18.7167481545846
-42.6550911538865,3.55628139634626,267.252703731737,303.5,18.6964805721678
-11.1321305037962,3.63705753169893,267.253642223538,304,18.691191136221
-3.92230539125009,3.65567632075137,267.252006607966,304.5,18.6893274513564
2.09831299171085,3.67123021173761,267.248758829536,305,18.6903244655544
4.1507771139097,3.67662504700531,267.244985098678,305.5,18.6922967088429
-0.0861412291922576,3.6659382109623,267.242167800136,306,18.6922557788058
4.63460277293016,3.67812326107536,267.238310922584,306.5,18.6944579120361
-15.3930937016491,3.62658392685986,267.240049483821,307,18.6871438778421
-3.97154592510597,3.65601768427706,267.238447764959,307.5,18.6852567963195
-34.2897725672629,3.57742384059071,267.248200262376,308,18.6689639981385
-42.5191441594823,3.55563591777786,267.262661322367,308.5,18.6487610109865
35.9222229956447,3.75366486930721,267.255820451389,309,18.6658294685954
-20.7376040363909,3.61208542964415,267.259300253309,309.5,18.6559759883292
-3.22651034374719,3.65729295414313,267.257540951742,310,18.6544429107401
30.0221916313874,3.74025985445613,267.250454380109,310.5,18.6687079662531
-27.7727624375366,3.59432359506905,267.256791576295,311,18.6555117278576
-27.1923409523041,3.59534015742444,267.263532887879,311.5,18.6425912769466
-17.2612603593319,3.62071296244728,267.266332283844,312,18.6343895826708
23.9915463761408,3.72547938580588,267.259740881193,312.5,18.6457891748492
-14.4384484320381,3.62843853018755,267.2609375703,313,18.6389287407099
-21.4853512793423,3.60991656978295,267.265137133543,313.5,18.6287199680633
-30.685549203938,3.58569318625129,267.273418339818,314,18.614139717953
-14.0760316684939,3.62839811222306,267.275152322557,314.5,18.6074514862736
-15.3431235435577,3.62493867378388,267.277127020055,315,18.6001611954187
-32.6991558830854,3.57955994647123,267.286381804016,315.5,18.5846241793464
-11.970132638421,3.63304733661356,267.287470809879,316,18.5789365663739
-37.2528162794784,3.56706642159783,267.299014011259,316.5,18.5612358768717
-2.12165206118084,3.65802599414602,267.297210821631,317,18.5602277731062
-58.0254585900845,3.51330848186878,267.320707792423,317.5,18.5326569548887
-4.43179669541211,3.65115801566372,267.319889180687,318,18.5305511850416
9.00679319626013,3.68589012304038,267.315086612637,318.5,18.5348307661766
-24.0434696432661,3.60019236654176,267.320271607785,319,18.5234065026386
-11.2581790697543,3.63336118326186,267.321009978,319.5,18.5180571746688
-4.64698339998659,3.65057044763994,267.319531824329,320,18.515849158779
-41.8338217962889,3.55348609628471,267.333480009807,320.5,18.4959718028027
-8.63099539551249,3.63953372347878,267.333641656023,321,18.4918707821323
-0.535887903720446,3.66064833866563,267.33101232169,321.5,18.4916161547957
-25.053085623624,3.59652669442254,267.336759349447,322,18.4797121718492
12.8371678086575,3.69475024986262,267.331466636399,322.5,18.4858117569052
32.6304554306749,3.74350026239609,267.323824797298,323,18.501316129932
13.6720556120484,3.69783467884284,267.317859241432,323.5,18.507812412238
-8.10407021340504,3.64220156674291,267.317023300857,324,18.5039617602638
-21.1189025804825,3.60809894549793,267.32099756197,324.5,18.4939271058527
5.94153545136405,3.67822537817409,267.31693356646,325,18.4967502286309
-23.9336196730164,3.600660355999,267.321927687401,325.5,18.485378160347
28.8174875074993,3.73491889127683,267.314892875443,326,18.4990708002478
-1.80203868171873,3.65877863407449,267.312146832629,326.5,18.4982145608983
-2.9306807489682,3.65591056840557,267.309957278326,327,18.4968220468511
-28.8629498165764,3.58828697429438,267.317101547374,327.5,18.4831078055173
-37.4071248563013,3.56557773264782,267.328750039968,328,18.4653337962373
-22.6739630751542,3.603264349015,267.333823022157,328.5,18.4545602542542
14.8175765851351,3.7000754254789,267.328164491944,329,18.4616008312764
20.7365496348661,3.71512433290619,267.321374328128,329.5,18.4714538105432
2.89936431410147,3.67057835950706,267.317525578774,330,18.4728314445748
4.52201374172105,3.67488336835212,267.313472124866,330.5,18.474980081085
-24.4317356976253,3.59971401502577,267.318578431529,331,18.4633713327869
-4.27753106938741,3.65196633956212,267.317015256943,331.5,18.4613388623093
10.6244494545861,3.69027269215718,267.311849617878,332,18.4663870734168
-13.6988003554072,3.62771156386223,267.312817757978,332.5,18.459878083336
40.7374672423434,3.76309836006696,267.305538906663,333,18.4792345060386
-37.4534383081894,3.5666941659598,267.316221440255,333.5,18.4614384909048
-18.4970747221921,3.61525859625787,267.319448036926,334,18.4526495989751
-7.81047150765872,3.64290597011455,267.31881732381,334.5,18.448938450535
-41.9764424727268,3.55389265047922,267.332482205138,335,18.4289933282912
4.55483829014663,3.67421432583808,267.328957594561,335.5,18.4311575613978
-5.35047208094552,3.64876660627717,267.327363548997,336,18.4286152825998
-6.83506934862258,3.64489784082786,267.326299509476,336.5,18.4253675968582
12.2237797379062,3.69388945636074,267.320863112932,337,18.4311757303443
14.8357917953811,3.70073981245031,267.314859222097,337.5,18.4382249623304
8.95423664154682,3.68623566039042,267.30980867228,338,18.442479571199
-18.6853619076015,3.61489431138959,267.312516325001,338.5,18.4336012145431
-11.0291518464936,3.6346081773345,267.312868567887,339,18.4283607089437
6.32328374683595,3.6794023446869,267.308577304595,339.5,18.4313652195664
-34.9965071411646,3.57221785291465,267.318409425577,340,18.4147366161899
-35.0102633986823,3.57149830286512,267.328852873254,340.5,18.3981014765225
-21.7029433960813,3.60555890500228,267.333415999407,341,18.3877893149007
-7.09191214006216,3.64352087893998,267.332655016053,341.5,18.3844195902113
33.1592777426329,3.74446035547078,267.325197403887,342,18.4001752333562
3.57543686286634,3.67188192672595,267.321080017241,342.5,18.4018741035106
-19.0494297041964,3.61313660854603,267.324001278961,343,18.3928227599058
-20.3168270276785,3.60952160995022,267.327701383347,343.5,18.3831692119918
14.039332133451,3.69811506989095,267.322122211286,344,18.3898400058735
20.8147919875288,3.71526861283972,267.315356665163,344.5,18.3997301620233
-0.711870306685398,3.66123037189167,267.312333548074,345,18.3993919165825
-22.6666806750828,3.60405573427817,267.316679203958,345.5,18.3886218348344
-37.632117650548,3.5647332196577,267.328172802681,346,18.3707409201447
12.9428454454849,3.69529004378684,267.32298783546,346.5,18.376890717969
-3.79755958178777,3.65268117347799,267.320849180893,347,18.3750863061222
26.7851593394158,3.7297421426063,267.313743397867,347.5,18.3878132845385
-41.9004623268546,3.55414294223332,267.326833388737,348,18.3679042642892
-3.80185191420124,3.65256602437257,267.325322102964,348.5,18.366097812939
-20.7194717014301,3.60837073907952,267.328987790013,349,18.3562529482586
12.0321085094074,3.69294682017259,267.323722175783,349.5,18.3619700090892
-27.3550876557608,3.59104962548885,267.329976167164,350,18.3489722290215
-11.5588976393218,3.631927925677,267.330629322287,350.5,18.3434800145117
-14.2838603335347,3.62466058661987,267.332026115505,351,18.3366930329648
11.9340792176073,3.69233758824829,267.326694655411,351.5,18.342363515141
1.50571453565112,3.66596614007609,267.323203641169,352,18.3430789559623
-26.067062030284,3.59408543536958,267.329009254122,352.5,18.3306931817494
-18.6688727075921,3.61301049958486,267.332188148694,353,18.321822659943
-32.4267944541668,3.57671748113955,267.341216284403,353.5,18.3064150565049
1.18077331008777,3.66411831771456,267.338317033167,354,18.3069761013821
-4.55698430522892,3.64932102572728,267.336521376835,354.5,18.3048108485956
-29.1046017303865,3.58496155195331,267.343852723108,355,18.2909817862651
-31.0843385063733,3.57925645570402,267.352474482489,355.5,18.2762120512696
-9.72835093414176,3.63485311320579,267.352674336778,356,18.2715896217072
20.3426912006039,3.71199053812846,267.346059327493,356.5,18.2812554589926
-5.59040897841565,3.6461399997663,267.344374790905,357,18.2785991740885
-48.2441395656261,3.53466422721175,267.361664442864,357.5,18.2556759532413
-43.2492164054209,3.54651666684931,267.376907748347,358,18.2351260719903
10.1835758188151,3.68553447427852,267.372200156379,358.5,18.2399648018259
-11.0746626451906,3.63051223218463,267.372350620672,359,18.2347026717535
-14.8921425457665,3.62034529641928,267.374045578159,359.5,18.2276266646874
9.00032774986879,3.68256062958157,267.369170409509,360,18.2319031737632
-15.9417139702944,3.61770590217642,267.371005758161,360.5,18.2243284624447
-6.6723384652113,3.64192127523228,267.370012495027,361,18.2211580983428
3.65449330995777,3.66886103577622,267.366169060484,361.5,18.2228945321974
16.1051124787668,3.70079634271817,267.359922450969,362,18.230546882378
-18.0309112159066,3.61260753782004,267.362413429178,362.5,18.2219794882116
-0.081624781741743,3.65947967221163,267.359591841294,363,18.2219407041662
33.9362925754379,3.7444621980208,267.351950231395,363.5,18.2380655461977
-39.4443097759059,3.55721350889814,267.363858625039,364,18.2193235677461
-3.66975636918104,3.6502895515015,267.362253415699,364.5,18.2175798816432
-13.139160946597,3.62545539361269,267.363155582617,365,18.2113368044355
-19.2164273849557,3.60927712700959,267.366408996026,365.5,18.2022061118207
-22.1013575440654,3.60137838787848,267.37092100852,366,18.1917046435684
6.77401699063986,3.67672403432229,267.366568868479,366.5,18.1949233202595
47.6530272574644,3.77565368362576,267.359054086266,367,18.2175656738737
-27.7086897441433,3.58772599401451,267.365168326955,367.5,18.2043998796423
8.3699965142694,3.68154974633062,267.360548997203,368,18.2083768865973
-26.9753880710138,3.5894132754829,267.366674392084,368.5,18.1955595209284
44.0741479672166,3.76787390951463,267.359401699813,369,18.2165013687176
9.96451558098542,3.68629793542909,267.353860830239,369.5,18.2212360119998
-12.5662338111689,3.6281057116115,267.354296820319,370,18.2152651613335
4.76172843994173,3.67305592479673,267.350230225557,370.5,18.2175276983717
-8.51895921028349,3.63869867100305,267.349438182739,371,18.2134799117364
10.493878352701,3.68777471984143,267.344231077141,371.5,18.2184660819363
-16.3916006238145,3.61824005057433,267.346015592251,372,18.210677606807
-39.8625781484351,3.55663887607842,267.358522620448,372.5,18.1917368879827
-3.44868846610707,3.65121044696008,267.35683686513,373,18.1900982423761
20.6187385075107,3.71260685126497,267.350126903444,373.5,18.1998952436421
-27.1350433695124,3.58959763731812,267.356150621111,374,18.1870020176988
-12.1172054615023,3.62855942343989,267.356917549371,374.5,18.1812445230197
6.11396381092314,3.67590627811726,267.352570355421,375,18.1841495751971
-46.5337519296787,3.53869248374163,267.368553717674,375.5,18.1620390456708
26.4265537666211,3.72622552234834,267.361808346995,376,18.1745956325159
7.11666962464203,3.67847391455843,267.356892956463,376.5,18.1779771207334
-5.2262797879879,3.64668738229801,267.35511126903,377,18.1754938519495
-27.9298124356431,3.58706515400582,267.361746081738,377.5,18.162222991189
-8.54092273573935,3.6375276024889,267.36137605843,378,18.1581647685764
-7.4609699869878,3.6402837332109,267.360444589989,378.5,18.1546196859138
46.260837071508,3.77274981992445,267.353084702008,379,18.1766005398438
14.4615298058476,3.69764626775507,267.346827704336,379.5,18.1834719411065
30.086196480873,3.73627112749326,267.339379406173,380,18.1977674085475
1.63067207438029,3.66578643021215,267.335638243917,380.5,18.1985422229898
-13.717916702118,3.62589300574875,267.336484553829,381,18.1920241497698
24.3424307117049,3.72281088584544,267.329666757111,381.5,18.2035904647707
-9.54331227367194,3.63711964488186,267.328974450681,382,18.1990559563965
-24.2961648370825,3.59839271294768,267.333922933056,382.5,18.1875116246432
-14.1219996481163,3.62458938069918,267.335250678752,383,18.1808015512611
3.23950748171052,3.66958762506504,267.331556855565,383.5,18.1823408044452
-5.2406255396121,3.64772309878529,267.329815294901,384,18.1798507192721
6.62608016411137,3.6783632537018,267.325325124858,384.5,18.182999103725
48.0760032095517,3.77821588615797,267.318277423611,385,18.2058424345201
30.0934544598441,3.73751540445181,267.310823846112,385.5,18.2201413505926
-6.52437203375741,3.64608765810404,267.309184516819,386,18.2170412927957
30.4798673776362,3.73884369420243,267.302145561252,386.5,18.2315238131097
-34.344419376155,3.57426931888519,267.310986546121,387,18.2152050494771
-43.7356508048201,3.54935986745139,267.325367016384,387.5,18.1944240387404
-19.5115521301713,3.61129538223907,267.328878446801,388,18.1851531174932
-4.04857160698568,3.65134350847262,267.32704268564,388.5,18.1832294371893
-6.74775438892475,3.64430495859583,267.325792279005,389,18.1800232391832
19.4618050748055,3.71109958257271,267.319363602416,389.5,18.1892705230985
-6.22549344330613,3.64601875394589,267.317738530707,390,18.1863124775749
-12.1385233220075,3.63052815300016,267.318161831746,390.5,18.1805448537065
-6.11001690794216,3.64607576611573,267.316820752826,391,18.1776416769016
3.70259422733436,3.67141799774972,267.312961390152,391.5,18.1794009659249
-54.4917715685991,3.5207017491034,267.333271579193,392,18.1535091804093
9.86035192307196,3.68637613135712,267.328808618616,392.5,18.1581943302907
-31.5729763969236,3.57884865548069,267.336856212598,393,18.1431924188198
-9.59819656094984,3.63579015931928,267.336843399616,393.5,18.1386318321562
-22.5681378116757,3.60166651706128,267.341240215365,394,18.1279085730862
-15.665421469661,3.61940663479199,267.34318113793,394.5,18.120465142252
0.603411234121774,3.66173329211039,267.34013196705,395,18.1207518533242
-29.1181552805181,3.58397673746114,267.347261496733,395.5,18.1069163510193
-21.1248045010491,3.60441711652837,267.351398383835,396,18.0968788923084
-26.7862612477267,3.58918980230706,267.357839798328,396.5,18.0841513903199
-27.0323479503898,3.58806823677921,267.364513810064,397,18.0713069601433
-18.1417951392113,3.61102757328612,267.367555823013,397.5,18.0626868794394
17.0419605111765,3.70213413305013,267.361384512072,398,18.0707843733109
-9.99905188950205,3.63269307065594,267.361022442566,398.5,18.0660333200889
-13.6917578952154,3.62285909967861,267.362168197201,399,18.0595276762357
-28.3082356452113,3.58414085817788,267.369236480105,399.5,18.0460770075466
31.9462192644459,3.73836043710676,267.361894205726,400,18.0612562655047
-13.497119864332,3.62348254081586,267.362557429554,400.5,18.0548431039842
13.500455169886,3.69342983059318,267.356862083677,401,18.0612578502763
-2.08211655553603,3.65361775629013,267.354177334098,401.5,18.060268531821
-15.2353679070273,3.61911248851787,267.355727983495,402,18.0530294410969
16.7028830960813,3.70163972486857,267.349605098384,402.5,18.0609658222086
8.64317639182883,3.68156844164301,267.344486320094,403,18.0650726306839
-10.3337076137838,3.63244896011787,267.344247714701,403.5,18.0601625656701
10.8936056864204,3.68740478339331,267.338990522323,404,18.0653386664612
19.1213064925854,3.70834745685079,267.332374408435,404.5,18.0744241623487
-12.2896036274388,3.62790121786282,267.332664186453,405,18.068584752617
-17.6944042139238,3.61350997176023,267.335177266093,405.5,18.0601772498776
-3.13303256347786,3.65143799724167,267.333112437077,406,18.0586885882905
19.5594932890791,3.70942499179688,267.326584151984,406.5,18.0679822887972
3.05101678251151,3.66792891877096,267.322633995638,407,18.0694319805555
-15.1872663271646,3.62040589154623,267.324069951482,407.5,18.0622157453149
5.16200363525314,3.67326389124903,267.32000262975,408,18.064668473261
28.0670385546301,3.73065045354997,267.31275502013,408.5,18.0780045370629
-6.10204210707338,3.64474868438483,267.311076975549,409,18.0751051494876
-6.24974169689581,3.64429279589093,267.309743607841,409.5,18.0721355823972
-19.0953726424911,3.61054769688615,267.312699918102,410,18.0630624089883
-40.1787342264189,3.55512545480951,267.325371762797,410.5,18.0439714684859
-28.0819266722248,3.58585174006196,267.332594141996,411,18.0306283305894
-37.0596605189192,3.56183830264574,267.343999031345,411.5,18.0130194191186
-10.4135239061471,3.63120300689766,267.34444045107,412,18.0080714293638
-59.3473287348404,3.50333945550508,267.368698703768,412.5,17.9798725240557
21.2780406004659,3.71172638832456,267.362582583999,413,17.9899827929562
-0.511149059904463,3.65656678895273,267.359460954674,413.5,17.9897399202904
-73.041274257301,3.46782982580595,267.393104246244,414,17.9550343316772
-49.021720836084,3.52760941715684,267.412214887093,414.5,17.9317416428003
-26.0015646742532,3.58702627257439,267.419031812309,415,17.9193869896804
-10.8784396379306,3.62681004378555,267.419560234792,415.5,17.9142180950429
-33.0947157189189,3.5677164433656,267.429163206544,416,17.8984931285675
-59.9580670465813,3.49686241543016,267.454856824837,416.5,17.8700040307236
4.6453491013166,3.66618500098783,267.451467680409,417,17.8722112700758
-16.5306696402703,3.61028354673885,267.453694180699,417.5,17.8643567162517
8.31876347705979,3.67579522545358,267.448819800235,418,17.86830937981
-11.8812990636983,3.62281519720241,267.449243497119,418.5,17.8626639761435
-11.8868969292435,3.62268898567664,267.449883272784,419,17.8570159126491
-44.2023802806714,3.53671140671887,267.465453992453,419.5,17.8360131352285
-44.1136756002818,3.53598683476987,267.481603242687,420,17.8150525058697
-37.307283831198,3.55305456635254,267.494125199404,420.5,17.79732593609
-3.27884313986259,3.64345227156719,267.492444084349,421,17.7957679925534
-23.6437244165605,3.58896780269693,267.497756104828,421.5,17.7845336681083
13.2196408517444,3.68649788091388,267.491964192437,422,17.7908149853729
14.6868574659406,3.69061264690721,267.4855164303,422.5,17.797793451157
30.4096780664593,3.73011264857739,267.477351946127,423,17.8122426209937
-9.03201382119187,3.62947798445882,267.476520198249,423.5,17.8079510562693
-25.1228082818258,3.58640179142323,267.482245291279,424,17.7960139445759
-24.695162974593,3.58710900596506,267.488051494149,424.5,17.7842800287092
-6.43062388772605,3.63558703698227,267.487007019934,425,17.7812245153787
7.00706543768456,3.67106131117085,267.482192763885,425.5,17.784553925126
-16.9131039715465,3.60783172490791,267.484398097653,426,17.7765176574872
-10.53656686417,3.62467103957946,267.484571074614,426.5,17.7715112038252
-0.709117060707011,3.65074393350524,267.481671704787,427,17.7711742665902
21.6028037211016,3.70840970555225,267.474410388955,427.5,17.7814388468082
-29.8174280981956,3.57374406955093,267.481940173931,428,17.767271084764
3.90761232293517,3.66306138653094,267.478098981811,428.5,17.7691277882117
-4.184341186584,3.6418758136315,267.475994383368,429,17.7671395969416
-12.0659497174125,3.62089306926088,267.476498809054,429.5,17.7614064564484
17.4703354623475,3.69812619717923,267.46989780771,430,17.7697074928371
-14.3041105996972,3.61525354448433,267.470956913709,430.5,17.7629108893688
-28.3294481173846,3.57757494937409,267.478158573977,431,17.7494501415656
-1.0545262855809,3.64989136625736,267.475560505778,431.5,17.748949083009
-1.58900995651255,3.64856412366664,267.472777465452,432,17.7481940643375
-18.0757155561533,3.60466300649293,267.475479686772,432.5,17.7396053813722
10.0193633555516,3.67881227006961,267.47018849173,433,17.7443660855948
62.484861848679,3.80295898071716,267.463511569254,433.5,17.7740557909282
36.4732530696583,3.74573186753324,267.455159488927,434,17.7913860706815
-33.1185217047029,3.56718500574875,267.463754441638,434.5,17.7756497927832
-24.2643439324849,3.58997721603557,267.469130920193,435,17.7641205807445
-51.3760187908485,3.51804634738097,267.488596749074,435.5,17.7397092463193
-2.52786949134378,3.64643956306334,267.486674191345,436,17.7385081281909
-34.8876521229245,3.56028713716156,267.496840538584,436.5,17.7219312473167
-13.4969096116606,3.61669604612659,267.498198810141,437,17.7155181856979
17.4519210107202,3.69769278893519,267.491551882603,437.5,17.7238104724531
-5.81149770035079,3.63750120949533,267.489727677538,438,17.7210491371606
-15.6705061576578,3.61118139611503,267.491454059955,438.5,17.713603290335
-26.0109384739296,3.58330337777132,267.497561993653,439,17.7012441832507
-11.6459234391513,3.62128931042296,267.498143545732,439.5,17.6957106183997
28.5464283410222,3.72501996916406,267.490321677432,440,17.7092744644368
-33.4342306393396,3.56371076640646,267.499423808272,440.5,17.6933881773209
-10.0174748000233,3.62563173512914,267.499523194681,441,17.6886283704461
14.6565134507536,3.69031874159619,267.493251204436,441.5,17.6955924182601
-45.5033244850265,3.53147987921377,267.508972394648,442,17.6739714967172
2.40396294101464,3.6581248461315,267.505648209196,442.5,17.6751137406022
35.5826024716123,3.74174479185369,267.497347788839,443,17.6920208273928
-20.8369660140635,3.59720324892158,267.500659731484,443.5,17.6821201352461
-32.4298526807512,3.56589782284847,267.509767793744,444,17.6667110786904
2.01544446927645,3.6571943300132,267.50632907164,444.5,17.6676687178792
20.521137489987,3.70501336585788,267.499097890267,445,17.6774193439854
-2.33410821086257,3.64632255821575,267.49620419698,445.5,17.6763102916014
19.3100106570369,3.70242199653236,267.489205516304,446,17.6854854503427
-27.161239484243,3.58065117832119,267.495305633719,446.5,17.6725797773058
6.47399050222858,3.66951992755505,267.490761385819,447,17.6756558962993
-16.9897045467671,3.60754117403285,267.492793974119,447.5,17.6675832318688
-12.8762032588937,3.61827046600457,267.493601480378,448,17.6614650991042
-30.341086106356,3.57141854565136,267.50161416778,448.5,17.6470485207628
11.3030742125291,3.68140976320138,267.496157367359,449,17.6524191806763
-1.53634382472981,3.64811237949539,267.49314301962,449.5,17.6516891863369
5.4010330075065,3.66642311983576,267.488542578124,450,17.654255489178
10.1874391397229,3.67903940772602,267.482904619822,450.5,17.659096054672
-40.8312281421035,3.54403907456321,267.495910675338,451,17.639695081443
27.3431686088488,3.72190041308265,267.488574689596,451.5,17.6526871981711
-8.56109769332978,3.62989693048136,267.487480005738,452,17.6486193894199
6.52363719157183,3.66962334337451,267.482711305912,452.5,17.6517190980564
5.65786109166781,3.66755598015437,267.477983700818,453,17.6544074328572
12.322116204282,3.68497359224094,267.471986692341,453.5,17.6602622909518
-30.2703775455574,3.57266561808108,267.479533748955,454,17.6458793098094
-10.7505539896106,3.62415644236255,267.479767851257,454.5,17.6407711800852
-1.92473514022603,3.64748192519122,267.477088284868,455,17.6398566414679
23.8730187316074,3.71387107641346,267.469644142728,455.5,17.6511999151919
12.6648040105285,3.68607290361042,267.463464714169,456,17.6572176015251
18.7568196594944,3.70181561050103,267.456516615548,456.5,17.6661299113583
-3.91963137159174,3.64350539808272,267.454082112602,457,17.6642674970552
-3.90697194194675,3.6435163142344,267.451859242828,457.5,17.6624110978847
14.4685785776974,3.69129078427564,267.445682364421,458,17.669285848374
-47.6902016101838,3.52797799866476,267.462229547856,458.5,17.6466258313522
17.6014957274887,3.69876796452471,267.456121474227,459,17.6549891885897
-13.4817805909016,3.61796649265218,267.456730514558,459.5,17.6485833155306
-47.2714626392532,3.52824236987754,267.47347563333,460,17.6261222624865
5.90980953202262,3.66817442427981,267.469381866807,460.5,17.6289303106824
-30.42194019355,3.57189672084892,267.477143513476,461,17.6144753144914
-31.4389850083479,3.56858655856433,267.485893539698,461.5,17.5995370690786
-2.61081109525311,3.64496493898317,267.483692767438,462,17.5982965412163
-22.7266513935612,3.59128166223163,267.488200107652,462.5,17.587497964359
-18.3032120332082,3.6027382142668,267.49117331628,463,17.578801186358
-13.8135927166416,3.61449212149791,267.492412812737,463.5,17.5722376526441
-13.5575048068743,3.61499702974007,267.49351162184,464,17.5657957991958
-14.6913002036755,3.61177908818085,267.495028688873,464.5,17.5588152224431
-2.39433196398183,3.64447067401916,267.492569133074,465,17.5576775547205
-29.3522257823073,3.57229960083968,267.500119405318,465.5,17.5437308337296
-27.5863239998204,3.57646935362606,267.507247536352,466,17.5306231816271
-36.8476554511678,3.55116338743303,267.518997086786,466.5,17.513115004443
-18.3615269937083,3.60010319848159,267.522367107319,467,17.5043905180669
7.53557200958147,3.66908446784216,267.517499364954,467.5,17.5079710479083
-24.131490383703,3.58458396869735,267.522692554418,468,17.4965049612826
5.52136820349339,3.66370674483766,267.518334696518,468.5,17.4991284414369
2.47741174616012,3.65587988522619,267.514360102732,469,17.5003055845489
11.724244533221,3.68025746723531,267.508421200357,469.5,17.5058763636968
12.0529309558422,3.68140356085657,267.502347888928,470,17.5116033183206
-20.1964542194612,3.5959696593442,267.505695569486,470.5,17.5020069655911
-19.2021268569131,3.59830513639206,267.509033609754,471,17.4928830678775
-7.17929604980692,3.63035620905115,267.508060547009,471.5,17.4894718226909
-18.2343344111485,3.60056027158614,267.510893145178,472,17.4808077719176
12.3834473752327,3.6817665427345,267.505072485341,472.5,17.486691771541
10.59782101054,3.6774471345525,267.499268803849,473,17.4917273301334
-5.32621462195884,3.63567843589517,267.497372927752,473.5,17.489196577276
-22.15903385579,3.59041379064977,267.501728774973,474,17.4786677041028
1.72901768671921,3.65411040188938,267.498257346307,474.5,17.4794892474993
-24.164322596894,3.58477256214848,267.503429875147,475,17.4680075606354
-10.7987683139489,3.62036485943058,267.503728572728,475.5,17.462876521857
-14.7832563372008,3.60950997897437,267.50529539502,476,17.4558522521134
-6.33177177425199,3.63206029111984,267.504028113376,476.5,17.4528437084013
43.424812147468,3.75773848822811,267.495763499873,477,17.4734770240344
6.52876909261391,3.66712822692369,267.490576801634,477.5,17.4765791710956
36.2319601878287,3.74177604528828,267.48234171359,478,17.4937948004464
-24.0846105326398,3.58645437214176,267.486979715729,478.5,17.4823509887995
-6.87863753428183,3.63215520588372,267.485894447009,479,17.4790826016182
-43.7381622830359,3.53348392523504,267.500801386711,479.5,17.4583003975517
6.64300034636204,3.66718107642547,267.496466048107,480,17.4614568216355
-2.83436942410989,3.64232686482778,267.493870805471,480.5,17.4601100699501
14.6826301832468,3.6882627453882,267.487524132399,481,17.4670865271393
40.622144044535,3.75221968652309,267.479223505274,481.5,17.4863881539815
23.4338403104139,3.71144906274151,267.471545263431,482,17.4975227519155
-13.3823515390785,3.6159702216338,267.47204924535,482.5,17.4911641226074
-81.9512066304076,3.43533022800515,267.512789737105,483,17.4522249763153
-6.2076080189731,3.63334203820077,267.512430698988,483.5,17.4492754290577
-26.0574154251892,3.5799982688568,267.518432375495,484,17.4368942384327
-25.1978959884407,3.58182000133993,267.524339657814,484.5,17.4249214487876
-18.203845590309,3.60020473294063,267.527331269341,485,17.4162718847889
-36.6789008014641,3.55023175566762,267.538778101884,485.5,17.3988438914393
6.00358117569487,3.66411073947949,267.534430480781,486,17.4016964952665
6.06974211940919,3.66449712280838,267.529547835342,486.5,17.4045805354907
-6.075498937517,3.63240357224512,267.527882991763,487,17.4016937599123
-17.4687612815693,3.60168907730247,267.530331633272,487.5,17.3933934714961
12.4257966836203,3.68104321351235,267.524435190615,488,17.3992975934091
-5.56867138220772,3.63383031632545,267.522552255547,488.5,17.3966516371319
28.8647471304366,3.72278797217168,267.514564052587,489,17.4103667324601
18.450297639078,3.69734629302058,267.507360042172,489.5,17.4191333982414
-16.391909285978,3.60587323572807,267.509035329443,490,17.4113447764512
-5.90608274675589,3.63375497757598,267.507524587453,490.5,17.4085384990388
-16.9650062214941,3.60400921947079,267.509700276267,491,17.4004775700266
-1.65729572371926,3.6448011242109,267.506994128969,491.5,17.3996901053475
9.52937525730162,3.67433533864116,267.501504716093,492,17.4042179915431
5.89136457152973,3.66506591139847,267.49666724133,492.5,17.4070172756091
-33.275212109636,3.56048804091189,267.505860763524,493,17.3912065462067
11.583706532746,3.67955448582306,267.500371077212,493.5,17.3967105486714
-50.8018663549066,3.51360409176485,267.519276078129,494,17.3725720229896
-13.1090301437469,3.61337987795747,267.520715507678,494.5,17.3663432624441
4.92829830384887,3.66143903020856,267.51631443629,495,17.368684945215
8.38677405148987,3.67069937782769,267.510972359392,495.5,17.372669924023
-15.7691186148476,3.60650838079261,267.512586699129,496,17.3651772214517
5.82342451853688,3.66399537678383,267.508018148442,496.5,17.3679442237762
18.3840159047602,3.69668893989173,267.501006825642,497,17.3766793957668
-23.5383670232497,3.58603475533137,267.505612489573,497.5,17.3654951319264
-32.8541719857096,3.56054858274892,267.515035767267,498,17.3498844598953
-24.7773694453196,3.58160441306977,267.520892766716,498.5,17.3381114835935
-16.7699261675683,3.60279026327949,267.523356187549,499,17.3301432469415
-20.593674078155,3.59219115139269,267.527267639757,499.5,17.3203581550485
23.1172097287165,3.707418887467,267.519895579213,500,17.3313423058439
