curr_dens,Volts_tot,Temp_tot,t_tot,SOC_tot
49.7058319327377,3.73837222264242,309,0,15
49.7058319327377,3.73897119183036,308.994535132074,0.5,15.0236177445188
-18.8907751284653,3.61772134618987,308.999143768946,1,15.0146417856947
10.5121385386154,3.67110570414861,308.997275191843,1.5,15.0196366322287
-10.524635854379,3.63294763758865,308.999775641373,2,15.0146358475904
-3.66295758387253,3.6453592244947,309.000734888765,2.5,15.0128953919329
-9.64596265806738,3.6343494619764,309.003138161332,3,15.0083121091905
-5.57516014968052,3.64167570067604,309.004549351877,3.5,15.005663069773
-28.634333931082,3.59918782548262,309.012924887466,4,14.9920574553622
-3.65720899423362,3.64473113448651,309.014067604902,4.5,14.9903197311491
-30.42441673122,3.59543873477899,309.023083660322,5,14.9758635582304
-11.3987321246262,3.63009345460579,309.026250456996,5.5,14.9704474464244
-6.38519283613785,3.63917127466832,309.027843688121,6,14.9674135196749
-10.5001316558361,3.63154833516605,309.030471426451,6.5,14.9624243782157
12.5796064765495,3.67348728009688,309.028031012053,7,14.9684015829089
49.2932426627688,3.73755977553164,309.022272667748,7.5,14.9918232854827
33.0203809703391,3.71042272270098,309.016946481071,8,15.0075129317746
5.89504346790218,3.66265963786134,309.015376199838,8.5,15.0103139638696
-26.6517255088783,3.60309877130582,309.022868735145,9,14.9976503865875
-47.285799489808,3.56475252957961,309.038927245158,9.5,14.9751825213835
-27.5452612717532,3.60036979248545,309.047393458065,10,14.9620943802515
-4.19493501960055,3.64300025905286,309.048572162616,10.5,14.9601011553176
-1.34491025412839,3.64818349185881,309.048797068547,11,14.9594621207105
-15.9136040654171,3.62142800503296,309.05287767196,11.5,14.9519007658236
-0.868836404780868,3.64886410102926,309.053110946653,12,14.951487937883
18.270597514126,3.68347355001557,309.049624378888,12.5,14.9601692190831
-22.7916802937829,3.60882465608524,309.055680260783,13,14.9493397437197
-20.6397868572827,3.612483923412,309.061467544482,13.5,14.9395327413225
-33.2874887231535,3.58884629164369,309.07171529446,14,14.9237161786826
-6.87783869945618,3.63714841736519,309.073596864039,14.5,14.920448171068
11.4486852163523,3.67050361213871,309.071173597919,15,14.9258880181041
-19.7954212933538,3.61346246466157,309.076302751043,15.5,14.9164822163185
8.85329985086993,3.6657558530189,309.074486370637,16,14.9206888650335
-11.8617400001617,3.62800619545661,309.077233484912,16.5,14.9150527548633
-5.67988581170033,3.63924155038174,309.078529656711,17,14.9123539550086
39.202795940535,3.71933247566737,309.072989137736,17.5,14.9309811780717
2.29069445446358,3.65432213760734,309.071937764412,18,14.9320696023932
32.3268091425972,3.70797410833511,309.06683552471,18.5,14.9474296977733
-36.6768130230771,3.58309750031725,309.077773929504,19,14.9300026964324
19.0784419158104,3.68458063484776,309.074521431801,19.5,14.9390678252003
-42.372046277253,3.57235024921335,309.08792559796,20,14.9189347316617
-33.5092164479227,3.58806021047115,309.098470998497,20.5,14.9030128150109
-1.20431101375346,3.64719242591831,309.09887911653,21,14.9024405861851
-15.60734205285,3.62070643451716,309.102771821001,21.5,14.8950247518074
-18.5799020203793,3.61502214021639,309.107741551122,22,14.8861965044561
9.45825358818564,3.66623276252763,309.105706143663,22.5,14.8906905971642
-19.6754338267023,3.61293307772716,309.110747948507,23,14.881341807468
-2.52623192100553,3.64430221605297,309.111270216258,23.5,14.8801414674317
-10.4961999612765,3.62963675169009,309.113670919623,24,14.8751541941187
-20.2452472180095,3.6115019434919,309.119101950453,24.5,14.8655346573777
12.433159330314,3.67118705099749,309.116518398684,25,14.871442277655
-4.58262667801195,3.64036581188109,309.117188819243,25.5,14.8692648408856
-40.2947491400394,3.5743110454649,309.130006914177,26,14.8501187758539
-21.937632625812,3.60773499447238,309.136353723878,26.5,14.8396951015574
-29.0099531233568,3.59434568777858,309.144958234502,27,14.8259110115477
-5.14468884280478,3.63816494757574,309.146177665045,27.5,14.8234665107317
-26.4872588248025,3.59862703930018,309.153668975909,28,14.8108810798557
-8.84372685009587,3.63100171003034,309.155823233367,28.5,14.8066789797556
4.79464169660027,3.65600059291587,309.154456342411,29,14.8089571555399
28.2694769213995,3.69826053691701,309.149303086051,29.5,14.822389408007
7.02516722890279,3.66058177940369,309.14714192688,30,14.8257274188271
-38.8356394102194,3.57603698659135,309.159201560636,30.5,14.807274650326
24.9112831461228,3.6923595522092,309.154911500891,31,14.8191112557725
33.8036502011855,3.70830248811577,309.149122416617,31.5,14.8351730727306
-2.54601142068523,3.64353803342672,309.14901616168,32,14.8339633344577
28.8532265392817,3.70005495141608,309.143968399222,32.5,14.8476729557727
-17.913650484755,3.61557754082203,309.148161206714,33,14.8391612780863
19.4626823747097,3.6835688101225,309.144394017687,33.5,14.848408978851
-81.5451710629508,3.49878670777478,309.177868098786,34,14.8096627605097
-9.33713882245491,3.63032269256688,309.180851720056,34.5,14.8052262155275
-31.1013307836701,3.58989165053714,309.189977440836,35,14.7904484066451
-18.8581540781786,3.61220230195293,309.195075439847,35.5,14.7814879477252
-28.9673078255315,3.59320162234341,309.203523626812,36,14.7677241206446
-3.3419025699968,3.64033841901311,309.204139748645,36.5,14.7661362143963
0.357910738449533,3.64714861739711,309.203563015281,37,14.7663062758167
-16.8313958071043,3.6154355651153,309.20762954031,37.5,14.7583088318426
-43.2827878083833,3.56609926699103,309.221832371503,38,14.737742999127
-44.6445155957406,3.56295217679627,309.237014536592,38.5,14.7165301409471
-42.8602062580449,3.56563297106009,309.251462238999,39,14.6961650980122
-40.134669521279,3.57011334276661,309.264729546452,39.5,14.6770950948709
-55.0272521735688,3.54192416028068,309.284875343334,40,14.6509488755467
33.5180869702856,3.70406930742242,309.279409470707,40.5,14.6668750070295
5.15148444249937,3.65364190103782,309.277225228004,41,14.6693227367772
6.3340756797312,3.65593990603586,309.275054168062,41.5,14.6723323751908
-48.1345975655,3.55491370249654,309.291187962017,42,14.6494612032657
-34.1257475195223,3.58030266502446,309.301967086071,42.5,14.6332463416471
-22.2694042470588,3.60201854703279,309.308133834543,43,14.6226650259414
18.5119524567159,3.67702358504841,309.303969303546,43.5,14.6314609870322
32.9584053218248,3.70299583610131,309.297671443714,44,14.6471211855717
46.0404812424156,3.72600829148403,309.290565989902,44.5,14.6689973373475
-16.9588771615155,3.61328429114374,309.294067277979,45,14.6609393205605
-20.2635499465569,3.60690619839253,309.299242422156,45.5,14.6513110872713
-27.6542188408626,3.59285807110192,309.307052024601,46,14.6381711749099
5.70774072480865,3.65440734407264,309.305296513178,46.5,14.6408832100369
4.06004516347052,3.6515050502752,309.303522999834,47,14.6428123420054
-27.5219804141627,3.59297363836493,309.311002202706,47.5,14.6297352627816
-12.0307982087629,3.62149627369891,309.313714655354,48,14.6240188245408
-44.9955821832543,3.55988282512001,309.32853466126,48.5,14.6026391569413
0.23228797676961,3.64353620473014,309.328182638746,49,14.6027495286598
8.36244035864512,3.65853814922454,309.325503842029,49.5,14.6067229453046
15.2402157236825,3.67121170526427,309.321496753097,50,14.6139643394706
8.68026226521312,3.65952076931049,309.318630042868,50.5,14.6180887693124
-12.0553109638976,3.62139549651636,309.320910551204,51,14.6123606838269
-16.8982178059079,3.61223466275277,309.324892659443,51.5,14.6043314893552
-42.9507139650456,3.56339292278418,309.338822217585,52,14.5839234416497
11.33934485367,3.66367414945613,309.336057417009,52.5,14.5893113355718
-35.4424538974453,3.57701730694613,309.346504995472,53,14.5724708404283
-62.7169151799725,3.52578731737534,309.370341033507,53.5,14.5426708748683
-21.366725375755,3.60199091455796,309.376462521134,54,14.5325184673639
25.7393416801521,3.68845477812092,309.3710727291,54.5,14.5447485251307
1.34851678334662,3.6445242602087,309.369553773361,55,14.5453892733816
-14.7214488127757,3.61472299974513,309.372637850592,55.5,14.5383943715061
14.6613014196578,3.668837560338,309.36882527056,56,14.5453606943254
1.38251288405664,3.64475608281856,309.367399947024,56.5,14.5460175958361
-2.49044955247523,3.63765306118111,309.367044794829,57,14.5448342578055
-11.7291998955769,3.6204813098367,309.36925168769,57.5,14.5392611241153
29.7941643419386,3.6961291835373,309.363367164719,58,14.5534178323771
11.6263817117282,3.66392738902057,309.359696483821,58.5,14.558942111969
-58.3916112074211,3.53400323306612,309.380545004478,59,14.5311973161993
-31.6589307296011,3.58291913728593,309.390275186876,59.5,14.5161545634953
-9.36267477860026,3.62422034226273,309.392102923076,60,14.5117058850941
-4.02494210475844,3.63407861037538,309.392202211853,60.5,14.509793432357
-20.2202987203827,3.60384409495596,309.397071352835,61,14.500185749904
-11.7598827742022,3.619432149523,309.399441811028,61.5,14.4945980372326
-14.0111407207983,3.61511166125054,309.402390527186,62,14.4879406385111
-32.0793557501374,3.58108972926472,309.411709936629,62.5,14.4726981207023
27.7690872707218,3.69119454593738,309.406107299853,63,14.4858926128409
-16.1866741921611,3.61095611108784,309.409315617152,63.5,14.4782015085819
12.83022014731,3.6645321528139,309.405734979736,64,14.4842977924539
-45.9960899074163,3.55515580967846,309.420639012983,64.5,14.4624427332374
-12.5881261596975,3.61711899145904,309.423547211517,65,14.4564614804136
-39.494274731436,3.56650673275564,309.435885288903,65.5,14.4376957610947
-18.9299483898378,3.60459394783817,309.440716426486,66,14.4287011890809
26.3588135204127,3.6878501835542,309.435010469631,66.5,14.4412255891228
14.4285063848207,3.66673575581244,309.430638540009,67,14.4480812992947
-28.7845838029708,3.58661302859519,309.438305938299,67.5,14.4344042936014
-6.47989245420426,3.62804219418231,309.439183402188,68,14.4313253702931
-20.1008800972651,3.60249600290864,309.443960703103,68.5,14.4217744296433
19.6701778190227,3.67588774308451,309.439181819268,69,14.4311207219455
-38.6448475563424,3.56777296337661,309.450753802726,69.5,14.4127586082646
8.83807862946981,3.655990159199,309.448094485889,70,14.4169580246106
-28.7106271912502,3.58608482058865,309.455777717065,70.5,14.4033161594288
4.1864621724384,3.64724967239774,309.453964511929,71,14.4053053584861
-24.2809040446652,3.59415782610236,309.460057435967,71.5,14.393768277904
-26.102291061601,3.59041978253645,309.467142451862,72,14.3813657646037
-25.4296941092066,3.5913533486946,309.474009663541,72.5,14.3692828359953
34.633555120629,3.70153323238282,309.467412363294,73,14.3857389825844
-14.9373865754592,3.61136152416249,309.470048797242,73.5,14.3786414778008
-0.941988309574547,3.63735788566083,309.469238344324,74,14.3781938917053
-44.7780254075109,3.55511336260167,309.483706335239,74.5,14.3569175962887
-24.2765257193145,3.5930478206447,309.490372244032,75,14.3453825960695
16.4552671347472,3.66860607549561,309.486003533384,75.5,14.353201322365
-10.5959577399626,3.61879850907975,309.487450320194,76,14.3481666491063
-67.7625781040438,3.51140439304519,309.513733873845,76.5,14.3159692349325
-10.3344161421461,3.61827112432934,309.516126234561,77,14.3110588332612
11.7237155586772,3.65923135309267,309.512364764429,77.5,14.3166293610666
16.1473490705731,3.66754394056604,309.507589359082,78,14.3243017799796
-19.7145934790113,3.60109943474303,309.511881611597,78.5,14.31493438356
-23.9985686822053,3.59278159140034,309.518062217314,79,14.3035314547303
12.3606956433594,3.66041315806064,309.514337248152,79.5,14.3094046438597
-11.8210828291504,3.61567119682755,309.516126687322,80,14.3037878519595
-8.04503387057592,3.62264203410319,309.517064465446,80.5,14.2999652511255
-27.7973388961973,3.58537847420169,309.524498678315,81,14.2867573352166
-30.7268747029315,3.57947795912308,309.533312071998,81.5,14.2721574492801
20.1733672121106,3.67405226835035,309.528293003624,82,14.2817428322095
44.4852767766605,3.7173325705383,309.5204028541,82.5,14.3028800280054
-14.4715071102841,3.61085035765945,309.522686246875,83,14.2960038860228
11.954068602523,3.6598634328076,309.518920638107,83.5,14.3016838661627
28.0569047469548,3.68918301270561,309.512479828136,84,14.3150151148821
18.5690279249426,3.67251535532145,309.507205729046,84.5,14.3238381954028
13.1872013841974,3.66298276101361,309.502937281757,85,14.3301040990423
1.89396080185449,3.64238234092717,309.501051575941,85.5,14.3310040152213
-28.931523808776,3.58468186677504,309.508695170843,86,14.3172571909295
-23.8901081067927,3.59375327062055,309.514858422035,86.5,14.3059057971825
-12.0116890291592,3.61577378322006,309.517061575269,87,14.3001984386755
-50.834461527984,3.54256533817253,309.534369351509,87.5,14.276044425385
-21.7840447831181,3.59653606024264,309.540105424256,88,14.2656937284091
36.0981204973514,3.70268233087409,309.533143562532,88.5,14.2828457637813
-18.998509164817,3.60212948132587,309.536921394837,89,14.2738186150897
-4.51504184559733,3.629094253168,309.536901392588,89.5,14.2716732912785
-2.2892559393378,3.6332326763295,309.536136201793,90,14.270585550468
19.5029185417556,3.67337590445946,309.530915469707,90.5,14.2798523694625
-14.1360618859315,3.61136552308892,309.533260866627,91,14.2731356144029
2.47422330447022,3.64225660589972,309.531449679314,91.5,14.2743112425257
-26.3038465536388,3.58834002227366,309.538099077709,92,14.2618129600585
-41.5771567770646,3.55915946700935,309.551291910929,92.5,14.2420575585614
-1.68104771218953,3.63372827420974,309.550798243637,93,14.2412588081161
2.18278210950673,3.64096073130744,309.548875970367,93.5,14.2422959578468
-19.9820855663676,3.59945745427682,309.55328767881,94,14.2328014624625
-4.5255100678365,3.62829200918822,309.553250691933,94.5,14.2306511646716
-18.7832337330491,3.6014604347332,309.557328654239,95,14.2217263041815
10.5342817077885,3.65605111859486,309.553782846136,95.5,14.2267316720506
-15.8719805356657,3.60693998473319,309.556741061405,96,14.2191900945994
2.84688810710705,3.64184778339633,309.554806338106,96.5,14.2205427945417
-1.04921425035894,3.63467677233537,309.553607515945,97,14.2200442600006
30.6749341288267,3.69263600027337,309.546888610468,97.5,14.234619466354
-26.5868702199267,3.58715877660083,309.553341066717,98,14.2219867050865
-3.04741277625209,3.63110178026125,309.552984651318,98.5,14.2205387257731
-38.3154705155767,3.56461837421198,309.564458262586,99,14.2023331157156
-6.01461410466964,3.62503924482176,309.565029821931,99.5,14.1994752695881
13.6516203254579,3.66152294067299,309.560730046389,100,14.2059618420601
-46.1529788064736,3.54950184192316,309.575522644452,100.5,14.1840322370249
-17.9907650739207,3.60206653468767,309.579823745686,101,14.1754839183128
3.50847792361419,3.64224212112848,309.577703785009,101.5,14.1771509729023
14.9863788265544,3.66353627059566,309.57302580342,102,14.1842717563723
-8.38086157586081,3.62036779006931,309.573623661272,102.5,14.1802895868793
46.9713958176105,3.72045321502129,309.565812086155,103,14.2026080630615
-12.3225989186455,3.61360417047733,309.567287923808,103.5,14.196752975605
-21.8695622358749,3.59543983904444,309.572430753713,104,14.1863616449796
-9.89841974095322,3.6177239881514,309.573855302266,104.5,14.1816584071603
-29.8818130710031,3.57987779422531,309.581935863775,105,14.1674600525724
-30.0551748215877,3.57913114275536,309.590342457567,105.5,14.1531793250843
-21.8040444088127,3.59435237175979,309.595702185819,106,14.1428191252787
6.65991755300414,3.64757942573927,309.592883103615,106.5,14.1459835875796
-2.42973890454332,3.63078399443276,309.591905100317,107,14.1448290962359
31.3464589191122,3.69262459074979,309.584991409727,107.5,14.159723377843
7.80199595296662,3.65033363626306,309.581420630993,108,14.1634304991201
-4.45364111462225,3.62764646166393,309.580972179603,108.5,14.1613143498891
-11.1376160643288,3.61505577217956,309.582536656038,109,14.1560223074762
-20.5954237645165,3.59707230735021,309.587211567406,109.5,14.146236384219
6.33414261953861,3.64735951589424,309.584469468053,110,14.1492460544391
-36.8824637039118,3.56610892708798,309.595184200939,110.5,14.1317213381008
-35.354566991754,3.56845978480022,309.605799379096,111,14.1149226024532
5.15788713252445,3.64440130068799,309.603453354402,111.5,14.1173733744414
-16.5029999256049,3.60384507160161,309.606576412298,112,14.1095319678925
-4.02410194652866,3.62719257752641,309.606238214987,112.5,14.1076199143569
-19.852761202759,3.59730965521859,309.610575123054,113,14.098186867492
3.78306362788499,3.64157130549974,309.60833189649,113.5,14.099984391581
-16.1611325822717,3.60417741853571,309.611349375666,114,14.0923054234273
4.08830586997816,3.64207336780373,309.608989834365,114.5,14.0942479834811
47.822380197748,3.72064692876069,309.600869261748,115,14.1169708052079
-38.3159400847981,3.56291558306531,309.611771520514,115.5,14.0987649720343
-10.1566480012819,3.61567748616721,309.613401177914,116,14.0939390369612
-36.9540710810735,3.5647980266606,309.624312468133,116.5,14.0763802963511
4.52124155337351,3.64262860716276,309.622080114475,117,14.0785285659557
20.8686725194,3.6728334366486,309.61630624888,117.5,14.0884443234603
-37.9385082843089,3.56292143480386,309.627290050115,118,14.0704178271471
-7.34660545390261,3.6203509331817,309.628080076655,118.5,14.0669270848349
-5.5654515296282,3.62365296799326,309.627997417472,119,14.0642826584719
2.0074809278277,3.63782833368103,309.625956418589,119.5,14.0652365137809
-19.80293784116,3.59678953653403,309.630157148096,120,14.0558271405048
-2.84009472048304,3.628592256553,309.629484965363,120.5,14.0544776684427
-26.764339568624,3.58333219488784,309.636239525901,121,14.0417605825482
0.307815765022548,3.63417947725948,309.634842046931,121.5,14.0419068413234
2.8199972757417,3.63893861745009,309.632529539219,122,14.0432467640772
-10.6211630249942,3.61376001609097,309.633773380815,122.5,14.0382001145179
-30.1661599889197,3.57655918673596,309.641919134537,123,14.0238666523862
-12.7012020991223,3.60932641738588,309.6441756938,123.5,14.0178316714877
-3.16616646539657,3.62720748995979,309.643479990225,124,14.0163272663148
-18.4130846474625,3.59837697652643,309.647258502176,124.5,14.0075782823003
12.2877137422947,3.65584591980611,309.643109368508,125,14.0134167940524
-33.576552139796,3.56956335183714,309.652374263263,125.5,13.9974628828226
-22.9501283258346,3.58932210637747,309.658095486933,126,13.9865581208179
24.7982627740614,3.67828338686967,309.651934879695,126.5,13.9983410245926
0.216696799039426,3.6333257796619,309.649969188757,127,13.9984439881572
6.37005969917281,3.64487681470368,309.646814589543,127.5,14.0014707243911
10.6428750521462,3.65293975221473,309.642719905166,128,14.0065276904281
-44.3706321760652,3.54917487276256,309.656633947728,128.5,13.9854449680569
-13.0934647023737,3.60799364751841,309.659164022843,129,13.9792236034366
4.54192301672431,3.64108275104024,309.656538913757,129.5,13.9813816998463
-31.9087518662516,3.57218748142938,309.665183273609,130,13.9662202445364
-1.09915196497764,3.63022971069059,309.664135515532,130.5,13.9656979820716
-23.2468982672669,3.58829472898278,309.669541903451,131,13.954652209719
13.0950257368146,3.65647171936969,309.665233017174,131.5,13.9608743160653
12.8032913421206,3.65616561416873,309.660599067083,132,13.9669578047056
-10.9818840755366,3.61182078938495,309.661787519274,132.5,13.961739758405
-14.2080705379601,3.60558444129204,309.664224810747,133,13.9549887884077
29.874415067208,3.68719066828095,309.657346152427,133.5,13.9691836278314
-60.401666467752,3.51816962672629,309.678996928088,134,13.9404837535576
-14.0014085537741,3.60544802628197,309.682001974234,134.5,13.9338309790789
-9.09322050870513,3.61461591646106,309.68288576134,135,13.9295103319742
-1.92267633887798,3.62809318898441,309.681728381307,135.5,13.9285967715971
-40.3748306269823,3.55497946857942,309.694000880947,136,13.9094126558171
-31.5558219087957,3.57121996652753,309.703045684156,136.5,13.8944188953077
0.159043127434629,3.63114071295541,309.701593033128,137,13.8944944647088
-25.2685946781592,3.58289507069699,309.707698333285,137.5,13.882488082555
-33.9590283758032,3.56595339219984,309.717535764486,138,13.8663524375995
-45.5630540617257,3.54329889343427,309.73265394397,138.5,13.844703135526
-29.4678767460788,3.57344788592321,309.740973892652,139,13.8307014629368
-7.82692119755807,3.61446809741796,309.741606922582,139.5,13.8269824984204
15.6758777367704,3.65858677548204,309.736420352972,140,13.8344308975539
7.29892016612225,3.64330509090424,309.732677330349,140.5,13.8378989821838
-32.3127801265262,3.56815163837624,309.741429971917,141,13.8225455526959
-41.2193166032566,3.55063708691763,309.754501100796,141.5,13.8029601790904
1.23961575355246,3.63119236855112,309.752793976123,142,13.8035491829765
-9.39542110555628,3.61112259763285,309.753486844398,142.5,13.7990849451458
-8.67825822846906,3.61242815368986,309.754079139252,143,13.7949614675228
-18.9501688085709,3.59275178232051,309.757959762434,143.5,13.7859572877696
-18.3425595823477,3.59370299620595,309.761751553309,144,13.777241813766
20.474329297164,3.66663680972033,309.755814700731,144.5,13.7869701989419
-11.1314299092819,3.60768415065266,309.756821198575,145,13.7816810958829
6.07835668470157,3.64017398714627,309.753573115065,145.5,13.784569229321
-27.8152596470441,3.57580087838675,309.760512339136,146,13.7713527983607
-38.1449123782585,3.55559251820826,309.772124625636,146.5,13.7532282290655
-26.110491406692,3.57816915324008,309.778962624071,147,13.7408218193682
-5.22106197835799,3.61785160453976,309.778712575287,147.5,13.7383410298284
0.5995945476314,3.62890220001092,309.776656897502,148,13.7386259274006
25.0841326181033,3.67449187989779,309.769783117942,148.5,13.750544662338
-46.2656855378932,3.53973251815947,309.78448055867,149,13.7285615046575
-29.6337957291201,3.5709767832109,309.792773345954,149.5,13.7144809956018
-11.800719089424,3.60483996034973,309.794491668211,150,13.70887387954
-18.2121775632222,3.59245111738584,309.798096027032,150.5,13.7002203566013
-37.4622992152341,3.55520086794887,309.809306535674,151,13.6824201312042
10.5998049021002,3.64655603757146,309.80527143683,151.5,13.6874566324435
-13.938596184988,3.60022281943982,309.807186108235,152,13.6808337032851
0.222931806807701,3.62711628000828,309.805256760119,152.5,13.680939629416
-4.78545650674919,3.61767611554683,309.804509552845,153,13.678665817978
-67.6283879080237,3.49706691314873,309.830815387686,153.5,13.6465321643257
-0.00948291879950247,3.62584345943503,309.829635901765,154,13.6465276585133
-18.730045845073,3.59009780991153,309.833243578001,154.5,13.637628070268
-21.9625513651512,3.58366665948296,309.838218152532,155,13.6271925558232
-10.5792898044597,3.60532120261028,309.839387179385,155.5,13.6221658023402
-1.63688435012662,3.62234768647607,309.837836381011,156,13.6213880361328
9.93276053916666,3.64427894259977,309.833427160581,156.5,13.6261075909951
-5.09765710848033,3.61603399259931,309.832605005118,157,13.6236854373252
-50.930271869783,3.52778057257408,309.849928738112,157.5,13.5994858997152
9.29433330012315,3.6426397505769,309.846244529384,158,13.6039021056375
-21.4936756314062,3.58406234592456,309.850694103556,158.5,13.5936893776719
11.626785595983,3.64699476461666,309.846127214335,159,13.5992138491696
2.21554341265076,3.62949867702947,309.843322266104,159.5,13.6002665654456
-2.72642798557557,3.62020467685917,309.841894852664,160,13.5989711021749
-14.6483709456041,3.59739663811714,309.844088518247,160.5,13.5920109232752
-41.1146611764511,3.54615472662628,309.85680285264,161,13.5724752767346
56.2194866207066,3.72650270343202,309.84792859481,161.5,13.5991879866996
0.560746647822898,3.6266995218859,309.845151504972,162,13.5994544256777
-24.4826798950784,3.57875676907021,309.850715836731,162.5,13.5878214712252
-37.1554906911906,3.55395280123753,309.861724393114,163,13.5701670260124
-23.6510462086615,3.57950234713474,309.867459845001,163.5,13.5589292226151
19.6321064220244,3.66148471607628,309.861400749507,164,13.5682574252789
-25.3400339101069,3.5763377080012,309.867101152429,164.5,13.5562170987475
-9.54123633667763,3.60645061378575,309.867893139267,165,13.5516835767556
20.4911358132453,3.66305073374535,309.861530599149,165.5,13.5614199475539
-27.1337424149113,3.57286290077963,309.867895755869,166,13.5485273397597
-11.2599361908391,3.60310647085109,309.869231157877,166.5,13.5431771768933
-1.94178658488939,3.62084512453703,309.867673745908,167,13.5422545362757
-3.26901831265416,3.61835033642787,309.866372023672,167.5,13.5407012610093
0.847426426603731,3.62620626315439,309.864003081623,168,13.5411039159909
-21.8475318623871,3.58273370841934,309.868579052417,168.5,13.5307230531056
-12.5861034967441,3.60031262893878,309.870263861478,169,13.5247427613508
9.73681765209681,3.64270955872168,309.865927525374,169.5,13.5293692138775
23.8944241839389,3.6691899966877,309.858860627909,170,13.5407226584101
-10.0742900350922,3.60565299187363,309.859268420006,170.5,13.5359358557553
-19.3908245744902,3.58762005682551,309.863074269161,171,13.5267222982511
-11.7321645383364,3.60212335433574,309.86445289629,171.5,13.5211477559098
-19.3565020718403,3.58731397512495,309.868273911663,172,13.5119505067554
-21.368631243902,3.5831868505049,309.872906103462,172.5,13.501797193677
-31.9377567064925,3.56245982293079,309.881658897867,173,13.4866219567065
-29.3819595252416,3.56696455643536,309.889522429615,173.5,13.4726611077167
-8.75805796440125,3.60644984356715,309.890097184784,174,13.4684997132195
-37.9152931334401,3.54996340075827,309.90128328958,174.5,13.4504842475938
23.0157057650233,3.66592087709275,309.894757410958,175,13.4614201687431
-31.0074996190756,3.56330548532561,309.902643087853,175.5,13.4466869437734
-29.9142998283078,3.56499614509475,309.910699709234,176,13.4324731530907
4.041135378502,3.63007654554479,309.907761405126,176.5,13.4343933000679
1.38669671217775,3.62516388681132,309.905086179243,177,13.4350521895262
-16.2749820132151,3.59131058300875,309.907665067536,177.5,13.4273191257731
-37.3923550840757,3.55014862690049,309.91868580383,178,13.4095521343559
-60.334363388288,3.5051216935432,309.941391135467,178.5,13.3808842391654
-15.4541863604549,3.5913616267679,309.944489918724,179,13.3735411767718
8.90022361527555,3.63798036918179,309.940169586175,179.5,13.3777701213309
-11.2983346041126,3.59951598082907,309.941003232757,180,13.3724017134441
-36.21804462073,3.55099000170924,309.951466285588,180.5,13.3551926960801
10.2439516277991,3.64022330316917,309.947097281055,181,13.3600601135038
0.466848900328648,3.62186338647923,309.944506094398,181.5,13.3602819369323
-11.0205910820373,3.59984406453406,309.945318736255,182,13.3550454989832
-6.6172156709989,3.60825697885421,309.944916991444,182.5,13.3519013264975
-6.98167482673879,3.6075328088731,309.944571235562,183,13.3485839811085
-1.26421660931435,3.61849863745269,309.942619109985,183.5,13.3479832881166
-0.288951970138656,3.62042234758491,309.94034724404,184,13.3478459924806
-27.2880416561183,3.56824166278338,309.946922810813,184.5,13.3348800693446
9.92332518739348,3.63959319599348,309.942514828554,185,13.3395951409959
-26.9149180451655,3.56884460265436,309.948831290876,185.5,13.3268065076824
-13.2833283064012,3.59498611336528,309.95067814939,186,13.3204949293001
-24.0204923456359,3.57398506459062,309.956144174161,186.5,13.3090815834335
-21.5512300149423,3.57849027200061,309.960824781704,187,13.2988415084812
-59.9388972570916,3.50342104387876,309.983134260093,187.5,13.2703615191699
23.2421356130031,3.66304431835859,309.976616325359,188,13.2814050285456
-7.33201197917908,3.60546716998605,309.97601287433,188.5,13.2779212203284
-10.3788512427182,3.59954088718279,309.976652301867,189,13.2729897053025
-7.15212280694492,3.60571061347322,309.976338019448,189.5,13.2695913714923
-17.5469827254567,3.58550780033533,309.979345646746,190,13.261253916128
-17.8105246197952,3.58479954715613,309.982568159647,190.5,13.2527912387346
40.6297426655596,3.69454945094862,309.973516506119,191,13.2720964760645
-9.85681546279991,3.60078126812605,309.973510442994,191.5,13.2674130065335
5.9580242169964,3.63108283287478,309.969705384359,192,13.2702439639548
1.09079136783255,3.62193759337693,309.966925461557,192.5,13.2707622538787
9.45044255973664,3.63793295915679,309.962234772424,193,13.2752526351738
-21.5291985112242,3.57846999102037,309.966442556971,193.5,13.2650230284986
-20.7955993949669,3.57961098700123,309.970739256187,194,13.2551419917163
4.01117970604937,3.62728403313815,309.967531121377,194.5,13.2570479052446
-27.8652419726706,3.56569295811679,309.974218730028,195,13.2438077251636
12.5443221989023,3.64325801169632,309.969197381824,195.5,13.2497681645192
-29.1133411492684,3.56315079408185,309.97629149791,196,13.2359349496505
27.8802495906846,3.67166812441114,309.968740809715,196.5,13.2491822606068
4.35145698900828,3.62806953125164,309.964944359637,197,13.2512498570126
-32.3829662873017,3.55703140779508,309.973432445897,197.5,13.2358630785442
14.2952425058933,3.64660576123694,309.968128888623,198,13.2426554683345
23.7921934945845,3.66455541556942,309.960710398251,198.5,13.2539603379172
-4.93170528776659,3.61064380796833,309.959383134712,199,13.2516170363165
-13.9798371713886,3.5931196422079,309.961105199841,199.5,13.2449745114882
-11.6097603005944,3.59754668118883,309.962171815169,200,13.2394581295659
3.02693443393886,3.62560324316056,309.959106349589,200.5,13.2408963785874
-22.3533999920431,3.57664416412148,309.963660835135,201,13.2302751522723
-49.6213095379102,3.52313463831189,309.980365406001,201.5,13.2066975686008
26.7559509776215,3.66931398024693,309.973230084763,202,13.2194106686532
49.2868855122631,3.71001901051612,309.963386938115,202.5,13.2428293506245
8.24839005304837,3.63592888545369,309.958543169284,203,13.2467485762242
41.4522718286997,3.69708132851002,309.949405942546,203.5,13.2664446385916
-9.10512665124416,3.60352403449839,309.949135286933,204,13.2621183342789
-33.0204393982723,3.55698135533042,309.957919475474,204.5,13.2464286602249
-10.365684988963,3.60049623897585,309.958804237285,205,13.2415034011494
5.67029739926875,3.63115528925156,309.955096886438,205.5,13.2441976450664
1.29640540043455,3.62294332074187,309.952277451202,206,13.2448136325743
16.3650382413837,3.65150467317177,309.946276308397,206.5,13.2525894865776
6.73821662162025,3.63364323498848,309.942082811346,207,13.25579115271
-1.97724030279291,3.61715188114051,309.940123360945,207.5,13.2548516662452
-21.3813326702998,3.57966344882355,309.944324558464,208,13.2446923180793
-17.5727088179966,3.58675733902377,309.947421651812,208.5,13.2363426389526
12.7202937409874,3.64459488668223,309.942324010511,209,13.2423866912518
-14.7085455472246,3.59233119212431,309.944086433665,209.5,13.2353979203678
-38.7951774421701,3.54526616280066,309.955465510265,210,13.2169643773858
15.5067873459635,3.64937905695343,309.95007778514,210.5,13.2243324331572
-11.9518026791056,3.59723241412849,309.950922022198,211,13.2186535296717
-28.9073528616348,3.56412197061685,309.95811132729,211.5,13.2049181902144
-65.3152303071213,3.49281991264177,309.983199076884,212,13.173883634256
0.0575896529284421,3.61895173242234,309.981558224818,212.5,13.173910998001
-15.6311214110188,3.58868270138096,309.98373954898,213,13.1664838648524
-15.2645568433568,3.58922588910614,309.985974178731,213.5,13.1592309049943
-11.6240243506207,3.59614112396601,309.987015242814,214,13.1537077455034
-7.55447962438464,3.60392931758946,309.986759971785,214.5,13.1501182317018
-19.7743037834975,3.5801202826463,309.990458085326,215,13.1407224639089
-9.60649266359775,3.59967718333689,309.990917848679,215.5,13.136157935349
-62.501939022084,3.49629077485289,310.014304871762,216,13.1064601157904
-28.9621649186979,3.56087375294985,310.022260670031,216.5,13.0926987323638
-19.5605424636705,3.57892396591517,310.026146017048,217,13.0834045333415
5.7962557135198,3.62789580407099,310.022353340338,217.5,13.0861586263983
-4.00971205824424,3.60919504943726,310.020821271603,218,13.0842534102233
2.99738645563286,3.62272664512387,310.017533041543,218.5,13.0856776195119
10.1522775202986,3.63651219213157,310.012524618127,219,13.0905014779493
14.1912630468548,3.64437141094614,310.006638144545,219.5,13.097244461861
-34.1131465043611,3.55110237188999,310.015682845845,220,13.0810355876194
0.337624604449163,3.61778207066081,310.013441654388,220.5,13.0811960100757
6.37284303515887,3.62942964358796,310.009310686973,221,13.0842240688127
3.05491045137788,3.62323601485131,310.005917313717,221.5,13.0856756106492
-2.65808732448172,3.61234688705115,310.004048785589,222,13.0844126194689
-46.7704870612047,3.52619389396008,310.019045293605,222.5,13.0621896051569
-27.0261821575808,3.56417727422088,310.025934533015,223,13.049348104659
-17.9117895842167,3.58167987026492,310.029165876432,223.5,13.0408373111802
-0.505830944771473,3.61534557519167,310.026916162862,224,13.0405969654187
-25.3359159003615,3.56699623430604,310.032563990878,224.5,13.0285585955612
-39.3022562696444,3.53920245465993,310.044397537869,225,13.0098841138858
36.2934503635817,3.68362941662357,310.035788132297,225.5,13.0271289603165
-26.1309688798603,3.56523806036308,310.041363756939,226,13.0147128207402
37.5929465155437,3.6862359087532,310.032504830139,226.5,13.0325751232506
-2.36221627750946,3.61195835229897,310.030173099601,227,13.0314527153083
-23.1684586773111,3.57142122597953,310.034955713667,227.5,13.0204442135559
-7.45486869067795,3.60180958785517,310.03469819545,228,13.0169020299265
3.72903037928065,3.62337372213032,310.031222542947,228.5,13.0186738800973
-22.3650108406134,3.57275577969357,310.03564677694,229,13.0080471368832
-34.4491381658664,3.548712390099,310.045225892222,229.5,12.9916786160788
-5.727481067836,3.60449212847717,310.044596567799,230,12.9889572013205
-25.2258771815578,3.56633024409192,310.050223152555,230.5,12.976971116401
-19.030116694043,3.57816657251625,310.053784334022,231,12.9679289493803
33.3260989391216,3.67778075323728,310.045200233818,231.5,12.9837638576787
-19.2131061271699,3.57821056619177,310.048183499131,232,12.9746347431608
26.4111912505328,3.6654120411097,310.040488972276,232.5,12.9871840305006
-13.3240547402654,3.58998929403756,310.041513023784,233,12.9808531009382
-58.5215936895389,3.50109643125217,310.06266928247,233.5,12.9530465439438
-19.1591732456281,3.57752678733478,310.066709170348,234,12.9439430556546
-30.3875972711736,3.55519806915769,310.074541913032,234.5,12.9295043775159
46.051620581819,3.69993050035212,310.065001908929,235,12.951385822153
-11.1367574480214,3.5934480513483,310.065119330211,235.5,12.946094187712
-5.9707336212117,3.60340612161079,310.064208728537,236,12.9432571914125
-22.2010098384232,3.57161672291163,310.068626197348,236.5,12.9327083733356
17.2824353001276,3.64769891643982,310.062354564929,237,12.9409201288924
-35.7982508842545,3.54491721527868,310.072017498313,237.5,12.9239105766783
11.6811368289541,3.63694944025959,310.066995664245,238,12.9294608731845
-12.403382522969,3.59064576501398,310.067813233889,238.5,12.9235674013683
22.0361727943519,3.65657896525369,310.060627642018,239,12.9340378970626
-6.90838956013752,3.60164930511189,310.059646602267,239.5,12.9307553731952
16.0390233727473,3.64564520286707,310.053459650391,240,12.9383763211125
-16.6067054922293,3.58296265105506,310.055629476575,240.5,12.9304856388251
-13.905342066367,3.58803692038667,310.057248064672,241,12.9238785103736
-3.06167421911791,3.60900675154759,310.055548594266,241.5,12.9224237547303
20.7973009692817,3.6545337080173,310.048505314246,242,12.9323056000163
-32.5096221334337,3.55174102755968,310.056685349753,242.5,12.9168586409756
-45.7942989472159,3.5250765774018,310.071501312803,243,12.8950994628089
-13.8556869799557,3.58723652574209,310.073484158296,243.5,12.8885159279901
-3.18554001809833,3.60792243990613,310.071793476151,244,12.8870023174664
21.9392787003103,3.65590432609017,310.064503909686,244.5,12.8974267738958
-20.1708067768941,3.5751466133792,310.067865707889,245,12.8878426075582
-5.98050603880269,3.60266321142596,310.067050110271,245.5,12.8850009678909
8.40936560854163,3.63042683780601,310.062377589517,246,12.8889966810856
-18.1082092354224,3.57910305067515,310.065138784125,246.5,12.8803925587364
-36.766433679782,3.54210698251094,310.075601139037,247,12.8629229741072
-11.605366308847,3.59110435026892,310.076718339289,247.5,12.8574086799918
-49.4411744317245,3.51640183323498,310.09313874431,248,12.833916687583
1.41652917474446,3.6156802835263,310.090642043297,248.5,12.8345897519469
-34.7984310562659,3.54465503323765,310.100061929135,249,12.8180552644958
-26.676226123465,3.56021209049843,310.106557737065,249.5,12.8053800457375
-6.7914499616749,3.5990276478977,310.106019467674,250,12.8021530857638
-1.39729857729277,3.60953604509059,310.103695095487,250.5,12.8014891588254
-15.4074400199672,3.58216189242954,310.105612034194,251,12.7941683079729
-2.58298238368159,3.60713304911706,310.103712578719,251.5,12.7929410029332
13.6734991668348,3.63850412128959,310.097788473965,252,12.7994379711448
3.04347539726141,3.61837732711151,310.094099125098,252.5,12.8008840796111
-14.3141231072937,3.58461218204143,310.09558848388,253,12.794082718696
-4.50858729203686,3.60366451146844,310.094228494637,253.5,12.7919404617684
-23.0458755672642,3.56723049553525,310.098912567314,254,12.7809902054263
4.66274874559238,3.62118170082436,310.095228611799,254.5,12.7832057122259
-17.1619849425328,3.57868894690511,310.097677017068,255,12.7750511887013
-39.0456594807879,3.53518150484148,310.109187861925,255.5,12.7564986290855
-19.6427743580224,3.57301975675126,310.113055872769,256,12.747165357548
-19.7563883152483,3.57255900755367,310.116713354965,256.5,12.7377781022964
-51.5368972670495,3.50929045904113,310.13440294957,257,12.7132903264034
-28.5675171801796,3.55407720022562,310.14191321938,257.5,12.6997164599966
15.045679160836,3.63911054568469,310.135909735852,258,12.7068654200424
0.260199515295421,3.6109219758093,310.132845706125,258.5,12.7069890539388
14.6221688753778,3.63869539873838,310.12661620862,259,12.7139367829151
-21.63380761125,3.56826113394125,310.130547342962,259.5,12.7036574711872
18.8195274274422,3.64670068545434,310.123795769788,260,12.7125995766397
-25.9774232003149,3.55976801326454,310.129338716791,260.5,12.7002563943501
30.5614875494458,3.66865723308276,310.120902539761,261,12.7147776965191
-13.1128512652624,3.58543478097374,310.12167569678,261.5,12.7085471203663
-24.4546256509972,3.56286419960502,310.12695052409,262,12.6969274958983
11.2513067525859,3.63240334511545,310.121713806655,262.5,12.7022735584839
-16.1636026099613,3.57919344297195,310.123695790017,263,12.6945934166957
-8.34692347980709,3.59439524402262,310.123434843702,263.5,12.6906273729017
6.01310098926495,3.62231990259622,310.119187605386,264,12.6934845000719
12.3840822771855,3.63471483106573,310.11339278677,264.5,12.6993688013691
-14.2242524694689,3.58319129063944,310.11470598902,265,12.692610142521
-36.5917917264153,3.53870359291538,310.125022054704,265.5,12.6752235390808
-21.9983412810778,3.56710991540655,310.129672268108,266,12.6647710190442
9.17356734491807,3.62790428017319,310.124845974282,266.5,12.669129842978
24.6672580840256,3.65750209201046,310.116833799057,267,12.6808504998256
-4.70755217284723,3.60160742787874,310.11506632383,267.5,12.6786137046608
24.8714243448686,3.65827084292518,310.107217587064,268,12.6904313711831
-3.0994079145541,3.60517363954457,310.10500641403,268.5,12.6889586863605
40.394956505707,3.68711379158206,310.095495513919,269,12.7081523649592
7.02377840586531,3.62545173739044,310.090625617779,269.5,12.7114897158795
-27.785901505136,3.55742484073043,310.096915321485,270,12.6982872344512
-7.51938834275384,3.59695002990358,310.096559543913,270.5,12.6947143942851
-0.661200183034214,3.61026495922273,310.094028356399,271,12.6944002247724
15.8463739165344,3.64203533310635,310.087710527475,271.5,12.701929635229
-2.93873766863483,3.60615605155865,310.08556922159,272,12.7005332929334
65.2033308978105,3.73082759585263,310.075652973135,272.5,12.7315146798459
-32.8973606798056,3.54832638230652,310.083492293254,273,12.7158834866908
-20.1962837461705,3.57287261535071,310.087358480075,273.5,12.7062872149617
-9.68488485363758,3.59325236485989,310.087564888552,274,12.7016854383236
-32.8556634835097,3.54742565936877,310.096109950109,274.5,12.6860740576068
-24.5576995952887,3.5633425309631,310.101623223563,275,12.6744054575159
-28.1564734582255,3.55586145715524,310.108450732233,275.5,12.6610268986863
1.21388010270299,3.61325062851128,310.105650510679,276,12.6616036742683
-18.2051327667237,3.57524585327782,310.108429927073,276.5,12.6529534986672
9.07124199529931,3.62830234519061,310.103631614526,277,12.6572637026731
-5.92727786956312,3.59938909688936,310.102373987756,277.5,12.6544473543902
-24.3839623184338,3.56296416443045,310.107501645023,278,12.6428613056309
2.10592671818936,3.61470031125725,310.104427153344,278.5,12.6438619374939
-44.2301662321318,3.52332737471302,310.118030672086,279,12.6228459575681
-4.46832153995189,3.60135241463938,310.116976711887,279.5,12.6207228329275
45.6487321316479,3.6955242031273,310.107057864826,280,12.6424128449677
-16.0177063985299,3.57944188349571,310.108649555027,280.5,12.6348020258186
-5.23175954899141,3.60044245042667,310.107447830382,281,12.6323161533242
23.0846622529248,3.65478060352727,310.099908210163,281.5,12.6432848391744
-22.3645123158984,3.56709012530365,310.103947375591,282,12.6326583328345
12.4380006216496,3.63472925379936,310.098504242658,282.5,12.6385682534531
-28.6503300554134,3.55457308877627,310.105079143937,283,12.6249550384778
16.9882952022899,3.64324675367614,310.098838031236,283.5,12.6330270332578
-21.0701492049512,3.56950371951357,310.102461923133,284,12.6230155440312
13.9575376191497,3.63752071656869,310.096704084263,284.5,12.629647473219
10.313704490202,3.63080903208556,310.091325686804,285,12.6345480337412
-27.5035396916556,3.55697431648972,310.0974582627,285.5,12.6214797166335
35.4013257272439,3.67761932720813,310.088699938963,286,12.6383006697117
-22.7775201544463,3.56657025620514,310.092775628665,286.5,12.6274779225437
8.1800519095261,3.62681316071264,310.088270519352,287,12.6313646772491
10.6369570646243,3.63169215636871,310.082906069025,287.5,12.6364188313522
-8.54069848484957,3.59468808582708,310.082420135112,288,12.6323607152925
21.3753542571036,3.65216722417688,310.075283439771,288.5,12.6425172228131
-36.0508020494314,3.54065133949763,310.084835842854,289,12.625387670819
-32.2258444197645,3.54764615680169,310.093435000582,289.5,12.6100755488645
14.7930838607875,3.63916040037475,310.087681728698,290,12.6171044881596
-53.5109561775409,3.50525351899705,310.105693508011,290.5,12.5916787374415
4.72673502438175,3.61935775025187,310.102362674818,291,12.5939246473453
11.1112541738243,3.63178794642504,310.09688598141,291.5,12.5992041638961
-34.278485478561,3.54292637598189,310.105808083812,292,12.5829167287795
-9.05065495233519,3.59234998183657,310.105973105486,292.5,12.5786163067147
-16.9200619226868,3.57674578256061,310.108397096721,293,12.5705767330029
7.84301057953494,3.62499848786001,310.1038495519,293.5,12.574303342395
-20.7080843826175,3.56922883810592,310.107434227038,294,12.5644638884033
11.7509169219079,3.63243474744062,310.102092918448,294.5,12.5700473409466
-28.8243023559896,3.55309951196809,310.108751952951,295,12.556351462968
15.313654570558,3.63910131634458,310.102803729862,295.5,12.5636277516294
22.8939981542811,3.65371193032661,310.095099284599,296,12.5745058433622
-27.3457620104333,3.55638486292943,310.101038194425,296.5,12.5615124943784
-43.9624086547545,3.52293293661449,310.114798374288,297,12.540623739565
-5.79418641536046,3.59792508235314,310.114108407241,297.5,12.537870629736
-59.1887574660764,3.49191392229518,310.135485083263,298,12.5097470696253
12.0857351814681,3.63181075919249,310.130515660492,298.5,12.5154896111891
20.4008062957387,3.6479003443708,310.123131996607,299,12.5251830618836
3.25326819578407,3.61537833045274,310.119234867542,299.5,12.5267288534761
-23.4880850103007,3.56282718621157,310.123870164811,300,12.5155684811528
-3.54669210640522,3.60190535938847,310.122241365443,300.5,12.5138832690801
25.0279122348656,3.65677445851001,310.11433883126,301,12.5257752908815
18.7661941523425,3.64539783354366,310.107184951336,301.5,12.5346920550085
-2.59578038363169,3.60456297897662,310.104856308773,302,12.5334586689943
9.20631270197901,3.62746453833982,310.099856913101,302.5,12.5378330518967
12.7591554332985,3.63445632624558,310.094014483859,303,12.5438955693435
-5.15381845418014,3.5999806605787,310.092480884299,303.5,12.5414467305893
-77.628941027073,3.45645433878366,310.124523630842,304,12.5045613104052
-22.9437124616432,3.56357970753816,310.130038847923,304.5,12.4936595969007
-12.1402862208173,3.58469204959542,310.130986054197,305,12.4878911353903
-12.2116551588349,3.58442646718557,310.131825115356,305.5,12.4820887629024
16.4965662058254,3.64016546139992,310.125382557282,306,12.489927112467
-40.7618170354352,3.52786368766921,310.1371353937,306.5,12.4705591199512
-17.3638104093367,3.57382555298321,310.14006758749,307,12.462308698981
-28.4883763424799,3.5514640678314,310.146900356859,307.5,12.4487724363726
-23.3016944951084,3.56139869459962,310.151844861312,308,12.4377006275718
4.69356254399437,3.61637008230924,310.147997315045,308.5,12.4399307755593
-20.5225555100677,3.56679114523926,310.15150952123,309,12.4301794756803
-23.904791529758,3.55978128591619,310.1565815153,309.5,12.4188211050994
-31.8487488920563,3.54358155914146,310.164910800419,310,12.403688160225
-25.0921306206303,3.55662921805946,310.170602932842,310.5,12.3917656250337
11.1838501435564,3.62786443695741,310.165249811511,311,12.3970796355865
-15.1431874467558,3.57642495876426,310.166785203898,311.5,12.3898843444424
0.8258992484802,3.60781274183968,310.163782093114,312,12.3902767707773
24.4855236847606,3.65339444724619,310.155750766244,312.5,12.4019110764575
-12.441719956305,3.58219606872385,310.156248509398,313,12.3959993885956
-2.65574939086966,3.60138866349399,310.154168717661,313.5,12.3947375082854
32.1517733688476,3.66799138478653,310.145222847189,314,12.4100144353526
-15.9207357062775,3.57576463664114,310.146812599694,314.5,12.4024496918639
0.762462574483799,3.60847588640989,310.143866850954,315,12.4028119762396
-18.8725989508853,3.56975120460007,310.146795478688,315.5,12.393844653833
17.634593909196,3.64090792755138,310.140180012429,316,12.4022237376839
-20.0597668488192,3.56748594486178,310.143364901467,316.5,12.3926923320093
-20.0709672731899,3.56718083681506,310.146969204089,317,12.383155604449
20.2093155649678,3.64562654905635,310.139918648342,317.5,12.3927580682516
-8.815735271716,3.58964871834577,310.139319950191,318,12.3885692683604
-26.1021269098015,3.55518625997701,310.145067844851,318.5,12.3761668330569
-50.5581151914272,3.50587547247447,310.162112878301,319,12.352144125831
-29.0668005152295,3.54806178834713,310.169629451387,319.5,12.3383330247619
-19.6359727809123,3.56651478464189,310.173205626367,320,12.3290029849962
29.8340578919499,3.66243312731226,310.164629864833,320.5,12.3431786486931
8.55482234342407,3.62246061442143,310.159289666529,321,12.3472434757094
1.28829308931825,3.60849108359946,310.155910616878,321.5,12.3478556086497
13.1618458412014,3.63161853943376,310.149890169007,322,12.3541094645934
-12.752754606404,3.58113298803405,310.1505855013,322.5,12.3480499885019
3.15550698392712,3.6123293377764,310.146981852417,323,12.3495493288183
-9.4454106062693,3.58764186974824,310.146731408472,323.5,12.3450613384578
11.4329428163304,3.62840166185173,310.141208129278,324,12.3504937054867
-11.840991556058,3.58303467294376,310.141637278561,324.5,12.3448674539474
14.9535774157077,3.63525904358721,310.135453271113,325,12.3519726518148
-59.7307655566884,3.48755758238064,310.156837230972,325.5,12.3235915563583
49.0294824273098,3.69768965985145,310.14734241226,326,12.3468879331582
-21.3564313201293,3.56420830324466,310.150699273713,326.5,12.3367404168781
-48.0755761556422,3.51043717451898,310.166353955028,327,12.3138972889978
-30.6714816350606,3.54449325410416,310.174442909507,327.5,12.2993237230981
-9.53724823605654,3.58624613196781,310.174581543404,328,12.2947920960537
17.9882920735868,3.63987965096794,310.167698738776,328.5,12.3033392397188
-20.8272976447185,3.56404661834267,310.171127703162,329,12.2934431415013
8.58950878850277,3.62186360098679,310.166281348955,329.5,12.297524449795
-29.0511154507051,3.54751248038911,310.172994201966,330,12.2837208014901
4.92082140833794,3.61452947001743,310.169099435929,330.5,12.2860589316114
-23.2614158649595,3.55883012959538,310.173572761432,331,12.2750062612167
-38.5797994175924,3.52776190377369,310.184791032164,331.5,12.2566750551831
14.2779507232596,3.63199861533874,310.178933286802,332,12.2634592287765
2.09308210652123,3.608602069478,310.175241599835,332.5,12.2644537575174
29.0013095214902,3.66029019551274,310.166551490488,333,12.2782337405165
38.5763951063213,3.67841191430915,310.15666756077,333.5,12.2965633289903
-6.54313621262988,3.59287232105389,310.155169055804,334,12.2934543553868
20.0665270035999,3.644467189771,310.147986647236,334.5,12.3029889731514
-9.69742715456154,3.58692399534179,310.147611429735,335,12.2983812370343
18.08325689339,3.64091177149275,310.140827722132,335.5,12.3069735032688
-51.2919677223934,3.50408467295767,310.157577220014,336,12.28260210574
-32.9438192916317,3.53993010267714,310.16661221947,336.5,12.2669488377582
5.53972143354733,3.61584859874208,310.16263010053,337,12.2695810384565
-14.4185629982749,3.57662418165412,310.16391319786,337.5,12.2627300528884
-14.2716505080047,3.57673602041551,310.165370076852,338,12.2559488728447
-2.84174234505881,3.59922272913079,310.163321303288,338.5,12.2545986179132
-51.2782150263572,3.50241377409427,310.180405075727,339,12.230233754983
-14.6076175211948,3.57511788116295,310.182460342957,339.5,12.2232929400881
-42.6905025860594,3.51858468279567,310.195488169883,340,12.203008531916
2.27778910023311,3.60780938095309,310.192380907914,340.5,12.2040908242537
-7.32269889349584,3.58895866321932,310.191412426453,341,12.2006114411525
-39.4262846063547,3.52454697302583,310.202832943538,341.5,12.1818780273668
-13.5638431818489,3.57590920077291,310.204357136924,342,12.1754331622372
-12.235899532198,3.57842399430197,310.205108550527,342.5,12.1696192700264
0.458423545823626,3.60351399794179,310.202066413835,343,12.1698370901446
-25.2633389065522,3.55226820204329,310.207357842665,343.5,12.1578332052726
-38.6878469884828,3.52484476493998,310.218691656976,344,12.1394506603955
-10.1857298142824,3.58159787513771,310.219087810051,344.5,12.1346109070882
4.74917702412003,3.61111883893751,310.214893686541,345,12.1368674803165
-2.15805333290316,3.59765449064172,310.212357959834,345.5,12.1358420804732
19.3860218471612,3.63969523463744,310.205017777007,346,12.1450533559598
-22.8416794642788,3.55676204177123,310.209160678834,346.5,12.1342001234719
-25.1385026588152,3.55181308578213,310.214662325181,347,12.1222555545895
-24.0126425171166,3.55372171871486,310.21976356387,347.5,12.1108459385719
10.5846274076381,3.62218383856534,310.214378036446,348,12.115875228219
3.07241966037945,3.60771811609778,310.210387546744,348.5,12.1173350895626
16.8442768031729,3.6346404457249,310.203460753475,349,12.1253386539468
3.61358528319489,3.60922561213379,310.199296857191,349.5,12.1270556503373
0.562896246583147,3.60333284775083,310.196055246954,350,12.1273231106981
-11.720878150933,3.57900299224656,310.196463839658,350.5,12.1217539310879
-5.00815678812003,3.5922387401714,310.19494423309,351,12.1193743035285
42.1823033286911,3.68236292000208,310.184961096002,351.5,12.1394172406345
28.8103674472498,3.65834666172436,310.175936613667,352,12.153106497436
-17.546617555065,3.56848174721214,310.178029620882,352.5,12.1447692155826
-30.365012355234,3.54247943651724,310.185512619101,353,12.1303412686751
-12.9619315904755,3.57692615727685,310.186694310079,353.5,12.1241824020619
-5.46437187547684,3.59170072928973,310.185331881956,354,12.1215860037341
-49.2227803944059,3.50376301287421,310.20141890609,354.5,12.0981977813334
15.6192977661419,3.63225900502438,310.19539447721,355,12.1056192964727
18.6367374303501,3.63835226049595,310.18807282448,355.5,12.1144745491901
-8.58207708700914,3.58541070497578,310.18730741755,356,12.1103967720722
-25.9400214032166,3.55053536062771,310.192917207376,356.5,12.0980713612605
4.29008562785103,3.61042605460406,310.189076403886,357,12.1001097970412
2.9044880034015,3.60782827007171,310.185243008245,357.5,12.1014898655956
-10.5629845035052,3.58123524335604,310.185261539465,358,12.0964708595824
-29.0339917040625,3.54402860769609,310.192150930859,358.5,12.0826753476322
9.35745590187303,3.62005200750581,310.187170142311,359,12.0871215462822
17.9491782988304,3.63686831649953,310.180055920492,359.5,12.0956501050227
-31.5724774259312,3.53907396784615,310.1876868239,360,12.0806484306381
25.1668357416981,3.6505106541193,310.179866694559,360.5,12.0926064619954
-83.5316863151995,3.43458084325134,310.215724565433,361,12.0529163501935
-11.7632843078759,3.57753618547014,310.217276410252,361.5,12.0473270212822
-57.8852365000997,3.48432547311008,310.238103039145,362,12.0198228296429
-24.1034438123557,3.55167754528849,310.243669068257,362.5,12.0083700693561
3.3593271686326,3.60634498196296,310.239921194799,363,12.0099662549089
2.56040958878969,3.60490721213313,310.236067155403,363.5,12.0111828344768
-22.0162279898956,3.55585965867419,310.240031095792,364,12.0007218155638
-18.1577614919875,3.56334626466001,310.242856691166,364.5,11.9920941484416
-37.0278121018568,3.52491941498867,310.253322663834,365,11.9745003697579
-45.9317736628152,3.50625205564188,310.268305095352,365.5,11.952675870429
6.80972137715641,3.6117845367462,310.263942139974,366,11.9559115120725
-18.2598633273341,3.56189500015492,310.266469029846,366.5,11.9472353312253
-7.24494693039729,3.58385301474965,310.265581726821,367,11.9437928919983
27.5785760178991,3.6518692824684,310.256822775152,367.5,11.9568968626443
1.03222588575497,3.60085685063112,310.253093883134,368,11.9573873251576
-9.88918821479929,3.57915261520892,310.252812778261,368.5,11.9526884737015
-0.125203699448159,3.59855353228343,310.249777245936,369,11.9526289831171
0.833075652725094,3.60052037351943,310.246382848655,369.5,11.9530248193232
-24.413103687919,3.54991812691922,310.251262517994,370,11.9414249240314
10.1699503719585,3.61866993624495,310.245879539386,370.5,11.9462571797309
-8.2784999438239,3.58233859216441,310.245007734612,371,11.9423236474054
-12.0257416830302,3.57474541900576,310.245532651306,371.5,11.9366096117747
3.48851536538808,3.60556341198624,310.241592948638,372,11.9382671811472
-5.42126133730481,3.58797570613087,310.239931276048,372.5,11.9356912668077
-22.6913789527092,3.5531891769616,310.244222281766,373,11.9249094496638
-39.5608805699086,3.51861459438448,310.255887880481,373.5,11.906112082556
-3.55388366016368,3.59079843282663,310.254185355457,374,11.9044234534139
1.34747980910074,3.6005784666948,310.250686088128,374.5,11.9050637089461
-3.61447154048102,3.59079460974773,310.248508819845,375,11.9033462914501
-6.59870699421163,3.5848370723129,310.24726999014,375.5,11.900210913369
-9.91666740000312,3.57813942740331,310.247098530275,376,11.8954990051678
-18.323869069052,3.56108699555846,310.249829031983,376.5,11.8867924119686
-12.1932975188037,3.57322570474782,310.25053810882,377,11.8809987621202
7.20278036922421,3.61178485678472,310.245683583961,377.5,11.8844211658899
49.8642571232705,3.69237772282646,310.234912390415,378,11.9081141861969
-22.023004841386,3.55436805782721,310.238417020068,378.5,11.8976499472604
9.1827819463373,3.61639569996007,310.233258019285,379,11.9020131495155
-32.3468830133802,3.53331513559538,310.241283867782,379.5,11.8866435160282
-47.5032506345764,3.50196451040419,310.256897381328,380,11.864072328832
-10.9341310468783,3.57540088383773,310.257561169928,380.5,11.8588769724008
-4.998076235234,3.58721848154471,310.255908887753,381,11.8565021346198
-24.3607454550749,3.54811446947184,310.260846698914,381.5,11.8449271173618
-31.3576144654069,3.53352348052239,310.268893213312,382,11.8300275351928
1.51926539623454,3.59946499597604,310.265650524885,382.5,11.8307494147105
-16.5333441850581,3.56329756591765,310.267601115334,383,11.8228935900754
-7.86131367087932,3.58060651602991,310.266872318429,383.5,11.8191582839626
2.59389525489805,3.60146594140558,310.263064867912,384,11.8203907742572
-3.20871147285738,3.59001030852025,310.26073365629,384.5,11.8188661538081
-8.0980302563316,3.58021748886839,310.259930880496,385,11.8150183717218
8.02411825554656,3.61228087206136,310.254810778728,385.5,11.8188310344935
2.01075439005136,3.60057311344351,310.251009632881,386,11.8197864451893
-18.5846648361231,3.55927356490248,310.253689801057,386.5,11.8109559347844
12.4093373438234,3.62093870182074,310.247741284678,387,11.816852236036
0.547597435129388,3.59778144241548,310.244297221503,387.5,11.8171124271608
-3.66702948949444,3.58943578154191,310.242148837589,388,11.8153700367358
-53.3079800690401,3.48866206662506,310.260450316639,388.5,11.7900407301912
12.8278142035097,3.62130124035143,310.254854783731,389,11.7961358708781
-34.5261973173591,3.52635482781914,310.263848448676,389.5,11.7797307353892
13.134930747125,3.6216979605407,310.257917478354,390,11.785971802616
-17.5064047747882,3.56077617551963,310.26009217608,390.5,11.7776536278801
-12.2787385311007,3.5711317849713,310.260798842789,391,11.7718193807029
9.31241381970945,3.61413702691539,310.2554271456,391.5,11.7762441775908
-31.6636843867457,3.53181721550478,310.263209399335,392,11.7611991661849
-2.49017205513128,3.59046383394822,310.261075793869,392.5,11.7600159600073
23.618446378711,3.64174484997734,310.252863560827,393,11.7712382735833
-0.875425185541764,3.59417644200906,310.249686384469,393.5,11.770822314981
-44.5126665555099,3.50567140017276,310.263460381569,394,11.7496721049215
2.81931814505378,3.60092155384061,310.260060203561,394.5,11.7510117049861
-22.5497288245576,3.54987776155021,310.26421036707,395,11.7402971929532
2.35948164717757,3.59982383550549,310.260638291859,395.5,11.7414183015349
-16.0055478730182,3.56297646621928,310.262391930465,396,11.7338132595137
-6.15273066824542,3.58269259695728,310.261135441518,396.5,11.7308897872497
-24.9893102691501,3.54445006959317,310.266344924472,397,11.7190161071867
20.0030099521388,3.63403500589886,310.258967995581,397.5,11.7285205448006
-15.4106102301396,3.56400903156313,310.260338258713,398,11.7211981876216
-39.018860539443,3.51562915791162,310.271698495091,398.5,11.7026583615327
-48.8515202676962,3.49482703751106,310.288229084839,399,11.6794465435192
-1.42337979172652,3.59073095781631,310.285990807077,399.5,11.6787702240821
24.6910074698819,3.64211957253557,310.277497647944,400,11.6905021654592
-18.5579201440553,3.5566262765967,310.279930649023,400.5,11.6816843628046
5.84411264837321,3.60554955274605,310.275393701511,401,11.6844611951018
-20.4766938143303,3.55264347619205,310.278718800352,401.5,11.6747316864246
-33.3995680489343,3.52591844199705,310.287613404928,402,11.6588618692514
-7.66540755740656,3.57789192089835,310.287005697577,402.5,11.6552196480012
-14.6166106826146,3.56374300527616,310.288371165626,403,11.6482745600023
35.4227596177727,3.66196051045544,310.278633435385,403.5,11.6651056974015
-20.2940820499404,3.55270771088768,310.281602746975,404,11.655462956772
-3.37337847956623,3.58673203825982,310.27953530785,404.5,11.6538600947336
-4.53683742318895,3.58440166201949,310.277616202249,405,11.6517044147456
-2.05203788619574,3.58939026524127,310.274996271526,405.5,11.6507293881812
-5.11137560719124,3.58326648069212,310.273240584852,406,11.6483007161615
-21.0555688354648,3.55087628413109,310.276900547448,406.5,11.6382961548029
-30.6945210615653,3.53084027238044,310.284631503352,407,11.6237116417112
5.03381341701301,3.60286511616471,310.280433557363,407.5,11.6261034600273
-46.4031379446539,3.49827374945134,310.295181541992,408,11.6040549917846
9.91479554169003,3.61203393741851,310.290013624449,408.5,11.6087660105717
-13.5550734857316,3.56510401363032,310.290817249321,409,11.6023253123664
12.2262609243351,3.61668543301382,310.284730165374,409.5,11.6081346247892
32.617430468668,3.6562615734506,310.275047616443,410,11.6236328090004
-12.6626318426171,3.56768190373376,310.275333319353,410.5,11.6176161547736
-43.2409254678661,3.50492951865085,310.288651671312,411,11.5970702129647
8.80542000460877,3.60999341020253,310.283707126491,411.5,11.6012541115529
-1.24151729840989,3.59015722104412,310.280703504328,412,11.6006642041471
-7.95102997232261,3.57666833676248,310.279789186122,412.5,11.5968862693003
-4.73907173119263,3.58308981808978,310.277975740943,413,11.5946344976057
-19.2130829878362,3.55366978927229,310.280936628317,413.5,11.5855053940824
5.97664191635295,3.60430185103306,310.276367496609,414,11.5883451977105
-17.5559521855093,3.55695971467517,310.278613665032,414.5,11.5800034805039
17.3719872081225,3.62669868131511,310.271579763959,415,11.5882577866831
-17.7344704283422,3.55672845839827,310.273776317519,415.5,11.5798312464671
9.48271258961417,3.61130956764641,310.26838688113,416,11.5843369608788
10.1616443039575,3.61285954560221,310.262565322964,416.5,11.589165269947
-43.9861860310109,3.50312987278908,310.275989490516,417,11.5682652173045
-13.7736301870248,3.56431286090555,310.277519681616,417.5,11.5617206718014
30.8460637126395,3.65235469875048,310.268346634793,418,11.5763771904401
-13.111970555579,3.56609546877937,310.268807395623,418.5,11.5701470327568
-17.9212346804725,3.55612272360761,310.271391752493,419,11.561631751437
-0.879542978808984,3.59042853863185,310.268604852912,419.5,11.5612138362636
14.7649895451676,3.62154759614045,310.261918775941,420,11.5682294265343
8.89849267935269,3.61027746110613,310.256346201406,420.5,11.5724575486385
-6.34222216826821,3.57997063411061,310.254866004782,421,11.5694440394178
5.60863475210252,3.60388574112869,310.250299338953,421.5,11.572108984305
5.47832852848348,3.60376475303412,310.245649724832,422,11.5747120141416
-11.4347746597361,3.5698864665173,310.245820480201,422.5,11.5692787767117
14.0442165911916,3.62068169484628,310.23946683438,423,11.5759518914453
-8.72617783079437,3.57551757290541,310.238696349272,423.5,11.5718056448054
26.7951066572826,3.6455314330125,310.230170347368,424,11.5845373496935
9.61859404646446,3.61260774771783,310.224419955805,424.5,11.58910762823
-32.5038241320101,3.52764753665257,310.232517722721,425,11.5736634241118
-23.8748149821009,3.5447629608472,310.237592899976,425.5,11.5623192968987
-33.0472705584755,3.52558527893135,310.246349435198,426,11.546616874009
-6.57593569651466,3.57909853918048,310.245452612328,426.5,11.5434923157185
-42.6998918841209,3.505138593304,310.258465895766,427,11.5232034462179
-10.1365569000578,3.57117407828191,310.258805455675,427.5,11.5183870574391
37.3030395739991,3.66409149638975,310.24894374931,428,11.5361116105584
1.82938047588678,3.59591791708176,310.244926124411,428.5,11.5369808413715
16.0458163977962,3.62413855887257,310.238034335546,429,11.5446050169972
-8.63524535377276,3.57523799497486,310.23721603568,429.5,11.5405019769576
-20.5569900564778,3.55086781208257,310.240737052035,430,11.5307343154911
-27.9969614179569,3.535311880459,310.247320831722,430.5,11.5174315488668
29.7771027069524,3.65017435206815,310.238566285091,431,11.5315801502863
6.60057418124824,3.60558494290709,310.233448760861,431.5,11.534716415562
27.2506434605415,3.64599892374506,310.224717083387,432,11.5476645689315
1.16902364658961,3.59538863638073,310.221008099994,432.5,11.5482200309517
-27.7504200934357,3.53675633474653,310.22720819771,433,11.5350344085293
-20.418863249414,3.55130046725889,310.230912018301,433.5,11.5253323780665
-42.4157596319673,3.50584886085558,310.243909877395,434,11.5051785141112
-45.3453884309605,3.499067734416,310.258675621094,434.5,11.4836326359431
-21.0749069544961,3.54821962107969,310.262884886306,435,11.4736188860701
-29.044528980531,3.53154579843693,310.269950996695,435.5,11.4598183673289
1.5195506761957,3.59346103373923,310.266658885603,436,11.4605403823976
19.6130419189854,3.6293860740628,310.259022611702,436.5,11.4698595265556
-16.6547138801175,3.55709158820873,310.260835461922,437,11.4619460330649
-36.1521453693602,3.51677886719792,310.27092222047,437.5,11.4447683277547
9.25353259295979,3.60867855636133,310.265811713008,438,11.4491651472058
-10.1443171261063,3.56984139770977,310.265514616337,438.5,11.4443450711526
2.14129226940013,3.59459590024943,310.261833759241,439,11.4453625069704
1.88146106254171,3.59417518984208,310.258094585627,439.5,11.4462564838936
-12.7205649119097,3.56468843087663,310.258727843701,440,11.4402123027474
0.460209415201724,3.59126240502435,310.255537369562,440.5,11.4404309714221
-1.04914665261849,3.58829179997706,310.252619769305,441,11.4399324690001
-7.06425746800279,3.57616381833175,310.251477784419,441.5,11.4365758844384
-27.3316400924723,3.5346166489257,310.257655309599,442,11.4235892454891
-7.78348818050634,3.57423987536169,310.257042786136,442.5,11.419890918187
6.05760992854169,3.60208958961007,310.252369389739,443,11.4227691937962
-12.8096387765899,3.56410205380432,310.253005018874,443.5,11.4166826891701
5.32917132268091,3.60064629584495,310.248576131914,444,11.4192148469049
2.08792681743229,3.59429726793023,310.244781381865,444.5,11.4202069261083
28.4371829165429,3.64611281141908,310.23585603454,445,11.4337188641414
-19.2920553551529,3.55149025727125,310.238556889117,445.5,11.4245522368684
-17.2225450052076,3.55543643032899,310.241009118211,446,11.4163689382075
-14.6436506326544,3.56046704809227,310.242537876241,446.5,11.4094110021662
-50.4302709274747,3.48652899257596,310.259579261838,447,11.3854490401898
-1.04228689764988,3.58714183183651,310.257295134763,447.5,11.384953797183
-4.87306803317584,3.57944082014752,310.255494270261,448,11.3826383570957
-15.8711843139964,3.5569832046691,310.257307155541,448.5,11.3750971579695
-12.7193024917419,3.56323217558813,310.258162095526,449,11.3690535766627
-10.4837705969508,3.56765386026846,310.258240920067,449.5,11.3640722091667
-18.8918844305473,3.55030619719394,310.261212551613,450,11.3550957232573
-24.7345484403782,3.53800301827179,310.266527556377,450.5,11.3433430933719
-34.3099010653622,3.51782272276257,310.275972423401,451,11.3270407311275
-32.4112405270203,3.52119741560892,310.284721521741,451.5,11.3116405181436
26.4659796573909,3.63971722741125,310.276278254967,452,11.3242158382154
-8.8402447921467,3.56986369625505,310.2754065138,452.5,11.3200153926165
6.04969357258347,3.59994950373314,310.270699190251,453,11.3228899067662
-19.1060633395169,3.54889494115733,310.27355750356,453.5,11.3138116536686
-60.87193438048,3.46207887196728,310.296525823931,454,11.2848883314212
-2.06531521822096,3.58254972352686,310.294622692157,454.5,11.2839069961276
-16.32983479479,3.55339566158559,310.296551646472,455,11.276147869055
-0.156913713658927,3.58628494878442,310.293502641918,455.5,11.2760733114456
13.6359313229234,3.61402982654704,310.286933680465,456,11.2825524292822
-36.0055890329862,3.51286953676959,310.296694765363,456.5,11.2654443602697
-3.59842804847444,3.57914170410194,310.294873547586,457,11.263734565845
-3.92719119283569,3.57849036347377,310.292757189274,457.5,11.2618685594899
-7.2459279052346,3.57172526615989,310.291654964144,458,11.2584256541524
-10.8984450926433,3.56419137832387,310.291764554607,458.5,11.2532472539156
31.2788425229636,3.64804608509379,310.282393489554,459,11.2681094075669
-28.0551911640745,3.5292991643226,310.28850567124,459.5,11.254778973057
-5.1949203105812,3.57594304335817,310.287060793661,460,11.2523106047405
-1.44775168786222,3.58355040864251,310.284255037796,460.5,11.2516227049879
-49.1023623283889,3.48512508678522,310.300559983035,461,11.2282916992759
-0.538333783561362,3.584679529324,310.298033844027,461.5,11.2280359097786
12.9345027990819,3.61183192090053,310.29160134224,462,11.2341817435914
-14.1868589802724,3.5571183416669,310.292601665095,462.5,11.2274408522736
-11.8436287437268,3.56175941248213,310.29309667913,463,11.2218133476736
-38.1503762213044,3.50709703302985,310.304133813088,463.5,11.2036861822314
-3.98288565147533,3.57714760146317,310.302441141297,464,11.2017937126336
16.1263152807695,3.61761727022491,310.295378277653,464.5,11.2094561373335
-26.1197435533861,3.5318817138221,310.300846880145,465,11.1970453314753
-36.8500752527978,3.5091379202509,310.311467256206,465.5,11.1795360045216
-27.597554120568,3.52779422524328,310.318183834931,466,11.166423016423
0.964104461371386,3.58627780707215,310.314918511367,466.5,11.1668811110162
4.99488455342646,3.59454349343402,310.310266191196,467,11.1692544322684
-1.18797549736273,3.58216347445961,310.307234646159,467.5,11.1686899652692
-10.1566339556441,3.56385185355331,310.307009957776,468,11.1638640368699
-18.8965465887784,3.54569329083351,310.30994731785,468.5,11.1548853357343
-0.585077631811542,3.58309712480703,310.307014918806,469,11.1546073358801
-5.05027575070586,3.57404439657862,310.305178320213,469.5,11.1522076954799
0.719672471828069,3.58580213438172,310.301733938931,470,11.1525496481224
-33.3444514801139,3.51551549136545,310.310455703853,470.5,11.1367060196073
1.33456894037188,3.58664129036409,310.307176682331,471,11.1373401405354
1.71357760078307,3.58750862306716,310.303390789206,471.5,11.1381543475694
23.5360995288284,3.63109644940445,310.294937885286,472,11.149337534009
12.124539262081,3.6090149211873,310.288455493,472.5,11.1550985133461
-28.4019877316314,3.52630101769788,310.294892760304,473,11.1416032983183
27.0178256142709,3.63812854890039,310.286294053873,473.5,11.1544408282016
-26.6775754948118,3.52999235399909,310.291872950456,474,11.141764968289
-25.3155527758715,3.53238515248817,310.297486891917,474.5,11.1297362739776
-60.0747960337443,3.45943067203883,310.320150133799,475,11.1011917123121
-19.7424469306887,3.5425428527357,310.32407378326,475.5,11.0918110813146
-21.4038200566932,3.53881711480697,310.328080102315,476,11.0816410482587
-3.70147689663572,3.57513057487088,310.326045442002,476.5,11.0798822901354
-14.1072506737036,3.55370009398468,310.327172964074,477,11.0731792247341
-27.722300684259,3.52518532154379,310.3336580481,477.5,11.0600069632594
-14.3173615334222,3.55268790244552,310.335145484752,478,11.053204063605
-30.4433088142001,3.51888531414268,310.342807645031,478.5,11.038738914106
12.4232760684439,3.60674155529959,310.336697495636,479,11.0446418383477
-30.8885780662985,3.51781027638019,310.344251121886,479.5,11.029965118998
1.66725471696823,3.58484908638181,310.340777406634,480,11.0307573156965
6.17728272829729,3.59412880137432,310.33575412751,480.5,11.033692453881
-55.469207914236,3.46607477832787,310.355574408517,481,11.0073362391224
-31.5982480568821,3.51518631911151,310.364300331361,481.5,10.9923223198129
-48.9369326722728,3.47820400179069,310.381130715898,482,10.9690699180635
10.4704531085781,3.60099094023812,310.375608014052,482.5,10.97404495775
-44.6493711396582,3.4866961659422,310.389721725078,483,10.9528297924566
0.865527053412686,3.58107575050593,310.38656492012,483.5,10.9532410479577
-10.8202184803423,3.5570642313809,310.386448390897,484,10.9480998171249
10.0217870628344,3.59973621089206,310.38051943539,484.5,10.9528616729729
-16.2796546994186,3.54587772818312,310.382219011543,485,10.9451263889913
-50.7344312664799,3.47319933442563,310.399796992216,485.5,10.9210199051167
-25.248880524084,3.52602478161107,310.405742960262,486,10.9090228901506
3.60748391211589,3.58567881271206,310.401541544086,486.5,10.9107369874723
-5.76842011190298,3.56654361109562,310.399724895142,487,10.907996120512
15.9220413481892,3.61074329458069,310.392412941882,487.5,10.9155614843769
5.41935406428462,3.5898863192631,310.387308765328,488,10.918136492475
-35.7778627662673,3.50426785467864,310.397107148316,488.5,10.9011366276827
32.7484434334402,3.64376969505708,310.387423866335,489,10.9166970627529
5.41116209078738,3.59014601527807,310.382182332823,489.5,10.9192681784317
-56.0816291999447,3.46178302686068,310.402352192917,490,10.8926209714715
1.64159391972324,3.58172172269867,310.399097122046,490.5,10.8934009754327
-9.21643860241082,3.55941860967117,310.398385316621,491,10.8890217812049
-47.7316842386784,3.47836448659471,310.414241439372,491.5,10.8663420536968
-34.4766908695566,3.50551032238805,310.42412306021,492,10.849960441215
-39.3450279878407,3.49463596906483,310.436143053054,492.5,10.8312656365418
-2.50578674785973,3.57138809785214,310.43378348982,493,10.8300750110371
-24.1775611081446,3.52611767116079,310.438629599271,493.5,10.8185870338897
-31.6208761020974,3.51003141764335,310.446925544892,494,10.8035623628561
-6.79081547691737,3.56177577714265,310.44577231786,494.5,10.800335704358
23.5653788896659,3.6235073979515,310.436893155558,495,10.8115328028969
-1.99269491363858,3.57223601590056,310.433652806807,495.5,10.8105859731679
2.29749967485871,3.58113012108041,310.429451501567,496,10.8116776309924
-24.1097662265951,3.52616428013642,310.434180520634,496.5,10.8002218666081
-26.1245340610549,3.52154050880446,310.440057585314,497,10.7878087845384
-47.0072502167169,3.47685540340619,310.455827269385,497.5,10.7654732721251
0.698216784650366,3.57653825574675,310.452597793896,498,10.7658050300898
-8.03595639757968,3.5585180629276,310.451438885366,498.5,10.7619867424205
-9.20027350468595,3.55603983943116,310.450759775357,499,10.757615229045
15.1216533654053,3.60596201130029,310.443497382063,499.5,10.7648002882623
30.9373739795694,3.63757194051917,310.433304922169,500,10.7795001930083
