curr_dens,Volts_tot,Temp_tot,t_tot,SOC_tot
1.46933664217255,3.74869956555323,270,0,29
1.46933664217255,3.74871975224717,269.99981851571,0.5,29.0006981558517
6.81147981901091,3.76017492297715,269.999076589325,1,29.0039346330196
-3.71584862865117,3.73768987274323,269.999536143625,1.5,29.0021690461625
11.5874722264913,3.77038276545531,269.998499640072,2,29.007674837898
23.0151193358417,3.79458344921872,269.997097202312,2.5,29.0186104804053
-0.810623436502881,3.74432302661459,269.997035175728,3,29.0182253123781
-53.3735990872762,3.63333078047624,270.012311179887,3.5,28.9928648269325
-27.8893276463764,3.68553946452638,270.018930928091,4,28.9796132025347
-50.2307643921181,3.63855175463914,270.033465098375,4.5,28.9557460361628
24.3457737667653,3.79593843547613,270.032447666176,5,28.9673139396175
-9.27265931984017,3.72475727082742,270.033670258411,5.5,28.962908032095
9.38896769838214,3.76469730781363,270.032695719114,6,28.9673692035868
-10.7763900538346,3.72157252564948,270.0343083249,6.5,28.9622487978471
-8.74384707028557,3.72582001330216,270.035721038281,7,28.9580941556615
-12.4840763758101,3.71767817258587,270.037856914131,7.5,28.9521623421311
18.326263528244,3.78341355399118,270.036451066876,8,28.9608700730586
16.3970204563258,3.77961042455998,270.034868885561,8.5,28.9686611234232
-1.06506070734164,3.74260179030904,270.034785546993,9,28.9681550594323
-20.264987961433,3.70134334961665,270.038604021692,9.5,28.9585261428698
-20.3028727934447,3.700994378211,270.042661995856,10,28.9488792253153
-23.3384837003003,3.69424690768787,270.04755858539,10.5,28.93778993611
3.19375649423491,3.75095656104108,270.04728535575,11,28.9393074506954
7.89494392369737,3.76108966361576,270.046270683125,11.5,28.9430587362354
11.6053099010567,3.76911847399082,270.044949713149,12,28.9485730035486
10.2721885700122,3.76645176008717,270.043702326981,12.5,28.9534538377659
-22.7745940376088,3.69571479577876,270.048072240604,13,28.9426324809435
9.82772830728165,3.76536581206635,270.047163933033,13.5,28.9473021297017
-1.26263099471022,3.74177230305208,270.047129130587,14,28.9467021901152
-24.3167600740081,3.6922747079091,270.052040259235,14.5,28.9351480725274
-14.9812401539562,3.71194751720153,270.054862882691,15,28.9280297306996
-10.9748235199652,3.72039004885176,270.056730956814,15.5,28.9228150392247
-8.3992594225674,3.72581962658386,270.058055837074,16,28.918824127988
-6.22434148203913,3.73042396773915,270.058960250448,16.5,28.9158666298192
-17.0551983495518,3.70706635017244,270.062086066073,17,28.9077628459839
-20.318536827221,3.69986549297207,270.066161279502,17.5,28.8981084856579
3.1424374486634,3.75009791486736,270.065813488311,18,28.8996016159797
24.1895268162663,3.79473527953404,270.064082778256,18.5,28.9110952786379
-3.27115504130223,3.73674854681667,270.064202053246,19,28.9095409881041
-3.33164745316362,3.73659489181949,270.064553035387,19.5,28.9079579545783
5.412388701722,3.75534930037235,270.063780080568,20,28.9105296530818
-15.4619566509808,3.71055976599774,270.066378543985,20.5,28.9031828986318
-10.9710680121312,3.72003221513089,270.068224076114,21,28.8979699915878
-7.92084298078246,3.72648270806904,270.069434848435,21.5,28.8942064001013
23.3103383411116,3.79293281924974,270.067800243844,22,28.9052823160286
-11.1067583679862,3.71989152689273,270.069305818647,22.5,28.9000049356616
-0.818243697215183,3.74190813828921,270.06934913131,23,28.8996161468647
-10.6384269616383,3.72077866962653,270.070962657743,23.5,28.8945612943396
-5.50284828508345,3.73171937944178,270.071726714001,24,28.8919466139315
-46.02132520724,3.64562380112326,270.084269181846,24.5,28.8700795641529
9.95989224703579,3.76426870314826,270.083510296437,25,28.8748120106562
1.18369232421267,3.74565713759224,270.083062869397,25.5,28.875374442504
-26.6230789271518,3.68596901527126,270.088670854825,26,28.8627244766559
-55.6454228257507,3.62515903575229,270.105832855487,26.5,28.8362845333165
7.08106612042095,3.75735132588162,270.105414223167,27,28.8396491045157
-4.74867294148948,3.73208162898864,270.105857512126,27.5,28.8373927708024
0.158289860144086,3.74264367932541,270.105638162515,28,28.8374679822883
-0.973577911255705,3.74025963999349,270.105529805583,28.5,28.8370053863819
5.12067828268964,3.75338575676473,270.104650682976,29,28.8394384785713
17.8159403857724,3.78048604835436,270.102834196152,29.5,28.8479037292679
0.849317441438531,3.74459326133143,270.102315659771,30,28.8483072827659
-33.7919924141101,3.67039730948163,270.110179122809,30.5,28.8322510050097
3.7865407043499,3.75052328846217,270.10979379999,31,28.8340501812328
-11.3015575492354,3.71812640931966,270.111460651447,31.5,28.8286802419624
-0.613133749461417,3.74105013457241,270.111388490806,32,28.8283889112335
-0.152999298420687,3.74207243914487,270.111143614943,32.5,28.82831621356
1.59649369729166,3.74586930884194,270.110656829396,33,28.8290747881336
-42.3008936405921,3.65221881082315,270.121676880494,33.5,28.8089755027969
-24.8579205297331,3.68846420085402,270.127319327618,34,28.7971642526173
-29.2579935200097,3.67878621756131,270.134133248753,34.5,28.7832623061209
23.2815245080768,3.79085056359951,270.132407793034,35,28.7943245311448
-7.60296484501394,3.7253471233591,270.133162682329,35.5,28.7907119795727
1.29471838383331,3.74447236448141,270.132741210648,36,28.791327165494
0.961937279270028,3.74382033063363,270.132277383869,36.5,28.7917842303498
-38.6342127906069,3.65912202923647,270.141957912503,37,28.7734271697818
-24.7769661984713,3.68796916601012,270.147541743433,37.5,28.7616543850828
-20.7780956545358,3.69625593408937,270.151842630434,38,28.7517816652093
21.103388859222,3.78581437179963,270.149978077983,38.5,28.76180894827
-24.4877332489744,3.68845745585962,270.15480901728,39,28.7501735927145
-23.1245757224201,3.69108286901143,270.159728843758,39.5,28.7391859419645
1.47073988279388,3.74386120747664,270.159408827005,40,28.7398847645664
-0.176663890875576,3.74039779965386,270.159058221803,40.5,28.739800822653
3.15171908914899,3.74761939868547,270.158264227036,41,28.7412983631497
12.8412856246648,3.76843706225088,270.156511675947,41.5,28.7473999047875
4.65942424674251,3.75116824988548,270.155423562522,42,28.7496138319503
-53.1436267474892,3.62847424853637,270.171090016831,42.5,28.7243626179474
-3.85151651588359,3.73227155312494,270.171950708395,43,28.7225325684433
22.114105190458,3.78766750568073,270.169836632851,43.5,28.7330400937444
-37.2311272355441,3.66113993424347,270.178812945712,44,28.7153497097995
-5.45979311557242,3.72871532573688,270.179710127071,44.5,28.7127554870712
23.6467164376887,3.79075974701978,270.177576104592,45,28.7239912331762
-26.6907312540484,3.68339276457367,270.18296047797,45.5,28.7113091222997
-7.05482010084353,3.72532049560929,270.183993113076,46,28.7079570219065
-33.1495158506299,3.66927154172354,270.191823914267,46.5,28.6922060171282
6.08457098544134,3.75321369483619,270.190962314726,47,28.6950971032936
-18.8778654289634,3.69951755184971,270.194324127471,47.5,28.686127278518
-27.6601177182724,3.68047435811153,270.200510332857,48,28.6729845633027
36.2047725566349,3.81588338859986,270.198870527955,48.5,28.6901872744405
3.72878127407012,3.74835506598016,270.197618562653,49,28.6919590062489
11.8561714767935,3.76583622973069,270.195817430445,49.5,28.6975924705331
1.89004944777188,3.7446888522655,270.194969045472,50,28.6984905282308
2.26744150245793,3.74556049230183,270.194157046738,50.5,28.6995679039035
-6.75257483936224,3.72617883187776,270.194755819352,51,28.6963594154586
-27.5252649300745,3.68144579232588,270.200606608371,51.5,28.6832807755958
-8.80861943021378,3.72134932506259,270.201937237815,52,28.6790953567993
-5.18681362270096,3.72910618334072,270.20237321792,52.5,28.6766308403785
12.0786458985674,3.76617134086739,270.200616488343,53,28.6823700134669
-26.4275370205869,3.68356966434218,270.205959691348,53.5,28.6698129594283
-6.92285514703133,3.72523227255464,270.206902497043,54,28.666523562232
10.4003064659781,3.76245538219935,270.205277777501,54.5,28.6714652717151
-16.4731995165577,3.70476498671782,270.207895415705,55,28.6636380248417
-5.83214384589128,3.72755957128502,270.208510927555,55.5,28.6608668795254
4.02283618061325,3.74877808458716,270.207520647628,56,28.662778331632
-26.4548626724527,3.6832223236285,270.212954999774,56.5,28.6502082937997
-0.452224345680479,3.73893720935302,270.212791373042,57,28.6499934192338
-89.5702593584423,3.55499616578787,270.248931387251,57.5,28.6074340772059
-7.71448931476945,3.72210306764591,270.251016184145,58,28.6037685347404
-4.62103974444718,3.72879621247863,270.251318035785,58.5,28.6015728459882
-61.5819782408205,3.60848577334401,270.271596020408,59,28.5723121461367
18.408018914328,3.77744573450692,270.269945485284,59.5,28.5810587231662
12.5001378921894,3.76524899880189,270.267745276699,60,28.5869981683321
7.93488938296677,3.75572988817851,270.266006065528,60.5,28.5907684339718
8.88740551128567,3.75793675244752,270.264212912099,61,28.594991288004
-15.4055568922037,3.70570018834393,270.266520811199,61.5,28.5876713319204
-30.6519871171703,3.67280238037501,270.273529002207,62,28.5731070288481
-16.6387949359364,3.70251308250383,270.276626158454,62.5,28.5652010992496
-0.374294079460395,3.73755612909434,270.27622069057,63,28.5650232532786
23.8323354565649,3.78916643435049,270.273683049661,63.5,28.5763471963294
-37.0165052685847,3.65928109657216,270.282525609702,64,28.5587587900918
5.41550015880072,3.75004848504831,270.281545667277,64.5,28.5613319670052
-42.974186980227,3.64642851730841,270.29294438291,65,28.5409127660878
6.66257462414696,3.75236525469987,270.291882078341,65.5,28.544078490897
-10.4135180566257,3.71564111618764,270.293061037124,66,28.5391305039216
-45.1293131800172,3.64145581166784,270.305585836107,66.5,28.5176872939893
13.2788077148047,3.76609656399379,270.30389682958,67,28.5239967244108
-29.5416675761618,3.67406431070526,270.310295388187,67.5,28.5099599900812
-34.4058421679309,3.6633419869558,270.31891476256,68,28.4936120413863
-21.5932834889719,3.69036673504227,270.323456767024,68.5,28.4833519847102
-18.8950855083789,3.6959884333253,270.32708335418,69,28.4743739778075
-2.6034652143049,3.73116021183997,270.327008337231,69.5,28.4731369403432
1.54163667376031,3.74019570218089,270.326073178555,70,28.4738694495817
40.1834598643766,3.82123899600329,270.323868691218,70.5,28.4929626354727
45.053030734408,3.83147791263815,270.322011230767,71,28.5143695997726
6.68873033626644,3.75264531092546,270.320043255537,71.5,28.5175477524781
-21.3656061096865,3.69220919052013,270.32374475918,72,28.5073958767934
28.047040771089,3.79758413977568,270.32133664191,72.5,28.520722438641
-13.2950843512638,3.70980040680692,270.322805533128,73,28.5144052743696
-25.3934393470025,3.68359151776425,270.327889767135,73.5,28.502339572225
-1.29578947303546,3.7352996511084,270.327554164656,74,28.5017238773753
-55.4812789425318,3.62021598769372,270.344405754245,74.5,28.475361927063
-45.5246702157439,3.63991825959019,270.357669531095,75,28.4537308630883
-28.2231339421785,3.67588803251173,270.364321017089,75.5,28.4403206305049
-26.6124598535238,3.67902775704815,270.370235628516,76,28.4276757103136
4.1459469765123,3.74532413949525,270.369094574593,76.5,28.4296456585605
-11.540387747228,3.71149113447673,270.370444480997,77,28.4241622390328
13.5917702156976,3.7656598683499,270.368128622277,77.5,28.4306203737029
-14.4879451713273,3.70530917219795,270.370044100989,78,28.4237364211695
12.8807958016536,3.76427994122443,270.367814788128,78.5,28.4298567360825
6.06361047266457,3.74991655927416,270.365995382777,79,28.4327378628525
-3.8451592444392,3.72866078467928,270.36569089979,79.5,28.4309108340082
-29.9059192190964,3.67240425199415,270.372194543247,80,28.4167010253751
-6.86334519379617,3.72178175255291,270.372861368599,80.5,28.4134399043551
-10.458119577706,3.71396549353798,270.374013778666,81,28.4084707249504
-15.0683698891606,3.70389837806769,270.376287932621,81.5,28.4013109833966
-37.0283250901846,3.65662476694264,270.38557342679,82,28.3837169609664
-22.4133479040505,3.68741866779243,270.390246267347,82.5,28.3730672503786
-17.6048548099593,3.69759238195489,270.393385704069,83,28.3647022970718
-15.3208724382715,3.70239335588858,270.395870470441,83.5,28.3574225788379
-31.2157483088357,3.66798219238397,270.403162475469,84,28.3425904044259
-18.7499487496012,3.69448568601053,270.406763715817,84.5,28.3336813593081
-20.9678069234862,3.68951895872966,270.41084801744,85,28.3237184980545
11.3955794370439,3.75947585774933,270.408707804726,85.5,28.3291331118599
-17.2349922687279,3.69769919471359,270.411374719399,86,28.320943898877
16.1594029677766,3.76974069941752,270.408810961432,86.5,28.3286220452037
-21.824571736454,3.68794286476484,270.412672627062,87,28.3182520918308
7.95412533415025,3.75228360055542,270.410874318702,87.5,28.3220314974399
-2.42776734311012,3.73002717167834,270.410248758588,88,28.3208779428844
-53.8376054889427,3.62024360368566,270.426693420172,88.5,28.2952969846246
3.01636879149118,3.74121820809616,270.425938934573,89,28.2967302133771
-54.9850912600913,3.61724908906425,270.443044132845,89.5,28.2706040268266
1.93099876625147,3.73835618225614,270.442460586534,90,28.2715215416082
16.7796802234431,3.77038302221061,270.439563157479,90.5,28.2794944129034
-12.148134717041,3.70821606342041,270.440822103513,91,28.2737222221771
-1.16889439324839,3.73201173403342,270.44012741151,91.5,28.2731668215717
-3.72413117178769,3.72653155135673,270.439763791986,92,28.2713972992611
-24.6087532520724,3.68122089288008,270.444617868848,92.5,28.2597044410062
8.62853598275208,3.75304610037119,270.442690018225,93,28.2638042930857
-20.5586351805065,3.68993072241263,270.446196593165,93.5,28.2540358499379
22.6366544426851,3.78282649933668,270.443272311517,94,28.2647916647105
-19.8764862630727,3.69162082813684,270.446414921616,94.5,28.2553473448744
-6.45703085699442,3.72056728617649,270.446744618074,95,28.2522792842626
-17.7349725080212,3.69603793743355,270.449585134149,95.5,28.2438525054832
-23.908134063163,3.68249317481613,270.454362575687,96,28.2324925466963
-5.96959009107542,3.72120569733856,270.454661728269,96.5,28.2296560937456
-35.249056239835,3.65788700169738,270.463233468832,97,28.212907491571
-32.0941606113848,3.66417614171892,270.471079456622,97.5,28.1976579392269
-36.8735437378978,3.65357769814279,270.480754865544,98,28.1801374612138
-19.1092219213836,3.69141623175563,270.484510865763,98.5,28.1710577073148
10.7855053395212,3.75626254179459,270.482203916867,99,28.1761824441859
-7.69382011016388,3.71642824014141,270.482487638186,99.5,28.1725267227007
15.596194179595,3.76678947081617,270.479634040187,100,28.1799372601624
36.246719573087,3.8100553464521,270.476422857692,100.5,28.1971599024406
-18.1530181742195,3.69458438621363,270.478918699042,101,28.1885344891076
-25.1734945813356,3.67918160704378,270.484007820943,101.5,28.1765732938001
-7.4404305243793,3.71741781935976,270.484543911884,102,28.1730379704708
-16.5953407738329,3.69746369782559,270.487055502517,102.5,28.1651526881336
14.9053349102999,3.76555667562423,270.484331161192,103,28.1722349635566
-22.3548905455347,3.68512099829159,270.488217858473,103.5,28.1616130290044
13.4311000727126,3.76245953271316,270.485669826734,104,28.1679948211964
-3.90393564743665,3.72527400171672,270.485069773296,104.5,28.1661398647224
4.14902850875044,3.74276122934782,270.483331946724,105,28.1681112771606
-17.1505299477946,3.6965951388049,270.485798662553,105.5,28.1599621964809
-59.3980205003056,3.60697295411139,270.505148860086,106,28.1317392049616
-27.2392585845735,3.67374810894083,270.511607320777,106.5,28.1187964611202
-8.02872688165201,3.71522890628479,270.512309187237,107,28.1149816085581
-51.1419227405379,3.62271922414149,270.527778885575,107.5,28.0906815049582
-5.70713988807141,3.71967329685765,270.528335282664,108,28.087969755319
-21.2927345364735,3.68570838107621,270.532240163223,108.5,28.0778525045893
2.68879603707681,3.73782543673209,270.530858184996,109,28.0791300870258
17.1523398123506,3.76908206642474,270.527646088626,109.5,28.0872800276633
-50.9761098913292,3.62276876521884,270.54268353746,110,28.0630587101003
-17.2870748461199,3.69409702564084,270.545984936224,110.5,28.0548447500615
-12.72223659669,3.70393222995363,270.5476341018,111,28.0487997746136
-38.8439331945785,3.64734032758212,270.557835918993,111.5,28.0303430653177
-38.9399385083685,3.64662971135591,270.568521306826,112,28.0118407390613
-39.9982307593986,3.64388043632222,270.579747865377,112.5,27.9928355648484
19.3542458049503,3.77215632712416,270.576749418702,113,28.0020317419367
32.0652554864875,3.79906818712202,270.572897682976,113.5,28.0172675599999
-14.4023979493761,3.69989414129076,270.574403374986,114,28.0104242552608
-18.943974946913,3.6898667249734,270.57758964111,114.5,28.0014230185232
-5.52808390827037,3.7190210048846,270.577534198095,115,27.9987963473994
9.18135116466833,3.75103531357048,270.574973669921,115.5,28.0031588698181
9.65902087822023,3.75227611577447,270.57221928639,116,28.0077483571786
15.2755763137701,3.76452669643984,270.568953568781,116.5,28.0150065529422
9.63196406261399,3.75269709554355,270.566159499552,117,28.0195831842468
-62.3442636339681,3.59894705967506,270.586769578902,117.5,27.9899602842074
21.9715485515579,3.77843048790903,270.583945796308,118,28.0004000736686
-53.8408373737644,3.61593047772621,270.600229494886,118.5,27.9748175797775
-49.3308068347501,3.62449107971466,270.615494160394,119,27.9513780285735
3.64150978719712,3.738349958779,270.614151713216,119.5,27.9531082933024
-6.341979941455,3.71673377655612,270.613950921951,120,27.9500948991759
-7.0945632411226,3.71510808146774,270.613996342439,120.5,27.9467239148148
-8.30807928983478,3.71245851168221,270.614307231639,121,27.9427763278521
-41.09141152843,3.64140948732734,270.625252407099,121.5,27.9232517283904
-24.4207171144573,3.67673879734157,270.630475346768,122,27.9116482155762
-34.187958777752,3.65535376221925,270.638984867578,122.5,27.8954037942551
41.7419936552629,3.81754058936172,270.635850637451,123,27.9152375180561
-40.2934060788439,3.64274070879052,270.645971804224,123.5,27.8960920911805
-42.0819012794436,3.63837607212426,270.657835574272,124,27.8760968601455
0.592294485495435,3.73063567998255,270.656799773702,124.5,27.8763782890904
-17.1191144497564,3.6919673130705,270.659256610647,125,27.8682441354963
-32.9656211128097,3.65736000736658,270.667168695004,125.5,27.8525805083711
-0.835511747879504,3.72719067965734,270.666245155458,126,27.8521835146535
5.93280774047377,3.74206138415253,270.663834400319,126.5,27.8550024904567
10.1996063225764,3.7514873154463,270.660814232633,127,27.8598488371921
-21.7590770297371,3.68194358305028,270.664447254933,127.5,27.8495100036534
-12.0284888998122,3.70301627798903,270.665730733288,128,27.8437946626816
-13.8127213621682,3.69903987828977,270.667359461679,128.5,27.8372315429921
-2.48789035614501,3.72377648867363,270.666448092458,129,27.8360494209647
7.57052788553814,3.74576094222433,270.663806475606,129.5,27.8396465601035
25.4321366700616,3.7840343927581,270.65978414241,130,27.8517306492955
-32.6635760207718,3.65872836197461,270.666865784239,130.5,27.836210539008
-22.6429486772895,3.68001616309305,270.671206687434,131,27.8254517335275
-15.1385330412758,3.69617793583906,270.673266393129,131.5,27.8182586539259
45.6160633403113,3.82488954250532,270.670170729518,132,27.8399331433777
-17.3021345850886,3.69212240430822,270.672081396219,132.5,27.8317120276983
19.2569772252459,3.77127819898585,270.668523229431,133,27.8408619875848
-23.8949888178547,3.67794512929714,270.672547720599,133.5,27.8295082747661
-25.1453912605789,3.67493697975686,270.677469909013,134,27.817560432762
42.8440469545936,3.81968286934491,270.674300486428,134.5,27.8379177975978
27.4102408085266,3.78883219746032,270.670064571543,135,27.8509417837066
-0.773094713761004,3.72900825808733,270.668323340409,135.5,27.8505744474659
-8.20547229295377,3.71282951956604,270.66825374517,136,27.8466756142559
-16.2982337941059,3.69509471189963,270.670230857159,136.5,27.8389315024105
7.45415105219269,3.74666437903326,270.66769355382,137,27.8424733450537
8.606947068276,3.74930706379883,270.664788883773,137.5,27.8465629391525
-49.4931181377049,3.62414773986959,270.678737962449,138,27.8230462656725
-43.5334714493415,3.63591084025563,270.690932759993,138.5,27.8023613205317
-18.3475002874183,3.68956384866846,270.694042794357,139,27.7936434989502
9.76483030568741,3.75071224652447,270.691210212179,139.5,27.7982832616996
-1.23275876084089,3.72705495970814,270.689679102952,140,27.7976975159162
37.3587089154543,3.80881243748854,270.685913386302,140.5,27.8154485203438
-30.113172728363,3.66482095461776,270.691733006913,141,27.8011402351287
-2.00554170434201,3.72565482880633,270.690740848745,141.5,27.8001873012424
-19.2421888199342,3.68804375169993,270.693473986105,142,27.7910443680722
-38.1231431190302,3.64703486438738,270.702970344815,142.5,27.7729301424486
16.6654263982984,3.7654105543429,270.699725334953,143,27.7808487259964
-3.46484594467523,3.72217730894556,270.698511211493,143.5,27.7792024031579
-19.5874473890434,3.68695996818603,270.701368679599,144,27.7698954202502
-29.2503636207154,3.6657488333219,270.707548711453,144.5,27.7559970991033
-17.3655851836429,3.69124857251099,270.710140597575,145,27.7477458348484
-40.7941064898794,3.64041536625611,270.720862376107,145.5,27.7283624999864
0.115807936095184,3.72887920409892,270.719655075721,146,27.7284175261702
-23.4221322723916,3.67746153282739,270.723761680205,146.5,27.7172884913149
6.71518668626078,3.74312681321952,270.721293012968,147,27.7204792147649
-19.8428602806917,3.68523653202968,270.724202900252,147.5,27.7110508723269
-12.865691992383,3.70031871463741,270.725487344622,148,27.7049377339944
-42.8651312835723,3.63521040943007,270.737114558948,148.5,27.6845703509318
-48.874378886786,3.62187853821762,270.752034817905,149,27.6613476716369
-27.7079685464029,3.66658489759142,270.758398652572,149.5,27.6481822200829
-21.6360831577375,3.67956589512271,270.762442044643,150,27.6379018271282
-40.9950601357452,3.6373857664625,270.773692001038,150.5,27.6184230090667
-17.7441260050323,3.68744130001767,270.776774978331,151,27.6099918809998
-44.0560214824677,3.63017765334467,270.789426224318,151.5,27.5890586460165
-36.0110511178343,3.64686864929772,270.799075234723,152,27.5719479816924
-40.0780346428404,3.63766954251122,270.810391650448,152.5,27.5529048886346
19.8782269832305,3.76832294568711,270.80664883576,153,27.5623500355746
-19.0532324434512,3.68358061305311,270.809397678717,153.5,27.5532968850969
-3.40536030889402,3.71797772445569,270.808526140235,154,27.5516788268803
-15.1775801126395,3.69208787535493,270.810329009885,154.5,27.5444671940482
27.5086313765554,3.78469118589525,270.805938440411,155,27.5575379304719
5.65719773112679,3.73837425761098,270.802947326607,155.5,27.5602259500766
17.78956952865,3.76475833658219,270.798819873987,156,27.5686786706506
-3.00719752679319,3.71991988608321,270.797367599295,156.5,27.567249799628
2.28142565229502,3.73155951149802,270.795148329899,157,27.5683338198747
-14.4131339880283,3.69500641742027,270.796482318422,157.5,27.5614854139029
-24.9071440850675,3.67186469781784,270.80117987289,158,27.5496507751327
-32.6843783882035,3.65464429270779,270.808853401933,158.5,27.5341207805926
-28.873641664887,3.662517235617,270.815284125727,159,27.520401459023
24.9739027686096,3.77953162440357,270.811105778106,159.5,27.5322678182065
-47.7985390895842,3.62205469372131,270.82468309498,160,27.5095563245911
16.9574873443972,3.76241456794947,270.821178698863,160.5,27.517613681006
-7.21746825662975,3.71005912914153,270.820598978014,161,27.5141842982811
10.4348796242821,3.74868773036789,270.81722484961,161.5,27.5191424352132
-11.2822595454179,3.70135895776133,270.817636583865,162,27.5137816653966
-16.9733815746377,3.68876062352448,270.819803396977,162.5,27.5057167568323
6.66204150210794,3.74052202207911,270.817016147354,163,27.5088822283283
-16.1769396390757,3.69056331002505,270.818756900287,163.5,27.5011957494458
-5.34768041887409,3.71426156014691,270.818073317476,164,27.498654797107
17.9744622348294,3.76499079753947,270.81398289151,164.5,27.507195369519
13.1120753188417,3.75487510995086,270.810101022262,165,27.5134255769806
-23.4399566127797,3.67516258776553,270.813881030271,165.5,27.5022880728833
-11.9383787433115,3.70013125663321,270.814781525937,166,27.4966155477859
12.1018256088881,3.75261852273082,270.811275285194,166.5,27.5023657347222
-30.6160552837805,3.65942797111215,270.817550453726,167,27.487818504674
6.71766114434651,3.74085386908433,270.814907361524,167.5,27.4910104038637
16.6313449991345,3.76241770133484,270.810811546892,168,27.498912793622
-8.31439198323542,3.70841587967966,270.810385441935,168.5,27.4949622071807
-4.59691553300015,3.71653289611468,270.809398977097,169,27.4927779810565
14.1441731332853,3.75732757473979,270.805633744767,169.5,27.4994985901782
38.3424615025004,3.80812322667482,270.801356788345,170,27.5177170250132
9.04312089019014,3.74713321467291,270.797808444698,170.5,27.5220138672656
-16.7308405984317,3.69096918953366,270.799475102887,171,27.5140642021363
-8.32626197174173,3.70919858829897,270.799338079974,171.5,27.5101079756655
-22.6773268968362,3.67768578230423,270.802977713879,172,27.4993328353612
-7.89391697011791,3.70981522568624,270.802842059193,172.5,27.4955820377786
-39.0478462508448,3.64189992385533,270.812495519693,173,27.4770284391182
-42.8522380797202,3.63319754483631,270.824293132261,173.5,27.4566671822663
-0.959327151586077,3.72398667139733,270.823044391289,174,27.4562113576136
-1.99266046355646,3.72180101885801,270.821466619467,174.5,27.4552645442537
-38.6324833968016,3.64177878706732,270.831027971655,175,27.4369083054078
-2.41018932514696,3.72048523172312,270.829986729234,175.5,27.435763103054
-6.00063975489338,3.71265404761996,270.829238428612,176,27.432911896844
14.563331238546,3.75748839419774,270.82538293678,176.5,27.4398316690953
-0.514176834157445,3.7249975014669,270.823361501459,177,27.4395873577814
-21.5885864978884,3.67875946906277,270.826656888388,177.5,27.4293295328824
-35.3586940747367,3.64852541607424,270.835118492067,178,27.4125288362497
-41.993209659259,3.63376958107036,270.846642274529,178.5,27.392575747071
-1.70968785636594,3.7213140850947,270.845516875102,179,27.3917633882506
2.86430185932588,3.73143321321686,270.843064795381,179.5,27.3931243623437
-21.3733637375578,3.67823504726817,270.846343828954,180,27.3829688006192
-12.6910511651738,3.69712829180906,270.847414704639,180.5,27.3769386429408
-15.8532677676861,3.69007044531053,270.84924524637,181,27.3694059568682
-38.5343796313194,3.64038441148161,270.859101884326,181.5,27.3510963320629
-40.4136046603934,3.63580399939065,270.8701760357,182,27.3318937927866
-33.7688305957415,3.64963417068901,270.878616952707,182.5,27.315848520377
1.56494897393147,3.72709420399094,270.876769559695,183,27.3165921064636
-25.223349776883,3.66810101785059,270.881484140573,183.5,27.3046072224415
-23.9091168833662,3.6707254583109,270.886088527523,184,27.2932467966672
-59.9701265623205,3.59296673624775,270.906804488919,184.5,27.2647519687399
4.64740944879221,3.7328694940335,270.904802965514,185,27.266960187067
-5.10479128317107,3.71155903433205,270.903810721549,185.5,27.2645346435913
-5.60148700046961,3.71052007987315,270.903006879707,186,27.2618730949609
5.64770363533172,3.73536724423106,270.900066148219,186.5,27.2645566034425
11.7707446187821,3.74890799941846,270.896187922827,187,27.2701494771234
-14.2848057741233,3.69183656511716,270.897304833426,187.5,27.2633620463501
-32.2140267200471,3.65226646545116,270.904661366926,188,27.2480555395799
-26.9796781496245,3.66332301961438,270.91037696883,188.5,27.2352361354786
4.20648180420583,3.73196878963923,270.907897815014,189,27.2372348468715
1.07143522388666,3.72524738671277,270.905592321978,189.5,27.2377439397163
-42.1135543244865,3.63045261646594,270.916922208142,190,27.2177336687252
-14.7996942564155,3.6897376530424,270.918889621827,190.5,27.2107015884982
-8.9052110472488,3.70272243660105,270.918932382891,191,27.206470274159
7.86250337615326,3.73971109523997,270.915652350988,191.5,27.2102061455607
-31.0697651344805,3.65401363587851,270.922357309981,192,27.1954433351082
-9.21474586538202,3.70192208832689,270.922660164919,192.5,27.1910649451851
-40.0835444461494,3.63398872400929,270.933311456208,193,27.1720192341423
8.8357446050982,3.74129260616068,270.930266401738,193.5,27.1762175414757
-14.2658177177452,3.69049116311165,270.931433665418,194,27.1694391328844
-23.9875937904776,3.66886552517366,270.935872005127,194.5,27.1580414187785
-38.7631221905951,3.63623636025785,270.946196822655,195,27.1396231068612
-38.9911615878678,3.63521465718136,270.956935225668,195.5,27.1210964419395
23.1078984592385,3.77125051398082,270.952458527599,196,27.1320761684817
-26.2863394714166,3.66312194531949,270.957345183529,196.5,27.1195862045111
28.6364629241547,3.78309029073395,270.952508991196,197,27.1331928305139
-17.3735470319157,3.68317224187957,270.954333900675,197.5,27.1249377831838
29.4586271066022,3.7851341199762,270.949414755854,198,27.1389350608034
-17.1727621230882,3.68404435041186,270.951102630775,198.5,27.1307754164974
-41.47760827513,3.63059335323775,270.962297342342,199,27.1110673155081
-2.2434841840858,3.71648538864778,270.961070553793,199.5,27.1100013231641
-5.40211718636161,3.70956916494679,270.960025293109,200,27.107434505175
20.1272394115556,3.76540339212509,270.95531521894,200.5,27.1169979704628
-26.55382511325,3.66317453317946,270.960109600924,201,27.10438091059
8.85439162664792,3.74112078194506,270.956766130145,201.5,27.1085880780627
-16.9042023311157,3.68443039688276,270.958536779007,202,27.1005560400416
32.9887197659062,3.79258656670194,270.953619795271,202.5,27.1162306425005
12.7490742027822,3.75018904043676,270.949248624236,203,27.1222883698469
3.66392999334852,3.73060407662046,270.946245274846,203.5,27.1240292875451
-25.5208855758898,3.66628997964492,270.950682313633,204,27.1119030292775
-55.1534692915399,3.60204947347575,270.968369107901,204.5,27.0856968378427
-25.8831313361712,3.66436475414952,270.973882357286,205,27.0733984583675
-6.44802832786659,3.70714509978893,270.973310779852,205.5,27.0703346753107
-35.1589910087027,3.64374724917464,270.981706546291,206,27.0536288676641
14.3583395320388,3.75250318102069,270.977769530885,206.5,27.0604512380299
20.7075365733528,3.76643613886309,270.972781762114,207,27.0702904317298
-17.730344256495,3.68247211792457,270.974616051503,207.5,27.0618658520659
-10.1056293470304,3.69920213873996,270.974758602566,208,27.0570641585253
-68.1594729912063,3.57382243634823,270.999675179571,208.5,27.0246781595983
-19.107711661248,3.67820744011185,271.003214421232,209,27.0155991233
-9.23166948946069,3.70001294346815,271.003228940531,209.5,27.0112126921106
-22.2120637648513,3.67115167309626,271.006913051662,210,27.0006586217564
1.88348611976495,3.72446982453565,271.004533634502,210.5,27.0015535608863
20.7525166610542,3.76569138755289,270.999561249621,211,27.0114141268916
-4.58396814432353,3.71069407150207,270.99799130876,211.5,27.009236052724
-22.0058449401788,3.67204655380241,271.001430182156,212,26.998779967321
23.2723887600558,3.77124013428831,270.996591112351,212.5,27.0098378514908
-41.3352949135876,3.62996674094367,271.00717484991,213,26.990197370748
-1.4576289346628,3.71736046505915,271.005640943304,213.5,26.9895047778179
26.8198395315757,3.77873527752718,271.000434033321,214,27.0022482345404
-7.53984219750857,3.70444455153246,270.999437938968,214.5,26.9986656757177
28.6654111020654,3.78298984692566,270.994314257981,215,27.0122860564579
-21.5632412374688,3.67385712022056,270.997148298822,215.5,27.0020402743688
-6.96398362406653,3.70594797329734,270.99647914541,216,26.9987313349612
20.7534197876196,3.76647223636676,270.991648547894,216.5,27.0085923300875
-25.536774082902,3.66521824842097,270.9958561689,217,26.9964585223898
11.9519343190496,3.74759067871593,270.991991943675,217.5,27.0021374884241
-31.9788654293276,3.65102632119155,270.99863698551,218,26.9869427186287
-11.821146890163,3.69508520955985,270.999308423989,218.5,26.9813258962898
16.5017937810356,3.7572197838873,270.994820609543,219,26.9891667297387
3.19152390154551,3.72852436731722,270.991737254285,219.5,26.9906831835068
-8.5912041921716,3.70260607343227,270.991155674357,220,26.9866010696415
-2.40589316804225,3.71624078931479,270.98934177574,220.5,26.9854579086084
-39.1650658706195,3.63532035024323,270.999051656381,221,26.9668486130021
-23.6195162516438,3.66877702015289,271.003377913609,221.5,26.9556257910757
-50.5707738167005,3.60990997852278,271.018834374631,222,26.9315970690992
13.6815656027371,3.75024629697785,271.015067477246,222.5,26.9380978700809
-55.4848737745877,3.59907328248108,271.032659558437,223,26.9117342116829
-5.68665917591156,3.70722980728092,271.032225639088,223.5,26.9090321934617
-33.9004698626264,3.64473362865568,271.040092586061,224,26.8929243726054
-3.61804709930055,3.71148565814905,271.038877751654,224.5,26.8912052561814
-1.69101261335988,3.71583188150921,271.036871252569,225,26.8904017709096
5.96863423805456,3.73284277778453,271.033453703762,225.5,26.8932377696864
-19.1678192149856,3.6772424882144,271.035833306174,226,26.8841301732616
21.4850726931568,3.76651203967538,271.030937794945,226.5,26.8943388135378
8.45229720562172,3.73868651163433,271.026943433228,227,26.8983549256969
-36.0430598595719,3.64055427161564,271.035324930323,227.5,26.8812290524072
-20.9755630975027,3.67323498774484,271.038763838334,228,26.8712625058047
20.2645031842908,3.76387292767954,271.033957249056,228.5,26.8808911920251
-34.8558627962307,3.64285900600801,271.041781997289,229,26.8643294158614
9.01352305737821,3.73947916545301,271.038288239183,229.5,26.8686121946925
-35.8928161942887,3.64037351125546,271.04666965009,230,26.8515577097362
7.4180773990246,3.73579335037903,271.043408326494,230.5,26.8550824119697
0.620611512438668,3.72100685969888,271.040780967304,231,26.8553772957605
7.78598701353791,3.73688939428065,271.03703572408,231.5,26.8590768103841
23.8396983413868,3.77172581456871,271.031759164452,232,26.8704042519123
-28.5031883282983,3.65717576920932,271.03697787238,232.5,26.8568609513834
-52.7007579776176,3.60435177886714,271.053485953138,233,26.8318201666411
12.5387320219697,3.74689267500975,271.049771501564,233.5,26.8377779498221
-9.88527405317487,3.69765892889607,271.049393013705,234,26.8330809581813
-35.1371184056513,3.64170517045219,271.057653372577,234.5,26.8163855433102
-37.5798306271042,3.63587090207616,271.067363385071,235,26.7985294728191
-34.3996394525785,3.64230851710201,271.075873345222,235.5,26.7821844713467
-29.2587450570161,3.65318840730856,271.082361053512,236,26.7682821677572
33.1110310768625,3.78951874377155,271.07705664946,236.5,26.7840148864809
-20.6624225903889,3.67262608346868,271.079647920107,237,26.7741971287068
-3.00004460033905,3.71179190542703,271.078007236603,237.5,26.7727716563998
14.2122794884683,3.74976128681108,271.073405664465,238,26.7795246262815
-23.3877399257078,3.66676258872497,271.077009552451,238.5,26.7684119329625
4.65113210273002,3.72886861580192,271.073936947419,239,26.7706219201099
-13.8695886125883,3.6878588912984,271.074679579999,239.5,26.7640317799253
-19.1265718404605,3.67602791022147,271.077203722631,240,26.7549437822058
0.133950940576998,3.71875227349023,271.07489499506,240.5,26.755007429045
-14.3731917799593,3.68653864196584,271.075840087795,241,26.7481780016282
-33.9368414513803,3.64302508566257,271.083744673824,241.5,26.7320528987981
35.3925655655142,3.79421006470665,271.078545729331,242,26.7488696894821
-7.43890670702365,3.70212875613327,271.077327083976,242.5,26.7453350901952
-8.00805638916352,3.70083445254287,271.076625422605,243,26.7415300592252
-18.2509981145037,3.67796956850878,271.07876805099,243.5,26.7328580906871
-26.8602243507871,3.65864968620702,271.083954739076,244,26.7200954451028
15.239471192971,3.7516398649736,271.079496723394,244.5,26.7273364855047
-21.8351655799299,3.66983267185594,271.082558696199,245,26.7169614984632
-6.32744342982165,3.70416414455021,271.081644632852,245.5,26.7139550113655
-5.6292338718761,3.70572331056234,271.080386882995,246,26.7112802787989
30.3136744498793,3.78383801992371,271.074883864463,246.5,26.7256838324815
-21.7231279643391,3.67043597864972,271.077713323296,247,26.7153620801546
-21.9768105039397,3.6696046951361,271.081183582082,247.5,26.7049197904748
-19.1640335531961,3.67560507439938,271.083788686703,248,26.6958139928086
-5.30980151717753,3.70631200301979,271.082603299915,248.5,26.6932910386441
-15.1454515829753,3.68438276581425,271.083807538095,249,26.6860946716948
-23.3202598703634,3.66602898927479,271.087725812541,249.5,26.6750140415491
1.46401501107693,3.72102792379109,271.085192438323,250,26.6757096688258
-22.2700003883104,3.66823085644913,271.088573143222,250.5,26.6651280698634
29.8461353558325,3.782345584264,271.08320407388,251,26.6793094721717
-8.56111303651907,3.69913645074148,271.082280958223,251.5,26.6752416561302
-12.3704661207082,3.69058801481944,271.082702983801,252,26.6693638245548
-4.73324029942474,3.70752357174045,271.081286746817,252.5,26.6671148236671
-2.21153036930397,3.71315221748883,271.079243007981,253,26.6660640141901
10.3355987054203,3.74090942795802,271.075067635065,253.5,26.6709749777568
17.0903343437568,3.75580283832874,271.070068000329,254,26.6790954564728
-29.9588221445543,3.65208040866368,271.075880582087,254.5,26.6648605109949
-37.5633742199993,3.63495105875696,271.085362567344,255,26.6470122597718
-18.9714889936143,3.67552252640827,271.088135663997,255.5,26.6379979497247
-2.53236709499042,3.71202514291926,271.086334505302,256,26.6367946945582
-15.1141927349214,3.68400021259932,271.08750023871,256.5,26.6296131802622
22.8150624052779,3.7674043957821,271.082293260729,257,26.6404537656445
-42.6398366700559,3.62354723950107,271.093447633431,257.5,26.6201934314013
45.966226907218,3.81508030122102,271.088848536907,258,26.6420343012021
0.911756741215664,3.72024119550526,271.085734342603,258.5,26.6424675227566
-1.9786744374654,3.71390211909752,271.083530899836,259,26.6415273548622
-31.0627700635487,3.64929456902035,271.089941303496,259.5,26.6267678681203
-49.4675352043542,3.60877053695872,271.104942600863,260,26.6032633503806
-4.47539569360199,3.70736489822068,271.103952239352,260.5,26.6011368644533
-49.1495138634246,3.60869250943352,271.118625669785,261,26.5777834546719
3.64671181416967,3.72485679576776,271.115999212986,261.5,26.5795161911459
-25.5847782561621,3.65977919681674,271.120522292403,262,26.5673595742475
-22.6790323570381,3.66594870708561,271.124398587136,262.5,26.5565836235931
29.1185722080722,3.77971002591727,271.118891875688,263,26.5704193240013
-28.0892943894494,3.65427803289548,271.124032290708,263.5,26.5570726853312
9.66998670449515,3.73804325331964,271.120132294391,264,26.5616673831083
-46.3164623801016,3.61421492647229,271.133250451673,264.5,26.5396600987923
-19.215018131739,3.6733095761473,271.136259743644,265,26.5305300757847
31.393344689175,3.78420648554626,271.130634077928,265.5,26.5454466351828
-21.8929312713204,3.66777765599391,271.133546774032,266,26.5350442007515
-33.6629939083893,3.6413836203913,271.141419614808,266.5,26.5190492166832
-2.53095612844382,3.71044058176294,271.139730677354,267,26.517846631938
-0.359491692250071,3.71535540576695,271.137202522433,267.5,26.5176758193268
16.41163803406,3.7523850661202,271.132160377916,268,26.525473815239
18.9858648867056,3.7582467270422,271.126765948551,268.5,26.5344949559971
-43.3854975373383,3.62067145500065,271.138265967854,269,26.5138803207156
6.82592825199819,3.73151408706696,271.134945402916,269.5,26.5171236630618
14.8498078053511,3.74927794959827,271.129998295743,270,26.5241795547602
-9.42169601282557,3.69584053926769,271.129311931188,270.5,26.5197028323977
-39.5767719169301,3.6288204912844,271.139410369849,271,26.5008979145104
-37.357422859463,3.63308107652391,271.14906858316,271.5,26.4831475211528
-26.6317137795087,3.65628301737238,271.154488863068,272,26.4704934524513
8.16116245884615,3.73371011937297,271.150721936127,272.5,26.4743712318272
-13.5069452748226,3.68558863965315,271.15126412726,273,26.4679534017593
11.9736119733262,3.74221425874984,271.146810004719,273.5,26.473642667939
-31.0550676455194,3.64661408592309,271.153232573767,274,26.4588868410039
5.02737898473879,3.72681752060887,271.150010228703,274.5,26.4612756019972
-30.8756001937223,3.64679366244162,271.156457698179,275,26.4466050490885
12.9582888627611,3.74411732141605,271.152083573648,275.5,26.4527621848584
-5.96261469339,3.70242225767294,271.150584832203,276,26.4499290462705
29.7640044739934,3.78042429717467,271.144813480849,276.5,26.4640714240597
-39.5159733890327,3.62832660410068,271.154491933817,277,26.4452953946156
24.1482105518206,3.7685605444747,271.149299120262,277.5,26.4567694258353
-16.2225916106924,3.67993230554557,271.150392421996,278,26.4490612554015
-40.8799244139145,3.62507838043918,271.161191198584,278.5,26.4296371441209
31.0566626496732,3.78293402135053,271.155776036736,279,26.4443937289228
-0.120487564838399,3.71581059529591,271.152816177957,279.5,26.4443364792116
-12.7658997956416,3.68761918393578,271.153119389333,280,26.4382707571786
-3.14457040161473,3.70902874484278,271.151196732722,280.5,26.4367766133834
-16.9411601182089,3.67818766033467,271.15276322285,281,26.4287270148561
-25.3195279831101,3.65928778144491,271.157285782701,281.5,26.4166964317235
-46.8817606516082,3.61149811731349,271.171119499484,282,26.3944205457237
-30.549903945623,3.64663980842202,271.178183100652,282.5,26.3799047475084
-15.4196948576399,3.68011052325072,271.179769260638,283,26.3725780737652
16.6638821610201,3.75139808679197,271.174730068614,283.5,26.3804959235681
-11.6346748525825,3.68888008814301,271.174628810802,284,26.3749677034872
-0.798907726223459,3.71309904876122,271.17220567031,284.5,26.3745881021841
-14.59994861239,3.68223290721004,271.173109093119,285,26.3676509311741
12.8494429801053,3.74329483559493,271.168493240464,285.5,26.3737563487822
7.30291484913669,3.73135024153596,271.164364506681,286,26.3772263314873
-33.2701763313754,3.64095283342698,271.171663327782,286.5,26.3614179948368
-37.1023662578141,3.63200529119319,271.181157138239,287,26.3437887917182
0.517845064547576,3.71563366230605,271.178799328576,287.5,26.3440348459931
-15.1750025703776,3.68053369588521,271.179881490607,288,26.3368244378812
-35.2365849713286,3.6355788208528,271.188410760436,288.5,26.3200817614344
-1.59982325726975,3.71048012030893,271.186470668743,289,26.3193216048191
-1.72576803748519,3.71028642028457,271.184135989108,289.5,26.3185016054946
20.8120908508189,3.76002013533657,271.178574658978,290,26.3283904781983
-2.60109448930922,3.70880625259345,271.176189083212,290.5,26.3271545671849
-9.22497199787888,3.69399504474984,271.175597077894,291,26.3227713183111
-4.23952557507633,3.70513116803234,271.173872312762,291.5,26.3207569061583
37.0107373891878,3.79449097793627,271.168017837426,292,26.3383425717859
-7.4217150289657,3.69866222953677,271.166590377039,292.5,26.3348161411311
-16.8466661863373,3.67747855307821,271.168141757725,293,26.3268114414307
37.3977438123119,3.79561453563455,271.162495803457,293.5,26.3445809933041
43.7227728920829,3.80897301592677,271.156828247233,294,26.3653558850957
18.8446686248616,3.75766549934624,271.151259455752,294.5,26.3743099363975
5.60260201522073,3.72903177889454,271.147366808118,295,26.3769720148276
0.779629674761823,3.71845962922807,271.144408447208,295.5,26.3773424561573
5.0568774642988,3.72797005560738,271.140770966414,296,26.3797452333641
-11.9219903925474,3.69030149768449,271.14068143471,296.5,26.3740804951977
-13.9344936437817,3.68566221114551,271.141334369744,297,26.3674595153633
-25.3000697111135,3.66015224155261,271.145616621552,297.5,26.3554381778359
17.1825998396823,3.75402386647768,271.140769994314,298,26.3636024965366
25.6076570515891,3.77233625540481,271.135032281447,298.5,26.3757699843031
26.9586981766458,3.77555420669531,271.129261596171,299,26.3885794197624
-35.3949431073067,3.63880416768989,271.136822532834,299.5,26.3717614993885
-42.4590950094731,3.62280122192559,271.148219259363,300,26.3515870446125
-29.6280579859574,3.65029272807362,271.154508876375,300.5,26.3375092618476
-6.93766596976493,3.7005181767465,271.153619907558,301,26.3342128272833
-40.4171118804361,3.62608402430428,271.163966367783,301.5,26.31500862155
-58.6710524227362,3.58605938157775,271.184035044168,302,26.287131049183
-37.230861854014,3.63151531582743,271.193990244076,302.5,26.2694407913342
-2.52773400844111,3.70861525264523,271.192242211877,303,26.2682397375805
-42.816507476216,3.61881144043661,271.203953366585,303.5,26.247895458138
0.386932669537696,3.71469288959489,271.201658857574,304,26.2480793093398
-4.29043902518294,3.70433599224318,271.199820905033,304.5,26.2460407056422
-39.770688075597,3.62505506053825,271.210156649552,305,26.2271436484201
-23.6100398341826,3.66042146077659,271.21452088935,305.5,26.2159253292169
-16.7009414129816,3.67570414056293,271.216374169432,306,26.2079898706967
-33.1495608323296,3.63868843244442,271.224140200766,306.5,26.1922388445454
5.45752676957772,3.7249970729443,271.220740758747,307,26.1948319904185
-11.3862838424507,3.68737759902005,271.220672428325,307.5,26.1894217934184
-54.0140490980651,3.59267814849007,271.238313355539,308,26.1637569979122
1.79825393303321,3.71630267482541,271.23589114461,308.5,26.1646114389369
17.0957347066066,3.7503048721551,271.230447512275,309,26.1727344836373
-31.8329725889708,3.64119825192111,271.237243979726,309.5,26.1576090348791
10.6424953558697,3.73614494324679,271.23296605101,310,26.1626658205034
-22.8362409712308,3.66125147997425,271.236411138435,310.5,26.1518151721175
-51.0873975430196,3.59841687847896,271.252667828842,311,26.1275409761855
-6.76086358901845,3.69659927293469,271.252113218868,311.5,26.1243285493381
24.3212122925369,3.76541591840721,271.246128807561,312,26.1358847823993
7.51646094002986,3.72912957724361,271.241691428227,312.5,26.1394562316088
-13.6480111442706,3.68180904983188,271.242159725228,313,26.1329713740406
4.04673024714677,3.72150348760203,271.238679490823,313.5,26.1348941794217
-9.44345480747633,3.69135501927169,271.238008642389,314,26.1304071183598
-11.6331672785874,3.68636754107836,271.238084460272,314.5,26.1248796146032
25.6621499982479,3.76880982924882,271.232155162089,315,26.1370729947137
-4.12682548148974,3.70369211999472,271.229953009704,315.5,26.1351121320522
8.55129892855213,3.7320179678838,271.225634139773,316,26.1391752849166
3.85477560097339,3.72177998751963,271.221960713056,316.5,26.1410068829763
-31.6059768674128,3.64236484527883,271.228582579664,317,26.1259892913196
2.48358015759985,3.71846990521607,271.225618502216,317.5,26.1271693653547
-14.2704973524469,3.68094074486224,271.226282124236,318,26.1203887332332
-33.0426749665751,3.63870080209016,271.233776171776,318.5,26.1046884939407
-0.617648485228459,3.71113232472908,271.23146048395,319,26.1043950180334
-8.5648161068423,3.69334134833172,271.230610258144,319.5,26.1003254424766
-41.3822743664053,3.61982307095351,271.241740733635,320,26.0806626394294
-7.15171816940335,3.69595815596184,271.241072262438,320.5,26.0772644978829
-18.8857210598108,3.66945858306494,271.243363754609,321,26.0682909405014
14.4653516571568,3.74403732250646,271.238398861814,321.5,26.0751641577181
-59.6253344600793,3.57972646189536,271.258741089603,322,26.0468331578864
-26.4492519744503,3.65168167617875,271.264504489343,322.5,26.0342657859794
17.0708716388708,3.74906328119401,271.25929273229,323,26.0423770169839
-25.2884207633955,3.6544208932784,271.263569582201,323.5,26.0303612144584
-18.694066143491,3.66899829924043,271.26604668034,324,26.0214787219816
-17.1246480419478,3.67236983373714,271.267946980416,324.5,26.0133419390991
9.79503455790295,3.73285851757016,271.263522992235,325,26.0179960534102
-4.55183511045973,3.70095419052543,271.261570558778,325.5,26.0158332472655
10.8339965940864,3.7354316906931,271.256858112416,326,26.0209810247743
-37.9708077384496,3.62606561169309,271.266294197036,326.5,26.0029391813634
-27.2637267452761,3.64942936846484,271.27199069139,327,25.9899848114663
-1.27449772401646,3.70788045965962,271.269722806592,327.5,25.989379233399
-41.401138978087,3.61764074527802,271.281001000359,328,25.9697074668245
5.69525007672739,3.72313854698588,271.27754675447,328.5,25.9724135670154
-2.75479595235016,3.7043382028852,271.275215519007,329,25.9711046246947
9.66903726267303,3.73225453472166,271.270621908586,329.5,25.9756988713441
-29.9040414805038,3.64330533781036,271.276724015233,330,25.9614899549191
5.35915965296086,3.72255630716134,271.273153488325,330.5,25.9640363616203
6.65434558613404,3.72562720273317,271.26895229314,331,25.967198176399
17.1477892741849,3.74898857027973,271.263348615091,331.5,25.9753459548465
-12.2894110387287,3.68350172509879,271.263289849155,332,25.9695066366234
-27.6352803995701,3.64874644116826,271.268674093618,332.5,25.9563757228694
-19.5931227798824,3.66651741356833,271.271428664007,333,25.9470660432977
-18.5081985253251,3.66876135199547,271.273745152803,333.5,25.9382718658887
-11.5875916600229,3.68426271059243,271.273939772775,334,25.9327660174043
-16.0802999793694,3.67400354117806,271.275397126748,334.5,25.925125456892
-1.49771426789749,3.70689937707782,271.273016806427,335,25.9244138174009
25.0147657260421,3.76552614603908,271.266859437398,335.5,25.9362995926337
-20.6051509670663,3.66423108647957,271.26934510758,336,25.9265090474927
-23.4004921951078,3.65766706387546,271.273312558781,336.5,25.9153902949281
22.1107469624342,3.75927107331398,271.267584552951,337,25.925896224566
22.9190329738805,3.76138352074104,271.26138481678,337.5,25.9367862116026
-19.1670129301199,3.66790560828553,271.263346452782,338,25.9276789982844
-39.3675746855489,3.62238876403164,271.273684592794,338.5,25.9089734805394
8.35040241523791,3.72918828323908,271.269732760071,339,25.9129411773509
-32.7367847924673,3.63681365213468,271.276945203616,339.5,25.8973862818883
-10.5229342686383,3.68651962167728,271.27699666342,340,25.8923863057592
-11.6883999832772,3.68381805536079,271.277096979195,340.5,25.8868325581625
-2.66464316856705,3.7041764473333,271.274901037337,341,25.8855664519705
-33.1202285750762,3.635395711887,271.282455257576,341.5,25.8698293630521
-2.99891143309595,3.70308263667596,271.280619348282,342,25.8684044291699
-32.5965856241085,3.63616933154248,271.288013869278,342.5,25.8529161493943
-34.376587022283,3.63171721711233,271.296613234618,343,25.8365821012927
-11.6387875424589,3.68273217693163,271.297086229221,343.5,25.8310519270657
-21.6234207001754,3.65997039268244,271.30046621955,344,25.8207775506824
25.993566239345,3.76633219297757,271.294356850398,344.5,25.833128403343
-7.52628475722477,3.6923514576173,271.292968606898,345,25.8295522863431
-11.4075273645301,3.68352023271101,271.292957698683,345.5,25.8241319954756
-19.2501245009964,3.66562113461361,271.295437896117,346,25.8149852916635
-10.080905138197,3.68627049601547,271.295219653206,346.5,25.81019534584
8.24546206895536,3.72761890487674,271.290874271571,347,25.814113180207
-29.186447317008,3.64313828795251,271.296766111636,347.5,25.8002452289155
-51.8447612100057,3.59235273346041,271.313766330522,348,25.7756111713556
3.46929717498667,3.7161613373923,271.310828670132,348.5,25.7772596091978
-2.65632924122885,3.70248378196699,271.308468492447,349,25.7759974533715
-13.1506312973605,3.67868782407202,271.308948234256,349.5,25.7697489260224
21.2425058163319,3.75571446034678,271.303031376284,350,25.779842310557
-9.66850306263864,3.68698284151201,271.302235544343,350.5,25.7752483177329
21.445314291407,3.75648053104455,271.296295046578,351,25.7854380667898
-8.59746670963545,3.68980282950491,271.295179456346,351.5,25.781352977287
23.127433026368,3.76043914817477,271.289141805344,352,25.7923419856861
3.15009966263457,3.71674507174714,271.285345459226,352.5,25.7938387567117
2.58992769835183,3.71560115872103,271.281835559559,353,25.7950693618203
-64.8209252536856,3.56560964062351,271.30534969807,353.5,25.7642696750917
-6.24355327436014,3.69485345083085,271.304728795941,354,25.7613030484326
-13.1900737135765,3.67907715555168,271.305195164158,354.5,25.7550357800048
-1.35306308196349,3.70584753983303,271.302674831956,355,25.7543928715785
-6.06260219904692,3.69525390629464,271.30112754609,355.5,25.7515122238901
-25.4396007396552,3.65124865651525,271.305683499476,356,25.7394245881426
-5.59425039399031,3.69602783517848,271.304320109915,356.5,25.7367664779885
15.2252655403339,3.74273626687395,271.298926141264,357,25.7440007685693
-64.2806168252569,3.56558823125935,271.322220791106,357.5,25.7134578095913
-33.3226693382268,3.63248612474595,271.33089821649,358,25.697624530869
7.92804863705123,3.72565508838923,271.326827227363,358.5,25.7013915461258
-52.7163223527783,3.58924550204829,271.343896435604,359,25.676343365965
-31.5611167694461,3.63546597340236,271.351754953899,359.5,25.6613470896005
-18.5291481183491,3.66471115730184,271.354381290163,360,25.6525429579847
19.9084963345181,3.75134145800846,271.348498671248,360.5,25.6620024874181
-2.14833375797847,3.70242278045337,271.345791275813,361,25.6609817058345
-54.9055916375691,3.58360044793014,271.364220331821,361.5,25.6348932935592
-19.0779297427868,3.6630787829881,271.367363119172,362,25.6258284081505
-27.2135066889762,3.64434135352988,271.373007760098,362.5,25.6128979003319
-21.3391245596865,3.65742630272201,271.376569100807,363,25.6027586073655
-50.2414341553662,3.59205373929272,271.393062121319,363.5,25.5788863712515
12.2801099015923,3.73318516125562,271.388459502955,364,25.5847212700358
7.15917808260806,3.72200873748627,271.383892582869,364.5,25.5881229561629
4.26172620008574,3.71569675349199,271.379899733637,365,25.590147916951
11.610624125034,3.73239085080106,271.374687004031,365.5,25.5956647093197
7.17786588881259,3.72273000402194,271.370111589692,366,25.5990752749648
-33.8035946584798,3.62969340623392,271.377970418535,366.5,25.5830134843979
-14.7965870863912,3.67250723931454,271.379291202465,367,25.5759828805438
-49.8242069476077,3.5932466755811,271.39526299951,367.5,25.5523088900927
-73.5967447469656,3.54070315130665,271.426250893553,368,25.5173393694699
-61.6249017302731,3.56506703711261,271.45045109061,368.5,25.4880582745065
-29.2750109996546,3.63641669913945,271.457918635719,369,25.4741482421483
-30.8251316465825,3.63255168029792,271.465529466118,369.5,25.4595016693886
-7.58868293263979,3.68579919722259,271.464853655478,370,25.4558959038724
-12.8619563503036,3.67368820661138,271.465410365979,370.5,25.4497845405317
-3.29136914667781,3.6957482166549,271.463288029135,371,25.4482206452582
-21.2411862718152,3.6544459735078,271.466594345781,371.5,25.4381278877057
-3.34635782962249,3.6955716601755,271.464568742623,372,25.4365378645391
-3.7741482173818,3.69470030988778,271.462415705341,372.5,25.4347445766107
-33.6935503037039,3.62594691368257,271.470724829895,373,25.4187350736599
-39.0517173651,3.61330121065154,271.481990930218,373.5,25.4001796356381
-48.5042731595106,3.59142172329113,271.498274692843,374,25.3771328122171
-29.2418941274524,3.6344241558637,271.505546970476,374.5,25.363238515353
-7.11725409156234,3.68536809681898,271.504688421778,375,25.3598567494259
13.2196000687784,3.73198490213615,271.499117627619,375.5,25.3661380473124
-19.3841248435025,3.65743843261714,271.501563973434,376,25.3569276731878
-27.3412469964613,3.63889483641636,271.507453134773,376.5,25.3439364695145
-41.1853959902235,3.60690707282704,271.519787429297,377,25.324367213301
26.3642168343889,3.76059507936342,271.51317348728,377.5,25.3368941807295
-23.3890005275613,3.64787067702914,271.516949146064,378,25.3257808884351
-1.50890085956079,3.69829698870499,271.51440272212,378.5,25.3250639336308
-26.1374478249011,3.64144880012709,271.519518624131,379,25.3126447155813
-23.5979788282316,3.64701698134215,271.523981909428,379.5,25.3014321271696
5.72549301363152,3.71457613623388,271.519840120927,380,25.3041525973032
-30.315381696868,3.63159542036008,271.526605455895,380.5,25.2897482324216
11.6485440368979,3.72795198836566,271.521482200556,381,25.2952830424505
-36.930512336414,3.61649532822232,271.531105842382,381.5,25.2777354957866
35.9366162986167,3.7809100083409,271.52400845301,382,25.2948107923787
0.100024794835686,3.70223431073871,271.520388633883,382.5,25.2948583191972
-20.7828787596487,3.65413716383281,271.523263000094,383,25.2849833266294
15.6723254727966,3.73746871725674,271.517407006599,383.5,25.2924300379033
-49.0992407635006,3.58988952402831,271.532848747394,384,25.2691005154041
6.92521762769049,3.71751232749974,271.528763402144,384.5,25.272391035134
18.8470131576906,3.74449645338778,271.522200169308,385,25.2813462004414
-1.88077506087712,3.69802648472852,271.519134550461,385.5,25.2804525494722
4.23520850431584,3.71210561265025,271.514925406742,386,25.2824649103672
-10.3938670617494,3.67869164923116,271.514253537599,386.5,25.2775262605694
6.78236180028265,3.71801692471751,271.509656613043,387,25.2807489022998
-61.4663320970966,3.56324309881775,271.532023815223,387.5,25.2515431517565
-27.1571289249559,3.63924464439613,271.53821598313,388,25.2386394318534
-37.2609015442097,3.61576711862359,271.548352856296,388.5,25.2209349006346
-29.2622167536644,3.63353452103657,271.555147129021,389,25.2070309474672
25.6410290769035,3.75850361118666,271.548295015645,389.5,25.219214291964
13.9534828791611,3.73316072732132,271.542123309527,390,25.2258442945406
-32.0815642390287,3.62782190546972,271.549267304071,390.5,25.2106007273675
0.541912364541053,3.70267384537054,271.54618349935,391,25.2108582172289
-46.7125322655044,3.59433206180923,271.560537709104,391.5,25.1886627401597
-31.0367969185799,3.62919075209275,271.568178051422,392,25.1739155945673
-27.8549335103143,3.63610784251643,271.574291767954,392.5,25.160680312556
-0.35893918261694,3.69953208137305,271.571386355064,393,25.16050976247
14.6236690506328,3.73378493971399,271.565305011705,393.5,25.1674582042551
14.3219221348363,3.73343590532009,271.559127159918,394,25.174263270881
-8.75313704542734,3.6810280591844,271.557843105889,394.5,25.1701042145603
8.35036456480971,3.72027095544214,271.552849945493,395,25.1740718933871
-21.3919389580551,3.65203343160709,271.555729941379,395.5,25.1639075056397
31.4783116821628,3.77128177749699,271.548497745326,396,25.1788644371361
42.3660744618949,3.79453889638844,271.540861518603,396.5,25.1989946931644
-38.2108923561509,3.61494680774162,271.550193485013,397,25.1808387734582
-17.9648708357815,3.66069061647643,271.552319450798,397.5,25.1723027584029
-21.8068817595842,3.65162880132284,271.555571721089,398,25.1619412104291
-25.445156966994,3.64298045320572,271.560292827065,398.5,25.1498509346382
7.35273663466083,3.71818276592399,271.555663371311,399,25.1533445901832
-15.8974951362398,3.66496165930316,271.55658927104,399.5,25.14579088946
-30.4958424712157,3.63115971541385,271.563304987546,400,25.1313007785743
-29.5145818091242,3.63297677380346,271.569874201798,400.5,25.117276914057
18.5126550197029,3.742685700104,271.563636833599,401,25.1260732089709
26.3208039485135,3.76014871379324,271.556222521303,401.5,25.1385795487506
-7.48151252439907,3.68452527435542,271.554387761696,402,25.1350247052937
-53.6413580480809,3.57921528443352,271.572270345462,402.5,25.1095369940784
-12.8385027520349,3.6713423780004,271.57304202345,403,25.1034367747236
-33.6405732685008,3.6232618648883,271.581151342149,403.5,25.0874524438307
27.5699158173242,3.76224454014948,271.574155123419,404,25.1005522995792
-21.6835207338978,3.65097730559331,271.576903186061,404.5,25.0902493666426
18.5467407251182,3.74277523509842,271.570538165281,405,25.0990618573921
18.7291641614816,3.74352778837962,271.563758062253,405.5,25.1079610267051
7.96137456920351,3.71976670834322,271.558505368847,406,25.111743876791
20.4372712683319,3.74781310386517,271.55169730699,406.5,25.1214546538307
-54.4888149718935,3.57812501686437,271.569497109814,407,25.0955642731431
29.2896595933102,3.76671805821725,271.562799303051,407.5,25.109481265786
-39.5529368182248,3.61128632861332,271.572859346018,408,25.0906876731547
-20.7178539400392,3.65373714801726,271.575936847676,408.5,25.0808435771542
-9.07449919239225,3.68039923691751,271.575012833693,409,25.0765318254899
32.4665441738533,3.77330816585356,271.567574012312,409.5,25.0919583160221
-4.71555354247437,3.69104138358382,271.564890478082,410,25.0897177190036
-21.4363347709175,3.65250810782732,271.567701043324,410.5,25.0795322365692
-32.9069154987452,3.62590365217065,271.575344421453,411,25.0638965034383
-30.3889385345728,3.63116282926125,271.582151941259,411.5,25.0494571879978
-21.7732010934075,3.65057038970644,271.585564839298,412,25.0391116434051
-12.0334591530662,3.67286870997563,271.58557348758,412.5,25.0333939408156
-14.1437285244144,3.66790785939204,271.58612303148,413,25.0266735429499
-12.5098932590179,3.67158420020708,271.586184764803,413.5,25.0207294625179
-2.1351075354979,3.69549551161508,271.583345773071,414,25.0197149653788
-11.3246480232849,3.67434028929313,271.582893627017,414.5,25.0143340546611
-57.2741302463786,3.56945994168617,271.603102689289,415,24.9871202303854
-47.8585468471452,3.58941625948465,271.618977913502,415.5,24.9643802240617
-13.9828026443218,3.66659193850472,271.620110687366,416,24.9577362901878
35.7836513638225,3.77846120934842,271.612400600104,416.5,24.9747389054343
-6.10445445280727,3.68558654633173,271.610087057761,417,24.971838371632
20.9150607498956,3.74696469993278,271.603187714101,417.5,24.9817761705215
-18.3029220952736,3.65779929695498,271.604713036133,418,24.9730795302847
-20.3762162697384,3.65278981236559,271.607422399041,418.5,24.9633977635501
16.8946548706979,3.73809387831235,271.601140721772,419,24.9714252650918
8.22364463262299,3.71892612314066,271.595770852092,419.5,24.9753327328958
-14.2275636963998,3.66749243871334,271.596031073119,420,24.968572500717
17.258801268254,3.73932446091657,271.589663751383,420.5,24.9767730265548
-12.4865877738202,3.6717899455018,271.58927762463,421,24.9708400197327
-10.2561681660183,3.67684113005004,271.588543719323,421.5,24.9659667976163
-12.5273103126012,3.6715155908645,271.588480610209,422,24.9600144414648
-10.865120925183,3.67526117838595,271.587951347496,422.5,24.9548518752186
2.63826579878702,3.70632240917506,271.583966455521,423,24.9561054481936
-36.7261618913365,3.61572580471431,271.593100057532,423.5,24.9386549987196
5.06330956530781,3.7115461081066,271.588958472154,424,24.9410608321416
-32.8110938408613,3.62432594226721,271.596356626754,424.5,24.9254706287071
-8.61798141938865,3.67981347634778,271.595477544106,425,24.9213757916323
-22.379068486243,3.64786842832453,271.598844641498,425.5,24.9107423689226
-3.41105968780499,3.69160395852615,271.596428381637,426,24.9091216026441
-24.593910339443,3.6425413209158,271.600594780821,426.5,24.8974357970046
28.2972119604372,3.76267772286875,271.593366191484,427,24.9108812277858
-41.549719658332,3.60401346887081,271.604607489584,427.5,24.8911388630459
-27.9783669646807,3.63441962507312,271.610647401635,428,24.8778449315829
-1.5752373861138,3.69532891720342,271.607849829219,428.5,24.8770964569534
-20.32006704526,3.65190886226833,271.610410587603,429,24.8674413695437
-32.0909942886726,3.62442626997603,271.617958278994,429.5,24.8521933216791
-27.5188793383562,3.63452780397565,271.623787972144,430,24.8391177159326
28.6450371163182,3.76252281718276,271.616475729676,430.5,24.8527284159659
-19.9928508830361,3.65234677237834,271.618612604663,431,24.8432288054374
-23.9145169316211,3.64300427388679,271.622755859546,431.5,24.8318658138281
0.508345315090583,3.69949686166718,271.61939804799,432,24.8321073542936
-65.3159935850148,3.54898465160924,271.644606284201,432.5,24.8010724356633
-39.114589302321,3.60662368173477,271.65632506385,433,24.7824871240172
-19.1889173392845,3.65228153020669,271.659154591545,433.5,24.7733695028109
-24.8566581791432,3.63887126259485,271.663874446899,434,24.7615588524377
2.62990867991157,3.70279631129893,271.660051371429,434.5,24.7628084545245
2.93659959059117,3.70369463311635,271.655812612513,435,24.7642037809115
14.175349354735,3.72955359312344,271.649507887786,435.5,24.7709392034265
-5.21316544746892,3.68533306081623,271.647113709406,436,24.7684621659263
-4.59329692975667,3.6868165148654,271.64475138321,436.5,24.7662796591828
-6.75015594772361,3.68184698997278,271.642970494635,437,24.7630723200752
14.8481032727813,3.73147224232738,271.636696834368,437.5,24.7701274018644
-11.349810405174,3.67151531722461,271.636036853903,438,24.7647345352316
-14.8504544231177,3.66327496262339,271.636781693723,438.5,24.7576783362924
-3.20503649884078,3.69026997118489,271.634169509076,439,24.7561554620087
-19.4688275253662,3.65244111417037,271.636429347865,439.5,24.7469048413733
-36.03559354103,3.61379432115333,271.645778045089,440,24.7297825157077
-15.5022283130751,3.66098287125848,271.647155224959,440.5,24.7224166261625
-24.9883364542861,3.6386994668636,271.651765445093,441,24.7105434088079
-0.48301115747368,3.69562986488532,271.648642712608,441.5,24.7103139058769
8.04273776470489,3.71540720735481,271.64339850749,442,24.7141354157153
-12.2457542420985,3.66860336553665,271.643128035234,442.5,24.7083168410354
-1.75644710840274,3.69297649821676,271.640131405001,443,24.7074822645389
-21.1060795552562,3.64791949046942,271.643013696544,443.5,24.697453702993
-9.62138402757811,3.67452274398236,271.642290903292,444,24.692882098796
-18.8734214602793,3.65285562187739,271.644478456464,444.5,24.6839143855738
11.9844659041022,3.72424393864313,271.638775061265,445,24.6896088090028
5.70860906930318,3.71020017266648,271.633859691544,445.5,24.692321256724
-31.4005635471867,3.62410200828168,271.640787108504,446,24.6774012672828
-40.6588605138258,3.60228056342441,271.65258784617,446.5,24.6580821945965
-6.68395563884535,3.68075729192001,271.651318957386,447,24.6549063105903
5.761979066313,3.70967436672886,271.646582007397,447.5,24.6576441170854
12.7211749883291,3.72577045811105,271.640478325571,448,24.6636885881096
4.22989569916749,3.70665716117542,271.635846146035,448.5,24.6656984246234
17.8494703808496,3.73774546535992,271.629084683473,449,24.6741796071096
-29.70449233691,3.62830941140251,271.6350792005,449.5,24.6600655065344
-26.5527072154114,3.63517508018955,271.640390422819,450,24.6474489778312
17.2188599785975,3.73606556636686,271.634043147179,450.5,24.6556305255504
-10.4969253569908,3.6727242134037,271.633108543108,451,24.6506429075652
-27.6701272430596,3.63259646837929,271.638614870572,451.5,24.6374954363206
4.50254361355842,3.70714810109383,271.634391994309,452,24.6396348215922
17.3938889386908,3.73660369437293,271.627681997023,452.5,24.6478995343868
9.63573367556632,3.71942522898251,271.622003856196,453,24.6524779568244
13.3635590084119,3.72809432201834,271.61582307735,453.5,24.6588276568545
-6.36203512525679,3.6830916100867,271.613701696997,454,24.6558047335
-25.9172966095766,3.6375636576547,271.61833436057,454.5,24.6434901203823
-6.77599956140527,3.68177627053464,271.616799234138,455,24.6402705016721
13.3933085528116,3.72810592906467,271.610789871116,455.5,24.6466343372093
-25.4882395572021,3.63852428684069,271.615059973662,456,24.6345235907096
3.9772806778493,3.7066375490777,271.610933383779,456.5,24.636413397102
15.2173309296574,3.73233853272261,271.604573861788,457,24.6436439175496
-9.99021329894606,3.67477664512687,271.603474755811,457.5,24.6388970639872
-10.5762456880082,3.67333037069537,271.602820722569,458,24.6338717569173
25.693575181935,3.75567852431922,271.595594414337,458.5,24.6460800687154
-1.34088877701222,3.69517178366681,271.592114881681,459,24.6454429449146
10.2877163364159,3.72184721439282,271.586583897706,459.5,24.6503311571559
-13.8276252224404,3.66650068282251,271.586680356871,460,24.6437609558916
-18.4696760565121,3.65554657151063,271.588598746696,460.5,24.6349850824481
-15.1103430721353,3.66312342498553,271.589473696751,461,24.6278053973208
4.12102723207905,3.70751284493008,271.585228147674,461.5,24.6297635049419
-27.1904269426284,3.63505537540554,271.590259864406,462,24.6168439634733
-8.97301117475051,3.67702932648323,271.589392813554,462.5,24.6125804338783
-33.7816264355882,3.61935456959826,271.597444897058,463,24.5965290815206
-31.8233509042581,3.62333424281576,271.605042760675,463.5,24.5814082045095
26.600336575307,3.75695138756434,271.597963003461,464,24.5940473643208
-1.1918236346053,3.69472666912934,271.594471774624,464.5,24.5934810688778
-11.771484475359,3.67020824505877,271.594118282221,465,24.5878878436538
3.4082842456622,3.70531376370123,271.589979961145,465.5,24.58950729118
-6.81948215462624,3.68178586150554,271.588145401754,466,24.5862670116994
0.0534935798797207,3.69769814569688,271.584693452994,466.5,24.5862924291938
8.15370908415758,3.71637957365025,271.579527460417,467,24.5901666670959
-1.92942504022792,3.69340758814246,271.576389056115,467.5,24.5892499000708
-8.31635800373842,3.67863868781791,271.575027918955,468,24.5852983794741
-9.22351153348593,3.67647389249936,271.574007206081,468.5,24.5809158245406
-34.9633597776652,3.61665468740664,271.582576459257,469,24.5643029711461
21.4915235159856,3.74606160256449,271.576030264428,469.5,24.5745146765333
-12.103398370278,3.66966888856797,271.575576088612,470,24.5687637422987
-12.4131765027174,3.66882920954785,271.575568135519,470.5,24.5628656168694
-49.3730352796152,3.58347721542001,271.591386510277,471,24.5394060008041
-7.86380762589085,3.67859095548997,271.590599092769,471.5,24.5356695096876
30.4343046914317,3.76515855658439,271.583063658235,472,24.5501303808744
-21.3467553811107,3.64775721140943,271.585663471329,472.5,24.5399874621203
5.72541528535815,3.71036480849416,271.581195700667,473,24.5427078953213
-34.2141660879816,3.61784072274308,271.589295034639,473.5,24.526451021587
7.51660430936202,3.71421045577759,271.584661119793,474,24.5300225389186
7.26070458709206,3.71382709350323,271.579586183361,474.5,24.533472465402
-6.21372086144788,3.68291079994905,271.577569999617,475,24.530520013625
-29.1430618751014,3.62950419630864,271.583604590149,475.5,24.5166726769424
23.5361527321051,3.75021577118215,271.576789404158,476,24.5278558886616
-26.0213142104506,3.63686016736749,271.58123293189,476.5,24.5154918515422
-52.9952189999005,3.57468993195922,271.599282479937,477,24.4903111535358
-2.85504580384075,3.6897117997756,271.597207724647,477.5,24.4889545774609
-2.53133531106986,3.69053175740891,271.594365595915,478,24.4877518125469
-10.1213221928342,3.67290283881125,271.593599494635,478.5,24.4829426625448
-3.15167781443464,3.68909464742928,271.59099322336,479,24.4814451416598
4.41032711145635,3.70664944383419,271.586576543046,479.5,24.4835407102262
-13.4606033595213,3.66526706042038,271.586757001565,480,24.4771448995365
-3.07896496376067,3.68936057509488,271.584174371542,480.5,24.4756819281895
-12.4843152492574,3.66746979034051,271.584137968167,481,24.4697500011583
-33.6666284981301,3.61798747057971,271.592322650313,481.5,24.4537532901134
-16.773467348031,3.65684711567933,271.594143370042,482,24.4457833708682
-5.88730422724147,3.68215931124758,271.592377371325,482.5,24.4429860160763
-33.1120565634538,3.61856398699256,271.60033013259,483,24.4272528100922
-38.6291638824301,3.60528021039204,271.611300322634,483.5,24.4088981485148
-20.4432108523934,3.64705804404972,271.614621318114,484,24.3991845492794
1.50240682827418,3.69828912270128,271.611065346467,484.5,24.3998984184423
-10.7650987970575,3.66975268459177,271.610539015665,485,24.3947833777475
-8.47221256644483,3.67508140673336,271.609458243147,485.5,24.3907578027974
-42.3655270634358,3.59590104145577,271.62200960435,486,24.3706278068657
-39.8062064339847,3.60107460073176,271.633882655369,486.5,24.3517138730824
-17.4838924313911,3.65270228039376,271.636231380817,487,24.3434063950948
-17.5909358618351,3.65229922619521,271.638302139291,487.5,24.3350480553813
38.5215448903829,3.77972267357313,271.630399734859,488,24.3533515817547
6.28470047058493,3.70889813420294,271.625197747437,488.5,24.3563377595193
-0.290897681228401,3.69384389237931,271.621695675821,489,24.356199539378
17.3180768353432,3.73433983368199,271.615059018354,489.5,24.3644282300235
-7.7843608360411,3.67681481056232,271.613408522379,490,24.3607294880788
-15.258647287642,3.65924332251295,271.614347323673,490.5,24.3534793361483
17.4170617728177,3.73473926447691,271.607885288319,491,24.3617550595237
-23.3204824576674,3.64060190045824,271.611450308107,491.5,24.3506743236156
-29.6035902599281,3.62558893975737,271.618080334301,492,24.3366081666998
0.416619508970458,3.69553027433919,271.614855075384,492.5,24.3368061236143
-22.6499834131024,3.64156003032914,271.618408503418,493,24.3260439755765
-30.1711857538299,3.6236513559168,271.625360949489,493.5,24.3117081254507
-21.2654455947476,3.64409348380284,271.628851097255,494,24.3016038410719
-19.8619106809184,3.64714784540514,271.631715225762,494.5,24.2921664468291
-62.9333520099649,3.54754960279876,271.656335424747,495,24.2622636412289
-24.5198713627466,3.63490894674555,271.661793275146,495.5,24.2506130152367
1.10029375105539,3.69511208213004,271.658367206027,496,24.2511358202215
36.7989525070726,3.77536448217447,271.650194736954,496.5,24.2686208561836
-22.6142816685959,3.64019780875998,271.653441370082,497,24.257875671843
-1.86384574755005,3.68881593158577,271.650648016803,497.5,24.2569900648432
32.8804940468536,3.76743002695256,271.642681338454,498,24.2726132438114
-8.85444832114992,3.67316110805833,271.641193054964,498.5,24.2684060494004
-19.7175513979301,3.64753967691612,271.643710522385,499,24.2590372475245
-3.10787668970015,3.68638375733837,271.64117980224,499.5,24.2575605387602
-6.07094762408258,3.67949365333285,271.639249923521,500,24.25467592574
