curr_dens,Volts_tot,Temp_tot,t_tot,SOC_tot
-16.4442027976265,3.91293623956095,289,0,72.9999999999999
-16.4442027976265,3.91271662140535,289.001671957479,0.5,72.9921865309283
-48.3034379965517,3.85867057931284,289.010240919044,1,72.9692351344096
14.6410046849951,3.96522902424031,289.010062810223,1.5,72.9761918132278
-17.3785510423124,3.91054407844453,289.011814264645,2,72.9679343882404
-14.152139143819,3.91586583611722,289.013294630432,2.5,72.9612099940657
7.68843969830715,3.95318029746059,289.012964609275,3,72.9648631590462
26.1264876568157,3.98485455372307,289.012749535693,3.5,72.9772771693677
-33.2509439934422,3.88369342613805,289.017309283931,4,72.9614779709697
0.493754979567877,3.94089202667361,289.017442854064,4.5,72.9617125788317
-39.3908418190585,3.87296111452542,289.023588644023,5,72.9429960056996
-12.1987612417275,3.91868980518111,289.024975742996,5.5,72.9371997597613
25.659845868702,3.98345378068492,289.024752145158,6,72.9493920450637
-2.74518654642169,3.93514487964725,289.024782289267,6.5,72.9480876686558
-41.6678706104252,3.86890912726241,289.031518494384,7,72.9282891644471
-22.3070354162521,3.90115816341395,289.034421747276,7.5,72.9176899682774
3.22957133666148,3.94466381549444,289.034274138009,8,72.9192245002985
26.9638876583283,3.9853760167364,289.03399888108,8.5,72.9320364015419
-18.2332853570677,3.90834397833035,289.03579603944,9,72.9233728492271
-13.1205041360912,3.91687865356452,289.03710837346,9.5,72.9171386368099
1.71518884691457,3.94218551271213,289.036978505142,10,72.917953609428
-61.3231652639253,3.83576231350189,289.049659611813,10.5,72.8888158846587
-12.0061889311584,3.91797560823858,289.051202457347,11,72.8831111395253
-2.5950764149863,3.93402865913613,289.05135471411,11.5,72.8818780880021
18.0122056575072,3.96939255426969,289.05071765263,12,72.8904365942155
-3.56682399441245,3.93266114093041,289.05078841859,12.5,72.8887418164688
6.23115802990008,3.94946510523743,289.050335632739,13,72.8917025535228
-13.2479253141026,3.91617599401792,289.05150080218,13.5,72.8854077968855
15.8265305678454,3.96588743692318,289.050922921354,14,72.8929277787676
-0.035471392099943,3.93891772471067,289.050722166745,14.5,72.8929109245225
-3.91762863928975,3.9322801893251,289.050895325203,15,72.8910494618184
-46.4834621209523,3.86000688520914,289.058943897186,15.5,72.8689628275134
-1.41171382199819,3.93600278380379,289.059224890509,16,72.8682920511662
-13.9035077984643,3.91462473945624,289.060517844862,16.5,72.8616857942677
-25.5732849401763,3.89458600774984,289.06378492483,17,72.8495346384227
-10.4295851346291,3.9201718107908,289.064797113797,17.5,72.8445790171692
2.09108954819731,3.94157298778449,289.064558843973,18,72.8455725991453
-21.7024484040212,3.90091181448673,289.067037834191,18.5,72.8352606727192
2.58446842748866,3.94227734085441,289.066835097096,19,72.8364886838532
26.2645693680051,3.98288410772293,289.066369239919,19.5,72.8489683037511
-11.0931886339086,3.91927871141495,289.067151422522,20,72.8436973710483
-21.5563874232294,3.90129279058346,289.069645204578,20.5,72.8334548455515
8.95245982690139,3.95330875987756,289.069144304749,21,72.8377086101659
-12.8273156320351,3.91612131627065,289.07021557682,21.5,72.8316137063754
-2.31811249292665,3.93400396451626,289.070289743049,22,72.8305122543627
-28.2461508944134,3.88972269862328,289.073982159809,22.5,72.817091085266
-23.2454444238207,3.89790430843483,289.076920158596,23,72.8060460037076
17.8110271485971,3.96796822168485,289.076302992877,23.5,72.8145089198777
-32.2445735704928,3.88267487575462,289.080748667628,24,72.7991878987602
-20.7582506545316,3.9018211591433,289.083288478523,24.5,72.7893246082457
-24.143796680809,3.89585042268501,289.086359790994,25,72.7778526742784
-21.9447166876992,3.89935562013279,289.089073211142,25.5,72.7674256339873
-53.6434343841922,3.84580922344001,289.099667289865,26,72.7419369362001
-35.4855173030562,3.87556167157851,289.105539537636,26.5,72.7250759794634
-0.414683669463862,3.93507188553823,289.105588453543,27,72.7248789423637
2.70601176380495,3.94052299982364,289.105163331077,27.5,72.7261647048591
43.4300350823915,4.00999792555442,289.105907515099,28,72.7468005021717
15.5143887621046,3.96319307083861,289.104897555168,28.5,72.7541721697588
-46.7433025974494,3.85746639301127,289.113003238832,29,72.7319620721549
2.95814543894101,3.94137310900465,289.112851179757,29.5,72.7333676360598
-36.1843272546027,3.87471096276933,289.118302282305,30,72.7161746395149
10.4839917165806,3.95398093153447,289.1177073802,30.5,72.7211561120759
-40.3051894507493,3.86758401287267,289.124160880472,31,72.7020050863267
-0.295976997568699,3.93525406883372,289.124165496898,31.5,72.7018644527463
-0.0248475347347554,3.93578940478381,289.123870480402,32,72.701852646431
3.11957986218493,3.94124654037218,289.12335345695,32.5,72.7033349159621
-9.85985218809202,3.91909697922073,289.124007531859,33,72.6986500035299
-34.136503477788,3.87770285619914,289.129049761171,33.5,72.6824300312137
9.39041507271583,3.95166008946237,289.128439411162,34,72.686891890426
10.798728532293,3.95425338865294,289.127523167096,34.5,72.6920229103021
-1.04168855396215,3.93414762341826,289.127234089016,35,72.6915279515985
-18.3733796178963,3.90452276316309,289.129088535191,35.5,72.6827978334435
-8.21115062196203,3.92171382586554,289.129661624577,36,72.6788963021734
-32.0233859552996,3.88109490790125,289.134198564186,36.5,72.6636803784334
-13.8168122982434,3.91172705512966,289.135601891935,37,72.6571153149341
-2.85786995024783,3.93039139232181,289.135597795814,37.5,72.655757396965
15.9127941432952,3.96257792075386,289.134637778656,38,72.663318367017
-41.5419283993936,3.86491777246405,289.141358631565,38.5,72.6435797042967
2.15100126324814,3.93880031912336,289.141144702511,39,72.6446017533465
5.00679533497846,3.94378856881992,289.140457929373,39.5,72.646980734011
-34.6854969147858,3.87619793339728,289.145524437663,40,72.6304999072591
22.8282523979663,3.97400695671623,289.144814111472,40.5,72.6413467598714
-38.9469117634724,3.86900294426375,289.150824761752,41,72.6228411202702
-37.3051754834163,3.87131264404807,289.156873120952,41.5,72.6051155522727
9.4799921107833,3.95072092024708,289.15620143204,42,72.6096199740479
-34.2897401514506,3.87620261300865,289.161192294575,42.5,72.5933271912693
-64.0586980063887,3.82634864971488,289.175553071865,43,72.5628896771006
-54.3422118023888,3.84154745653614,289.18698561723,43.5,72.5370689549634
-4.6600115829896,3.92504284966892,289.187445628556,44,72.5348547487276
29.4995505829274,3.98351620822719,289.186578429086,44.5,72.5488714711522
-33.465081038134,3.87649126015334,289.191330335151,45,72.5329705254578
-36.8989552657418,3.8703537801098,289.19733471929,45.5,72.5154379731477
0.155774303245574,3.93315383465714,289.197130201392,46,72.5155119893658
-25.3684900753174,3.88962418799805,289.20028966647,46.5,72.5034581418769
-23.3684931893661,3.89280520533647,289.203239304286,47,72.4923545936518
-28.1557207227042,3.88447701799651,289.207160426807,47.5,72.4789763924848
19.453086715615,3.96564749034712,289.206087377846,48,72.4882195338685
-12.0370672626586,3.91207502136043,289.206856927854,48.5,72.4825001168844
-10.791488265718,3.9141448332707,289.207621385774,49,72.4773725372237
-27.5318945904981,3.88555410125287,289.211264268588,49.5,72.4642907472753
23.6005777638263,3.97268788376702,289.210239161496,50,72.4755045705722
9.4103197819245,3.94883146864755,289.209055643591,50.5,72.4799758875145
-28.2806500194983,3.88462984563872,289.212661251683,51,72.4665383261456
-25.4343464393274,3.88916529613604,289.215952352521,51.5,72.4544531869809
9.21789384273438,3.94816625699171,289.215026138099,52,72.4588330726666
-8.19158357664134,3.91854783656196,289.215296152409,52.5,72.4549408386853
-18.7367724943844,3.9005009120345,289.217191992639,53,72.44603805427
-39.7296063867235,3.86478772353468,289.223744258917,53.5,72.4271605170277
5.53824414280606,3.94145862646165,289.223096384252,54,72.4297920157908
29.3634424647521,3.98224952422795,289.222061285255,54.5,72.4437440663924
-49.5619651098077,3.84859148288366,289.231067429195,55,72.420194680248
-26.4604042476808,3.8868290806653,289.234741161195,55.5,72.4076220093343
-29.5608377636703,3.88132258288125,289.238907651798,56,72.3935761662829
-26.2394770189247,3.88667423860236,289.24241085959,56.5,72.381108469024
-18.9772806952711,3.898805588604,289.244512637936,57,72.3720914070477
14.9681387648998,3.95675809231361,289.243281056271,57.5,72.3792035237456
-7.94955858201339,3.91781369465653,289.243457236227,58,72.3754262880305
-3.49086861161593,3.92543225019822,289.243252480461,58.5,72.3737676005121
-4.16358174629279,3.92431952490024,289.243086350535,59,72.3717892730977
-10.3057066536581,3.91383684902398,289.243648139193,59.5,72.3668925127506
-40.3720167123733,3.86277317337573,289.250306635111,60,72.3477097340032
-26.7647340056532,3.88529801205965,289.253989440788,60.5,72.3349924606918
-13.9063674117233,3.9069609466487,289.255244660656,61,72.328384845047
-5.1233564738752,3.92191399728788,289.255246174665,61.5,72.3259504803141
-12.1999628817162,3.90984079039351,289.256085774285,62,72.3201536634161
-10.3194837905057,3.91299609662464,289.256705546734,62.5,72.3152503568572
21.8602555098686,3.96797383146035,289.25536500673,63,72.3256372653883
-10.6048177169272,3.91283389049182,289.255810134075,63.5,72.3205983823082
-25.2674150290005,3.88778243961628,289.258893635822,64,72.3085925606652
-21.6703735105574,3.89364953699383,289.261405058929,64.5,72.2982958746366
-59.2645027398342,3.83047451600198,289.274109191023,65,72.2701363241309
11.4990029814686,3.94951831667834,289.273215659813,65.5,72.2756000796718
23.5086022759319,3.97023861721443,289.271723560192,66,72.2867702007814
-8.58458926979985,3.9157848443811,289.271870709509,66.5,72.2826912299989
0.396975918178109,3.93111578862478,289.271234038344,67,72.282879853254
-19.644329042354,3.89695586483652,289.273155560653,67.5,72.2735458430076
-31.1459678328775,3.87725956756254,289.277560585927,68,72.2587468248147
-24.1931854238382,3.88872396015037,289.280596421526,68.5,72.2472514237679
-5.49341294390231,3.92041755248412,289.280652354518,69,72.2446412265656
5.36520552352166,3.93902397830009,289.279614958347,69.5,72.2471905059644
-29.0238294780275,3.88050740936683,289.283390946829,70,72.2333998225996
-25.3415729366133,3.88645922039407,289.286642668136,70.5,72.2213587647992
-11.586456777973,3.90966812243774,289.287484320514,71,72.2158534555544
-1.35600152665719,3.92711882793215,289.287005554751,71.5,72.2152091509249
-24.1580934588437,3.8882735932208,289.289821230826,72,72.2037304238383
-38.2099647007023,3.86430095847148,289.296076381095,72.5,72.1855749449079
-16.6046058181278,3.90052649807834,289.297815792031,73,72.1776852602814
-32.4937478242216,3.8734369489824,289.302627351897,73.5,72.1622458439246
-10.3967325274381,3.9107296877273,289.303372823094,74,72.1573058325997
-36.8003927247894,3.86585517779819,289.309236448625,74.5,72.1398201123176
3.82020343564121,3.93469740941868,289.308479404755,75,72.1416352834
-15.7605565882197,3.90137037698655,289.309772866836,75.5,72.1341466490789
7.07272262792108,3.94033233261437,289.308627182164,76,72.1375072558645
-9.75899498980256,3.91172768781488,289.308976815215,76.5,72.1328702657676
-4.7358485957412,3.92028823149923,289.308797156334,77,72.130620025547
-20.9987678980214,3.89255962444724,289.311020265799,77.5,72.1206424531749
-30.8112740506106,3.87573439257735,289.315431081442,78,72.106002464857
-25.0794887448231,3.88514980703196,289.318687195961,78.5,72.0940859364577
1.00693033548234,3.92947623924803,289.318035498108,79,72.0945643797809
-22.6632216017045,3.88917304830499,289.320566218836,79.5,72.0837959416128
-35.8985565078259,3.86657883160576,289.326274769852,80,72.0667387291444
1.1824229060292,3.92936928937365,289.325683033459,80.5,72.0673005578277
-27.4678025686268,3.88061347605862,289.329224822296,81,72.0542492212274
-15.9179239557537,3.90001996940679,289.330745078477,81.5,72.046685813743
-6.06205570778985,3.91677463129539,289.330750167543,82,72.0438054257201
-36.1510637295008,3.86564883530356,289.336417963185,82.5,72.0266282343515
-5.9855905861993,3.91659170814093,289.336569339225,83,72.0237841787596
-7.62438477397117,3.91383073564257,289.336695331502,83.5,72.0201614495002
-2.08350431053923,3.92332192040823,289.336178808271,84,72.0191714716526
-30.0433972479956,3.87575469387551,289.340303215005,84.5,72.004896340283
-21.5696151895253,3.88984845781857,289.342852307733,85,71.9946475296081
9.3225085654146,3.94246586789407,289.341533058813,85.5,71.9990771230182
-11.912029053054,3.90638424261684,289.342138835685,86,71.9934171179859
-32.4314801481666,3.87145853739305,289.346886469152,86.5,71.9780072881385
-21.5093166677828,3.88965664057043,289.349438448047,87,71.9677871283287
0.322610962069968,3.92677885387787,289.34875861007,87.5,71.9679404170472
-8.30096154048627,3.91214474140641,289.348902904271,88,71.9639962120857
-14.6127269383088,3.90136348452145,289.350024922134,88.5,71.9570529694494
-15.4837533493373,3.89979309603014,289.351333654381,89,71.94969585829
15.9699013688253,3.95342705797237,289.349702868601,89.5,71.9572839628615
-0.409508567747936,3.92574907582893,289.348844862999,90,71.9570893847134
-10.9061148949589,3.90789182182215,289.349315987828,90.5,71.9519073401671
-56.0672906102108,3.83184134528762,289.360943634037,91,71.9252669461932
-23.0582201529952,3.88650014836174,289.364002201158,91.5,71.9143108243166
0.205531696265659,3.92602479751805,289.363311161205,92,71.9144084827785
-8.29138113673093,3.91161165205296,289.36342595759,92.5,71.9104688299494
-13.1521599716139,3.90330928693846,289.36429063693,93,71.9042195762502
7.20531692065845,3.93802531343916,289.362969641489,93.5,71.9076431852633
-22.9566406772436,3.88674190975513,289.365459781896,94,71.8967353289124
-22.956395960414,3.88653748121477,289.36816418582,94.5,71.8858275888388
-8.71603620509577,3.9106100557508,289.368481555501,95,71.8816861609961
35.7872553177722,3.98630131786314,289.367222704633,95.5,71.8986904886627
4.73312204682867,3.93411215475656,289.365813353822,96,71.9009394333626
-32.0132697277904,3.8717040697492,289.37022034094,96.5,71.8857283163519
-1.82094753018429,3.92270996178553,289.369750348585,97,71.8848630924561
5.5669390854881,3.93538203794178,289.368441827681,97.5,71.8875082256318
-17.0205839792864,3.89698318335492,289.36977795144,98,71.8794208888274
-19.2093301486498,3.8931132405313,289.371652581777,98.5,71.870293568467
-24.7848899617926,3.88347758505075,289.374642910654,99,71.858517018789
-28.6054999377702,3.87677286070991,289.378527881418,99.5,71.8449251048608
-48.3665981137171,3.84334476405496,289.387830022045,100,71.8219436977889
-32.9836631618901,3.8685728275817,289.393054829895,100.5,71.8062714979773
10.2310940588317,3.94189772587364,289.391640396207,101,71.8111328061224
-31.1468594121572,3.87164065675349,289.395939426667,101.5,71.7963333642952
33.7486767673965,3.98174638636869,289.394571501081,102,71.8123690606058
-27.2687931439922,3.87847089645515,289.397800701116,102.5,71.7994122834075
-8.08757913066492,3.91084346841089,289.397997573113,103,71.7955694671773
-25.0400815036834,3.88197949041281,289.400978999666,103.5,71.7836716631433
-8.9415593340119,3.90915978825218,289.40127917135,104,71.7794230779022
-12.2924454760635,3.90343143859412,289.401948805661,104.5,71.773582317865
-62.8001838728198,3.81874119370848,289.416139965054,105,71.7437427871547
-26.9648266835378,3.87771205111767,289.42010265348,105.5,71.7309304397331
6.77115335298702,3.93503440093111,289.418780314741,106,71.7341477557656
-18.6018071673367,3.89192946263208,289.420431353429,106.5,71.7253091001757
-16.6377455931666,3.89515205333492,289.421894649086,107,71.7174036691727
1.21369359061411,3.92553233979686,289.420932445125,107.5,71.7179803561334
-2.92873565262185,3.91858150590398,289.420273574075,108,71.7165887662995
-13.2216640512228,3.90107941333542,289.421026620276,108.5,71.710306487711
9.77693936208274,3.94026528203908,289.419405735122,109,71.714952004083
2.26376624179547,3.92765972435918,289.418172868445,109.5,71.7160276334542
31.1010389959879,3.97674541530635,289.416415569763,110,71.7308053036936
17.983091916896,3.95499123845773,289.414342944878,110.5,71.7393499765023
-2.27770559824716,3.92075651600409,289.413486215382,111,71.7382677238407
30.7682261503719,3.97689934707821,289.411826149885,111.5,71.7528872579327
-10.1421295103901,3.90780102037665,289.411851818638,112,71.748068221326
-3.37519430995104,3.91923635958007,289.411256173103,112.5,71.7464644964951
-14.9216984916792,3.89957036535599,289.412167035892,113,71.7393744459102
9.96391284590806,3.9418240179596,289.410575473756,113.5,71.7441088028026
-13.173988659288,3.90257469061765,289.411137260125,114,71.7378491771943
-21.8035319048395,3.88779413492695,289.413334381414,114.5,71.7274892209052
-22.4707618114916,3.8864370902393,289.415745599586,115,71.716812230078
7.91088106554323,3.93794602886379,289.414301481085,115.5,71.7205710881568
3.36758996374637,3.93036602058738,289.412977759833,116,71.7221711997798
-12.1103813311834,3.90408776947176,289.413424526506,116.5,71.7164169475888
-15.8895545955365,3.89756076070243,289.4145677303,117,71.7088670198165
16.0465034966003,3.95180820721703,289.412767007101,117.5,71.7164915219175
5.96058608333643,3.93490266030479,289.41122268182,118,71.7193236966106
-20.1840432468636,3.8905190575597,289.412982501099,118.5,71.7097332409593
-21.8639240620062,3.88746030519713,289.415247007256,119,71.6993445893143
-9.80537269261355,3.90773664661025,289.415536577083,119.5,71.6946855628347
-27.6270644847922,3.87742723207439,289.418946254266,120,71.6815585528756
-10.3602542100896,3.9064539171297,289.41937102633,120.5,71.6766358742368
23.8575278793742,3.96462434401101,289.417486975845,121,71.6879717874766
-7.19197574868827,3.91216914727815,289.417154329767,121.5,71.6845545175263
-3.52864492788968,3.91837619726927,289.416552713902,122,71.6828778805772
15.9003985436049,3.95146529310567,289.414676545476,122.5,71.6904329608555
-11.7991114914474,3.90455499635625,289.414994196052,123,71.6848266086445
-18.3746219086362,3.89327519443056,289.416538970836,123.5,71.6760959002147
6.52603724058094,3.93549054779703,289.41514552198,124,71.6791967492353
13.0707476227399,3.94675917372813,289.413296194747,124.5,71.6854073198267
-4.16439004480871,3.91762205168754,289.412645542047,125,71.683428608349
0.887902953274867,3.92621716683865,289.411589903865,125.5,71.6838504957673
-10.8510311492848,3.90627826161553,289.411845832217,126,71.6786946242833
-33.7328182321239,3.86744958224904,289.416614108557,126.5,71.6626664631617
-9.51629599708046,3.90808091585314,289.416947212805,127,71.6581447915814
-5.65208641501262,3.91460710733756,289.4166060318,127.5,71.6554592006204
-7.35642584583258,3.9116955550906,289.416449704353,128,71.6519637921453
-5.55179415964449,3.91473847198592,289.416082752417,128.5,71.6493258550867
-19.7430403793518,3.89059314063827,289.417852689355,129,71.6399449421119
-14.9275614678341,3.89858306123383,289.418898418898,129.5,71.6328521057318
-14.6695249858655,3.89890193347815,289.419874231267,130,71.625881875482
-20.2173258317284,3.88936439374955,289.421823695397,130.5,71.6162756055982
-60.1004337266058,3.82258176221052,289.434885946861,131,71.5877188621733
-24.3098325892412,3.88155310548445,289.438120628582,131.5,71.5761680361824
-27.8614118023431,3.87534250500742,289.44181417503,132,71.5629296760083
6.67204389283173,3.93387233891414,289.440434807628,132.5,71.5660999001441
9.3873746584163,3.93868441500292,289.43865897558,133,71.5705603147023
-19.0736464558832,3.89041528238995,289.440261055443,133.5,71.5614974644991
-14.5476324190196,3.89795136118563,289.441263755039,134,71.5545851515477
-24.1471240101285,3.88155852344763,289.444029358736,134.5,71.5431116365987
-10.8625492122387,3.9039182618192,289.444506390408,135,71.5379502923028
25.0507931589561,3.96497284009551,289.442523668296,135.5,71.5498531859838
11.2584513475938,3.9419672843826,289.440568278998,136,71.5552026433264
-13.4269966686355,3.90013517227138,289.441153967311,136.5,71.5488228008684
3.93643514857455,3.92960276410029,289.439851851619,137,71.5506931994925
-48.6182296141844,3.84093733880318,289.448796477943,137.5,71.5275922296196
12.5561622881327,3.94385021948966,289.447250286492,138,71.533558294798
23.3301921529427,3.96235011444132,289.445135313976,138.5,71.5446436442714
-46.8762342946301,3.8439026729867,289.453389189055,139,71.5223703841222
-11.4429034787985,3.90304492696982,289.454088334151,139.5,71.5169332842809
10.5940879951558,3.94051379353052,289.45232028392,140,71.5219670691296
-39.9787635804322,3.85499208052408,289.458675303016,140.5,71.5029711447541
-17.685846384088,3.89214456115136,289.460346534759,141,71.4945677082708
-26.0610590368814,3.87781263886413,289.463508303649,141.5,71.4821847863824
17.2862637234035,3.95130067330559,289.461585195517,142,71.4903983610159
6.72060538087852,3.93363899918661,289.4598595822,142.5,71.4935916591607
-20.8396515351873,3.88690124102187,289.461740408904,143,71.4836896909876
-9.55128318264681,3.90588986935287,289.461930580869,143.5,71.4791513952331
6.04631445295676,3.93241461468314,289.460397443339,144,71.4820243037929
-18.1317897525328,3.89141323689731,289.461778440349,144.5,71.4734089771523
-19.9931790756449,3.88809437611976,289.4636712131,145,71.4639092106829
14.178077679556,3.9460616315904,289.461789281361,145.5,71.4706459295624
-4.98649285064272,3.91369488213739,289.461157800312,146,71.4682765956309
-15.2376762124168,3.89625702617264,289.462097404674,146.5,71.4610364081146
-37.1153451595167,3.8591787401168,289.467855485992,147,71.4434010380662
-9.88910952391331,3.90483418461909,289.468233235119,147.5,71.438702224
1.2201811392447,3.92372240596319,289.46708347053,148,71.4392819935219
-13.6006736025212,3.89858467069715,289.467734358021,148.5,71.4328196284042
-0.0986126366940212,3.92148118815205,289.466733613316,149,71.4327727725732
31.8384819234972,3.97568668999578,289.464857885386,149.5,71.4479008390937
-29.0290887842847,3.87292132759798,289.468293974371,150,71.4341076567676
-33.1800352047337,3.86561037179008,289.473125088762,150.5,71.4183421507069
21.2817860235043,3.95769687722508,289.471196627769,151,71.4284541992465
4.38222326322739,3.92933743153823,289.469592817054,151.5,71.4305364142589
0.791046183707275,3.92333819487095,289.468375053184,152,71.4309122801471
12.3102423139199,3.9429917113489,289.466425584486,152.5,71.4367614963583
-2.28242262840345,3.91837543153778,289.465469649083,153,71.4356770023981
-20.6737973947582,3.88714510982627,289.467304070713,153.5,71.4258538398814
-44.2403263104212,3.84733380948251,289.47502351223,154,71.4048330323906
15.2533628298028,3.94751551430415,289.473274485908,154.5,71.412080673409
-41.9158683142426,3.85097178030107,289.480111462718,155,71.3921643329991
-9.10934406455378,3.90587874854816,289.480381904133,155.5,71.3878360247808
-1.01786232935795,3.91962438295156,289.479410340354,156,71.3873523871167
4.0817681143251,3.92837119392037,289.477924175036,156.5,71.3892918407534
-16.6416260982271,3.89323988652048,289.479016837719,157,71.3813845659271
3.75478961059973,3.92779653529508,289.477658104247,157.5,71.3831686556062
-6.78159862286679,3.90997844431653,289.477265457352,158,71.3799463764998
-27.5399832006018,3.87475060207724,289.480582261929,158.5,71.3668607432453
-33.8447852995578,3.86384674411584,289.485587838935,159,71.3507793809299
-0.377947899709095,3.92024141689527,289.484734900948,159.5,71.3505997988449
-32.457369481621,3.86591322085086,289.489220732454,160,71.3351776676711
8.46725064041638,3.93506081825432,289.487631379775,160.5,71.3392008849602
-27.6345813662236,3.87391639918868,289.490924312748,161,71.3260703033521
-5.68112470124957,3.91090648879036,289.49061634722,161.5,71.3233709148386
-1.58094557196024,3.91790755447211,289.489670009546,162,71.3226197279625
2.63809126410631,3.92515469565716,289.488287783243,162.5,71.3238732180072
15.1059252448753,3.94645338663823,289.486163040506,163,71.3310508040023
-5.67192684804494,3.91137630593716,289.485556221585,163.5,71.3283557858521
22.1486535721581,3.95861160600473,289.483413699262,164,71.3388797268297
-40.9279938449867,3.85216605234484,289.489883144819,164.5,71.3194327753411
30.3232218048356,3.97225846329961,289.488160254861,165,71.333840865453
15.4342969574237,3.9475461868822,289.485925031554,165.5,71.3411744773893
-44.3841512092519,3.84665355180904,289.493362767607,166,71.3200853314444
0.459197961039106,3.92183385932906,289.49247691927,166.5,71.3203035195263
19.7379555787417,3.95462711958369,289.49028792244,167,71.3296820164562
-26.4572845048809,3.87653794299758,289.493130575441,167.5,71.3171108278894
-32.9137912213748,3.865373507215,289.49779631965,168,71.3014718277563
-1.59143435149998,3.91808335306024,289.497013694895,168.5,71.3007156571327
-51.2023672167541,3.83460219311282,289.506802864184,169,71.2763868333174
-17.6162591414277,3.89032035559347,289.508500323334,169.5,71.2680164612383
21.0069540415175,3.95582224489022,289.506335708623,170,71.2779979232596
-37.8338718896281,3.85646903683032,289.51202118095,170.5,71.2600211449681
-5.57357093359465,3.91061904534071,289.51173118103,171,71.2573728606673
14.8552186535771,3.94537101157094,289.509590582309,171.5,71.2644313233323
-13.2628172458849,3.89783366675664,289.510013315443,172,71.2581294907881
-13.352087679345,3.8975849322328,289.510623264999,172.5,71.2517852413642
0.394109098036521,3.92087007287744,289.509466735036,173,71.2519725024486
-18.2816247450144,3.88920712005273,289.510829993038,173.5,71.2432859816556
-30.7478612929881,3.86798056834438,289.514967154801,174,71.2286761239331
-11.5276411197184,3.90020494619817,289.515447776724,174.5,71.2231987609702
34.5523587761556,3.97821831237153,289.513581126899,175,71.239616327086
13.0097827060533,3.94237449333597,289.511323145968,175.5,71.2457979301746
-21.7296559920752,3.88359571936872,289.513219797291,176,71.2354730760529
-21.6171576197662,3.88356125801908,289.515338762197,176.5,71.2252016755747
-6.7472184700118,3.90858960675375,289.515038009933,177,71.2219957322107
2.50431623463627,3.92431242230672,289.51362908658,177.5,71.2231856590004
-12.8028991988864,3.89838621402238,289.514029510153,178,71.2171023566871
-2.6798667680708,3.91549858077477,289.513175017337,178.5,71.2158290169962
-2.83356945308717,3.91527023913796,289.51227186821,179,71.2144826454173
13.7110308137925,3.94340719803906,289.510161901827,179.5,71.220997446805
-21.5975251423868,3.88368266029529,289.512032946437,180,71.2107353747056
-14.8938626351236,3.8948194459196,289.512930818889,180.5,71.2036585503384
14.7507980128461,3.94506115478273,289.510859764981,181,71.2106673974972
-26.0877564653659,3.87600607086719,289.513654717308,181.5,71.1982717903157
-32.0606547072062,3.86566777169342,289.518127294067,182,71.1830381583145
15.6104451176375,3.94617138459174,289.516137612174,182.5,71.1904554671146
7.91961295170766,3.93338743622486,289.514198083738,183,71.1942184741524
7.09216861353495,3.93213842937137,289.512355107274,183.5,71.1975883207053
-3.23804221710152,3.91472213600751,289.511429144243,184,71.1960497637423
-18.7779326654282,3.88835114643014,289.512852965699,184.5,71.1871274220564
-0.956205215705303,3.91842825631782,289.511851090596,185,71.1866730807927
6.07676693736743,3.9304265287083,289.51013107111,185.5,71.1895604588618
17.0195051464029,3.94910833262961,289.507900265393,186,71.1976472830583
-14.8474216275923,3.89526970535001,289.50851339203,186.5,71.1905925251531
-36.1906202549787,3.85913283431,289.513865738175,187,71.1733965384867
5.72525513100726,3.92967107763229,289.512418665579,187.5,71.1761168955903
-29.0156937493573,3.87090192729773,289.515911110108,188,71.16233007792
7.30441618251117,3.93218771627411,289.514292641555,188.5,71.1658007739842
1.7039044266541,3.92282779439554,289.512868049831,189,71.1666103848059
-25.2505630943666,3.87718562322538,289.515547961328,189.5,71.1546125703659
-6.52692233185328,3.9086587598655,289.51523722815,190,71.1515113007938
-2.21383867336106,3.91597619210806,289.514283385075,190.5,71.1504593945252
15.1902315633317,3.94556184871225,289.512118075752,191,71.1576770386988
-49.8670432948615,3.8360774333559,289.521279307345,191.5,71.1339826945414
-4.8443585549062,3.9112192933679,289.520970751842,192,71.1316808957734
-37.2112027881887,3.85652737624831,289.526617778788,192.5,71.113999978937
-17.104260946879,3.89001953299116,289.528054362663,193,71.1058728829903
7.30961939040456,3.93138736143391,289.526318192303,193.5,71.1093460513607
-5.32974588679092,3.91007445864912,289.525635135794,194,71.1068136206215
-31.1589606300635,3.86634772736343,289.529757303396,194.5,71.0920084288962
17.3950597721212,3.9483645998527,289.527677000309,195,71.1002736980127
-40.6698650531388,3.85041342751317,289.534149359754,195.5,71.0809493965155
-17.8725130433276,3.88833086505217,289.535753657426,196,71.0724572652997
-50.2786774751564,3.83385809135412,289.545492102623,196.5,71.0485673330085
-21.0057036235009,3.88233785749738,289.547840737386,197,71.0385864651239
-26.1411783795303,3.87349912514485,289.551025989087,197.5,71.0261654745
7.64249320749023,3.93067457678388,289.549288010638,198,71.0297968079883
-36.9824890880895,3.85526625580625,289.554930505141,198.5,71.0122245645515
-25.4655450005465,3.87427218479654,289.558105978812,199,71.0001246013788
-37.7840946624647,3.85333198018476,289.564278563627,199.5,70.9821714747554
8.63275050938013,3.93165734782076,289.562543802103,200,70.9862733293688
-3.44524485492809,3.91133780792526,289.561604248294,200.5,70.9846363199953
-18.5094080950647,3.88579949091739,289.563067229346,201,70.9758415678589
-1.42263438233844,3.91471869478341,289.562062455329,201.5,70.9751656026034
19.7305523062273,3.95071465152787,289.559616960393,202,70.9845405818656
-22.4301328892806,3.87947859443583,289.561670756671,202.5,70.9738828958859
-14.3477862262906,3.89297451720374,289.562489512238,203,70.9670655399273
-26.904943347873,3.87162286620351,289.565745469377,203.5,70.9542816460949
11.3524148762412,3.93633124100747,289.563744758309,204,70.9596757502431
-42.6762598496263,3.84518004284803,289.570946633254,204.5,70.9393981095125
-10.9385130809202,3.89822622898932,289.571401161936,205,70.9342006709562
-23.1939003841985,3.87740749095329,289.573845639067,205.5,70.9231800805673
-15.522913004387,3.89022019014525,289.574901928563,206,70.9158043626834
-30.1284044428802,3.86542270624823,289.578977139977,206.5,70.9014888401135
-3.56430764578196,3.91019962915195,289.578300267449,207,70.8997952580107
-5.38404777095724,3.90717419718802,289.577650705797,207.5,70.897237025711
-31.4437060838271,3.86305678527068,289.581966918001,208,70.8822965370775
35.7806823725668,3.97656451666425,289.579976326521,208.5,70.8992977416067
5.30463011691863,3.92565427284669,289.57798469311,209,70.9018182385785
-35.3326346620143,3.85698109144536,289.583124564644,209.5,70.8850299240855
-37.2185872781939,3.85343758692435,289.589137408285,210,70.867345498506
-6.94400852295622,3.90424249735558,289.588932048864,210.5,70.8640460502751
-18.3702586510193,3.88485662558627,289.59036451556,211,70.8553174150488
-9.52568839229006,3.8997483274365,289.590373886994,211.5,70.8507912806684
-35.5399332267255,3.8557486817266,289.595768548929,212,70.8339044681854
34.4170743713762,3.97378403947489,289.593685522878,212.5,70.8502577538659
7.39824083806514,3.92870527479412,289.591506918232,213,70.8537730307501
17.8100261943093,3.94651768406128,289.588971762069,213.5,70.8622354713165
1.21271180495773,3.91866072159052,289.587383837538,214,70.8628116917813
11.5368503801414,3.93625748434349,289.58512978716,214.5,70.8682934305278
-25.2171116096338,3.87413702550435,289.587710579564,215,70.8563115105731
10.4916263887557,3.93443083287991,289.585687092868,215.5,70.8612966107515
-22.4922503436107,3.87867527951134,289.587705986796,216,70.8506094096403
6.04755932977899,3.92686861704676,289.585949809538,216.5,70.8534829097037
-14.2308844078231,3.8925821495986,289.586461195221,217,70.8467210996876
-57.8897768040595,3.81952709082894,289.598714929125,217.5,70.8192147507212
-29.6958312697685,3.86565307851811,289.602978992999,218,70.8051047654553
-28.9963067498471,3.86655018410784,289.606836341559,218.5,70.791327159525
-10.2848169348415,3.89797163850091,289.607016068871,219,70.7864403249355
-15.0962281942039,3.88978572911748,289.607841775749,219.5,70.7792673464977
-25.9709191537576,3.87129342480906,289.610891046305,220,70.7669272546082
-32.0667222455,3.8607976513711,289.615511902204,220.5,70.7516907396139
2.23425787037716,3.91865713707767,289.614132731054,221,70.7527523480715
0.67741508916434,3.91615501518817,289.612656625658,221.5,70.7530742221029
-24.6978431500487,3.87320592373079,289.615300313998,222,70.7413390327498
-16.8425884528885,3.88629021511745,289.61655149076,222.5,70.733336270586
5.59815880213386,3.9243216392244,289.614737208208,223,70.7359962378217
-35.9554417190449,3.85413167156784,289.620107053233,223.5,70.718911996324
11.0029946946862,3.93332122078883,289.618057651466,224,70.7241400733431
-14.5252221075073,3.89019563403285,289.618626219413,224.5,70.7172384086596
-19.5533194483147,3.88158447486995,289.62029446828,225,70.7079476416557
14.3082358231121,3.93892974060456,289.617946521386,225.5,70.7147462052255
-4.56570628657304,3.90715988462628,289.616984937665,226,70.7125768081863
-16.7380890189189,3.88652465164347,289.618019513385,226.5,70.7046236989673
-7.31260044386507,3.90239654395695,289.617622424812,227,70.7011491141483
-18.8000065739985,3.88290432099593,289.619071171503,227.5,70.6922162840366
-8.88205801015347,3.899581630127,289.618920763872,228,70.6879959708716
-11.4729595233788,3.89516423476154,289.619096493593,228.5,70.6825445898894
9.1330168344764,3.93011254949396,289.616972341753,229,70.6868841462332
-5.88164793157826,3.90481471663615,289.616205939396,229.5,70.6840894790322
-13.1014767467317,3.89256411787685,289.616609279789,230,70.6778643074861
-24.4351098609635,3.87329396077274,289.619247114378,230.5,70.666253955953
-25.6019214543034,3.87109645843641,289.622255352621,231,70.6540891934577
10.2604007730015,3.93170567070128,289.620157391453,231.5,70.6589644266988
25.6209589635599,3.95786710581483,289.617454026811,232,70.6711382348738
-23.0279433250121,3.87586723297699,289.619517486973,232.5,70.6601964990433
13.1861815796403,3.93705211407482,289.617253747362,233,70.6664619181222
-54.9759540866543,3.82263119736192,289.628342798185,233.5,70.6403400731031
-32.0161532665367,3.86010374524682,289.633152147724,234,70.6251275859779
13.6803437004077,3.93722152933968,289.630894644357,234.5,70.6316278063722
-18.9376271581135,3.88214342856621,289.632220820067,235,70.6226295857888
-5.67387196662025,3.90449479648284,289.631591837933,235.5,70.6199336434149
10.1193819326876,3.93132766813742,289.629333840757,236,70.6247418715016
-53.5227592073801,3.8244358622721,289.639999626031,236.5,70.5993105125695
-18.8504483644759,3.88178023008809,289.64185637543,237,70.5903537150223
-11.7888229629959,3.89362433506925,289.642141264423,237.5,70.5847522514095
-63.6640514329572,3.80704621622405,289.656862673105,238,70.5545022537068
-11.0988215238313,3.89405329256751,289.657482774057,238.5,70.5492286445343
-5.33136903257812,3.90385233665563,289.656754063255,239,70.5466954425567
-23.4258133023005,3.87321469120751,289.659176277861,239.5,70.5355646586587
-3.95840637489362,3.90606950941151,289.658350652108,240,70.5336838203983
-1.50760408710145,3.91030619185007,289.657073521241,240.5,70.5329674817559
-15.5894338289023,3.88648188071181,289.657879387914,241,70.5255601564774
-36.8357412916024,3.85055955418009,289.663677641374,241.5,70.5080576403107
5.64699492492812,3.92211548305805,289.661920840254,242,70.5107408120483
3.02908177932543,3.91785471269463,289.660087326729,242.5,70.5121800813816
-16.1374072810107,3.88544944676614,289.660947598572,243,70.5045123863137
7.06722391780401,3.92474663156259,289.658903564766,243.5,70.5078703803852
3.59898063976787,3.9190437986826,289.657005118326,244,70.5095804373739
-3.00423146014638,3.90796348849311,289.655833940094,244.5,70.5081529756789
-18.6058526522932,3.88154522450878,289.657163852684,245,70.4993123978753
-5.07371842592579,3.90434440868664,289.656409469896,245.5,70.4969016186793
-25.4489441498202,3.86985548087328,289.659195323562,246,70.484809543407
-30.1763698554225,3.86165271493783,289.663278326668,246.5,70.4704712300535
-6.93435788288989,3.90069717639422,289.662887714415,247,70.4671763673279
-19.2080262143098,3.87989805760271,289.664404929715,247.5,70.4580496665324
-2.52395681966467,3.90807079170517,289.663339655863,248,70.4568504075114
-9.446238986465,3.89638649064017,289.66310564976,248.5,70.4523620235458
-4.84067463886267,3.90418771214088,289.662258708742,249,70.4500619751918
-31.6933845858658,3.85879548740668,289.666569424891,249.5,70.4350028517253
-10.0861895379018,3.89501286457317,289.666664024908,250,70.4302103950172
-13.516820945136,3.88917127493242,289.667153245101,250.5,70.4237878725208
-11.3396201030651,3.89279982218848,289.667301933066,251,70.4183998478139
2.54650973217514,3.91634464658464,289.665612424273,251.5,70.4196098228597
-23.3145906814579,3.87261838009615,289.667908963462,252,70.4085318864312
-24.2180934138031,3.87088902346044,289.670609043792,252.5,70.3970246503437
-33.1616880637981,3.85562116318938,289.67550721447,253,70.3812678619338
-5.65154589788955,3.90184883175069,289.674971332433,253.5,70.3785825277997
-5.83100715269805,3.9015919679915,289.674239388956,254,70.3758119225836
-36.5034893581352,3.84979929291923,289.679901562441,254.5,70.3584672760466
-18.5161543082163,3.87974749285677,289.681566637648,255,70.3496693184445
-29.0267358506442,3.86187422521628,289.685420550487,255.5,70.3358772541156
14.3334944462135,3.93515709922965,289.682962188525,256,70.3426878193296
-16.5099675705034,3.88310542507418,289.683844823994,256.5,70.3348431021016
-6.76447484546766,3.89954706811461,289.683310310343,257,70.3316289593644
-17.3380737551227,3.88163010508032,289.684477509598,257.5,70.323390767175
18.509692300054,3.94231978666094,289.681773062351,258,70.3321856543515
-34.2901910851525,3.85328977985188,289.686634213749,258.5,70.3158926573116
12.9525075652718,3.93292146732688,289.684287614978,259,70.3220470460957
-21.3031023370123,3.87509143714959,289.686085038927,259.5,70.3119248691018
-23.5134568600486,3.87117676632588,289.688603035394,260,70.3007524413347
-16.8757772518913,3.88220693943095,289.68979615993,260.5,70.2927339095007
-29.7523064120558,3.86035042898807,289.693770364993,261,70.2785970900499
10.6664393507233,3.92858457700604,289.691503348759,261.5,70.2836652526722
-40.6065097047873,3.84216192415988,289.698225614649,262,70.2643710544923
5.18036122196677,3.91912356827022,289.696471048556,262.5,70.2668325050524
6.81724492458535,3.92207718293911,289.694228439959,263,70.2700717215124
-41.579970300085,3.84052027475358,289.70123277168,263.5,70.2503149831688
9.55368116759662,3.92648248079607,289.699125187241,264,70.2548544183267
-36.7988387646478,3.84830215872055,289.704742909979,264.5,70.2373694364094
-49.1516011499418,3.82736955256926,289.714582271339,265,70.214015034853
19.5122957119168,3.9427085166699,289.712026284987,265.5,70.2232863094134
5.40853316068825,3.91919839316881,289.709792182879,266,70.2258561759551
-36.6445538056026,3.84825321001367,289.71538389821,266.5,70.2084445025934
-3.71074222685744,3.90353363611103,289.71454225963,267,70.206681342045
-15.3204675970826,3.88389877741831,289.715269104027,267.5,70.1994018161715
7.9387547039503,3.92328974310683,289.713027791542,268,70.20317391842
12.1688156035883,3.93065287799105,289.710354958614,268.5,70.2089559356772
14.2963280632974,3.93448667007971,289.707560799741,269,70.2157488412705
-10.3097027527992,3.89304172182501,289.707263857659,269.5,70.2108501821754
-11.9052402992159,3.89028142555916,289.707381466477,270,70.205193402822
-1.56102971684218,3.90775406470408,289.706045447214,270.5,70.2044516789718
20.7886422464936,3.94561877992109,289.703145880827,271,70.2143294100624
7.63402656051379,3.92372749479304,289.700734899086,271.5,70.2179567206203
16.1285378419105,3.93823411777673,289.697936708558,272,70.2256202013709
-29.6003833547455,3.86118228915548,289.701427942272,272.5,70.2115555682173
18.1715747473657,3.94161598629206,289.698813438612,273,70.220189798713
-13.3346308564407,3.88858482242255,289.698954421933,273.5,70.213853843905
-0.598762265630713,3.91004667548317,289.697509384773,274,70.2135693417919
-34.1089117439181,3.85353478114381,289.702254201221,274.5,70.1973624796983
13.7607958673951,3.93404165476318,289.699830837304,275,70.2039009269697
20.8157699461913,3.94616782303629,289.696888231923,275.5,70.2137915477969
-30.2660472431289,3.86018899405153,289.700495802777,276,70.1994106241993
-30.4792446932468,3.85948773667912,289.704547515959,276.5,70.184928399754
4.66634047502633,3.91858376337947,289.702703463723,277,70.1871456131652
-6.14097468044995,3.90040495057742,289.701826828528,277.5,70.1842277267632
-33.0034149092036,3.85507083946015,289.706347342127,278,70.1685461419015
12.5694077283896,3.93174939532096,289.703960301737,278.5,70.1745185006558
-6.76667346831835,3.89924009838642,289.703124512887,279,70.1713033132421
9.94793619133646,3.92753714788343,289.700702910167,279.5,70.1760300788211
-38.451633867186,3.84606405512343,289.706564635817,280,70.1577597706965
-24.8081474252985,3.86849632898948,289.709396959856,280.5,70.145972170226
14.230155634564,3.93433546011808,289.706850320717,281,70.1527336339652
-1.51740820398889,3.90794155232125,289.705329347477,281.5,70.152012636893
3.47394218849366,3.91645191342463,289.703376283377,282,70.1536632818152
-34.4632318323442,3.85251309622377,289.708196780341,282.5,70.1372880643999
22.5689879480283,3.94844413218976,289.705515548995,283,70.1480117274124
8.88762649430558,3.92572158101378,289.702996665534,283.5,70.1522346864447
0.654972148333298,3.91195677439306,289.701259187472,284,70.1525458967045
-37.8734260606715,3.84707687279832,289.706974344503,284.5,70.134550324234
11.3539529941646,3.92971425466088,289.704696467088,285,70.1399451592195
48.1070091460168,3.99127109409183,289.703064131459,285.5,70.1628032224969
-29.7013150081863,3.86123249510526,289.706348703186,286,70.1486906316306
21.0392418642164,3.94655091473029,289.703689423751,286.5,70.1586874352228
-2.53493562896227,3.9070488766084,289.70222542003,287,70.1574829596165
-24.9453556978965,3.86920181326263,289.704663472513,287.5,70.1456301645842
2.40131191583999,3.91514691964171,289.702964966365,288,70.1467711488337
3.11025348617312,3.9164300795839,289.701013248396,288.5,70.1482489869337
27.0841018001703,3.9569022575049,289.698174996204,289,70.1611180079714
-45.7746733776893,3.83475813367381,289.705920182543,289.5,70.1393681549012
-34.3967268028171,3.85309608399098,289.711021482096,290,70.1230245373755
-0.610796820985755,3.90970310303773,289.70970760644,290.5,70.1227343170389
8.10549616366468,3.92451844312888,289.7073498684,291,70.1265856465539
-44.4475059504108,3.83624043817969,289.714900672972,291.5,70.1054663975802
1.94377020037467,3.91377270302515,289.713402678505,292,70.1063899807134
-12.5137168992476,3.88939741840315,289.713464376302,292.5,70.1004440834773
7.39188705776536,3.92301432774264,289.711227682651,293,70.1039563413605
-16.1021156200671,3.88341653907947,289.711871011039,293.5,70.0963054151383
-26.7547582177324,3.86532071546561,289.714877700154,294,70.0835928818263
19.8378652356163,3.94378841079335,289.712157276369,294.5,70.0930188508668
-35.4687254932039,3.85079255394065,289.717088520988,295,70.0761658727648
-4.37225333904931,3.90282095463546,289.716233487377,295.5,70.0740883949656
-23.5557000040739,3.87041664580075,289.718458066336,296,70.0628958953528
4.26635903951729,3.91726558063806,289.716554048757,296.5,70.0649230574363
-1.6191069588753,3.90743451770886,289.715066690102,297,70.064153738163
-10.8723533929568,3.89182037448584,289.714887152719,297.5,70.058987735407
8.52742120918494,3.92459958750697,289.712553591941,298,70.0630395427642
-17.4953904258169,3.88074181900571,289.713452269933,298.5,70.0547266015003
-30.664076773424,3.85841732970411,289.717416481845,299,70.0401565540234
-1.59272656128659,3.90719231212691,289.716184371461,299.5,70.0393997694057
-21.2669713474316,3.87397321043133,289.717920231127,300,70.0292947600649
-54.865100573689,3.81782225387145,289.729300459474,300.5,70.0032255871337
33.2910514215824,3.96524370009786,289.726872225735,301,70.0190438425911
-34.4944315865517,3.85149143427482,289.731546081345,301.5,70.002653800601
-24.5141140250262,3.86788078607081,289.734259998943,302,69.99100591021
-34.8133658888973,3.8503713037109,289.739458580214,302.5,69.9744643264676
33.4516776216816,3.96515279987298,289.736807928999,303,69.9903589035237
-30.5175855261031,3.85778854704009,289.740461382698,303.5,69.9758584614174
2.60594924735256,3.91345962641717,289.738730273165,304,69.9770966791709
-33.5594962571325,3.85251885539253,289.743338749256,304.5,69.9611508720501
4.06048945404466,3.91572364553912,289.741489789825,305,69.9630802151235
20.3242602068077,3.94332828976374,289.738453953474,305.5,69.9727372949154
5.40516013143347,3.91848100997169,289.736124477407,306,69.975305558761
-24.2716853167259,3.86843996491777,289.738403713204,306.5,69.9637728584608
-25.4143500305322,3.86627447703331,289.741178225898,307,69.9516972205972
3.96518942661764,3.91571860109678,289.739267275457,307.5,69.9535812818271
8.84538920442189,3.92410733878748,289.736754710926,308,69.9577841717955
-13.5306429339413,3.88642330762141,289.736916068285,308.5,69.951355081776
10.5402818508978,3.92705783916367,289.734411598013,309,69.9563633006154
-41.8489993046619,3.83901226383833,289.741207730938,309.5,69.9364787330402
-28.0449292692531,3.86159235323949,289.744768264711,310,69.9231531744735
-21.3594312457867,3.87257905768301,289.746730974398,310.5,69.9130042327777
27.9957968707134,3.9557558182357,289.743822028517,311,69.9263064460669
-30.0044754868643,3.85833078388449,289.747338163139,311.5,69.9120498083865
-16.2464353594111,3.88119864920839,289.748282649052,312,69.9043303085866
-17.86673863394,3.87834709013922,289.749432683701,312.5,69.8958409210835
11.5435578201894,3.92799322053355,289.746863261668,313,69.9013258468726
-30.4313596954646,3.85730757391925,289.750590570567,313.5,69.8868663750018
-6.79296784407794,3.89689691481512,289.749986535698,314,69.8836386938057
-14.8613901660775,3.88324983187779,289.750505518292,314.5,69.8765772987442
25.415222945983,3.95119283879778,289.747519151782,315,69.888653351374
27.5096535761251,3.95508120645373,289.744367070657,315.5,69.9017245734962
46.3666595959209,3.98674196294803,289.742359965605,316,69.9237557090379
-15.205117110522,3.88405079705768,289.742563882546,316.5,69.916530991991
-14.9838732839271,3.88426043788301,289.74305813064,317,69.9094113990306
1.05661746713891,3.91123548907761,289.741325394804,317.5,69.9099134512128
-33.2358190706794,3.85349725007594,289.745684656095,318,69.8941214394275
-12.9865946210805,3.88718459801088,289.746016600466,318.5,69.8879508541661
-33.1906403328431,3.85309290555624,289.75052989491,319,69.8721803090748
-7.96310394243532,3.8952429523058,289.750088776502,319.5,69.8683966372766
20.0216449381843,3.94250179908257,289.74712085876,320,69.8779099293111
2.94813558953941,3.91401895564135,289.744986656877,320.5,69.8793107370324
-6.67818685285388,3.8978322663429,289.744073378284,321,69.8761375940669
-1.8186530149392,3.90603065888523,289.742602290228,321.5,69.8752734604109
-34.1422866916743,3.85160416742591,289.74725463197,322,69.8590507401984
-32.2940320079047,3.85431222924653,289.75173407227,322.5,69.843706218886
-13.0205078009301,3.88642992293651,289.752099806754,323,69.8375195197646
3.61543693666305,3.91451427421558,289.750097272085,323.5,69.839237395969
3.58537371697291,3.91459368143397,289.747989157395,324,69.8409409876233
-2.41620919050252,3.904560010305,289.746527420754,324.5,69.8397929249283
6.82914904199227,3.92023880763509,289.744182707639,325,69.843037797634
-3.81177126223138,3.90239307031333,289.742874031494,325.5,69.8412266331019
-14.3730829016537,3.88454915778744,289.743222243249,326,69.8343972574187
45.8434886351688,3.98547788393375,289.74135497961,326.5,69.856179808084
-2.58942104615338,3.90499152449491,289.739716448014,327,69.8549494437114
23.0418360419951,3.94820007151198,289.736768211481,327.5,69.8658977806715
16.6139602532175,3.93771993198294,289.733813443591,328,69.8737919100613
-37.6898239131641,3.84654755117466,289.739157568675,328.5,69.8558835762195
-20.8647950640779,3.87425525541942,289.740938623519,329,69.8459696610892
-43.176908061993,3.83674367979196,289.748236878858,329.5,69.8254541371744
-30.8430201439789,3.85678412583013,289.752403985613,330,69.8107990646885
6.16431535462466,3.91893239697362,289.750307789559,330.5,69.8137280414206
-13.9184381225091,3.88513025619357,289.750509208605,331,69.8071146903731
2.89140767349643,3.91346443057275,289.748575015082,331.5,69.8084885438039
-37.7506220837751,3.84512684565935,289.754194233134,332,69.7905513216887
0.681628290001582,3.90944637188433,289.75267856937,332.5,69.7908751976241
-14.5874853275933,3.883714521759,289.75303971164,333,69.7839439485484
-11.9924398396703,3.88799863899986,289.753066918893,333.5,69.778245736301
9.37516263818532,3.92407228357747,289.750581145273,334,69.7827003483133
-19.7442777504634,3.8750468497457,289.751852360651,334.5,69.7733188474011
-14.7466163041679,3.88330518003289,289.752390497053,335,69.7663119871828
16.8914672116925,3.93666605258821,289.749543944002,335.5,69.7743379741071
19.8342542029362,3.94189026971942,289.746453325373,336,69.7837622273641
8.68092997795578,3.92340567243366,289.743851336365,336.5,69.7878869744699
-19.1889954504518,3.87648293021234,289.744968326339,337,69.778769316149
-54.6376283128448,3.8173037589163,289.756031290669,337.5,69.752808226747
-29.4961626384701,3.8583156138288,289.760017642013,338,69.7387931141055
-22.6089394249772,3.86960468179091,289.762206419124,338.5,69.7280504681338
-9.81928608691594,3.89101774878077,289.761960422589,339,69.7233848306997
-14.9208008511891,3.88236933681561,289.76247696956,339.5,69.7162952066292
-47.6724456801991,3.82746197444317,289.77136925854,340,69.6936436263441
47.2116146568572,3.98605543403342,289.769648077753,340.5,69.7160762425971
-35.1001276766079,3.84857797213556,289.7743572498,341,69.6993984038847
12.1209759917582,3.92786050750707,289.77182447511,341.5,69.7051576901326
25.2150007475061,3.95010122384658,289.768628999745,342,69.7171386071103
12.6155030091776,3.92930528134171,289.76570407195,342.5,69.7231328680544
-29.6212830465973,3.85827007319167,289.769066953599,343,69.7090583044044
-27.5810728931895,3.86136352289139,289.772285196786,343.5,69.6959531473672
-16.3091794696207,3.8800618297238,289.773137091956,344,69.68820383468
1.3433153786917,3.90979135985144,289.77132997121,344.5,69.6888421114815
23.5166170381159,3.94725206972016,289.768201183864,345,69.7000160408084
-30.4410276572243,3.8566592947368,289.771726315008,345.5,69.685551975202
24.1649901559532,3.94838243742318,289.768825802588,346,69.6970339792568
10.8769933139363,3.92640471288467,289.766002905775,346.5,69.702202186673
-28.9787594203008,3.85937109311249,289.769199491314,347,69.6884329183628
-4.30469330610998,3.90064268313865,289.768143625593,347.5,69.6863875417384
-40.7399574717127,3.8394410351168,289.774618883204,348,69.6670299358024
33.2435191001899,3.96336457099625,289.771960342295,348.5,69.6828256062597
-24.1921278834913,3.86716020573269,289.773964603624,349,69.6713307077035
17.8438372653674,3.93784764554121,289.77110868615,349.5,69.6798092136128
-0.056471003039853,3.90794109527374,289.769223203827,350,69.6797823813947
-13.9229273279046,3.88456734628941,289.769384157228,350.5,69.6731668972996
-13.0578140365248,3.88590886948548,289.769502715424,351,69.6669624721065
-30.6635522835736,3.8561897554619,289.773300851866,351.5,69.6523926738411
-50.8626639353551,3.8223373657801,289.783234287818,352,69.6282252601663
-38.5292326269558,3.84214423620665,289.789607850301,352.5,69.6099180809621
-30.2965131010581,3.85550664040006,289.79368692967,353,69.5955226815007
34.4847907486707,3.96435318821835,289.790853416926,353.5,69.6119081426431
-29.2900960111913,3.85750637239369,289.794104228534,354,69.5979909426361
4.69256434400315,3.9145910342355,289.792025743224,354.5,69.6002206163285
-25.0999280557489,3.86442174922632,289.794444054263,355,69.588294376183
-22.6045545003948,3.86839072592419,289.796547959238,355.5,69.5775538137099
-8.54893951105494,3.89194123893926,289.796042360629,356,69.5734917819235
-67.3759333304094,3.79424364821252,289.812156663347,356.5,69.5414780821576
-45.5871071073734,3.82900209712808,289.821018644817,357,69.5198173512705
-3.80837106391382,3.89878441213752,289.820058356192,357.5,69.5180078023439
16.9397021532172,3.93395272307268,289.81691716785,358,69.5260567081186
-26.1744793950503,3.86143950849133,289.819567381752,358.5,69.5136198945049
30.9054244744321,3.95746395134781,289.816487238488,359,69.5283046184316
-7.3964679549879,3.89343310653978,289.815433160744,359.5,69.5247901839335
0.276265161391075,3.9064114495844,289.813591137899,360,69.5249214514276
-26.8372697802891,3.8607300433974,289.816421000859,360.5,69.512169712716
-37.1973038549637,3.84313126942407,289.822181593752,361,69.4944953999628
-11.1316979867496,3.88658883031088,289.822194628478,361.5,69.4892061695267
-19.8287722428253,3.87186916007188,289.823615045254,362,69.4797845210251
-6.21294341297982,3.89474860666866,289.822713155121,362.5,69.476832438653
-1.75275859758435,3.90233248400241,289.821107300871,363,69.4759996147539
-20.1400493814633,3.87133025973381,289.822511489994,363.5,69.4664300628041
-17.9473273031163,3.87487626445658,289.823618746084,364,69.4579023835649
-92.7143397425326,3.75291684035478,289.851701085206,364.5,69.4138491305738
-37.9107087092975,3.84010442824289,289.858639916213,365,69.395835843239
28.3384491179166,3.95151508118537,289.85544126641,365.5,69.409300867871
-27.7053884211808,3.85743367344076,289.858427697491,366,69.3961366422644
2.72547119625558,3.9086539666438,289.856420403333,366.5,69.3974316509164
1.23573952992351,3.90629594036197,289.854347397124,367,69.3980188130133
-14.7802471903502,3.87932552372202,289.854664225656,367.5,69.3909959730669
7.53311209257037,3.91700591531152,289.852090978191,368,69.3945753340778
-22.4772580309279,3.86647783400808,289.85390557972,368.5,69.3838952565695
-25.8357368503779,3.86064048360903,289.856718544461,369,69.3716193966017
8.87766242973374,3.91909298709622,289.854120050251,369.5,69.3758376212051
14.8295591533941,3.929347123709,289.850908553526,370,69.3828838917491
-19.7892444525322,3.87114229244262,289.852076466546,370.5,69.3734810248917
11.7633781182798,3.92429980394932,289.849235425659,371,69.3790703983771
-8.38238089606764,3.8904927000866,289.848361925634,371.5,69.3750875069786
-17.6885233399452,3.87475264651683,289.849246251006,372,69.3666827985387
-31.1873983969657,3.85191791396826,289.853280870722,372.5,69.3518640945978
-22.1716232223765,3.86675328508866,289.855319483185,373,69.3413292395824
-0.102485425117477,3.90387754969877,289.853570481236,373.5,69.3412805435946
-39.0201780770827,3.83846707908977,289.859675124197,374,69.3227400914772
10.655565417536,3.92178369509347,289.85705271993,374.5,69.3278030873461
-3.75683328992839,3.89766504314469,289.855529922288,375,69.326018026612
6.11553611087683,3.91440957177061,289.852994276202,375.5,69.3289238258682
-0.0541439234258654,3.90415057382986,289.851029658232,376,69.3288980993629
32.7917874067088,3.95940383123747,289.84776009263,376.5,69.3444791293381
35.0689478270609,3.96363700632993,289.844488367963,377,69.3611421529334
2.99605418203644,3.91035438809694,289.842056587496,377.5,69.3625657291917
-33.6917736782257,3.84868891193386,289.846410107099,378,69.346557070405
10.9952660305526,3.92355244041624,289.843751442028,378.5,69.3517814751464
5.03923805255458,3.91370639776297,289.841237136366,379,69.3541758709802
23.8209483031615,3.94538457874193,289.837906799203,379.5,69.3654944034209
-36.4769163562776,3.84435505206964,289.842857854931,380,69.3481623830555
7.10060849883079,3.91722901398248,289.84050888163,380.5,69.351536239823
-14.9141453348994,3.88022399617812,289.840687573018,381,69.3444497781235
-8.9181342158958,3.89020689976054,289.840027585371,381.5,69.3402123233359
-5.06795172161164,3.89665835639601,289.838774717605,382,69.3378042841916
-34.4994888329007,3.84717652545261,289.843439103266,382.5,69.321411839249
-37.3503392506852,3.84204112736943,289.849184851533,383,69.3036648116707
-5.83581890816618,3.89461546218074,289.848289217258,383.5,69.3008919201473
-36.7996158757032,3.84257894673528,289.853693915359,384,69.2834065689854
-31.0891227420072,3.85172708518528,289.857866802414,384.5,69.2686345607585
18.7765196407203,3.93551590442875,289.854766762687,385,69.2775562310451
-22.2642412419845,3.86661300399368,289.856408939041,385.5,69.2669773685432
14.1839657180052,3.92794365991822,289.853436310442,386,69.2737168851264
-46.8558146666922,3.82569841534338,289.861741519879,386.5,69.251453327371
-6.64099425979527,3.89255967823715,289.861050025823,387,69.24829785648
4.57315842015418,3.91153606389864,289.858656856823,387.5,69.2504707944031
-62.1882270469971,3.80029793792648,289.872557951648,388,69.2209220352061
8.46431897889998,3.91758423187628,289.870296932323,388.5,69.2249438595151
-13.1232451784595,3.88132344094369,289.870209199694,389,69.2187083446906
-27.4507283979817,3.85712962644443,289.873273659154,389.5,69.2056651208887
1.0265166032278,3.90494813860348,289.871393774716,390,69.2061528706343
24.7305926471666,3.94496423383682,289.867911618699,390.5,69.2179036209231
-19.8126164351784,3.87028882226778,289.86897491344,391,69.2084896488595
20.7374388542789,3.93850413579747,289.86571185276,391.5,69.2183430506393
-15.6307849572658,3.8775232397573,289.865957920891,392,69.2109160773568
-6.65726106080378,3.89254815029416,289.864955219343,392.5,69.2077528772892
-2.1003134598722,3.90024329058251,289.863274722156,393,69.2067549125681
-12.3811737639032,3.88293253614976,289.863083559943,393.5,69.200871993252
-32.8871723787289,3.84839090607089,289.86744072482,394,69.1852456410719
0.0886588613654098,3.90359186645972,289.865710766702,394.5,69.1852877673628
7.55072743600458,3.91628227873952,289.862995803628,395,69.1888754983107
-7.11622896647408,3.89169270817592,289.861909843878,395.5,69.1854942194721
-1.93611440136217,3.90043162553802,289.860218304431,396,69.1845742739947
-18.632439835592,3.8723063491122,289.861188777302,396.5,69.175721063281
-3.30843614000284,3.89801142659903,289.859761753676,397,69.1741490586193
16.2430256443546,3.93101385913093,289.856556771976,397.5,69.1818669382918
21.6069704940568,3.94027418692337,289.853114406933,398,69.1921334983535
-20.1501613986453,3.87026401660455,289.854208230384,398.5,69.182559141675
-3.57911505436222,3.89800417143604,289.852819953245,399,69.1808585238265
-13.1351406061258,3.88189585786716,289.852758971642,399.5,69.1746173568851
-4.69862493495246,3.89603360475203,289.851473258279,400,69.1723848035008
7.02947512223233,3.91583413923158,289.848864633979,400.5,69.175724861218
-3.14638231695674,3.89881631073586,289.847244180549,401,69.1742298564906
-13.3662315351894,3.88159186460341,289.847223371722,401.5,69.1678788866083
20.9399817281941,3.93927738726534,289.844000714656,402,69.17782852671
-29.6761918507799,3.8544148146213,289.847238744476,402.5,69.1637278731213
-30.9409746011062,3.85196766961298,289.851185757189,403,69.1490262575387
-2.62515243531483,3.89930501387444,289.849784882638,403.5,69.1477789153833
11.4410704091412,3.92307520829029,289.846850044454,404,69.1532151442409
-14.8925546861677,3.8788689773074,289.847017292152,404.5,69.1461389413461
-9.00805429330771,3.88867289598609,289.846379841915,405,69.1418587610003
-22.3104377916014,3.8662183903905,289.848162051035,405.5,69.1312579481907
-25.7725353224304,3.86019303419422,289.85084248081,406,69.1190121184524
-3.86003194075602,3.89688119875372,289.84957099808,406.5,69.117178022841
10.5004843102853,3.92115188861272,289.846703218913,407,69.1221673318641
-12.0778592675034,3.88326200565356,289.846404334692,407.5,69.1164285325438
-8.36610222784304,3.88944798288517,289.845661717516,408,69.1124533759605
1.40764004409101,3.9059220928639,289.843625413611,408.5,69.1131222166506
6.86932328096299,3.91522571604912,289.841010521383,409,69.116386178161
-7.48779700690387,3.89115072947546,289.840007341529,409.5,69.1128283486299
-0.534229593699807,3.90285867063057,289.838187498971,410,69.1125745092398
-34.7062844888029,3.84545672632054,289.842907773149,410.5,69.0960838052645
-25.9224608270745,3.85976165715082,289.845744063158,411,69.083766738367
-9.30158663318853,3.8875085382524,289.845278758136,411.5,69.0793470860208
-1.32668055109709,3.90095156680822,289.843572371542,412,69.0787167132638
15.7359459116409,3.92977630664309,289.840417567268,412.5,69.0861936538128
-28.9208871327157,3.85482570793756,289.843574521343,413,69.0724518835417
2.98890731031397,3.90828937328787,289.841540139026,413.5,69.0738720639611
-5.67016246358482,3.89378690751126,289.840314315301,414,69.071177884159
24.0969503538566,3.94388138572864,289.837008199266,414.5,69.0826275590766
-3.50170494620068,3.89781896324937,289.83537050922,415,69.0809637226698
25.2299854553992,3.9461332860411,289.832092126994,415.5,69.092951759637
16.7507849002687,3.93229296929465,289.828827640621,416,69.1009109013087
-15.5305846231364,3.87816562644246,289.829058973258,416.5,69.0935315382523
-11.4283599390717,3.88491465266164,289.828804593295,417,69.0881013487792
-24.7760250390825,3.86236669559913,289.831108924606,417.5,69.0763290112725
-8.8067837948142,3.88898122813475,289.830535702857,418,69.0721444646789
11.8489509036447,3.92376086391905,289.827672076199,418.5,69.0777744981051
-29.64035821269,3.85412664668582,289.830976264725,419,69.0636908708829
20.8005288760042,3.93868241614281,289.827925597158,419.5,69.0735742499099
14.4090127174587,3.92827469029508,289.824774432497,420,69.0804206976586
-38.248818172743,3.84003866371037,289.830293781659,420.5,69.0622467574865
25.1770127143765,3.94611191480562,289.827290958706,421,69.0742096244362
28.8310183552469,3.95255468346005,289.82395990794,421.5,69.0879086935243
26.4476343440442,3.94896441226489,289.820626281266,422,69.1004752968136
-18.2763474188459,3.8741484025137,289.821282540272,422.5,69.0917912835441
-26.6405779095422,3.85990429752664,289.823987120756,423,69.0791330030479
-17.1017602045501,3.87560800080681,289.824804057723,423.5,69.0710070953299
8.38564419440162,3.91839534182386,289.822241242163,424,69.0749915372859
15.4842291684799,3.93047808586487,289.819131705899,424.5,69.0823488745309
29.123440216641,3.95349488416295,289.815910859363,425,69.0961868879751
-23.8435724015396,3.86492445697982,289.817681829341,425.5,69.0848576056858
11.4474368093858,3.92404241730594,289.814999850018,426,69.0902968595408
6.68341507654065,3.91620236833795,289.812412334352,426.5,69.0934724866987
-16.9040649589263,3.87658594894623,289.812925621924,427,69.0854405139501
-9.4957659433667,3.88887263433597,289.812368731918,427.5,69.0809285972325
30.6475143514031,3.95617140677897,289.809349989445,428,69.0954907750684
-38.4785110116069,3.84069361260609,289.814728961456,428.5,69.0772076962586
1.18265435708687,3.90675871239956,289.812990731468,429,69.0777696349159
-14.1526744629945,3.88097724870536,289.813066603324,429.5,69.0710449863843
-14.3244867086079,3.88055535411139,289.813287229143,430,69.0642387012002
40.1956251765374,3.97174921094742,289.810754513447,430.5,69.0833376674437
-7.42835997194831,3.89259420149666,289.809576671392,431,69.0798080794419
0.356191209517009,3.9056485445737,289.807686240522,431.5,69.0799773238275
-33.607888600666,3.84864980166678,289.811942960059,432,69.0640085230666
-1.43941329276101,3.90228427057361,289.810455034544,432.5,69.0633245853056
-35.3086576890764,3.84545605106244,289.815224971786,433,69.0465476634802
-47.0596406521029,3.82559822133453,289.823794390173,433.5,69.024187257732
-5.5073215109298,3.89456429456112,289.82295757602,434,69.021570451869
-29.3922179881138,3.85440729979772,289.826344489823,434.5,69.0076047285667
8.94696056254364,3.91868242479644,289.823826676954,435,69.0118558802036
-32.2211583288612,3.84960008113886,289.827824873962,435.5,68.9965459848469
8.45576443143954,3.91773597696844,289.825362971343,436,69.0005637444595
-12.8556654353132,3.88198153721244,289.825217386492,436.5,68.9944553702494
-18.807873878931,3.87187327593444,289.826315301218,437,68.9855188019849
-14.3665290533354,3.87919684983668,289.826634226232,437.5,68.978692540365
19.3484450891892,3.93590497889104,289.823490649996,438,68.9878859612411
0.729856647026464,3.90489289111528,289.821392413258,438.5,68.9882327528982
10.6180726254612,3.92162639517051,289.818558378236,439,68.993277934053
15.5127925295126,3.93003796764524,289.815431348458,439.5,69.0006488431896
19.4899187143628,3.93693996579963,289.812181795947,440,69.0099094853112
25.5006686546623,3.94725461427908,289.808906473735,440.5,69.0220261375012
-0.0462665538227611,3.90471200188007,289.806879015326,441,69.022004153931
-14.8413505269489,3.87981124793458,289.807066930377,441.5,69.0149522807115
24.9255649800394,3.94649758355777,289.804006124609,442,69.0267956721767
-25.0222893081533,3.86290795313981,289.806053069997,442.5,69.014906322111
7.0887855690635,3.91664922758212,289.803689846053,443,69.0182745612091
19.3635387614749,3.93737763836174,289.80054490818,443.5,69.0274751538492
-9.02083301307054,3.8899034166174,289.799690237476,444,69.0231889016899
-16.2351534018477,3.87767246631723,289.800190025738,444.5,69.0154747625163
-25.0452164452304,3.86271182018944,289.802527577455,445,69.0035745186129
-24.6364504602142,3.86311975186125,289.804875688456,445.5,68.9918685000193
-23.0004058341507,3.86560506623988,289.806891720059,446,68.9809398486378
-7.49612211543959,3.89147477093061,289.806128041672,446.5,68.9773780634283
-28.3634531355694,3.85636902071733,289.809249182465,447,68.9639011581281
0.017234542713549,3.90384557281754,289.807574796282,447.5,68.9639093471274
-30.6674014396248,3.85230771173127,289.81122537549,448,68.9493377199342
-12.8919861262247,3.8818421717602,289.811397598996,448.5,68.9432120879343
7.33473394816344,3.91588252456913,289.80890658066,449,68.9466971894961
-22.0195941180627,3.866582337733,289.810530336994,449.5,68.9362345711661
-23.1769880588271,3.86443334938711,289.812628107839,450,68.9252220166749
7.58466010245992,3.91607501373901,289.810192995755,450.5,68.9288258707419
-7.58083402012079,3.8906715322466,289.809245013232,451,68.9252238346394
26.5099957194308,3.94796633026045,289.806058989785,451.5,68.9378200689594
-9.50858535848281,3.88780260047796,289.805284660306,452,68.9333020610919
-17.6744054387359,3.87398479559834,289.806126232991,452.5,68.924904060778
5.80611760079054,3.91340650608394,289.80380615086,453,68.9276628397142
-2.16519355972772,3.90010231683344,289.802145663095,453.5,68.9266340471895
-1.81173947565886,3.90072995613047,289.800494720962,454,68.9257731985042
-2.33286178805983,3.89988575508976,289.79890627822,454.5,68.9246647383585
2.89170125525471,3.90872168384734,289.796758639842,455,68.9260387312848
-2.15240560493339,3.90030650111003,289.795124343722,455.5,68.9250160149615
5.70362050808258,3.91357211386834,289.792732220949,456,68.927726092366
0.452019177246775,3.90484104201447,289.790794216012,456.5,68.9279408694461
30.1074758675398,3.95461222464165,289.787742389287,457,68.9422464477957
-8.12040836054799,3.89085340501568,289.786750383415,457.5,68.9383880327447
-29.8795768274674,3.85424340409476,289.790177024055,458,68.9241907407088
-13.0591751751702,3.88212559946705,289.79035264352,458.5,68.9179856687701
-13.293556902214,3.88162132258085,289.790443726145,459,68.9116692302668
-32.5868589437567,3.84915159227615,289.794664436949,459.5,68.8961855721269
-19.5513727580495,3.87063401454131,289.796101925612,460,68.8868957300936
1.3813129347562,3.90575339148308,289.794242532161,460.5,68.887552061448
-36.1294600463551,3.84282120906556,289.79935002704,461,68.8703851350774
20.3530460886398,3.93738746793002,289.796432489331,461.5,68.8800558924918
16.8977456863641,3.9319172525184,289.793252709678,462,68.8880848626357
-34.4777431965863,3.84582615187525,289.797763015794,462.5,68.8717027501402
2.1441355544982,3.90699802817066,289.795940053228,463,68.8727215369459
-10.9917247422287,3.8849407582089,289.795561066637,463.5,68.867498814849
13.4324446614984,3.92603032804719,289.792708271341,464,68.8738812459228
-27.2013067693666,3.85786265607405,289.795437376582,464.5,68.8609565349005
1.03839864632653,3.90511432117864,289.793672077553,465,68.8614499304032
-6.39240189450524,3.89266172461558,289.792614332033,465.5,68.858412578267
-8.98957212531102,3.88826672043246,289.79198514941,466,68.8541411797302
-19.5999785437001,3.87035023948412,289.793241263182,466.5,68.8448282426397
26.4649719575949,3.94765273784058,289.79018697607,467,68.8574030839025
-39.5376958103604,3.83727364973753,289.796053730629,467.5,68.8386167330419
-17.4683914170237,3.87371940395854,289.79715286558,468,68.830316620367
-7.49529768579948,3.89038585270473,289.796392841948,468.5,68.8267552268855
58.4306163066192,3.99998086048507,289.795755478204,469,68.8545185559426
-29.8488272948449,3.85362541453831,289.798878090437,469.5,68.8403358745585
-28.9767343274945,3.85473636419298,289.802315043983,470,68.8265675684719
-30.0735434209373,3.85258999947746,289.806056474684,470.5,68.812278113137
-21.2210286989568,3.86711692850243,289.807820746266,471,68.8021949334627
4.88405277417201,3.91094323276989,289.805606702645,471.5,68.8045155929538
0.788629456944172,3.90418077631929,289.803620479217,472,68.8048903105334
-29.9349772701166,3.85256968546761,289.807116714239,472.5,68.7906666949565
-49.5982842569681,3.81965416904699,289.816627072224,473,68.7671000517559
23.1126952057038,3.94098728097797,289.813717601378,473.5,68.778082057474
5.79684797546735,3.91227752599701,289.811132427398,474,68.7808364319442
-2.77959067521966,3.89796289389447,289.809542421644,474.5,68.7795157084017
-16.210792219931,3.87535579254386,289.810089214819,475,68.7718131444528
-1.63314161527529,3.89980723689082,289.808512520749,475.5,68.7710371566072
-13.6979206183846,3.87951511547334,289.808606770452,476,68.7645285845338
-0.171772825620236,3.90223251116119,289.806845384723,476.5,68.7644469666119
-5.10777822345982,3.89397798829049,289.805604227242,477,68.7620200038904
-27.009043780053,3.85713202830126,289.808444567305,477.5,68.7491866466989
-38.4834630539669,3.83771549547866,289.814484162913,478,68.7309012149243
4.68580009744003,3.90986032298027,289.812426567195,478.5,68.7331276745823
-7.26535572456129,3.88984642885831,289.811469430599,479,68.7296755381093
-7.5219913219654,3.88940951660151,289.81062752573,479.5,68.7261014611367
-50.6379727491625,3.81739489685929,289.820338330955,480,68.7020408095625
-10.3485293882152,3.88408401213924,289.820327905097,480.5,68.6971237019771
-8.52461347805394,3.88714244498156,289.819673840112,481,68.6930732287143
-23.1828693672077,3.86244156692604,289.821752870269,481.5,68.6820578797173
12.9755287256016,3.92321893461764,289.818926348872,482,68.6882232070144
23.8578781359565,3.94171422906986,289.815539940609,482.5,68.6995592866787
39.561414715609,3.9681369621759,289.812628967329,483,68.7183569075861
0.393231018544206,3.9031905355954,289.810501961258,483.5,68.7185437514507
-23.377705491273,3.86321800266075,289.812424073515,484,68.7074358259969
-8.95975703936755,3.88722768413082,289.811882491374,484.5,68.7031785941093
-0.953192377660635,3.90067993720165,289.810163302633,485,68.7027256843967
-42.6260240805659,3.83089275849788,289.81713894977,485.5,68.6824719132105
-37.9497081559771,3.83814504021575,289.823168533836,486,68.6644400952741
-27.2495218330156,3.85559692320205,289.82640472097,486.5,68.6514924748464
-23.7249654208867,3.86126384757101,289.828750868289,487,68.6402195487079
7.61008590991123,3.91391161234797,289.826281611253,487.5,68.6438354838567
-75.3613509558347,3.77663552528262,289.8456787014,488,68.6080275099378
-44.0856562743709,3.8264259734112,289.854139669249,488.5,68.5870801939722
11.0570921516617,3.9186847530066,289.851539157133,489,68.592333975418
-32.2841874986959,3.84592731007773,289.855744172697,489.5,68.5769941317278
-18.5515861874642,3.86869675280817,289.857075430155,490,68.5681793386551
-26.2648971716595,3.85561981527217,289.860002136212,490.5,68.5556995630012
-28.4394795600718,3.85176810639569,289.863541800638,491,68.5421865337171
-27.9840060924431,3.85230448972113,289.867006581431,491.5,68.5288899228205
28.9040235163266,3.94788360130569,289.863680783035,492,68.5426236803381
-5.14901969554603,3.89109681158867,289.862244499993,492.5,68.5401771217158
7.8279233514039,3.91304801771306,289.859540238147,493,68.5438965624059
13.6139176601672,3.9229828163447,289.85636335808,493.5,68.5503652204425
-9.64087396623218,3.88402751479667,289.855655106864,494,68.5457843555939
-51.0829884117552,3.81481560151436,289.865603196254,494.5,68.5215122546622
-18.2616298153965,3.86889824550532,289.867008546934,495,68.5128352344675
-25.9014359701826,3.85593494835646,289.869798666596,495.5,68.5005281575386
15.6132182652905,3.92571577741041,289.86672011368,496,68.5079467840008
-15.6400357278782,3.87331178128195,289.867063362958,496.5,68.5005154152113
-18.3394185356478,3.86866815479245,289.868147933396,497,68.4918014336772
-5.79844320313539,3.88970142240835,289.867081700428,497.5,68.4890463012339
-25.8626825906167,3.85593099595575,289.869744746269,498,68.4767576379877
-35.758932647762,3.839151315003,289.875155171062,498.5,68.4597667678483
-21.5359418447135,3.86263312795258,289.877136433426,499,68.4495339570758
-14.5562805779718,3.87425116286574,289.877580302304,499.5,68.4426175349485
3.24853334525911,3.90427061670527,289.875351865774,500,68.444161076775
