curr_dens,Volts_tot,Temp_tot,t_tot,SOC_tot
-0.37701841543678,3.77049331933669,311,0,36
-0.37701841543678,3.77048965505333,311.000050383413,0.5,35.9998208595598
-3.82212472352916,3.76547792049518,311.000591324211,1,35.9980047755767
1.22355291521962,3.77277789886348,311.000468471336,1.5,35.9985861471991
9.22980165042567,3.78440396980497,310.99939907631,2,36.0029716908841
-15.0313860843552,3.74923870625356,311.001759217349,2.5,35.9958295221989
-38.9488037460332,3.71447647468386,311.010152535574,3,35.9773229836215
-12.0168219728142,3.75312546236956,311.012479240791,3.5,35.9716131861944
8.68923460832929,3.7831473457044,311.011549999343,4,35.9757418792484
-19.4786075693832,3.74229418230845,311.014821833578,4.5,35.9664866116215
5.10099221919546,3.7778874899679,311.014353300173,5,35.9689103499705
-36.1473827651811,3.71806422982202,311.021769274712,5.5,35.9517349076134
-28.8491808139656,3.72827748605223,311.027733804696,6,35.9380272086263
22.7495158712533,3.80293602273996,311.025896521203,6.5,35.9488366495486
8.90884862121175,3.78319735171453,311.024569230564,7,35.9530696922825
8.20046076364251,3.78227105608935,311.023444883461,7.5,35.9569661442625
16.7161428571003,3.79467145049625,311.02161081998,8,35.9649088257545
20.5565252768337,3.80035312498426,311.019488481319,8.5,35.9746762663807
23.5790800613577,3.80486718906075,311.017220495077,9,35.9858798750364
-13.6897265143689,3.75109487856118,311.019147113871,9.5,35.9793751963945
-20.4626942753787,3.74110691482575,311.022806772707,10,35.9696523396035
7.4724244983512,3.78151730465627,311.022072811253,10.5,35.9732028648814
25.9501136322852,3.80821187292303,311.019819540277,11,35.9855330710196
-21.085344878296,3.74032857604305,311.023219011341,11.5,35.9755143615631
-15.5485445956275,3.74816170217393,311.025946637922,12,35.968126464819
-21.4854900623612,3.73939167834408,311.029857026217,12.5,35.9579176262296
-9.86647800232475,3.75609984156633,311.03153854572,13,35.9532295655394
29.6044993666819,3.8130922810978,311.029301142984,13.5,35.9672961544176
-35.9563679763654,3.71849557896276,311.03636489261,14,35.9502114728085
-6.22035263350812,3.76130132771645,311.03759121237,14.5,35.9472558699426
-19.3151701576655,3.74221064778196,311.040927405922,15,35.9380782596626
-30.7128398352462,3.72551650676999,311.047113379988,15.5,35.9234850423987
-12.654919223302,3.75148765022034,311.049395503644,16,35.9174720528259
-18.2997641453623,3.74319337993566,311.052596897257,16.5,35.9087769130901
-5.35863315482849,3.76191487845676,311.053457622739,17,35.9062307565547
-27.8812418498484,3.72913840448127,311.058789901844,17.5,35.8929829741262
-25.520623566747,3.73233856002964,311.063808957144,18,35.8808568403523
-4.87248783302745,3.76222039467158,311.064659462726,18.5,35.8785416759473
20.4143174442076,3.79891294425671,311.062542335912,19,35.888241546469
2.91591537751238,3.77380295217935,311.06180519954,19.5,35.8896270447445
17.6062046255841,3.79514010437726,311.059815472717,20,35.8979926394167
5.71084775202354,3.77810157864024,311.058777305115,20.5,35.9007061508488
-11.4409703865186,3.7532121036659,311.060391222818,21,35.895269969517
-34.0166289367559,3.72034481409355,311.067340170685,21.5,35.8791069556335
25.0942909965291,3.80578133172745,311.065333822587,22,35.8910305173282
-3.14394318742445,3.76517531184287,311.065380624572,22.5,35.8895366715541
-17.892026818453,3.74369028598763,311.068336935213,23,35.8810352683607
-20.2195188282529,3.74015538032116,311.071957868791,23.5,35.8714279564738
-8.20814316550736,3.75748523187475,311.07326066727,24,35.8675278541977
13.527094932645,3.7890349734053,311.071651124694,24.5,35.873955258383
26.2961063293948,3.80755784241073,311.069102252962,25,35.8864498630798
13.8499162748565,3.78989887158804,311.067177555341,25.5,35.8930306559459
-6.0362619892437,3.76115958329201,311.067759251528,26,35.890162523818
-7.29832130384665,3.75926749617516,311.06874106163,26.5,35.8866947237377
-7.00598718038051,3.75963262555865,311.069688057987,27,35.8833658263247
-1.52726233815428,3.76755411844013,311.069788598249,27.5,35.8826401470571
-21.1232140957126,3.73903535718721,311.073404471025,28,35.8726034440279
-7.24141645984538,3.75905703592566,311.074539434513,28.5,35.8691626823053
-17.9380809165542,3.74343878424808,311.077535873836,29,35.8606393964901
-21.3633163117918,3.73831352804046,311.081398882728,29.5,35.8504886088037
-15.4466206491638,3.74675543352524,311.084046824312,30,35.8431491412607
39.3303723782404,3.82570453528216,311.081598850558,30.5,35.8618369823155
6.40041833707918,3.77885059615462,311.08024337567,31,35.8648781434675
-11.3692968017072,3.75306909169025,311.081784423447,31.5,35.8594760178661
13.6177707923029,3.78928335608915,311.080188498845,32,35.8659465067199
-8.3523326253699,3.7575094047014,311.081126906399,32.5,35.8619778927683
-5.6070112633977,3.76143841903948,311.081829707399,33,35.8593137192823
5.68159547194912,3.77781793708517,311.080955873304,33.5,35.8620133314827
-21.5373410367034,3.73828509426118,311.084567029085,34,35.8517798558836
-14.6823512763105,3.74806528763615,311.087033512208,34.5,35.8448035312171
6.41804261797498,3.77866378058189,311.086155557595,35,35.8478530665527
-8.78390909722596,3.75663037372368,311.087230528722,35.5,35.8436793888801
0.805938663225215,3.77053266897341,311.086981974932,36,35.8440623309355
19.5444341880136,3.79769837007405,311.084819126031,36.5,35.8533488761047
-17.6966848384363,3.74382642008773,311.087460948576,37,35.8449402897258
-20.0581423361536,3.74023313822352,311.090988893399,37.5,35.8354096559391
-1.92470135520898,3.76646858581044,311.09123857423,38,35.8344951333747
-28.0410990502892,3.72848099843077,311.096478559691,38.5,35.8211713947379
-25.7256246248642,3.73159626704973,311.10145581202,39,35.8089478546351
10.285039411848,3.78380154357212,311.100247955027,39.5,35.8138347949346
-35.1287031138764,3.7179216124761,311.107262552651,40,35.7971433785925
1.5323098705154,3.77093777427143,311.10717202785,40.5,35.7978714561971
-27.0470263452006,3.72938252923743,311.112145911559,41,35.7850200515756
-15.5108019686474,3.74595066088128,311.114832039712,41.5,35.7776500882548
-6.27090545757102,3.75933171479234,311.115671221098,42,35.7746704651957
-22.9530014902605,3.73501397166288,311.119746188001,42.5,35.7637643380058
4.13260302785778,3.77432274881712,311.119140928127,43,35.7657279458706
-18.4835841083179,3.74144895812419,311.122095924409,43.5,35.7569454640111
-46.9351677923397,3.70017213806908,311.133068477641,44,35.7346442015885
10.7232152936979,3.78349740880725,311.13197807005,44.5,35.7397393413212
-45.0596227367253,3.70263109261782,311.142040867341,45,35.7183292448289
-19.935854040847,3.73861385741935,311.145893257408,45.5,35.7088567163712
-19.5382486983225,3.73908045840852,311.149344922442,46,35.6995731102397
-6.45256686031719,3.75807417234267,311.150208069358,46.5,35.6965071706975
-33.8433113965421,3.71819386052853,311.157103434404,47,35.6804265087077
9.42563778986303,3.78099139333337,311.155909422867,47.5,35.6849051040072
-8.29121315447519,3.75532436173441,311.156764238661,48,35.6809655309949
-24.5676069461586,3.73156874390651,311.161226309816,48.5,35.6692922234226
12.3352157994194,3.78519658150218,311.159612784881,49,35.6751533057947
-34.5885330541151,3.71704551673642,311.166483615943,49.5,35.6587185514573
60.9111208860263,3.85383026597315,311.164928564059,50,35.6876604931873
6.74181841877265,3.77758956104257,311.163137016369,50.5,35.6908638707149
-7.42760360201139,3.75703636852965,311.163810274539,51,35.6873346421025
-9.69872478633884,3.75367814971289,311.165029351504,51.5,35.6827262894152
-21.5314966090019,3.73636943976635,311.168703784589,52,35.6724955907981
30.2882591528136,3.8113583562866,311.166005124611,52.5,35.6868870683929
-18.5875007671766,3.74081749792167,311.168619208949,53,35.6780552104943
-10.9884484334941,3.75174075516327,311.170187573536,53.5,35.6728340451366
-6.62505772914802,3.75803575049109,311.170894915873,54,35.6696861464941
8.5343517180574,3.78008342352097,311.169450939234,54.5,35.6737412468852
-13.2253875007997,3.74849888663194,311.171155900819,55,35.6674571990982
20.5665135451326,3.79750382871634,311.168771947696,55.5,35.6772293856539
-33.7945329987798,3.7187429844873,311.175207811127,56,35.6611719007379
16.2074979651398,3.79114940960025,311.173347040561,56.5,35.6688728994204
-0.00733347006222473,3.76779217871207,311.172739897809,57,35.6688694149194
-12.1652277397322,3.75009473530155,311.174309454695,57.5,35.663089102437
-32.0933942606413,3.72102655459939,311.180617487933,58,35.6478399142247
-53.6201929746601,3.68983199833854,311.193962240081,58.5,35.6223622596019
-15.8581061417622,3.74389055184825,311.196927806766,59,35.6148272745741
-54.1659862648774,3.68846937515115,311.210368463277,59.5,35.5890902860666
-9.98046816393988,3.75195624516158,311.212173664577,60,35.5843480629087
-32.6438396476354,3.71892316107802,311.218705557488,60.5,35.5688373303662
13.5336100597763,3.78601070471635,311.216904179999,61,35.5752678302167
28.8321149120799,3.8082458227888,311.213670197528,61.5,35.5889674203342
-26.9493642393714,3.72754315152784,311.218222155891,62,35.5761624198986
5.34659850887232,3.77443231172377,311.217243548949,62.5,35.5787028581675
-42.9121732010178,3.70435380911247,311.226571162709,63,35.5583131231203
-7.64299458180823,3.75524216645695,311.227740629453,63.5,35.5546815514038
-33.9968190441226,3.71684286926019,311.234566168034,64,35.5385279501982
-0.516368752419543,3.76540011298071,311.234443433134,64.5,35.5382825973936
-29.7215806462095,3.72285730342407,311.240018589665,65,35.5241603773018
-41.7855994318881,3.70517655450848,311.249464665799,65.5,35.5043059341998
-5.24367181878073,3.75804880023788,311.250178249727,66,35.501814401586
-31.3942002823066,3.71992453018479,311.256281877776,66.5,35.4868974356525
-15.711908932743,3.74257002339058,311.258862431132,67,35.4794319162829
-26.5564105951265,3.72668245952449,311.263802508837,67.5,35.4668136279175
-85.6549390803642,3.64270430553751,311.290879355923,68,35.4261146517751
10.574345739622,3.78006984818538,311.289918191233,68.5,35.4311390560838
19.695147617599,3.79351166270316,311.286900604324,69,35.4404972127951
-11.6618284362344,3.74807682669634,311.288029715796,69.5,35.4349560906788
-15.8525973085161,3.74191867161724,311.290335770725,70,35.4274237231752
-15.9118589021449,3.74176361066995,311.292700157241,70.5,35.4198631975033
-20.5434974619394,3.73492604256568,311.296103731399,71,35.4101019470482
12.6652820462953,3.78332571367384,311.294007231524,71.5,35.4161198605202
34.3277716957548,3.81467753841725,311.290357536248,72,35.4324307140012
-25.5660524831292,3.72810812427571,311.294409620627,72.5,35.4202829946609
0.855471773956014,3.7664979162433,311.293822724493,73,35.4206894723922
-11.6565914815676,3.74827936736172,311.2950771242,73.5,35.415150838617
-13.2002242560702,3.74596765238445,311.296773029194,74,35.4088787471551
13.6884673970581,3.78512240729166,311.294498041674,74.5,35.4153828275269
-8.30131855495232,3.75324928475353,311.294982181969,75,35.4114384529299
-24.4937062363707,3.72957664947214,311.299164977876,75.5,35.3998002593072
3.6789761835741,3.77053860060439,311.298156239796,76,35.4015483262083
-12.1274183268492,3.7475412154156,311.299459524183,76.5,35.3957859788825
-13.0247975733532,3.74616799733403,311.301110192744,77,35.3895972414741
23.7220946723868,3.79955537230249,311.298078553651,77.5,35.4008688035753
-31.1346337086076,3.71999239626703,311.303641004199,78,35.3860751707958
-52.9602480826461,3.68830120752969,311.316742773446,78.5,35.3609110892337
-12.5777965828497,3.74633748886184,311.318808475548,79,35.3549347445121
26.5215374319319,3.80315696864346,311.315556106868,79.5,35.3675364628811
4.88650404081619,3.77213526483248,311.313822431647,80,35.3698582870924
-19.0464522625105,3.73727634176931,311.316534613975,80.5,35.3608083582202
-30.3995557597525,3.7206016079598,311.322341788615,81,35.3463639980013
41.2319753467867,3.82412816631043,311.31906560447,81.5,35.3659553864135
14.2769892446891,3.78595506910077,311.316177535229,82,35.3727391031599
1.30876297855985,3.76725944113689,311.315032588913,82.5,35.3733609623757
-21.7266731442018,3.73367746622879,311.318353361615,83,35.3630375255553
19.6296225632143,3.79372383195778,311.31564243311,83.5,35.3723645480126
-21.9775913933333,3.73336269625975,311.318837490078,84,35.3619218872929
14.3479446334292,3.78612909358405,311.316551199663,84.5,35.3687393185187
-12.8482943745825,3.74667520217214,311.317810538057,85,35.3626344466708
-38.0388140854975,3.70995084130839,311.325645404977,85.5,35.3445602900188
24.4244084781053,3.8004444329519,311.322811122138,86,35.3561655567859
11.6815869966954,3.78230056488167,311.320301045285,86.5,35.3617160671895
23.9175573647182,3.80009933614139,311.316999041353,87,35.3730805034616
-0.841569489024983,3.76445499408804,311.316071212617,87.5,35.3726806314061
39.450653237161,3.82244487698142,311.31262113235,88,35.3914256239558
-1.2888290468179,3.76417969893628,311.311640000213,88.5,35.3908132363551
-12.29794663612,3.74811146526809,311.312913165707,89,35.3849698624397
-21.2388322369484,3.73496660628832,311.316207358257,89.5,35.3748782234078
12.168077809844,3.78344013758345,311.314140766964,90,35.3806598901021
23.4300713339594,3.7998162533302,311.310909823893,90.5,35.3917926972055
28.1737440294329,3.80682210948468,311.307416894391,91,35.4051794621534
-29.3499491383346,3.72364761694819,311.312265181733,91.5,35.3912338229108
-28.2144643198362,3.72499745519388,311.31744447776,92,35.3778277097017
26.7031781472368,3.80447574674444,311.314477652096,92.5,35.3905157347241
-1.12709146198962,3.76447571686979,311.313567749645,93,35.389980196797
-5.90419842812609,3.75751211402286,311.313676292213,93.5,35.3871748147193
-0.286528073830439,3.76565654668599,311.31295635175,94,35.3870386707985
42.118977712402,3.82656079978275,311.309602480484,94.5,35.4070515187143
10.8223815327992,3.7821961535273,311.307115861258,95,35.4121937773224
21.0477343188045,3.79703933860611,311.304106524005,95.5,35.4221946161076
-5.20973353867766,3.75916403763332,311.303895869472,96,35.4197192092802
-18.9880966561688,3.73903291959646,311.306562540593,96.5,35.410697008096
-11.4806901373559,3.7497804896408,311.307861566111,97,35.4052419539098
-21.9609533458521,3.73441550470331,311.311285035487,97.5,35.3948071987645
-31.5531377688188,3.72029030943324,311.317254375304,98,35.3798147136252
7.35485150955284,3.77666151790662,311.315821464967,98.5,35.3833093740538
-2.43908985973873,3.76250942441068,311.315284556227,99,35.3821504396003
-25.3087410980847,3.72918567155658,311.319427749452,99.5,35.3701249818602
-10.0941325917259,3.75114250476969,311.320545953763,100,35.3653287510072
9.38083113911756,3.77945461637791,311.318628902489,100.5,35.3697860564098
-3.72233581536375,3.76050529732366,311.318268329499,101,35.3680173871635
21.0763809669899,3.79646955127139,311.315315029221,101.5,35.3780318374142
6.30858912428962,3.77531736880215,311.313460517396,102,35.3810293658816
10.5207873928849,3.78149845823909,311.311288460796,102.5,35.3860283219219
4.64110834242704,3.77306790826054,311.309745938873,103,35.3882335462759
13.5816696919358,3.78607968912347,311.307316942889,103.5,35.3946868816784
-2.05022656233241,3.76350804346316,311.306674197525,104,35.3937127157653
-2.18427469768722,3.76329475977629,311.306206773561,104.5,35.3926748568308
-59.0516775613791,3.68117749495922,311.320798298515,105,35.3646164302876
-4.98884390776225,3.75865898270029,311.321448762363,105.5,35.3622459792505
14.388155811772,3.78682238956704,311.318991578542,106,35.3690825168326
-11.0464528721051,3.74998650289741,311.319849116976,106.5,35.3638337906444
-17.4585042926161,3.74055734783287,311.322261622817,107,35.3555383758403
-38.1106372165127,3.71044100086358,311.330054884103,107.5,35.337430092401
18.6923987480888,3.79270051905128,311.327600432561,108,35.3463117926142
-11.4396154759547,3.74910639319335,311.328486707944,108.5,35.3408762550686
18.5383329718975,3.79261796396081,311.325745446923,109,35.349684750871
-6.9539148038995,3.75578660596351,311.325812988301,109.5,35.3463805956671
-10.9854894471541,3.74986396228082,311.326862345383,110,35.341160836273
-55.9128820516895,3.68488172149037,311.340484165394,110.5,35.314593809583
-21.8378740665962,3.73346050182673,311.344458938488,111,35.304217535603
9.68584618951868,3.77929405470709,311.34256965617,111.5,35.3088197690202
-26.2365996042981,3.72706753114655,311.346821814972,112,35.296353438966
-0.506799808672812,3.76441158223078,311.346293273712,112.5,35.2961126328485
2.52995567307785,3.76888979229547,311.345042155779,113,35.2973147422269
-36.5366876907502,3.71205714017936,311.352169065121,113.5,35.2799543214898
5.45333971407848,3.77293322885364,311.350932613296,114,35.282545477882
34.4144349340693,3.81474888929577,311.347267512606,114.5,35.2988975094329
6.6791599133611,3.77517333694101,311.3451647449,115,35.3020711147484
-26.1473323489873,3.72741464047869,311.349367363237,115.5,35.2896472000637
-28.6598809620599,3.72353223301465,311.354597036595,116,35.2760294469716
20.703608709309,3.79513630116785,311.351809627146,116.5,35.2858667743454
-21.7215143284106,3.73364260631238,311.354814706575,117,35.2755457887383
-27.4790900274945,3.72508643670619,311.359688864493,117.5,35.2624890888976
-11.9478573708684,3.74751569192088,311.361119806503,118,35.2568120600267
20.9179758334941,3.79526020913164,311.358100284167,118.5,35.2667512440193
-27.4239746061714,3.72514710767467,311.362501138967,119,35.2537207322916
3.48757576224649,3.77001808896966,311.361377554408,119.5,35.2553778552114
7.11460041786948,3.77537491821115,311.359459099626,120,35.2587583602445
-21.5551090226882,3.73366097368796,311.362546449648,120.5,35.2485164421802
-20.0892910410757,3.73562761531432,311.365616825984,121,35.2389710080747
29.7775923799739,3.80788037017732,311.362262663117,121.5,35.2531198421626
-25.6324400632844,3.72774705946051,311.366110626881,122,35.2409405787388
-15.0090016785158,3.74301931262715,311.368109255986,122.5,35.2338090460123
0.957830084314319,3.76623635949186,311.367176693035,123,35.2342641593329
-15.3753316500222,3.74244372363083,311.368954097285,123.5,35.2269585647843
1.88464007379733,3.76754338665608,311.367891966591,124,35.2278540522159
34.1161197344045,3.81408840819912,311.364221635219,124.5,35.2440643391888
1.02895885550216,3.76670355864084,311.362809028446,125,35.2445532493715
2.76263785734993,3.76925590751473,311.361462442154,125.5,35.2458659177763
-23.2010460775668,3.73143729319467,311.36494381367,126,35.2348419321086
16.2136789067026,3.78863432512755,311.362402756499,126.5,35.2425458676678
8.03630176507539,3.77695611064979,311.360258859053,127,35.2463643194386
-31.8077237019012,3.71901842855104,311.365880130774,127.5,35.2312508676986
-22.8415015040207,3.73175607554016,311.369679832055,128,35.2203977197686
-5.32174382369301,3.75714542398697,311.369809482513,128.5,35.2178690912127
-7.89534588540614,3.75338178311171,311.370188582096,129,35.2141176146805
34.3785604077203,3.81447162127919,311.366617405778,129.5,35.2304526004369
8.27982059994549,3.77727117001222,311.364279399543,130,35.2343867602726
-23.5145316074101,3.7310265434213,311.367760790329,130.5,35.2232138218389
-37.6302677257072,3.71033681378472,311.375399981385,131,35.2053337861417
10.0569125274275,3.77944406085901,311.373577645904,131.5,35.2101123318673
3.12152833770717,3.76949180339698,311.372065258397,132,35.2115955272172
22.8319395992448,3.79809324589607,311.368771463479,132.5,35.2224441318046
-13.7748227038337,3.74514584619814,311.369965917522,133,35.2158990196767
-22.6798944888496,3.73204826530587,311.373484203452,133.5,35.20512265938
5.49223432195391,3.77295227511023,311.372014603346,134,35.2077322965596
-13.5999620345233,3.74518972545811,311.373344045951,134.5,35.2012702695437
-6.29766409845114,3.75575451674787,311.373516529674,135,35.1982779321065
-30.0680075588255,3.72107632040414,311.378834377775,135.5,35.1839911071385
32.1609097693097,3.81113563301039,311.375511740927,136,35.1992723753697
-4.85598009665526,3.7579371977846,311.374986729515,136.5,35.1969650546218
-32.7987218187069,3.71720464710926,311.381008380204,137,35.1813807297582
-6.74575103046528,3.75488378813268,311.38147366841,137.5,35.1781754836486
-23.8988137571538,3.72982795460419,311.3852222906,138,35.1668199534086
14.9583567063498,3.78628617671057,311.382724673962,138.5,35.1739274221577
21.9698462613797,3.79657955270047,311.379324638269,139,35.1843664027751
-3.77979821152339,3.75944187027238,311.378700879778,139.5,35.18257043025
-17.3000345942662,3.73969409819256,311.380875340496,140,35.174350312382
46.1773656181586,3.83101708762247,311.37754139449,140.5,35.1962915048198
1.76236267920589,3.76782437666987,311.375897142774,141,35.1971288921019
-28.3391496417278,3.72398206452929,311.380596279327,141.5,35.1836635346158
-24.0099021835535,3.7300095130909,311.384573966329,142,35.1722552206687
5.25735076450202,3.77249680425856,311.383119456817,142.5,35.1747532528387
-5.41076802762191,3.75702904273901,311.382911704185,143,35.1721823243991
-46.4214151822125,3.69745670872526,311.393073440317,143.5,35.1501251717202
-5.31762686620478,3.75674828397984,311.393444400426,144,35.1475984993381
34.0806263370699,3.81369801833652,311.389767902603,144.5,35.1637919216101
3.47592346552673,3.76993276786253,311.387952378197,145,35.1654435079368
31.1926679127985,3.80996528400111,311.384308115685,145.5,35.1802647156901
19.2657904308036,3.79315891413128,311.380981914592,146,35.1894188631745
-4.04970940649104,3.75950209392444,311.380407278866,146.5,35.1874946422447
3.76146152845931,3.77083906270381,311.378935372035,147,35.1892819020881
13.4280481886749,3.78490205250536,311.376334684341,147.5,35.1956622441762
2.19914987330602,3.76872844294648,311.374906725337,148,35.1967071710559
-29.7382631140274,3.72224104143209,311.379928491416,148.5,35.1825770242834
-31.7769263784557,3.71899529447294,311.385885738824,149,35.1674782059031
-17.029912079783,3.7401637459854,311.388299478666,149.5,35.1593864368482
10.7935967448003,3.78059329527393,311.386125026963,150,35.1645150183536
-64.2477979695243,3.67228048729169,311.40257738684,150.5,35.1339876532671
-23.8773365115457,3.72960963942651,311.407017120413,151,35.1226423279483
-48.5647096252285,3.69372480947981,311.418188783893,151.5,35.0995667881181
1.51003017543479,3.76614384700881,311.417475259604,152,35.1002842795173
14.1562516710435,3.78463108953872,311.414673798764,152.5,35.1070106277607
7.52250302237692,3.77518640929561,311.412457607532,153,35.1105849478679
-4.25577118230035,3.75813153663863,311.411972378564,153.5,35.1085628166088
-21.7740825972557,3.73255083224337,311.415114066387,154,35.0982168531692
21.4308603914114,3.79528825004259,311.412020499546,154.5,35.1083997344501
12.8012008596419,3.78305079523314,311.409188855792,155,35.1144822297968
23.5690144384317,3.7987290190937,311.405661417884,155.5,35.125681055768
17.7113178984713,3.79052017413106,311.40243487924,156,35.1340965950508
7.17875636693539,3.77543293188391,311.400273706288,156.5,35.137507583807
-2.50133175628136,3.76141245259504,311.399521515248,157,35.1363190750932
6.01289508486437,3.77379046183055,311.39770072609,157.5,35.1391761044278
-19.8937383329339,3.73609255227894,311.400256951657,158,35.1297235872643
4.26843646178167,3.77114686295966,311.398838451107,158.5,35.1317517364357
19.4932094083689,3.79325581393329,311.395689801331,159,35.1410139421318
-45.3446611796738,3.69933359039612,311.405103132047,159.5,35.1194684095175
-17.2115101254774,3.73965897494212,311.407680537916,160,35.1112903540837
-23.8306897667747,3.72987932940184,311.411433186808,160.5,35.0999671929831
-40.2651819492382,3.70585012519169,311.419812373305,161,35.0808351768131
-11.2358675055008,3.74774166986127,311.421117222356,161.5,35.0754964501914
-40.2739915127141,3.70543925713696,311.42939500254,162,35.0563602481541
19.8177260250111,3.79259607790816,311.426578355416,162.5,35.0657766480412
-11.0910626658473,3.74785339234243,311.4271715259,163,35.0605067254929
-6.91755818947824,3.75390228341804,311.427304946327,163.5,35.0572198451479
32.7352846162762,3.81128085967647,311.423553682931,164,35.0727740278012
9.6868921290043,3.77843795212299,311.420913039439,164.5,35.077376758197
-7.10145278760627,3.75408971995881,311.420852645515,165,35.0740025002653
-18.5810176956113,3.73728495334434,311.423242306047,165.5,35.0651737228006
12.938181357717,3.78308718844489,311.420771749761,166,35.0713213044819
-41.8951360717249,3.70345976037337,311.429200820384,166.5,35.0514148150047
-26.2443244373742,3.72574939996488,311.433851422158,167,35.0389448144932
-20.7779137138584,3.73351793391818,311.43698693209,167.5,35.0290721810688
5.03297613598754,3.77108690133088,311.435384627329,168,35.0314636015506
-4.59131362955858,3.75714528717733,311.434927755086,168.5,35.0292820371729
-1.59329724087675,3.76153200158653,311.434087214901,169,35.0285249813966
-22.5759546731142,3.73091034852575,311.437351688142,169.5,35.0177980081421
-29.1215106009204,3.72120171976918,311.442521713513,170,35.0039609115555
-23.7646469163449,3.72877989248091,311.44641639831,170.5,34.9926691307397
-37.3159251114234,3.70890717220737,311.453963569123,171,34.9749384550525
14.4608127206037,3.78415505744732,311.451463845903,171.5,34.9818095155918
16.947046471045,3.78795430301988,311.448188591662,172,34.9898619110219
2.38874852112418,3.76700005936431,311.446515979344,172.5,34.9909969257696
-23.9714995114266,3.72855375407894,311.450062300772,173,34.9796068588664
-2.0561371902835,3.76040125345304,311.449480819346,173.5,34.9786298845162
-19.0796086489149,3.73554470831559,311.451926468929,174,34.9695642013746
-11.0461918040527,3.74716192740571,311.452872751573,174.5,34.964315599233
-29.6533512973139,3.71994135277341,311.458052490312,175,34.9502257983418
-24.624810599262,3.7270402298134,311.462161753209,175.5,34.9385253104324
-45.577531037383,3.69647252788126,311.472359383319,176,34.9168691296185
-19.8938610953698,3.73342218386519,311.475557226343,176.5,34.9074165541244
-9.87394159783008,3.74800063327132,311.476285689103,177,34.902724947104
-17.1397642703939,3.73735383269151,311.478403516449,177.5,34.89458098174
12.1218439244372,3.78006197257701,311.4758143749,178,34.9003406803864
-31.5507976390045,3.71643425668349,311.481291646181,178.5,34.8853493071607
-37.7977401359373,3.70711545559995,311.489112563867,179,34.8673896968854
20.1190174743205,3.79136477309392,311.486026106139,179.5,34.8769492555167
19.7818538985457,3.79113026022178,311.482355611038,180,34.8863486107496
-24.1001606006982,3.72733494318441,311.485748427129,180.5,34.8748974104821
-8.00612255745987,3.75070876076102,311.486123718945,181,34.871093298373
-5.67508474791766,3.75411054717247,311.48589317004,181.5,34.8683967797455
-0.766479645664613,3.76130216748353,311.48482489986,182,34.868032586657
-4.45776215703213,3.75595341417693,311.484304308545,182.5,34.8659144793111
-6.7202702845529,3.7526554941225,311.48421731215,183,34.8627213403874
21.8558496805767,3.79423962088238,311.480687548624,183.5,34.8731061554871
-54.8823168957205,3.68300922146567,311.493535057328,184,34.847028802214
-26.0874834189593,3.72408776077612,311.498307415502,184.5,34.8346333247707
-3.90642061646925,3.75637798341226,311.497961729965,185,34.8327771875627
5.57884746088081,3.77028226393617,311.49593862553,185.5,34.8354279790074
-6.99447322999835,3.75201181400092,311.495773802534,186,34.8321045524523
28.9184605328053,3.80415379641275,311.491848792019,186.5,34.8458451697236
39.1051055059284,3.81892729808256,311.487470302692,187,34.8644259751403
9.66640984481666,3.77702990145651,311.484599431451,187.5,34.8690189733712
4.65662028430551,3.76983857717001,311.482593612175,188,34.8712315682301
-30.280791733452,3.71889548786417,311.487631124751,188.5,34.8568436387825
13.9133048396224,3.78309631858856,311.485013145341,189,34.8634545507487
-43.7146665838253,3.69933817133262,311.493967156063,189.5,34.8426835106724
-0.42306989363107,3.76201074342672,311.493267591946,190,34.8424824888552
-11.5944228172897,3.74571538506997,311.494009704064,190.5,34.8369733945438
-56.4169768109124,3.68070056456683,311.507744652291,191,34.8101668470416
-31.0484328270625,3.71672965950005,311.513837121952,191.5,34.795414172643
-1.93383539064774,3.75909976259738,311.513187663841,192,34.7944953100383
24.1170165889433,3.79701934614549,311.509371071366,192.5,34.8059545194349
-0.751472675087205,3.7611760988738,311.507939664311,193,34.8055974569141
21.9762537175435,3.79424068216578,311.504281083712,193.5,34.8160394820366
5.54963795276304,3.77065554138118,311.501990001136,194,34.8186763945727
-15.1190233862954,3.74052960290902,311.503355868051,194.5,34.8114925849909
-16.1074404791784,3.73896995204532,311.505161737443,195,34.80383912866
22.9878894071538,3.79579556293428,311.501622593847,195.5,34.8147618328565
-13.4696051754131,3.74297585537842,311.50247793225,196,34.8083617449507
-54.7999264276463,3.68298523801783,311.515573586922,196.5,34.7823235395392
-37.7205502361379,3.70701789860707,311.523541107097,197,34.7644006060736
3.29124316761011,3.76664269251208,311.522159069263,197.5,34.765964441488
19.2397390109735,3.78992781171069,311.518590719483,198,34.7751062106306
12.2190851660176,3.77997983015625,311.515513765352,198.5,34.7809121134891
-9.24183257874536,3.74880897284674,311.515620691715,199,34.7765208533041
-21.3768694790998,3.73100629667915,311.518535458875,199.5,34.7663636258252
-10.3527835294605,3.7469757603989,311.519221054628,200,34.761444496883
3.11050757447733,3.76662404293725,311.517539198197,200.5,34.7629224557132
7.07020910993521,3.7724759442015,311.515199869611,201,34.7662818681998
43.2898123570768,3.8245226496057,311.511003978604,201.5,34.7868510386323
4.17447229340413,3.76878235308308,311.508700183279,202,34.7888345406942
-10.7687771253778,3.74700512805629,311.50916469824,202.5,34.7837177522403
-7.67704386797489,3.75144017927189,311.509216398659,203,34.7800700019928
-16.4669725477232,3.73853634940246,311.510978626092,203.5,34.7722457138659
-9.26672351773492,3.74894070547737,311.51139254786,204,34.767842626742
3.62700229451265,3.76773363078576,311.509644547232,204.5,34.7695659982304
11.2334646674786,3.77887354695623,311.506854520092,205,34.7749035831427
5.32793948916576,3.77041176566979,311.504684873478,205.5,34.7774351555714
26.7748963326851,3.80149610901361,311.500772046733,206,34.7901572575162
-16.709220676202,3.73856157801939,311.502236156878,206.5,34.782217865101
0.966404922731822,3.76424047401888,311.500964313096,207,34.7826770527593
17.9112882614805,3.78888296161308,311.497637640549,207.5,34.7911876080344
2.26280053712073,3.76633762730294,311.495838552021,208,34.7922627785508
7.0535357089212,3.773343514578,311.493579690683,208.5,34.7956142686647
-5.58244142750021,3.75499048271839,311.493098878013,209,34.7929617695454
-40.7831317638982,3.70369063128688,311.501219351605,209.5,34.7735836493285
-4.33919742329611,3.75640333575673,311.501072558356,210,34.7715218780599
-26.6955017232972,3.72373268069632,311.505225951459,210.5,34.7588375004932
-7.44205510206996,3.75165017982384,311.505439469076,211,34.7553014052452
27.4840284270888,3.80232111750896,311.5016023993,211.5,34.7683604515683
-34.053194885542,3.71309785724442,311.507418052769,212,34.7521800633607
31.8492599586303,3.80855833493343,311.503748610805,212.5,34.7673132510686
15.0171769631435,3.78467802008845,311.500368454341,213,34.7744486682845
-42.762064825112,3.70072327198397,311.508887488323,213.5,34.754130257288
10.5884914260189,3.77804267599876,311.506706674591,214,34.7591613829249
-21.4155172765787,3.73144999577644,311.50938288958,214.5,34.7489857919306
-53.7330455225879,3.68452017434013,311.522113845829,215,34.7234545153777
-16.5121615934638,3.73796748433456,311.524471213259,215.5,34.7156087556589
-1.09875984118353,3.76043904079696,311.523466882582,216,34.715086679512
-16.0763654638858,3.73856939819391,311.525076860677,216.5,34.7074479884862
-7.70992515136324,3.75072453052446,311.525183910089,217,34.7037846146847
56.5557732131292,3.84270764755785,311.521673265429,217.5,34.730657111349
4.09614600247404,3.76853261856195,311.519253657437,218,34.7326033966446
16.4609028516223,3.78654480177632,311.515958969525,218.5,34.7404248007531
-12.4391668793918,3.74460213333954,311.516595844213,219,34.7345143259867
-10.3535105264223,3.74754712115573,311.517130034529,219.5,34.7295948516116
-32.3955499045223,3.71530566023965,311.522823244047,220,34.7142020940329
-37.22194971957,3.70800855812351,311.53021187165,220.5,34.696516070788
-9.42005968442683,3.74826114436275,311.530876551246,221,34.6920401259275
23.5637860133845,3.79622481311829,311.527155985092,221.5,34.7032364676105
-11.3080290894984,3.74574419725282,311.52750724974,222,34.6978634533854
-19.1181420483586,3.73424846528306,311.52986474425,222.5,34.6887794610848
-23.4281992567709,3.72780817378338,311.533341120528,223,34.6776475434996
25.2730144600807,3.79858629456108,311.529678167952,223.5,34.6896560257144
-17.1992165923713,3.73703900959677,311.531231867212,224,34.6814838115575
15.8477180451557,3.78514310457406,311.528160556774,224.5,34.6890138606773
23.5491221088513,3.79643146332452,311.524223762143,225,34.7002032348007
-17.5090293431835,3.73690820795963,311.525842745492,225.5,34.6918838130001
-21.6189982858875,3.73075343221826,311.528830281354,226,34.6816115379286
-7.01120483007826,3.75194469704971,311.528843312863,226.5,34.6782801613475
-3.01545987033246,3.75776388056631,311.528011397974,227,34.6768473644693
-4.90733934297236,3.75500843511396,311.52745178292,227.5,34.6745156403563
-33.4216360615986,3.7133506415523,311.533393322992,228,34.6586353375587
-4.77605652881479,3.75492332395911,311.53316233228,228.5,34.6563659925237
-9.90498454012577,3.74742365538226,311.5335228488,229,34.6516596354378
-21.7145056693922,3.73009631614431,311.536479352907,229.5,34.6413419799976
37.9592402047613,3.81649455565435,311.532455510656,230,34.6593783270905
-25.6624509973528,3.72460077128653,311.535886165525,230.5,34.6471848039602
-23.0336949221318,3.72821997140437,311.539325256092,231,34.6362403352562
27.4144695748087,3.80150079453857,311.53554324518,231.5,34.6492663306648
5.70263932195061,3.77037484980489,311.53310024882,232,34.6519759418583
-7.79704381552415,3.75073441433324,311.532939214138,232.5,34.6482711735912
-10.8705030134716,3.74619223137317,311.533498466791,233,34.6431060500437
-19.2538770096974,3.73385581191419,311.535863384371,233.5,34.6339575632258
3.75748995159932,3.76737353261202,311.534145482903,234,34.635742935973
20.3449753450093,3.79152969974592,311.530496002429,234.5,34.6454098585705
-11.4447260215582,3.74544648105049,311.530883172197,235,34.6399718927473
7.88397612607827,3.77360124460354,311.528568591835,235.5,34.6437179669341
-4.71826412083065,3.75530818452346,311.527856352723,236,34.6414760819833
-35.5013325695381,3.71035063808845,311.534363338191,236.5,34.6246076106168
-13.6104438938103,3.74197390482699,311.535808255676,237,34.6181406031416
-17.5964420632917,3.73605744371333,311.537844882024,237.5,34.6097796471545
-22.4165759352067,3.72888781262366,311.541051460735,238,34.5991284027666
-10.277548427569,3.74650095609549,311.54167744476,238.5,34.594245021811
-4.29185660279894,3.75523169298107,311.54107657578,239,34.5922057445508
14.4155889686583,3.78253533698773,311.537954805987,239.5,34.5990553170077
-49.5712129545785,3.6895143659904,311.548825404252,240,34.5755015367464
5.10706575500106,3.76876263403157,311.547279543971,240.5,34.5779281609382
-24.3216344056842,3.72579651541831,311.550704733513,241,34.5663717273099
8.35271255721753,3.77343898004184,311.548423426828,241.5,34.5703405217862
1.58698994967114,3.76369711556701,311.546683985635,242,34.5710945806507
-29.7273970787648,3.71794289624346,311.551541557608,242.5,34.5569695968789
-23.0281358167612,3.72748436899574,311.555046459207,243,34.5460277695858
34.1370728242084,3.81044977624389,311.550981384475,243.5,34.5622480124272
7.69848880490569,3.77267497630319,311.548191226778,244,34.5659059522444
13.8090408274973,3.78166448668799,311.544993561049,244.5,34.5724673231265
-15.6335176597781,3.73882199914033,311.546274871007,245,34.5650390513994
1.4993286670203,3.76377579952035,311.544803544138,245.5,34.5657514579728
-12.1553647187198,3.74384253800631,311.545496536802,246,34.5599758319085
0.1424383877774,3.76176236974147,311.544188483881,246.5,34.5600435115614
1.64099782210171,3.76399014970396,311.542530367149,247,34.5608232322866
26.6592542132841,3.80029778887319,311.538525185389,247.5,34.5734903868354
-8.0797846762251,3.75009739161969,311.53820014392,248,34.5696512741432
-11.5195864279158,3.74500405640277,311.538869222007,248.5,34.5641777383701
-36.618989396939,3.70829006975409,311.545776570371,249,34.5467782119466
-11.2667636234059,3.74497677003898,311.546745539253,249.5,34.5414248050231
11.1407123715561,3.77766489343724,311.544013800241,250,34.5467183186475
-13.1925028583634,3.74225145629537,311.544823349508,250.5,34.5404498960106
-2.94483036627765,3.7571715775197,311.544012468849,251,34.5390506587675
-37.9023077730825,3.70611867937044,311.551242068255,251.5,34.5210413631406
-34.1574967291673,3.71122005907202,311.557819054448,252,34.5048114158732
43.2088800693613,3.82315113366879,311.553879968669,252.5,34.5253421312991
0.13868161719858,3.76159453788599,311.55202972837,253,34.5254080259211
-0.890763522149303,3.76012511059503,311.550728441615,253.5,34.5249847793024
15.6139961725042,3.7841913228117,311.547447342523,254,34.5324037753876
-21.2934470311031,3.73046763665856,311.549968175023,254.5,34.5222861861159
0.853634533853969,3.76270584558578,311.548646137315,255,34.5226917908819
-39.6403561730463,3.70361702403247,311.55633609221,255.5,34.5038566609118
-43.051768429105,3.69831559411388,311.565642284633,256,34.4834005971401
15.6450476587249,3.78364401732423,311.562790232453,256.5,34.4908343473505
17.9001485513398,3.78710956516602,311.559103259452,257,34.4993396095883
36.6641238651704,3.81419502548874,311.554631997698,257.5,34.5167605816711
19.0920526569242,3.78938122778343,311.55073654273,258,34.5258321775876
-33.0388983554241,3.71354588938521,311.55621507917,258.5,34.5101337327533
-30.4006014518522,3.71706579545806,311.561572242254,259,34.4956888756734
10.8517193255857,3.77710410865467,311.559056699271,259.5,34.5008450741446
-7.33945341941027,3.75067770846063,311.558703431361,260,34.4973577301242
9.19363819669287,3.77479671785429,311.556114328273,260.5,34.5017260907307
-2.47357032351244,3.7578845007942,311.554954305771,261,34.5005507728721
7.36158819232176,3.7722491457041,311.552539652865,261.5,34.504048634238
25.4603481484161,3.79852842236398,311.548523714903,262,34.5161461281244
0.737362836509062,3.76292959548517,311.546738292414,262.5,34.5164964863503
5.24718999060411,3.76952487491406,311.544578643025,263,34.5189896906247
-22.9503274649407,3.72836896868727,311.547558858149,263.5,34.508084833999
-36.6078114126192,3.70827029880773,311.554542813925,264,34.490690618799
7.93200033423261,3.77300165935028,311.552456127948,264.5,34.4944595117062
3.35973903913371,3.76644632325832,311.550454492618,265,34.4960558929594
3.04390857836129,3.76604730162762,311.548546945872,265.5,34.4975022072519
-24.6101891873829,3.72565505238301,311.55197600583,266,34.4858086667118
21.7586723277806,3.79307405812477,311.548498697701,266.5,34.4961473079561
-10.1704333017006,3.74681507117065,311.548576590441,267,34.4913148227924
-4.91343815092294,3.75443776046024,311.548034359271,267.5,34.4889802008286
-0.854586100897824,3.76035663744262,311.546783728873,268,34.4885741439252
2.14603359227794,3.76476084965598,311.545053398223,268.5,34.4895938325842
-40.0659384982418,3.70319225705296,311.552810116997,269,34.4705564870141
36.0099814998402,3.81333722844887,311.549008809879,269.5,34.4876666431088
-41.7758595559186,3.70075866459569,311.55696316342,270,34.4678168279125
-20.9460907388481,3.73067874050833,311.560044723462,270.5,34.4578642851122
-10.5777243935858,3.74571011227493,311.560646679445,271,34.4528382754348
11.2102528128534,3.77750493183631,311.557863384802,271.5,34.4581648312257
-28.5935469823838,3.71946035371192,311.562247268409,272,34.4445785967486
-50.4703696368569,3.68753014736169,311.573883222322,272.5,34.4205975818556
25.7401483046137,3.79805781525277,311.570400704825,273,34.4328280228903
-14.5737484545243,3.7396237762774,311.571309786674,273.5,34.425903300895
-32.5974011813049,3.71318048116785,311.577088044067,274,34.410414633607
11.827485372969,3.77790896753615,311.574446522886,274.5,34.4160344676784
14.7609289963103,3.78233353337784,311.571036586757,275,34.4230481285777
7.4584887638785,3.77188839796896,311.568391932227,275.5,34.4265920322862
18.0477003299918,3.78736829317557,311.56477755182,276,34.4351674038064
2.77254131268462,3.76534600226293,311.562727966445,276.5,34.4364847778417
-0.0140151140400153,3.76132131894955,311.561232123289,277,34.4364781185551
-11.8747469436699,3.74398353981067,311.561825017872,277.5,34.4308358281309
-8.61935430995365,3.7486636609214,311.561928532748,278,34.4267403387266
-9.90081732278107,3.74673610874366,311.562238798295,278.5,34.4220359616955
-3.88067388596651,3.75549369770603,311.56149329174,279,34.4201920580561
4.27667359107595,3.76741930911635,311.559465243602,279.5,34.4222241211026
-7.1453897630492,3.75078674695365,311.559135444166,280,34.4188289865007
-19.6510802723388,3.73243452316009,311.561482515076,280.5,34.4094917684049
-13.7722421736111,3.74089152615899,311.562698124981,281,34.4029478824169
-17.4203793758712,3.73545834395925,311.564630768453,281.5,34.3946705826812
-21.8557335979205,3.72884296832722,311.567636026585,282,34.3842858227382
-11.7615140969939,3.74347887146917,311.5684798715,282.5,34.3786973349432
-35.7633519759883,3.70832656869023,311.575167485512,283,34.3617043649584
-31.3668806955281,3.71443442602249,311.580910576143,283.5,34.3468003799367
15.0048179643208,3.78207381586754,311.577920592112,284,34.3539299247698
-4.90130891849505,3.75320478783044,311.577077634976,284.5,34.3516010660153
-36.1035709355502,3.70754803911852,311.583794816745,285,34.3344464408654
-1.20467219099109,3.75836144088607,311.582904690056,285.5,34.3338740404261
-9.43180913704769,3.74635295440789,311.583046111897,286,34.3293925128088
14.4772527274115,3.78128891883204,311.579844975938,286.5,34.3362713848235
22.1802349596456,3.79262063039887,311.575808771496,287,34.3468103317091
-18.2168709954361,3.73390047092063,311.577526914756,287.5,34.3381545786843
27.72907458013,3.800706126837,311.573558566983,288,34.3513300587781
5.06144344720725,3.76815462792775,311.571092594254,288.5,34.3537350055134
-37.4645381549443,3.70605685127459,311.578020125272,289,34.3359337162833
-15.9947028627515,3.7370675075346,311.579907699532,289.5,34.3283338272727
-12.5390842402511,3.74203056443083,311.58081108544,290,34.3223758767351
38.9928112471452,3.81663360258354,311.576535746316,290.5,34.3409033254931
8.29713734120492,3.77286369456988,311.573569471028,291,34.3448457133848
-5.41431682688248,3.75292241253832,311.572862340501,291.5,34.342273098732
-1.08812163447915,3.75922749447011,311.571592895337,292,34.3417560773329
-37.378017306207,3.70619040590257,311.578551866895,292.5,34.3239958985163
1.14688347251703,3.76219981314923,311.577314293561,293,34.3245408406245
-48.8984603074012,3.68925009375171,311.588023616344,293.5,34.3013067190337
-5.27775370876761,3.75243708198157,311.587961955817,294,34.2987989923972
42.6158149168562,3.82159251895199,311.583602895186,294.5,34.3190479126954
-22.0005863702468,3.72839644443685,311.585991542911,295,34.3085943259039
-18.0306172084741,3.73402839259677,311.588108271149,295.5,34.3000270714352
55.4677503488844,3.83962052621423,311.584435472925,296,34.3263825936311
0.606361551132773,3.76176600782632,311.582341711478,296.5,34.3266707065475
-25.1927979962072,3.72401826266244,311.585864244238,297,34.3147003392153
-4.69493893226203,3.75381190796563,311.585372201699,297.5,34.3124695372365
-16.6581996987969,3.73626795743879,311.586968020254,298,34.3045543874577
-45.4272629714722,3.694233553546,311.596656399396,298.5,34.2829696065712
19.6573106840362,3.78880525698897,311.593425183718,299,34.2923097850495
-23.1107330835515,3.72654703561927,311.596274612055,299.5,34.2813287116344
-47.7938504656296,3.69047609439983,311.606881234697,300,34.2586194458205
-32.0826144871685,3.71283481000306,311.612931221413,300.5,34.2433753796216
-23.019986240294,3.72585348862034,311.616377519339,301,34.2324374246029
-15.0293328465773,3.73744240221916,311.617855529912,301.5,34.2252962315143
24.8574969185935,3.79561800089315,311.613819005312,302,34.2371072804149
-47.7338916471797,3.69001583728067,311.623930569822,302.5,34.2144265040558
-15.1469771829238,3.73713064409124,311.625734416273,303,34.2072294122171
-28.3894991581662,3.71764306691139,311.630357599088,303.5,34.1937401311396
-47.6965898574305,3.68935956832409,311.641139398179,304,34.1710770787397
16.5369408007027,3.78293860029109,311.638034600989,304.5,34.178934612308
32.6106587051802,3.8063264207302,311.63327716852,305,34.1944295789134
-4.01417642905768,3.75350565122554,311.631990859752,305.5,34.192522241491
-15.6489396901165,3.73643765988438,311.633319122436,306,34.1850866419804
21.0371112099316,3.78996752882001,311.629495899977,306.5,34.1950824331915
-0.810354931793332,3.75837577724501,311.627788998994,307,34.1946973927444
-10.0431737191931,3.74486630487505,311.627919927044,307.5,34.1899253750186
18.1284520935819,3.78597617173217,311.62428223682,308,34.1985391157693
-28.2995513661276,3.71827414024943,311.628426382544,308.5,34.1850925734186
9.81396401823333,3.77387713786757,311.625809959221,309,34.1897556820698
20.9009801597189,3.79009990513513,311.621772367206,309.5,34.1996867905617
9.09787899593882,3.77318646500258,311.618739645983,310,34.2040096511483
10.7762023101511,3.77573575294498,311.615642367799,310.5,34.2091299676816
-2.40963834305685,3.75659426426444,311.614307298032,311,34.2079850271272
19.3519853474513,3.788288116511,311.610565224578,311.5,34.2171801301583
-49.9701251293949,3.68746937228956,311.621312457345,312,34.1934368066289
-24.3162903131844,3.72422326778524,311.62521057886,312.5,34.1818829122481
26.0587593569831,3.79755320559386,311.621238147179,313,34.1942647414427
-0.666683772785097,3.75900048679737,311.619474465331,313.5,34.1939479664003
-7.91509976232174,3.74840225198252,311.619196658367,314,34.1901871038061
-1.7206537276818,3.75743791807183,311.617938712282,314.5,34.1893695345478
-8.58357267090578,3.7473954052436,311.617801106425,315,34.1852910468027
-2.30767057756038,3.7565484437643,311.616648823751,315.5,34.18419455627
-34.8685317335887,3.70889334163915,311.622822546172,316,34.167626760456
-23.9650590610524,3.72450930687287,311.626451682899,316.5,34.1562397537352
-54.0931773181415,3.68060119227119,311.639324061148,317,34.1305373604257
11.9537234967741,3.77653338565372,311.636775663776,317.5,34.1362171765885
-8.83056421752962,3.74628399795597,311.636537924031,318,34.1320213307182
-7.74838859107661,3.74785381787019,311.636312876057,318.5,34.128339680999
-24.695212845285,3.72296612196649,311.639810402051,319,34.1166057414362
-28.0484185964105,3.71787592423832,311.644398543719,319.5,34.1032785249144
22.2703273743306,3.79130747495682,311.640593094933,320,34.1138602792443
26.2233347907161,3.79725726390551,311.636059052832,320.5,34.1263203065174
-5.38236100904896,3.75152849828154,311.635041073535,321,34.1237628756833
-1.55759923216732,3.7571232204907,311.633697179808,321.5,34.1230227818292
-1.49250777827383,3.75724233993477,311.632304809605,322,34.1223136162036
-20.2630279698973,3.72972525332335,311.634613439279,322.5,34.1126856309318
19.445374517839,3.78764557840793,311.630971965209,323,34.1219251078619
-52.8609882287464,3.68243559192171,311.642829047949,323.5,34.0968081896563
-29.2311476651311,3.71618793337875,311.648077738741,324,34.0829189989779
-6.10791711629439,3.74990788665851,311.647775885071,324.5,34.0800168198897
-35.529542597155,3.70678099797025,311.654252536265,325,34.0631349445181
-46.558355464524,3.69047504575728,311.664666878174,325.5,34.0410127246132
-18.3944652931387,3.7312258515014,311.66713851565,326,34.0322725875918
22.1150502607181,3.79045602464747,311.663141388998,326.5,34.0427805619435
3.21877659697173,3.76320625434382,311.660743084433,327,34.04430996484
-0.739599716074921,3.75749571968242,311.659129191411,327.5,34.04395854376
-37.9431124400123,3.70299967113373,311.666260499942,328,34.0259298597805
-24.3947941808618,3.72248932846257,311.670044541951,328.5,34.0143386642577
-18.4808863815997,3.73101713179292,311.672220111694,329,34.0055574642241
-13.3896271563023,3.7384110390971,311.673192512133,329.5,33.9991953779038
-35.3819170871427,3.70609675249205,311.679750799414,330,33.9823836468481
3.94191352917019,3.76359629236727,311.677848993367,330.5,33.9842566485268
12.5727637134696,3.77633858903317,311.674415738595,331,33.9902306018786
3.33256279476831,3.76301085708662,311.672062570321,331.5,33.9918140703293
5.81074076609305,3.76673076872794,311.66946452344,332,33.9945750459641
5.26487986487217,3.76603806976776,311.666920498577,332.5,33.9970766555889
-57.0388256271202,3.67521360480152,311.680568537868,333,33.9699746363905
-3.85727805718199,3.75227662293368,311.68018061141,333.5,33.9681418492879
2.65817029872569,3.7618826828755,311.678079943787,334,33.9694048798934
-62.8025865713295,3.6665924558065,311.694096243118,334.5,33.93956420754
-7.2644463548356,3.74687369426551,311.694397734065,335,33.9361125031542
12.8595674448602,3.77641203214835,311.691004577412,335.5,33.9422227314056
-42.5242293714258,3.69541342083089,311.699480496789,336,33.9220173280133
-14.9540309672629,3.73544784244087,311.701055728135,336.5,33.9149119146407
-7.35404961024718,3.74658577526295,311.700726696852,337,33.9114176352349
12.0475953189619,3.77506791145945,311.697404631383,337.5,33.9171420546288
22.8895080923534,3.79099223790308,311.692944343365,338,33.9280180129071
-6.29713964205549,3.74862478976141,311.692009631559,338.5,33.9250259246655
-10.0954487229483,3.74302835082231,311.692092765969,339,33.9202290684522
-7.78988054823566,3.74637655473241,311.691775485342,339.5,33.9165277038142
25.5272045404614,3.79498264729927,311.687393112379,340,33.9286569645402
-40.7600429405331,3.69834733178457,311.695076740011,340.5,33.9092898149863
-29.7452732399917,3.71404577186786,311.700258759869,341,33.8951563373498
7.83435065087816,3.76903121822807,311.697700866217,341.5,33.8988788319736
4.27365081045593,3.76395429671122,311.695198800252,342,33.9009094587448
3.81884440619222,3.76338254273176,311.692802237434,342.5,33.9027239840839
2.01562187462096,3.76082370713158,311.690676204001,343,33.9036817075668
-16.0229902843826,3.7343800819721,311.691900907514,343.5,33.8960683777774
-47.9512174886594,3.68763208377417,311.702457858484,344,33.8732843389639
19.0777723466988,3.78531203765725,311.698961337565,344.5,33.8823491495857
-74.5530539218296,3.64959420559193,311.719796973743,345,33.846925238303
21.7512046494505,3.78881881559632,311.716415571769,345.5,33.8572603312772
-17.1147845540215,3.73216011731301,311.717676365634,346,33.8491282350347
-24.6754106846569,3.72094692319602,311.721192063665,346.5,33.8374037044759
-15.8768654109676,3.73372595721714,311.722683799477,347,33.8298598059744
-4.04185117748362,3.7510844623048,311.721702667992,347.5,33.8279393188851
-11.5520183246064,3.74006687395767,311.722019372083,348,33.8224503730842
-4.35421757085851,3.75063029548006,311.721041081154,348.5,33.8203814649869
-6.04263715703565,3.74817686050281,311.720285815249,349,33.8175103036956
-1.22220118084663,3.75527999776833,311.718712314396,349.5,33.8169295743503
18.0325388834357,3.7834895552659,311.714692163963,350,33.8254977419035
-6.16347015496834,3.74829369119502,311.713727124576,350.5,33.8225691667684
34.526434839874,3.80742641981452,311.708928042061,351,33.8389744151162
-14.3419144577878,3.73662721349011,311.709424995593,351.5,33.8321598491306
-17.9493393825765,3.73121506361262,311.711216871544,352,33.8236312138511
-8.28250905641298,3.7453040572869,311.711029561402,352.5,33.8196957765943
7.65247476147954,3.7686641735746,311.708212459739,353,33.8233318528217
-3.65673115710038,3.75219510982913,311.706911357374,353.5,33.8215943556532
2.22709503346627,3.76084018906212,311.704794866124,354,33.8226525606862
-32.3542576687968,3.71011792169881,311.71012581273,354.5,33.8072794231286
38.6794369520831,3.81335528030579,311.705598095334,355,33.8256579719737
13.0138680834401,3.77681134561213,311.701745768209,355.5,33.8318415162309
-47.7732645138301,3.68803819334425,311.711787821756,356,33.8091420318396
-40.083895152565,3.69871270975403,311.720072811207,356.5,33.7900961541584
-38.2448369883507,3.70103687637198,311.727723133929,357,33.7719241056476
-18.516573916054,3.72965715415701,311.729972879367,357.5,33.7631259486687
-29.8038760204122,3.7129703341857,311.734882758651,358,33.7489646258993
-43.4432269882866,3.69283358043143,311.744154753445,358.5,33.7283225604477
36.8036040509222,3.80972800202613,311.739582635774,359,33.7458098065926
2.6514245250691,3.76064620697145,311.736943269799,359.5,33.7470696319413
3.59864398924701,3.76212390285653,311.734488773559,360,33.7487795289704
-24.0933880755736,3.72147906185591,311.73755934729,360.5,33.7373315466706
8.6862997930938,3.7695050934849,311.73472454822,361,33.7414588452461
9.67270789200752,3.77108542360842,311.731416151044,361.5,33.7460548359963
-29.1692801213268,3.71415832418872,311.735757387867,362,33.7321950417043
-14.946235776187,3.73482973004623,311.73703721469,362.5,33.7250933322197
-15.4293647086595,3.73403803968564,311.738255074704,363,33.7177620638432
9.61376900483744,3.77077106467569,311.73520235681,363.5,33.7223300497593
-16.1680851390931,3.73302831345569,311.736310285739,364,33.7146477780957
-5.38011566867999,3.74881822229687,311.735521276572,364.5,33.7120914141359
-13.4651198646543,3.73692182779678,311.736201470974,365,33.7056934574272
31.6894314681785,3.80274079458814,311.731463413851,365.5,33.7207507025684
2.78601695295149,3.76111260100681,311.728861600711,366,33.7220744795592
6.50501563131438,3.766624782127,311.726026702199,366.5,33.7251653401543
-31.4972395615402,3.7109002892475,311.731023656505,367,33.710199415069
12.2067696975816,3.77480439922983,311.727893467118,367.5,33.7159994662281
-18.8931113848855,3.72929896089699,311.729581980057,368,33.7070223973309
-6.21362937207003,3.74782195789027,311.728977444325,368.5,33.7040699890251
-41.1930197249725,3.6964891971192,311.737090580685,369,33.6844971103911
-21.8418597010976,3.72446239262616,311.740143741704,369.5,33.6741189426354
-16.4346478311229,3.73228400038111,311.741674580193,370,33.6663100136096
-43.2770175510558,3.69284809655353,311.750672551728,370.5,33.6457469226339
-11.5016451230386,3.73913551922769,311.751418132933,371,33.6402819116785
-5.05185660327388,3.74862683958936,311.750506501881,371.5,33.6378815201357
32.3476843488196,3.80314838224989,311.745576661109,372,33.6532515343778
-37.4172379735563,3.70146965574587,311.752127744154,372.5,33.6354727198465
-54.1994488840807,3.67679694743769,311.765267695435,373,33.609719831563
-24.3397908507945,3.71986263734451,311.76916359248,373.5,33.598154770893
-41.3524463967288,3.69477351957211,311.777693629134,374,33.5785061406167
-8.20684979592023,3.74323084359006,311.777725846304,374.5,33.5746066528856
-24.1551258962597,3.71972269783439,311.780989999478,375,33.5631293358374
38.5426222117562,3.81118797455928,311.776000448862,375.5,33.5814428771078
-2.62904867737842,3.75181867785289,311.774106873415,376,33.5801936836515
-9.5884183348192,3.7416024602502,311.773898297163,376.5,33.5756377431157
9.7606419364687,3.77003939337518,311.770663523358,377,33.5802755157599
-15.6743809855335,3.73276507361555,311.771608422488,377.5,33.5728278278084
0.00678475138100509,3.75578827443722,311.769821061717,378,33.5728310515855
-39.9686359089277,3.69706462231969,311.777500600812,378.5,33.5538399393768
-33.3294601615482,3.70643047521292,311.783657990521,379,33.5380034339923
-28.4435873106177,3.71335506931464,311.788347724506,379.5,33.524488452909
-19.7941274214463,3.72591407911982,311.790726903535,380,33.5150832659072
11.5979821134138,3.77207980083783,311.787345307438,380.5,33.5205940514194
2.16620174749417,3.75842751764616,311.784895822903,381,33.5216233229849
26.5604706778973,3.79410092466856,311.780021114534,381.5,33.5342435405001
4.92510230168734,3.76288318364749,311.77703778061,382,33.5365837046895
-46.2010507338638,3.68790118573434,311.786702000136,382.5,33.5146312582601
26.1754934382054,3.79357015083652,311.782426631391,383,33.5270685536968
25.9840191733814,3.79357795049575,311.777390429274,383.5,33.5394148700655
-37.4218783182868,3.70093710041042,311.783914877632,384,33.5216338506726
-32.1121078347937,3.70836493994257,311.789599564501,384.5,33.5063757706987
-15.859066610327,3.73203019325854,311.791040568378,385,33.4988403293039
-32.4149148346697,3.70757555926269,311.79658064625,385.5,33.4834383704714
-8.31137378216059,3.74285685473258,311.796440139214,386,33.4794892181294
3.94061429598738,3.76091671492368,311.793910134827,386.5,33.4813616024769
-1.55159486748781,3.75294503000679,311.792110560389,387,33.4806243615989
-35.1816492015915,3.70346281252186,311.798298590218,387.5,33.4639077879035
-15.8192595286774,3.7316806216095,311.799776459787,388,33.4563912608584
-36.3541457265365,3.70138212755402,311.806529647435,388.5,33.4391175750034
10.8941832744582,3.77071308470151,311.803394735248,389,33.4442939502357
59.1184361925103,3.8395884823298,311.798602513235,389.5,33.4723840971672
-0.74954386041887,3.75440070418391,311.796167038641,390,33.4720279511233
-19.4669867332651,3.72684500721385,311.798012789958,390.5,33.462778205141
14.3914407917497,3.77648765108396,311.794314566854,391,33.4696163035826
24.6346894838307,3.79152477554754,311.789446902176,391.5,33.4813214854477
-41.0210549810055,3.69557367445354,311.797065647063,392,33.4618303159257
4.81318882143367,3.76256377915086,311.794799824286,392.5,33.4641173043833
10.0602739815902,3.77034462473835,311.791322092471,393,33.4688974473051
-39.0309002178995,3.69834004099299,311.798466257413,393.5,33.4503519005586
-10.1647759113089,3.74042375404203,311.798733517318,394,33.445522103506
2.16411223235185,3.75854910284552,311.796471584202,394.5,33.4465503822376
-38.2321298012191,3.6991934022454,311.803486209127,395,33.4283843715515
26.0123090797574,3.79311154964362,311.799075892528,395.5,33.4407441298796
-33.6889861017381,3.70585081296095,311.804452798828,396,33.424736795611
3.20486342983027,3.75990297078828,311.802307096698,396.5,33.426259587661
10.4119129818059,3.77056273067728,311.798780443565,397,33.4312068119845
-7.28963734181787,3.744694490506,311.797900660619,397.5,33.4277431380919
-5.17664983071898,3.74778791036289,311.796820660486,398,33.4252834510006
22.2093354682646,3.78786144912136,311.792298321835,398.5,33.4358362250037
30.3900623848162,3.79987862071269,311.787106553461,399,33.450276074442
-42.848901989217,3.69306857992274,311.795219472437,399.5,33.4299164027347
-20.1624262919338,3.72589326204679,311.797724771198,400,33.4203362183876
38.2249240798351,3.81087047089152,311.792758588437,400.5,33.4384988052725
-20.4047937188602,3.72581431691236,311.794414692496,401,33.4288034599524
-39.2295457710564,3.69803126007503,311.801931178666,401.5,33.4101635266975
-16.2273388242001,3.73146316982207,311.803477660168,402,33.4024531006234
-17.9912526926148,3.72876714593647,311.805144749636,402.5,33.393904550219
-1.27907213172737,3.75330404462049,311.803502737635,403,33.3932967986202
-13.1546871812707,3.73584700500647,311.803920609397,403.5,33.3870463441163
-4.14856518635679,3.74906613456201,311.802714918292,404,33.385075151826
-9.65042728471538,3.74097538907618,311.802443318402,404.5,33.3804897477146
3.11222475699596,3.75974450442571,311.800023156151,405,33.3819685224647
22.3840023307516,3.78796175350862,311.795390089443,405.5,33.3926042894924
-19.4573546380683,3.72683768696134,311.796976142196,406,33.3833591202037
-6.45150561725485,3.74586536069408,311.796265578537,406.5,33.3802936849116
1.38426940856684,3.75739037791516,311.794081192181,407,33.3809514210356
10.979343241145,3.77151969829757,311.790535418251,407.5,33.3861682600578
3.6322925787911,3.76089468080913,311.787847539052,408,33.3878941452267
7.91128439274632,3.76723668297439,311.784666767806,408.5,33.3916531949466
14.8863258099316,3.77752666209995,311.780678527828,409,33.3987264381885
-21.3184996655537,3.72450823017597,311.782775380912,409.5,33.3885969451482
-28.0681948434005,3.7143977591817,311.787022769541,410,33.3752603319353
-16.8119567573302,3.73072925296994,311.788568404617,410.5,33.3672721244329
22.7785325321123,3.78867029624077,311.784168777508,411,33.3780953526325
-15.0332598770223,3.73351319329241,311.78475376184,411.5,33.370952293614
-7.87207048343081,3.74396407840911,311.784276009297,412,33.3672118763977
-13.1184506936138,3.73619904040768,311.784772743812,412.5,33.3609786396744
-20.5459460126141,3.72516978167666,311.787019506743,413,33.3512162257895
4.47261741397031,3.76188609320516,311.784567375878,413.5,33.3533413916162
4.98833625526522,3.76273673456155,311.781769862414,414,33.3557116014421
-10.0917871039692,3.7406332286064,311.78151172885,414.5,33.3509164850485
-16.1378659826356,3.73166483257182,311.782700361398,415,33.3432485720283
13.1265967890833,3.77459226686243,311.77914275262,415.5,33.3494856793718
-29.808176002136,3.71161360618415,311.783514758819,416,33.3353223134646
-15.4525309814466,3.73250236354409,311.784797193532,416.5,33.3279800376249
-1.94519936159962,3.75233223146381,311.783279988597,417,33.3270557754252
-27.1696734177365,3.71518493408739,311.787115165549,417.5,33.3141460950017
-10.6721351876808,3.73930304456954,311.787357766008,418,33.3090752260004
5.80677273548977,3.76354279533519,311.784606565499,418.5,33.3118343162241
9.97673523975403,3.76976723465634,311.781154364831,419,33.3165747656816
2.18945513921121,3.75848224861574,311.778712711999,419.5,33.3176150861049
-16.6813729912707,3.73073549991015,311.779895406321,420,33.3096889255275
-6.55538108869782,3.74555709609178,311.779211894067,420.5,33.3065741337665
-19.724700060559,3.72611802898003,311.781208720872,421,33.297201935201
34.9530380553666,3.80586141539472,311.776327740907,421.5,33.3138098842252
-11.5519154545097,3.73842602579556,311.776088735819,422,33.3083209873031
-20.8042291836066,3.72470700342546,311.778386050349,422.5,33.2984358500735
1.47994095820334,3.75739893076199,311.776396308125,423,33.2991390445699
-9.99122685844354,3.74055958448123,311.776171739305,423.5,33.2943917094143
6.32160621105675,3.76452480774661,311.773372089011,424,33.2973954229552
-20.4065600552577,3.72525717193326,311.775386943318,424.5,33.2876992383598
6.80918326063133,3.76519860886908,311.772645986611,425,33.2909346243171
3.01882875827008,3.75974268413263,311.770134454655,425.5,33.2923690219237
-3.55897676198926,3.75013290116246,311.768710784044,426,33.2906779727923
-20.3818700171765,3.72533359795864,311.770829489253,426.5,33.2809935196776
-37.8020095892842,3.69958151558786,311.777968195062,427,33.26303188077
-24.8652854850012,3.718249908613,311.781661456311,427.5,33.2512171311293
15.8093118799269,3.77795328080626,311.777930160222,428,33.2587289315454
-26.4895609322295,3.71591319296691,311.781418016819,428.5,33.2461424068222
-47.9226250041099,3.68434038992044,311.792052118966,429,33.2233719537384
12.4135626441424,3.77265539579661,311.788939086674,429.5,33.2292702626429
-33.9179932425737,3.70459046944316,311.794581419577,430,33.2131541155462
6.35286639989329,3.76371888574085,311.792022737473,430.5,33.2161726823775
4.59087878530571,3.76126117713336,311.789245980001,431,33.2183540401388
-11.6897941297076,3.73735925892831,311.789333020247,431.5,33.2127996301129
-15.8201272362601,3.73120688710679,311.79049506211,432,33.2052826907762
-26.3466654149064,3.71558191584099,311.794305039881,432.5,33.1927640629111
12.3807722241044,3.77249074246218,311.790907248572,433,33.1986467914354
-5.27809247144997,3.74669969146081,311.789666716055,433.5,33.1961389038357
22.1620184936652,3.78692221910645,311.785157025943,434,33.2066691951607
6.53759832694612,3.76436563317726,311.78197736508,434.5,33.2097755374358
10.4687145730797,3.7702261654631,311.778471383252,435,33.2147497510565
-2.00297041079224,3.75203714640316,311.776690803213,435.5,33.2137980389213
1.59424103861411,3.75734635652851,311.774473207151,436,33.2145555431434
39.6758896454119,3.81254071089932,311.769379279269,436.5,33.2334075568561
-55.6715885666665,3.67391882344908,311.781947830045,437,33.2069551808552
-24.3806635219678,3.71898795959087,311.78570707372,437.5,33.1953706995204
-17.8936250043382,3.72836606999657,311.787475059137,438,33.1868685369484
-23.2086315962317,3.72040801644597,311.790462844382,438.5,33.1758409470187
-10.2564419514447,3.73937061857632,311.790568894749,439,33.1709675948131
-28.9513261430755,3.71174882374365,311.795007738508,439.5,33.1572113614348
26.5402015060781,3.79304658728996,311.790475920453,440,33.1698219480456
-16.057230840566,3.73088849912724,311.791274477743,440.5,33.1621923488431
-38.0275846616817,3.69844255246403,311.798447961662,441,33.144123527856
31.5267989708195,3.80014760853124,311.793798925876,441.5,33.1591034981057
-22.5136187323107,3.72132812733309,311.796076559288,442,33.1484061437966
-44.2371446168512,3.68927229790167,311.805351606038,442.5,33.1273868480887
-36.5631292827774,3.70009873034733,311.812477606266,443,33.1100138636193
-11.6119925232977,3.73663001066804,311.813024622589,443.5,33.1044964210556
-2.17178282989784,3.75056525404765,311.811459063962,444,33.1034644976367
-30.2822310163066,3.70909473222052,311.816199495373,444.5,33.0890758843133
-10.9130084087149,3.73749787796098,311.816513283774,445,33.0838905643114
-5.5414852319926,3.74542631858607,311.815534685822,445.5,33.0812575255437
14.6106084067963,3.77511115929393,311.811592027364,446,33.088199761559
-23.8124645821876,3.71865987090108,311.81437586611,446.5,33.0768852601615
-16.1021176720321,3.72988874449512,311.815724051847,447,33.0692343329644
-11.1108444820408,3.7371927312315,311.815894887923,447.5,33.0639550110788
18.0411661316322,3.78006347648112,311.811684323344,448,33.0725272778723
-20.9838452361103,3.72281098182579,311.813713892189,448.5,33.0625567960085
-18.5467900832587,3.72626872184551,311.815589754141,449,33.0537442818065
4.01651716184271,3.75950192399105,311.813114195867,449.5,33.0556527314289
-4.47526522266179,3.74707898889175,311.811769797022,450,33.0535263074949
10.220823858553,3.76874296668033,311.808318911933,450.5,33.0583827357504
-4.70495472062913,3.74691458224101,311.80695425062,451,33.0561471747661
14.7880368304966,3.7755807591028,311.803019916503,451.5,33.0631737159629
-10.0517670301779,3.73921168275263,311.802628395672,452,33.0583976151222
8.43742024055079,3.76641149430657,311.799486168986,452.5,33.0624066584857
46.4280027031276,3.82120451990137,311.794279354556,453,33.0844669412277
-5.81481645343628,3.7460133641443,311.792798666538,453.5,33.0817040290284
-10.8377259797331,3.73856060475877,311.792772374496,454,33.0765544795007
15.0775324494755,3.77657883738286,311.788938495611,454.5,33.0837185746485
5.25984640383992,3.76236796438393,311.785989543835,455,33.0862177926224
-15.8869829115381,3.73127073019415,311.786920324758,455.5,33.0786690867867
25.0563651669014,3.79117102798289,311.782398388053,456,33.0905746280093
1.67160368348637,3.75729557530293,311.779884574838,456.5,33.0913688911209
-41.6780135074683,3.69355276426068,311.787896879297,457,33.0715655675109
21.8541838908204,3.78647135798555,311.783885602636,457.5,33.0819495911099
-27.8899573528617,3.71362098191688,311.787607161245,458,33.0686976675068
-10.1239372721324,3.73958434947232,311.787715927793,458.5,33.0638872749489
-16.0358304233,3.73079977332856,311.788866090456,459,33.0562678441626
-9.48684991934258,3.74036485444635,311.788711531206,459.5,33.0517601638971
-51.5403781396436,3.67859010408575,311.800359325038,460,33.0272707340662
-29.2608102749135,3.71067782904192,311.805410882784,460.5,33.0133674491877
8.18034987893747,3.76574600932266,311.802522474329,461,33.0172543454734
-7.26922486247508,3.74312067460253,311.801664783634,461.5,33.013800370578
3.04258681560762,3.75833393663985,311.799230613082,462,33.0152460568344
2.38393686425356,3.75745123821551,311.796787399666,462.5,33.0163787853215
8.83225141797755,3.76700442368332,311.793475492135,463,33.0205754328658
-16.564166532772,3.72968222993352,311.794539737739,463.5,33.0127049629807
-25.8948515454641,3.71578911281607,311.798186262571,464,33.0004010146436
0.934737403883455,3.75522406345439,311.796300419334,464.5,33.0008451554686
0.125483795728732,3.75409806692428,311.794235824207,465,33.0009047791407
25.8277374965672,3.79171364088743,311.789437179443,465.5,33.0131768382125
-2.5582535288117,3.7504789844535,311.78757568943,466,33.0119612830974
-6.06947951046049,3.74530696723748,311.786616224762,466.5,33.0090773676519
-2.95206101101195,3.74988588249599,311.785148720333,467,33.0076746947653
-20.344914623659,3.7242091853242,311.787226315428,467.5,32.9980078010195
-9.85115604681523,3.73955810608538,311.787203213047,468,32.9933270205622
-2.36942530167317,3.75056259579513,311.785684113237,468.5,32.9922011872493
6.82814006358902,3.76413076174121,311.782708064496,469,32.9954455805386
-16.739822962109,3.72947162723008,311.783848398641,469.5,32.9874916474359
24.9398606805605,3.79053418451819,311.779327694536,470,32.9993418315085
-31.5790828703828,3.70776326744409,311.784077836598,470.5,32.9843370185445
-16.6750122355729,3.72946250531989,311.785652539749,471,32.9764138802826
-5.52417366797712,3.74583291644387,311.784770540281,471.5,32.9737890671109
27.0440415423798,3.79348780807191,311.78000086914,472,32.9866390535022
1.64826636992325,3.75670844623864,311.777479223757,472.5,32.9874222278805
-25.1692002745027,3.71717545668098,311.780714859797,473,32.9754630730146
0.213838803945004,3.75444409967512,311.778967748889,473.5,32.9755646786018
1.71546267407938,3.7567015597393,311.776701654848,474,32.976379781329
-40.5150153526889,3.69452708568176,311.784418549873,474.5,32.9571290567245
-35.1381105358394,3.70203231365511,311.791019329171,475,32.9404331704424
-8.21620541628705,3.74149530130962,311.790878512381,475.5,32.9365292373848
-2.71185674457598,3.74962441991517,311.789402352321,476,32.9352406976446
-39.9684458302926,3.69469359764594,311.797066263497,476.5,32.9162496757519
-1.68408733159416,3.75087448878919,311.795800565158,477,32.9154494810303
-20.4883069090473,3.72311685592074,311.797948655856,477.5,32.9057144543868
-46.6142750354998,3.68456982900661,311.80810188766,478,32.8835656642769
-11.9830980308628,3.73520960261758,311.808882995754,478.5,32.8778718907934
-29.4693450965396,3.70931051253791,311.81354713073,479,32.8638695205168
-25.7876638582958,3.71454827630548,311.81742339569,479.5,32.8516165024492
1.38877807646334,3.75464363399878,311.815444326063,480,32.8522763808684
0.417203847030603,3.75331309459926,311.813304146302,480.5,32.8524746154314
-6.25944813121596,3.7435226973983,311.812341219812,481,32.8495004363252
-8.90876585139905,3.73961644388267,311.811964154513,481.5,32.8452674329194
-53.0314492097231,3.67466926980543,311.824341772677,482,32.8200695201154
17.2076443255827,3.77768417949477,311.820705567906,482.5,32.8282457387128
-18.4676838582041,3.72526988072626,311.822162609917,483,32.8194708118631
-0.154635159783494,3.75229618185866,311.820322554434,483.5,32.8193973369094
10.5688516303459,3.76817464118453,311.816755945891,484,32.8244191306901
22.2048203397016,3.78533207230336,311.811979442345,484.5,32.8349697593282
9.92224820246291,3.76763874465913,311.808297240874,485,32.8396843192497
-15.1466406665887,3.73076291225598,311.809025940727,485.5,32.8324873873069
10.4830197239562,3.76849728586692,311.805673978711,486,32.8374683980253
-46.534937721274,3.68461605117297,311.815354769212,486.5,32.8153573050698
-26.2789402562751,3.71393026358059,311.819523108398,487,32.802870856839
1.78072136503545,3.75527593684503,311.81746969896,487.5,32.8037169672575
-1.78890328965794,3.75008958033536,311.815672239168,488,32.8028669691945
15.1987938438053,3.77513023239717,311.811632407035,488.5,32.8100886817388
-10.7705933746573,3.73704828366623,311.811376046664,489,32.8049710302934
19.5796715041701,3.7816604698564,311.807057152949,489.5,32.8142743184864
-32.4669289846114,3.70517212586466,311.812135351928,490,32.7988476451113
-26.3162997086506,3.71395860218439,311.8161073061,490.5,32.7863434455228
17.8326655875848,3.77891053655926,311.812098861452,491,32.7948166432052
-18.1103130798208,3.72614021237576,311.813427860705,491.5,32.7862115212136
-26.7801626456032,3.71319200686634,311.817347587421,492,32.7734869169782
-21.7424978619201,3.7204376846253,311.820077558811,492.5,32.7631559610374
-6.18003422622412,3.74335415050264,311.819333185083,493,32.7602195154776
-39.8093290282538,3.69366273015999,311.827022669699,493.5,32.7413040979925
2.75058870055804,3.75627773998823,311.824982725165,494,32.742611041236
-0.727381653634942,3.7512436868435,311.822986285901,494.5,32.7422654255729
0.893686050920973,3.75370366072982,311.820765621308,495,32.7426900608322
-2.75381954366265,3.74838404760252,311.819135921266,495.5,32.7413815824524
-15.6033740550933,3.72938591170258,311.820111264424,496,32.7339676334702
-6.63809010938937,3.74258243247355,311.819375466084,496.5,32.7308135424874
-19.0560428657537,3.72418110859395,311.821205061584,497,32.7217590566365
-27.5687809865179,3.71145855983687,311.825384613388,497.5,32.7086597401033
14.8944632199404,3.77403646134492,311.821638511223,498,32.7157368498386
-11.044307771429,3.73596332929502,311.821444594555,498.5,32.7104891428957
-5.16358120713856,3.74463424256658,311.820379698096,499,32.7080356653658
2.22928842972498,3.75558231910172,311.818004780755,499.5,32.7090949125919
8.83258553671256,3.76539219604714,311.81463407399,500,32.7132917188927
