curr_dens,Volts_tot,Temp_tot,t_tot,SOC_tot
-51.8598978930111,3.75517386205443,323,0,50
-51.8598978930111,3.75460042349337,323.010519053776,0.5,49.9753587502395
-43.2554255234221,3.76530026145948,323.01925427904,1,49.9548059187238
-31.7307541009677,3.78004448074884,323.025083863468,1.5,49.9397290391182
18.5256495101656,3.84634640079938,323.023814519148,2,49.9485315083691
-10.2865509390787,3.80839605108164,323.024962072403,2.5,49.9436438498668
-5.1145337921787,3.81519462784891,323.025626764358,3,49.9412136772343
-8.73043843614605,3.81038412736447,323.026742804743,3.5,49.9370654061663
-40.7379092655027,3.76806431867626,323.034369761301,4,49.9177087734363
19.0243065585856,3.84676205582511,323.033140962957,4.5,49.926748179769
-20.4997026935864,3.79461638668658,323.035995606776,5,49.9170077384143
-21.7577860696903,3.79278920498903,323.039455423787,5.5,49.9066695182758
-3.27007103458694,3.81714087440713,323.039966546831,6,49.9051157428082
-9.73926068656147,3.80857024671499,323.041193244504,6.5,49.9004881294728
-15.710230081677,3.80060028996846,323.043440920665,7,49.89302340781
0.240378097893702,3.82165856797508,323.043454800913,7.5,49.8931376235525
24.9031451380277,3.85431037459264,323.041564900787,8,49.9049703622215
-1.79264681368475,3.81926701802243,323.041463169619,8.5,49.9041185854216
-20.8643334203217,3.79398726258635,323.044537287275,9,49.8942048896416
-26.2508369673368,3.78668707543999,323.04887924442,9.5,49.881731794699
-11.7452168742762,3.80567997226054,323.050624094387,10,49.8761510505354
-50.0537861319848,3.75515275505867,323.060882474814,10.5,49.8523679754495
16.5969993805704,3.84277357475808,323.059791020055,11,49.8602540458744
-2.37794698360454,3.81783819653446,323.05978872678,11.5,49.8591241634812
-26.3721078817528,3.78605333954143,323.06397745727,12,49.8465934466186
-7.34845612288567,3.81105714553334,323.065037642214,12.5,49.8431018249603
-43.2568599648932,3.76360528769352,323.073355091854,13,49.8225483118692
15.1700015253011,3.84055240937903,323.072230699353,13.5,49.8297563437327
-11.5367087790649,3.80533010293438,323.073516614503,14,49.8242746722681
-5.81825462086193,3.8128601457757,323.074188842362,14.5,49.8215101264223
-4.78450254821645,3.81422570570327,323.074662120373,15,49.8192367682581
1.71864730876404,3.82285713072647,323.074322142591,15.5,49.8200533841657
-15.5343336513705,3.80001949617363,323.076372881662,16,49.812672239757
-39.105664982041,3.7687841295904,323.083659941403,16.5,49.794091168505
-10.8028428169198,3.80586694573881,323.085350461869,17,49.7889581937251
-44.496754432249,3.76133931437518,323.094069433226,17.5,49.767815544317
5.38084658824831,3.82696388968894,323.093710884988,18,49.7703722555735
-46.8397201006131,3.75803569428414,323.102947207182,18.5,49.7481163451571
28.0988906251348,3.85673999380057,323.101189750062,19,49.7614675434821
5.65566592575095,3.82740659985593,323.100089092135,19.5,49.764154835249
24.7704525437752,3.8527675199537,323.097934946461,20,49.7759245249825
-7.70433647679766,3.81004396133586,323.098489926295,20.5,49.7722638066418
-23.6561786101281,3.78885444683915,323.10209756009,21,49.7610235645821
-22.3585862333379,3.79037759306727,323.105618095439,21.5,49.7503998740225
6.78845646478321,3.82887922217827,323.104842401124,22,49.753625411635
45.1476950360676,3.87935854637392,323.102762336903,22.5,49.775077355713
-16.3801747978396,3.79871119614267,323.104532955361,23,49.7672943095693
6.36642501794605,3.82873233527552,323.103742606565,23.5,49.7703193187829
-34.9749968017814,3.77409272304206,323.109686420058,24,49.7537009360522
-3.11077050333324,3.8159444594684,323.110142370701,24.5,49.7522228522913
-12.2148325471475,3.8038736901921,323.111598531258,25,49.7464189700661
4.88307124835164,3.8264797122708,323.110891683939,25.5,49.7487391631849
-22.2778657656594,3.79054626591874,323.1140773298,26,49.7381538269855
-36.8247037163078,3.77117461830379,323.120794267187,26.5,49.7206565553268
-11.0971526436202,3.80488354809524,323.122418362278,27,49.7153837391233
-0.665689879426404,3.81868631395343,323.122296954014,27.5,49.7150674363296
-32.6053767664235,3.77641969204245,323.127791458088,28,49.6995749794395
-10.9955439526854,3.80476427591346,323.129345287898,28.5,49.6943504426433
0.0401757350648904,3.81937634218002,323.12912237708,29,49.6943695321587
11.9699477507893,3.83524893120952,323.127614332762,29.5,49.7000570572818
-19.2815670259851,3.79395566242555,323.130151007792,30,49.6908954135423
-13.7815490193119,3.8011051480527,323.132002130034,30.5,49.6843471054031
17.4690626823113,3.84245677335066,323.130242974579,31,49.69264753703
2.95825510657581,3.82344774119604,323.129423358847,31.5,49.6940531530435
-23.5890194129731,3.78830745554691,323.13286287847,32,49.6828448217012
6.84809677012008,3.82847955357519,323.132018420247,32.5,49.686098697427
-20.3503676703681,3.79250936979236,323.134784105752,33,49.6764292126641
-21.2116021520359,3.79121058531014,323.137985055782,33.5,49.6663505120171
-62.6745069457178,3.7367858631773,323.152353440237,34,49.6365706967454
-15.3437702573305,3.79829004455438,323.154975745918,34.5,49.6292800986042
-11.8661244851654,3.80284478088101,323.15645404174,35,49.6236419051444
-19.5146746797863,3.79265903949434,323.159257977598,35.5,49.6143695002166
-20.3544980221177,3.7914336197142,323.162302675684,36,49.6046980529155
-23.5443956872979,3.78708800055293,323.166000457346,36.5,49.5935109245531
24.6363614007865,3.85081983057262,323.163864829103,37,49.6052169008302
14.9746316029447,3.83835376285562,323.161821861555,37.5,49.6123321026025
-14.069327926598,3.80001603996375,323.163340342395,38,49.6056470562085
-9.54686793323124,3.80592823055399,323.164386859663,38.5,49.6011108583614
-4.88709009515295,3.81207405482567,323.164700741531,39,49.5987887556861
-8.99295290117352,3.80662568890371,323.165569050716,39.5,49.5945157507724
-21.7076605760159,3.78972530863584,323.168719974035,40,49.5842013477809
41.7174133845346,3.8733160413058,323.166492047163,40.5,49.6040233922571
-27.9434327157507,3.78178161920238,323.170482504637,41,49.5907460598155
15.1178994172761,3.83861024285493,323.168900317633,41.5,49.597929335343
-48.3349903163389,3.75496255007391,323.178304480922,42,49.5749629467278
-17.8356197406566,3.79467446815367,323.181116492356,42.5,49.5664883453785
6.08591044309827,3.82631619742287,323.180156212588,43,49.5693800679877
-0.416814211309344,3.81780045778538,323.17969765207,43.5,49.5691820185602
-29.1499486346781,3.77975937667846,323.18430640903,44,49.5553314096313
27.647413075779,3.85472104045883,323.182106125693,44.5,49.5684680882309
-6.07709263655496,3.81041547951599,323.182211019326,45,49.5655805554058
-22.9343149215267,3.78804444226885,323.185518480374,45.5,49.554683307146
-4.13823016788162,3.81279176374109,323.185808161775,46,49.5527170255435
21.3408741772039,3.84653220915533,323.18358908538,46.5,49.5628571498413
18.7774883366253,3.84337923598788,323.181302361748,47,49.5717792804042
-9.37914341099397,3.80628803210064,323.181951471336,47.5,49.5673227769262
-11.5473826230574,3.80334296915752,323.183193956845,48,49.5618360337806
-19.055855778911,3.79330869136386,323.185774482403,48.5,49.5527816368241
-42.9651925955916,3.76165110934199,323.193970212456,49,49.5323667095919
6.43050053216236,3.82661018425554,323.193214362177,49.5,49.53542216431
-32.6146255377539,3.77499452192594,323.198535230096,50,49.5199253128627
-16.4256802666878,3.79614114343849,323.200868053294,50.5,49.5121206447785
-14.1455544085548,3.79907319977796,323.202623069589,51,49.5053993793433
17.612807115333,3.84111485345111,323.200634603691,51.5,49.5137681111909
-52.3474910212447,3.74896301743394,323.211227188123,52,49.4888951813743
13.4636234104552,3.83541803960702,323.20991492857,52.5,49.4952924270423
-20.5310709056368,3.79051498468685,323.212543729382,53,49.48553708107
-23.0071094740641,3.78709524049947,323.215998540666,53.5,49.4746052444515
-9.06024945219355,3.80543878556777,323.216958390582,54,49.4703002635565
4.77298347310878,3.82378682299252,323.215952270701,54.5,49.4725681484279
-26.4469029688151,3.78248137262124,323.219874470405,55,49.4600018926518
-25.4190531104454,3.78364181669454,323.223899126187,55.5,49.447924020118
34.5024627975163,3.86273659460196,323.221410190372,56,49.464317878141
-3.32355685838564,3.81316783927779,323.220993222201,56.5,49.4627386888644
-19.50817276659,3.79170735545931,323.223536031264,57,49.453469373323
31.5746227311231,3.85913898215685,323.221040848086,57.5,49.4684720670502
18.8221699918505,3.84269605672986,323.218557554244,58,49.4774154281181
-27.4316203187823,3.78165033364007,323.222485766016,58.5,49.4643812835271
-71.4525076785724,3.72414792217189,323.239916487055,59,49.4304305979444
3.66128240273952,3.82199542804012,323.239690565992,59.5,49.432170257639
15.7222081661867,3.83807119613746,323.237547553365,60,49.4396406706932
-34.0488767809267,3.7723546542393,323.243054610469,60.5,49.4234623342346
-46.5750788160966,3.75563469462901,323.252432374652,61,49.4013321682229
-3.04647339610205,3.81276296685108,323.252701502238,61.5,49.3998846352563
-2.70333268586674,3.81326885482774,323.25245192433,62,49.3986001457258
-7.5377226325995,3.80689255096478,323.252886512049,62.5,49.3950185940151
-61.0762383309445,3.73651601769458,323.266548939187,63,49.3659981966698
2.2387320255886,3.81936701396302,323.266296042368,63.5,49.3670619310239
26.3662614612763,3.85137659563006,323.263534623002,64,49.3795898699577
16.3187690495714,3.8384310864542,323.261094094623,64.5,49.3873437391374
-34.6073388482761,3.77118827885616,323.266692546762,65,49.3709000492199
-16.5043194841152,3.79482721190955,323.268921859079,65.5,49.3630580156823
-23.5845448460718,3.7853486961439,323.272351217299,66,49.3518518104321
-5.14326785890164,3.80965641899612,323.272600004744,66.5,49.3494079847972
-2.22913425510826,3.81354667067757,323.272254638754,67,49.3483488108273
-19.7310960350627,3.79035984485384,323.274753915504,67.5,49.3389735732121
9.64576348143172,3.82921771367801,323.273216579511,68,49.3435567613157
9.45423033319901,3.82911009278039,323.271422821788,68.5,49.3480489423727
8.36611019700869,3.82780231259412,323.269737817421,69,49.3520241027425
-16.7065804736037,3.79466571388625,323.271534827215,69.5,49.3440859648206
-43.1635427731298,3.75965430713115,323.279677347128,70,49.3235767914278
3.46774958116509,3.82096363357237,323.279016609943,70.5,49.3252244939303
44.6795725554077,3.87520465051189,323.276238290279,71,49.3464540094376
-29.7376648983176,3.77753304142532,323.280395913991,71.5,49.3323241469075
-34.5746894697949,3.77089569863653,323.286398065119,72,49.3158959703544
20.9816159188378,3.84416457057764,323.284190636393,72.5,49.3258653929572
-9.42529255737361,3.8041426826055,323.2846092927,73,49.3213869616951
14.1744757527246,3.83537515616794,323.282576384344,73.5,49.3281219691177
10.5674191639218,3.8307727134366,323.280627332273,74,49.3331430822615
-27.6935198866498,3.78022011784965,323.284571280523,74.5,49.3199844959935
-23.2217786059041,3.78589017563215,323.287955835757,75,49.3089506592572
-43.1848916039248,3.7594241112767,323.296145222828,75.5,49.2884313419595
-2.44172416591553,3.81292100108281,323.296175516988,76,49.2872711558145
8.08453234382547,3.82692892987896,323.294556428818,76.5,49.2911125243628
-7.82919098993718,3.80595216660587,323.294820468363,77,49.2873924813537
-49.8828194090342,3.75048705027839,323.304784773228,77.5,49.2636906411698
42.24423738052,3.87151223130548,323.302381388582,78,49.2837630062636
-8.37862017879544,3.80525374222154,323.302433963912,78.5,49.2797819017713
-17.8332662190646,3.79267822318424,323.304525231031,79,49.2713084186985
-28.7548823492205,3.77810507602341,323.308988724231,79.5,49.257645525662
-1.49563873034649,3.81401627073277,323.308692985652,80,49.2569348723633
-4.32829091855073,3.81030447620164,323.308501556772,80.5,49.2548782833245
6.2383475651472,3.82433605782088,323.307050878761,81,49.2578424364889
-30.5413661829438,3.77571168225316,323.311676561458,81.5,49.2433306949947
-16.3754472049607,3.79420624648979,323.313734874841,82,49.2355498951684
-31.4349310203095,3.77418766034565,323.318822709346,82.5,49.2206135760096
14.0626220501535,3.83425805942308,323.316919894179,83,49.2272954361039
-17.4843093006631,3.79261748590535,323.31873465795,83.5,49.2189877600406
-21.3567275298371,3.78737754593649,323.321608740376,84,49.2088401030164
-62.7967170622979,3.7329811300787,323.335948185943,84.5,49.1790022195624
9.93731262208508,3.82825598081217,323.334723647009,85,49.1837239373485
-8.57025321417741,3.80386986301771,323.335025022507,85.5,49.1796517783482
-6.37312432008843,3.80678451853384,323.335156361551,86,49.1766235859586
16.0470303973242,3.83652262176877,323.332801112492,86.5,49.1842483384166
4.37055081524013,3.82127104132591,323.331303895593,87,49.186325007261
0.978972849747603,3.81686352582941,323.330304118025,87.5,49.1867901665745
-28.3416518037079,3.77805762862374,323.334440859543,88,49.1733236201852
-5.68231239962681,3.80786320813659,323.334660675655,88.5,49.1706236673364
29.4357049451912,3.85428191577832,323.331701886652,89,49.1846100534825
-3.16799372075116,3.81153192271548,323.331019786171,89.5,49.1831047800885
10.4605411342693,3.82959630186126,323.329098491341,90,49.1880751100967
38.280834741403,3.86625567721648,323.326020243741,90.5,49.2062642629533
17.6579772442013,3.83959246017531,323.32326874404,91,49.2146544574044
-25.5997378691264,3.7825275624836,323.326558966289,91.5,49.2024907324404
-47.7566091783209,3.75319713483263,323.335892208438,92,49.1797991618379
-11.0883883322717,3.80106779954985,323.337147421061,92.5,49.1745305100002
-56.1202708409569,3.74181637561665,323.348988211619,93,49.1478649424499
-9.85715006953902,3.80217454998788,323.350151416167,93.5,49.1431813139304
27.4299200108521,3.85148196992915,323.34723433827,94,49.1562146506194
-23.1019098980367,3.78493470701606,323.349951945178,94.5,49.1452377695443
-14.6781939641803,3.79592046208279,323.351524067975,95,49.1382634202262
-12.1686597558986,3.79916830135473,323.352573700993,95.5,49.13248147702
12.3012420265082,3.8315590251986,323.35051988005,96,49.1383264167414
11.7718838277861,3.83102341363311,323.348292930498,96.5,49.1439198317178
-10.9859168805031,3.8010139389872,323.348877612625,97,49.1386998692285
-15.0105909217715,3.79561250923227,323.35036578564,97.5,49.1315675813725
22.8652402657803,3.84564656058558,323.347691337527,98,49.142432008784
5.55331724151967,3.82303612147816,323.345970112614,98.5,49.1450706695355
5.33937650476765,3.82283249533809,323.344422358656,99,49.1476076762664
26.5443095010429,3.85086694326371,323.341472933434,99.5,49.1602202147925
-7.88153830666744,3.80565784594313,323.341436136739,100,49.1564752989364
9.16859628103516,3.8281751228859,323.339656974599,100.5,49.1608317608674
-11.0310074438918,3.80152647592905,323.340256944692,101,49.1555903735801
13.9318687164612,3.83448325515215,323.338124448403,101.5,49.1622101061793
-14.4517981517528,3.79706036616099,323.339255405864,102,49.1553433289157
5.38879648895395,3.82322330207721,323.337910624933,102.5,49.1579038175705
34.5428837164632,3.86163235300294,323.334893595266,103,49.1743168816081
-7.16466093985612,3.80700577219526,323.334691896516,103.5,49.1709125902994
-12.2522989161353,3.80020291467604,323.335637153754,104,49.1650909059152
-26.100731253447,3.78178583027622,323.339264980912,104.5,49.1526891337583
-18.3485612557556,3.79180112013072,323.341494931763,105,49.1439708080574
-34.8806795757078,3.76984259961669,323.347249642511,105.5,49.1273972401916
-15.3152877089223,3.79538956200005,323.349039391295,106,49.1201201755439
-17.9582608212726,3.79179925788196,323.351103902677,106.5,49.1115873012395
-17.2340778484252,3.79264527159393,323.353063063024,107,49.1033985227439
11.1488775718509,3.83016329978387,323.351162521875,107.5,49.1086959160662
-6.70851834638417,3.80666150024066,323.35107427344,108,49.1055083610804
-7.28297224375315,3.80588353880407,323.351235723394,108.5,49.1020478541116
7.87316395034406,3.82594804790696,323.34953905313,109,49.1057887908891
-33.8364362422381,3.77086561141143,323.35478552654,109.5,49.0897113956314
-1.5062756635319,3.81336711004208,323.354419533967,110,49.08899568819
-16.9669454875679,3.79290679546022,323.356150453298,110.5,49.0809338377349
-17.6771640319282,3.79185604509907,323.358171547841,111,49.0725345266744
-4.35691866826444,3.80941026636167,323.358012925661,111.5,49.0704643351497
15.3428055073165,3.83551279783279,323.355645790399,112,49.0777544748895
-26.7597443316337,3.77995012577485,323.359190007719,112.5,49.0650395724236
1.23997620485208,3.8168374492054,323.358391501496,113,49.0656287475782
19.5395481755561,3.84109281871956,323.35571345528,113.5,49.0749129711568
-26.7136481430242,3.78010088324482,323.359193985466,114,49.0622199713121
-19.8884063987132,3.78890282934206,323.361723602982,114.5,49.0527699876191
-8.61843961024772,3.80370190051798,323.362206661215,115,49.0486749328347
18.1100404640645,3.83906268401018,323.359689211194,115.5,49.0572799252928
-8.35286397468578,3.80424809529467,323.359764141532,116,49.0533110588705
-21.2402601041276,3.78713271564896,323.362358728874,116.5,49.0432187413869
-6.58477018401947,3.8063970264283,323.362541477374,117,49.0400899853864
-4.37718693927522,3.80931382164721,323.362256593114,117.5,49.0380101633851
-13.1993015456291,3.79762202151988,323.363324517145,118,49.0317385103494
-55.5421537307534,3.74189381050727,323.37493167789,118.5,49.005347635359
3.09465587356661,3.81869774586344,323.374221718445,119,49.0068180622476
-8.06349395569787,3.80399639950567,323.374377242951,119.5,49.0029866900973
-14.9704857722251,3.79482245668648,323.37579089944,120,48.995873458218
-41.2174613306832,3.76009345550451,323.383215890741,120.5,48.976288966146
-16.2714812312184,3.79269475083922,323.385240728522,121,48.9685575657908
-24.1220864798043,3.78221914951172,323.38855468454,121.5,48.9570959474336
-26.3788660015591,3.77908378452041,323.392451551156,122,48.9445620194478
10.8776618103941,3.82834493232444,323.390559082568,122.5,48.9497305445003
-14.2825609362151,3.79514386819129,323.391664272455,123,48.9429441803625
-43.306266489655,3.75676035270296,323.399694330163,123.5,48.9223671917428
-15.3243336807177,3.79336271493979,323.401564274829,124,48.9150858288983
7.92252413135793,3.82417505117525,323.399810707021,124.5,48.9188502191842
-29.4905609573227,3.77471118316782,323.404067552054,125,48.9048377681835
20.8922099340576,3.84127614624403,323.401453560622,125.5,48.9147647094994
-18.6021046301772,3.78920323464043,323.403247360071,126,48.9059259125698
-17.9656928631951,3.78993354233245,323.405295668465,126.5,48.897389506928
-26.3229410258323,3.77876241864329,323.409074814905,127,48.8848821517152
7.36639885659019,3.82328605203681,323.407472687368,127.5,48.88838229887
-40.3807715128526,3.76021133747683,323.414461412291,128,48.8691953602759
27.1833709425311,3.84928603624055,323.411662618617,128.5,48.8821115490835
-30.1167532195883,3.77376058003835,323.415853173807,129,48.8678015625966
-20.6342824962409,3.78607647794665,323.418538115869,129.5,48.8579971755987
2.12832845410917,3.81617318691564,323.417435574834,130,48.8590084516548
-31.7040393962227,3.77141424207622,323.42223500003,130.5,48.8439442655511
-7.77368191231696,3.80289422676364,323.422626539683,131,48.8402505977009
4.27266543700117,3.81889562164593,323.421129749147,131.5,48.8422807562715
23.3317037074641,3.84419376724109,323.418012194612,132,48.8533668239606
4.97403931689221,3.82020837745136,323.416164659195,132.5,48.8557302405909
6.16080122717076,3.82187068099705,323.414351834872,133,48.858657547584
-13.5047122559991,3.79588975809549,323.415271835617,133.5,48.8522407785358
-23.7545341455462,3.78222385384766,323.418366925484,134,48.8409538028068
-7.29772864045036,3.80386390675089,323.418574912919,134.5,48.8374862843307
-25.2130055749957,3.78010501849433,323.421934286284,135,48.8255063153599
13.310985474204,3.83099649028284,323.419742013841,135.5,48.8318310350558
0.672599571095866,3.81443948982335,323.418475307636,136,48.832150620992
11.0768164399905,3.8282755400777,323.4162244056,136.5,48.8374137744408
9.31992562457453,3.82609515525755,323.414046594369,137,48.8418421405656
-10.1076990936626,3.80046988608693,323.414355380583,137.5,48.8370394635841
-19.1925634695527,3.78836790886686,323.416469095091,138,48.8279201099176
2.1558466625161,3.81653521573424,323.415337791632,138.5,48.8289444612606
39.6640395037253,3.86590850078798,323.412056362007,139,48.8477908443741
7.55957918059032,3.82415284781859,323.409838784348,139.5,48.8513827812317
12.1894552590819,3.8303561434044,323.407474191971,140,48.857174605429
3.3027613164792,3.81873159484149,323.405928708599,140.5,48.8587439136962
-3.20628307009179,3.81015442084212,323.405266060676,141,48.8572204471036
6.36754078015884,3.82281511419818,323.40353991723,141.5,48.8602459864722
-8.60748200057675,3.80305998319082,323.403632337163,142,48.8561561382001
15.4616687200293,3.83483953634317,323.401194208966,142.5,48.8635027558396
-40.6979350690968,3.76082447472058,323.407959911856,143,48.8441651168639
31.8296904895959,3.85613833919311,323.40518135061,143.5,48.8592890061313
-36.3257945383104,3.76652542448611,323.410674203997,144,48.8420287913539
-5.87465644617654,3.8064326027019,323.410788002045,144.5,48.8392374461599
-13.7476341328075,3.79598237732057,323.411833712942,145,48.8327052526916
-35.3246729664868,3.7673893516333,323.417538713038,145.5,48.8159207212012
4.45612679982819,3.81973807841819,323.416316985251,146,48.8180380515065
-2.17511172939935,3.81104656937503,323.415491497875,146.5,48.8170045463598
8.50399045082318,3.82521587386262,323.41351525185,147,48.8210452205835
-4.79772427673792,3.80771753218559,323.413013055899,147.5,48.8187655801101
10.6797497385928,3.8282007545421,323.4108742281,148,48.8238400671681
-4.23759758554062,3.8085850500369,323.410275945965,148.5,48.8218265711002
25.9786395528046,3.84846024444628,323.407246860673,149,48.8341703313401
16.1025992139215,3.83573240211388,323.404462597602,149.5,48.841821487342
-8.01708980921081,3.80399843676052,323.404364357271,150,48.8380121641392
8.93882819448959,3.82637476129097,323.402444327391,150.5,48.8422594516784
-9.89413620071818,3.80154594782963,323.402701007673,151,48.8375582491849
12.1230069751219,3.83059957644013,323.400533481312,151.5,48.8433185004553
-18.4040274536196,3.79033543405385,323.402229871204,152,48.8345738199699
34.4298093557122,3.85984315926491,323.399257742728,152.5,48.850933156683
-21.161747639611,3.78687929439988,323.401289347896,153,48.8408781444261
-39.9269710100152,3.76197694787183,323.408164411351,153.5,48.8219068293096
6.25461351472925,3.82263102771611,323.406827933483,154,48.824878711246
12.3271892860519,3.8307496509078,323.404476233795,154.5,48.8307359798174
22.3301709892463,3.84405781464261,323.40148011704,155,48.8413461688632
-18.1307163969361,3.79081567652615,323.403024544663,155.5,48.8327313522279
10.1056409576815,3.82802444278619,323.401107551069,156,48.8375330512852
-6.35091212126555,3.80636557383855,323.400816809856,156.5,48.8345154130301
-10.4241152686341,3.80092888972231,323.40129743172,157,48.8295623907855
11.4473525830429,3.82979362826856,323.399194719587,157.5,48.8350016046204
27.5826074154232,3.8511304167962,323.396062847071,158,48.8481074907865
-39.3981118243306,3.76305527268349,323.402289280403,158.5,48.8293874633086
3.46563219993355,3.81928479021542,323.401254823214,159,48.8310341597366
-24.0744771249706,3.78289753198121,323.404139425006,159.5,48.8195951629821
-13.9757871472397,3.79605007351696,323.405393393377,160,48.8129545625242
-21.8183338017541,3.78557721511756,323.408009077145,160.5,48.8025875731083
12.4413073123,3.83076646138257,323.405915823091,161,48.8084990649023
47.9022731019998,3.87721521329382,323.40294213416,161.5,48.8312598477722
-0.103074303803799,3.8147975882153,323.401525093345,162,48.8312108719784
3.16900179448581,3.81912963155951,323.400116280314,162.5,48.832716624359
23.892830646514,3.84647543410495,323.397185464715,163,48.8440693117218
2.16032940351935,3.81805712687366,323.395694300353,163.5,48.8450957930409
-4.70230227130859,3.80899635437217,323.395241668449,164,48.8428614923688
-14.9942627686084,3.79533524581705,323.396448831279,164.5,48.8357369628409
-0.982841642880518,3.81374846196156,323.395679902769,165,48.8352699652689
-16.0027298625317,3.79387578292715,323.397037491032,165.5,48.8276662622264
-13.4879905504097,3.79707061127035,323.398113720826,166,48.8212574385028
-15.6879160154665,3.79405820678318,323.399549888309,166.5,48.8138033193768
-10.1461497842176,3.8012798389902,323.400083563798,167,48.8089823725355
-8.24437940830062,3.80374052833924,323.40026826262,167.5,48.8050650525951
20.665259155097,3.84190301348395,323.397549420932,168,48.8148841581641
-26.1558396670166,3.78023901932472,323.400713267044,168.5,48.802456201224
-17.440862235807,3.79152984897685,323.402605139768,169,48.7941691690498
-4.38403032572806,3.80869823828846,323.402304116135,169.5,48.792086095411
-9.13881411025798,3.80239944657071,323.40256863933,170,48.7877437844895
-22.2085036572439,3.78505149293753,323.405211800948,170.5,48.7771914057218
-4.08170670053092,3.80889188212078,323.404918975665,171,48.7752519812658
16.8252822740794,3.83654758985744,323.402349642574,171.5,48.7832465203924
-41.9145832000189,3.75916484663063,323.409391505706,172,48.763330790605
-11.6495888019173,3.79871500958049,323.410460455051,172.5,48.7577954841556
-38.237622208112,3.76354694457764,323.416850699189,173,48.7396268637503
-4.98375887939826,3.80719770525621,323.416852641646,173.5,48.7372588288662
-6.2931082335056,3.80548262087081,323.416686020453,174,48.7342686561499
7.42616598021748,3.82366304847466,323.414852646643,174.5,48.7377972016757
-24.2041260778287,3.7818865246264,323.417754920627,175,48.7262966021731
-3.65071105514982,3.80893743621284,323.41740499463,175.5,48.7245619654582
-10.6596999840263,3.79966633600215,323.417893783011,176,48.7194970050485
15.0518078463576,3.83366344482523,323.41545833804,176.5,48.7266488771416
0.548456790859298,3.81466790392968,323.41418504959,177,48.7269094765896
-16.5444815284126,3.79206124453476,323.415635564278,177.5,48.7190483600417
-16.9354236181622,3.79142612272302,323.417333590398,178,48.7110014872146
-22.7781661679429,3.7835786710372,323.420181365559,178.5,48.7001784330931
27.7178913587126,3.85017131231593,323.417245847603,179,48.7133485994751
-19.8935977445609,3.78755419818836,323.419085383997,179.5,48.7038961491122
-30.099167138051,3.77391708738054,323.423549110619,180,48.6895945186585
-16.1142546334337,3.79217060368418,323.42524886301,180.5,48.6819378245797
5.60586586412872,3.82087508815853,323.423675641065,181,48.6846014538288
3.29115192118484,3.81791775843426,323.422146494273,181.5,48.6861652458875
2.97774294786808,3.81758031407711,323.420676858871,182,48.687580121556
-62.527896680785,3.7315541217953,323.434227945324,182.5,48.6578699682062
-15.3646462329469,3.79279279704542,323.436184903372,183,48.6505694508375
19.497624255177,3.8388889453976,323.433448292155,183.5,48.6598337542497
-18.6543046280641,3.78862038226039,323.43511319871,184,48.6509701544717
-3.10866249012038,3.80910982954495,323.434592714312,184.5,48.6494930723341
-19.9189401395198,3.78685167119562,323.436709485617,185,48.6400285805228
-33.330004941841,3.76899835556444,323.441964622611,185.5,48.6241918162857
-14.5689309996378,3.79355669741604,323.443414519566,186,48.6172693833059
11.1953898622448,3.82765461262423,323.441240648971,186.5,48.6225888769603
36.5658067291805,3.86112652221854,323.437796626278,187,48.6399631336194
15.1505865823143,3.83341655647576,323.434901083338,187.5,48.6471619404656
-38.2989521379615,3.7629302943765,323.440972082856,188,48.6289641791213
-17.4936524520837,3.7900359499553,323.442971249603,188.5,48.6206520636562
-23.9898583931901,3.78132107075823,323.446041477524,189,48.6092532735235
-18.6870414210077,3.78816741958545,323.448121827122,189.5,48.6003741188462
38.2342170723474,3.86314075184524,323.444941385435,190,48.6185411213
-5.80504151229041,3.80555286347562,323.444258429659,190.5,48.6157828536677
6.12018840793826,3.82133303683257,323.442477669986,191,48.6186908634646
13.2628650079877,3.83086344125333,323.439954419253,191.5,48.6249927187031
-29.3523137054173,3.77462841318419,323.443847863808,192,48.6110459559355
19.698610064242,3.83925887343592,323.441250516638,192.5,48.6204057578296
-35.5510923586766,3.76644545872404,323.446568325782,193,48.6035136430809
5.83860808289889,3.82088959077131,323.445124217975,193.5,48.6062878598817
4.79493715519059,3.81960623900726,323.443370374839,194,48.6085661760533
4.02486971172121,3.81866778714638,323.441713636781,194.5,48.6104785943929
-32.4648708979939,3.77045959401824,323.44641618946,195,48.5950528989183
-11.3803044016322,3.79805762907222,323.447251796241,195.5,48.5896455430518
-7.95277509536988,3.80254420417526,323.447317242195,196,48.5858667790091
-6.77355967092009,3.80408303204506,323.447170477146,196.5,48.5826483196137
14.9286209174615,3.83279205349531,323.444625376658,197,48.5897416593917
1.55721779433608,3.81529117644051,323.443156710902,197.5,48.5904815720055
10.2445121593861,3.82683058540254,323.440921643415,198,48.595349255766
-6.73260098874598,3.80448158640318,323.440595936281,198.5,48.5921502579036
28.4765366836111,3.85089542868775,323.437460961229,199,48.6056808948937
-40.9222874116958,3.75962390069668,323.444046239983,199.5,48.586236654819
-6.17271046108012,3.80511462167708,323.444161692073,200,48.583303689149
-20.939906833482,3.78553674023401,323.44644355195,200.5,48.5733540846336
-9.46639447092283,3.80057604604744,323.446838803537,201,48.568856123782
1.99009810504042,3.81571884690068,323.445540245139,201.5,48.5698017196364
-26.0175493218911,3.77869066864499,323.448803871964,202,48.5574394714052
-2.48683957371262,3.80965380465847,323.44823674336,202.5,48.5562578486574
-18.1816248720245,3.78887995297184,323.44996099027,203,48.5476188428412
17.0972700090622,3.8354649228096,323.447374614286,203.5,48.5557426170412
-32.4686054912593,3.77010112720175,323.451970678943,204,48.5403151470733
-35.8772635689706,3.76533814215161,323.457934754609,204.5,48.5232680519527
29.2471874278922,3.85111151981732,323.454978316331,205,48.5371648639304
-30.5978316079763,3.77235860399992,323.459034737669,205.5,48.5226262928685
-30.6312176675342,3.77206273998227,323.463697779415,206,48.508071858408
-30.3562382302925,3.77218988714853,323.46832124954,206.5,48.4936480805293
-37.5107828768035,3.76254132710816,323.474737477421,207,48.4758248181024
-10.9080177204137,3.79745311437819,323.475552439708,207.5,48.470641869428
1.02728747747779,3.81328204245233,323.47433145646,208,48.4711299854548
12.3369066108801,3.82834714519824,323.471822857672,208.5,48.4769918712166
9.04474317846561,3.82416907897381,323.469512918024,209,48.4812894842998
3.72139859954837,3.81725665774002,323.467786726185,209.5,48.4830577082277
-9.91769352593992,3.79925510027413,323.467971770522,210,48.4783453124624
3.46040045937996,3.81694369004476,323.466457493168,210.5,48.4799895230269
28.9889426557186,3.85065892282876,323.463101137182,211,48.4937636299051
-8.11622033571192,3.80198465373089,323.462779754124,211.5,48.4899072047957
-19.4680154247745,3.78689577245958,323.46475758049,212,48.4806569700303
9.01289771110847,3.82447410986834,323.462779005996,212.5,48.4849394517279
-23.971751761612,3.7809139292529,323.465505661244,213,48.4735492649679
-24.1184460704807,3.78052552690215,323.46860812632,213.5,48.4620893763526
-10.3475920430629,3.79858565439766,323.469146161505,214,48.457172714147
-1.85167782871859,3.80981217730061,323.468286194021,214.5,48.4562928887385
-2.08187280973644,3.80954328798796,323.467373415533,215,48.4553036860991
-33.5830637964258,3.76788184760643,323.472416596237,215.5,48.4393466808532
-33.458818427781,3.7677677119597,323.477796707561,216,48.4234487108404
-20.7608743022056,3.78429083351916,323.480353328919,216.5,48.4135841736988
5.21338101909169,3.81862569932396,323.478731760278,217,48.4160613136278
-13.282523444788,3.79421215527409,323.479467828307,217.5,48.4097501176759
12.1383572938009,3.82784913316948,323.477103141325,218,48.4155176626559
24.3654956710362,3.84412224928778,323.473763188919,218.5,48.4270949369808
-13.9661937440688,3.79370388229093,323.474426024432,219,48.420458894832
-43.5800013473658,3.75454905030965,323.482201964467,219.5,48.3997518409929
-4.54623069106809,3.80574100874095,323.482058296222,220,48.3975916977901
6.01282016346625,3.81976085307145,323.480178109759,220.5,48.4004486915258
-18.5392622969283,3.78732280649949,323.481847444677,221,48.3916397541543
-8.81303635616467,3.80009678494138,323.482059769688,221.5,48.3874522366538
-25.0248973883481,3.77858899393842,323.485206363698,222,48.3755616473578
25.0950344215252,3.84473280359361,323.482161129853,222.5,48.3874855622912
-9.39007840808738,3.79942978674648,323.482046547725,223,48.3830238630452
-6.25572683353998,3.80354423481485,323.481763841543,223.5,48.380051452115
-25.0682925501061,3.77860688230415,323.484875536579,224,48.3681402435918
-36.6794621174605,3.76309971725747,323.490954745809,224.5,48.3507119835327
-42.0561719811758,3.75573882952975,323.498647369611,225,48.3307289777834
11.3448975912069,3.82609669638824,323.496613984026,225.5,48.3361195100908
7.66987128736261,3.82141563495915,323.494378731378,226,48.3397638522839
-26.983397599486,3.77561577978841,323.497788770341,226.5,48.3269426808846
18.7203998596812,3.83596329711532,323.495037312439,227,48.3358376858364
1.95577128627359,3.81402750076087,323.493368674886,227.5,48.3367669712901
0.313059014841981,3.81191746934632,323.492052707062,228,48.3369157213973
42.2408098134069,3.86702851537564,323.488631085066,228.5,48.3569864578813
-48.0247708899745,3.74862986434678,323.497100184497,229,48.3341674701419
-12.5647660503558,3.79489834410452,323.498221801858,229.5,48.3281973168827
-8.97317988382339,3.79959533482412,323.498353722727,230,48.3239337071255
-3.86494433916194,3.80634037846145,323.497685732639,230.5,48.3220972773861
-38.37662230968,3.76071397268863,323.50393679873,231,48.3038626110309
0.508174092240065,3.81185581274978,323.503002197383,231.5,48.3041040701397
-43.5609853850599,3.75366781215073,323.510652161057,232,48.2834060517421
-5.33540946863925,3.80383351166918,323.510572845269,232.5,48.2808709299499
3.67786965564301,3.81581890999581,323.508886901706,233,48.2826184710839
-9.08570986864256,3.79898925422172,323.508869550855,233.5,48.2783013926626
-1.9531047353604,3.80843101119687,323.507924078833,234,48.2773733742216
-25.6041549554463,3.77711794428739,323.511090368732,234.5,48.2652075504773
-0.341677239532013,3.81043365096967,323.510104329913,235,48.2650452024099
-15.0059242926963,3.79103914979202,323.51113486912,235.5,48.2579151319045
-35.7197829726986,3.76356731789693,323.516849647826,236,48.2409428637477
-15.1840522884722,3.79045254901386,323.51830342029,236.5,48.2337281556589
-22.1658836012613,3.78113075036804,323.520899270345,237,48.2231960278266
-23.6297267986486,3.77906010840574,323.523886302101,237.5,48.2119683543549
-1.65038565597898,3.80809374217265,323.523038604055,238,48.211184172997
-7.18484189101009,3.8008130295847,323.522765353452,238.5,48.2077702927018
-13.1752127703208,3.79286845143443,323.523538412192,239,48.2015100854567
-25.3073616998359,3.77673212575224,323.526782266088,239.5,48.1894852831381
14.8159429601158,3.82978001956293,323.524190477851,240,48.1965250839428
15.0544202706012,3.83029863964323,323.521200377904,240.5,48.2036781973302
-20.794073868329,3.78298074336412,323.52317895029,241,48.1937978854024
-2.07827865606405,3.80766763114866,323.522343502304,241.5,48.1928103905264
8.24884493825401,3.82139648007382,323.5201059536,242,48.196729832265
28.2354825297276,3.84784953675716,323.516528786806,242.5,48.2101459322843
21.928242894406,3.83986105363601,323.513058530043,243,48.2205651450464
-14.769162684134,3.7915525203047,323.513791900694,243.5,48.2135475719073
-29.7230013417375,3.77165506715322,323.517951364188,244,48.1994246767715
9.53907857807832,3.82340708511543,323.515891247771,244.5,48.2039571735036
-34.5464856050429,3.76518778270355,323.520987702764,245,48.1875423980273
-30.0617459084526,3.77080356970871,323.525487606959,245.5,48.1732585482848
-16.4311413845631,3.78861518541034,323.527070023725,246,48.1654512853483
13.7990581668984,3.82860497574887,323.524469016271,246.5,48.1720079129655
-3.90506466546725,3.80534683209428,323.523537317319,247,48.1701524200382
-3.716523653505,3.80561362057544,323.522743742572,247.5,48.1683865124428
22.8605270635494,3.84075638382495,323.51947258757,248,48.1792487003744
-4.33141576380796,3.80507337077406,323.518523464903,248.5,48.1771906265642
-58.8070651306714,3.73342345158039,323.530825189542,249,48.1492484277085
10.5246698685124,3.82425163802259,323.528987846103,249.5,48.1542492285086
-2.45035490952881,3.80722397195555,323.527870297089,250,48.1530849414625
-9.51999658122745,3.79787724030176,323.52792678818,250.5,48.1485615115483
-21.7975966739141,3.78156487768952,323.530310508893,251,48.1382043753864
-22.4835522799932,3.78050382978526,323.532977350291,251.5,48.1275213071633
-9.46046237738443,3.79762356218633,323.533238815102,252,48.1230261649482
-24.6137584063967,3.77751282972663,323.536237896641,252.5,48.1113309284923
-44.3328810886107,3.75136556853026,323.544391750188,253,48.0902661435643
-29.1496181791333,3.77099232417124,323.54885220137,253.5,48.0764156916514
-22.460118639338,3.77966303526751,323.551647501357,254,48.0657437579314
-26.8105069763907,3.77378300245088,323.555326488726,254.5,48.053004735576
-2.6257736028082,3.80573507982914,323.554589928765,255,48.0517570982726
11.6929155217112,3.82479675433561,323.55194569322,255.5,48.057312991429
10.6233989687081,3.82356639231147,323.549273618432,256,48.0623607033978
9.96260407205716,3.8228534073917,323.54668128682,256.5,48.0670944384258
3.43045541537088,3.8143488581365,323.544787143396,257,48.0687244205915
14.895705132728,3.82959587723529,323.541861779962,257.5,48.0758021204221
8.36554214157401,3.82114354520179,323.539408945041,258,48.0797770108802
-26.3564700882227,3.7752524847632,323.542551569172,258.5,48.067253724321
45.1482591811222,3.86920835911618,323.539284007513,259,48.0887059364527
-36.977167500738,3.76152726433773,323.544631599333,259.5,48.0711362215701
-0.052361874544804,3.81004522972449,323.543644213847,260,48.071111341806
-25.5003649929721,3.77636559343563,323.546669715399,260.5,48.0589948339009
-23.4505928997552,3.77887635534263,323.549535812546,261,48.0478522759679
-17.3767508253757,3.78675569861449,323.551165213279,261.5,48.0395957063542
-26.8142202641988,3.77415707578018,323.554699198432,262,48.0268549196287
-8.0588145732159,3.79883654632647,323.554743949286,262.5,48.0230257708887
27.3362974978153,3.84561842515703,323.551221369567,263,48.0360146228059
-14.2165907874014,3.79098845902507,323.551762360717,263.5,48.0292596044088
-3.81164789750443,3.80470748740878,323.55102076371,264,48.0274484984935
-2.57827681375759,3.80636129581169,323.550002519851,264.5,48.0262234293071
3.84431182223036,3.81490254493832,323.548166104416,265,48.0280500554984
-13.8278408295646,3.79155178112587,323.548843229523,265.5,48.0214797517883
14.8292178176914,3.82942990576354,323.546084244912,266,48.0285258601465
22.0566814204405,3.83912189088211,323.542627572997,266.5,48.039006100522
6.22834887516444,3.81847515367837,323.540330232575,267,48.0419655028052
-20.6886531508219,3.78290041081661,323.542255849713,267.5,48.0321352815705
9.54400825264574,3.82277911145804,323.540036454387,268,48.0366701206393
-31.5483429560878,3.76851292686355,323.544320587413,268.5,48.021679913757
-8.1827164196944,3.79916469612732,323.544423972383,269,48.0177918930086
-2.34432777303559,3.80687905730801,323.543425036686,269.5,48.0166779847959
3.15922564602013,3.81419734697581,323.541679218796,270,48.0181790920359
-14.8527965474213,3.79039347046164,323.542541814484,270.5,48.0111217802355
4.74994245714472,3.81628076341524,323.540744366885,271,48.0133787171596
17.811199756318,3.83361636964388,323.537634390391,271.5,48.0218417153443
-42.8620302701727,3.75365925785421,323.544762673023,272,48.0014758057294
-31.9897893771428,3.76755202248687,323.549747959066,272.5,47.9862758454161
15.2564560178353,3.82986296963087,323.547150075112,273,47.9935249561639
-12.7033784328674,3.79303238726359,323.547521773433,273.5,47.9874889411796
-13.2821856098415,3.79219523669025,323.548264222942,274,47.98117790575
29.253219273547,3.84831080093892,323.544795773945,274.5,47.9950775837614
6.18786623042726,3.81825106414351,323.54243746441,275,47.9980177507008
36.4820976057591,3.85811204231502,323.538775174231,275.5,48.0153522329388
-24.1740296469466,3.77850305840037,323.541127152953,276,48.0038659337665
-36.6436759567848,3.76184494159572,323.546979959686,276.5,47.9864546775149
-14.7823893326825,3.79039679503355,323.548236783809,277,47.9794308197288
-8.41483286794834,3.7987508450562,323.54818132782,277.5,47.9754325087638
-4.59751441739171,3.80378680615573,323.547487208531,278,47.9732479980794
34.6182795423435,3.85544596091803,323.543880990082,278.5,47.9896968864718
-8.81733116337681,3.79856585912192,323.543431154523,279,47.9855073282921
-13.8644276625834,3.79182090681518,323.544206873363,279.5,47.9789196403347
47.3090056501542,3.87206388445413,323.540965378539,280,48.0013985319544
-22.2897303136306,3.78105617177817,323.542830359662,280.5,47.9908075583106
0.814573870732522,3.81145011244118,323.541560050292,281,47.9911946033881
30.5858124310171,3.85067046592619,323.538018810101,281.5,48.0057274635336
1.16210280006007,3.8122429604937,323.536227443463,282,48.006279637111
-19.8328443864976,3.78446995103432,323.537980270146,282.5,47.9968560537288
-6.73893326697712,3.80163231334766,323.53771069681,283,47.9936540470821
-72.8382640656171,3.71520335467398,323.554846337812,283.5,47.9590449188369
17.4200130922274,3.83291303378162,323.552604470444,284,47.9673220445328
-13.6685958883444,3.7919934109511,323.553084589587,284.5,47.9608274061158
-19.7064476550506,3.78391502843032,323.554986199741,285,47.9514638801875
27.298876616979,3.84589828132926,323.551641005659,285.5,47.9644349515592
-10.5683846817913,3.79619871210331,323.551505587885,286,47.9594133796493
-20.5579232155443,3.78290349388607,323.553529058125,286.5,47.9496452747919
-38.1860859760802,3.75949378519638,323.559746332748,287,47.9315011418464
-3.9383274962987,3.80447281116644,323.559257270318,287.5,47.9296298440727
-30.5825562730192,3.76921457216659,323.563431982901,288,47.9150985310918
-39.8858182331167,3.75673113582073,323.57027899181,288.5,47.8961467697326
-4.02791444699612,3.80386437802111,323.569818766688,289,47.8942329046859
-20.5981133986648,3.78192681488658,323.571828726731,289.5,47.8844457034481
-16.0782600798994,3.78780137069038,323.573134389347,290,47.8768061121948
4.49881020248026,3.81503271512011,323.57130449462,290.5,47.8789437235347
14.7925901428003,3.82875984069645,323.568306084253,291,47.8859724282395
-16.8926861063124,3.78697735334311,323.569388158125,291.5,47.877945862157
29.9135024481026,3.84871474572672,323.565881740597,292,47.8921592739643
27.9476306630772,3.84644936371294,323.562041777356,292.5,47.9054386010621
-26.1857244588442,3.77522081652019,323.564856247165,293,47.8929964443521
7.43943480420941,3.81952679042069,323.562839319905,293.5,47.8965312945646
-2.07040242464195,3.80704179005517,323.561593525406,294,47.895547542083
21.8298059946673,3.83861277423037,323.558283235125,294.5,47.9059199825156
-2.8030855478891,3.80631661402556,323.55701546095,295,47.9045880953756
3.05549998671412,3.81406896271993,323.555244982695,295.5,47.90603991733
5.74312693342465,3.81767545265328,323.553131286486,296,47.9087687662272
-14.7529332280339,3.79061032884891,323.553873135624,296.5,47.9017589045201
-22.9281816334298,3.77967468702685,323.556396504287,297,47.8908645704945
-47.169386163659,3.74761029494347,323.565103488161,297.5,47.8684520191257
-9.94350969620051,3.79628970862701,323.56562159695,298,47.8637273567975
-0.375782436326748,3.80894994911876,323.564324792403,298.5,47.8635488036332
-21.1128251790293,3.7815165350004,323.566362044227,299,47.8535170369016
-7.46013843060163,3.79947183952147,323.566182893357,299.5,47.8499723493534
-23.3270265737611,3.77843237485114,323.568756717823,300,47.8388885040061
-19.9368731075923,3.78275970070696,323.570813234874,300.5,47.8294154913384
-0.0608087786479388,3.80900366125341,323.569575103868,301,47.8293865980246
18.2821938470708,3.83332127359543,323.566390448104,301.5,47.8380733892266
15.0640214404202,3.82929529104579,323.563277933298,302,47.8452310646134
-25.8927930037923,3.77525532618205,323.566154620574,302.5,47.8329280943932
-13.9646657756478,3.79083765462979,323.567095186967,303,47.8262927782591
17.8790178996058,3.83290912486763,323.564088117069,303.5,47.8347880002598
-22.5887859814359,3.77955639557809,323.566240847892,304,47.8240549302044
31.3079453504491,3.85056135539874,323.562805157688,304.5,47.838930912075
-1.86471509628684,3.80718252212989,323.561327892129,305,47.8380448920038
-29.4863676842973,3.77062959532918,323.565152426747,305.5,47.8240344334384
11.9024328899156,3.8251725628862,323.56276238127,306,47.8296898788503
0.245199942711434,3.80990378428552,323.561177239795,306.5,47.8298063856942
-5.90331340158647,3.80179383891157,323.560535283633,307,47.8270014241371
-22.9400336205677,3.77920580324587,323.562974288627,307.5,47.8161014586354
-46.2879494048863,3.74830287990131,323.571445227728,308,47.7941077222702
-24.183955770178,3.77698658628772,323.574642961428,308.5,47.7826167066966
-16.1248960009031,3.78750633617523,323.575972583531,309,47.7749549563681
-1.04754181011177,3.80743552290392,323.574811534305,309.5,47.7744572164877
39.1927987847515,3.86040501610131,323.571081007447,310,47.7930796893984
-26.1008400172938,3.77472423281908,323.573794846094,310.5,47.7806778655624
6.65741852212263,3.8179168909181,323.571832042966,311,47.7838411404478
17.7033109235015,3.83260557029244,323.568630537396,311.5,47.7922528752135
-9.93769035608761,3.79624064890287,323.568433545973,312,47.7875309779469
-30.0537704559953,3.76955976495716,323.572473521454,312.5,47.7732509177436
10.6478554784201,3.823208790193,323.570176419104,313,47.778310250232
-9.70508404781311,3.7963984980522,323.570008464687,313.5,47.7736988759393
-34.2710615168942,3.76385702536393,323.575078791697,314,47.7574149683208
16.5479746287969,3.83083165851578,323.572356222385,314.5,47.7652777446166
-0.947893664738616,3.80790101447857,323.570861389169,315,47.7648273525895
-36.5104125909552,3.76088715785834,323.576404010779,315.5,47.7474794164757
20.3869883791764,3.83583909753152,323.573467661297,316,47.7571663015821
-47.6480303637823,3.74624522468209,323.581890210041,316.5,47.7345263222437
-46.3902103262308,3.74745486470543,323.590734410561,317,47.7124839965637
40.8299617455043,3.86206104498844,323.587431473362,317.5,47.7318843680638
2.07045907485327,3.81159268778479,323.585331955698,318,47.7328681474628
-15.230914682063,3.78872081932144,323.586162871449,318.5,47.7256311726902
-8.19497689975124,3.79795590998968,323.585981944447,319,47.7217373263702
7.1041973097053,3.81820821200691,323.583752821562,319.5,47.7251128883626
-44.2745071096709,3.7504160948725,323.591311806573,320,47.7040758398523
4.57041363735696,3.81461453546985,323.589741335222,320.5,47.706247473591
3.00492654370232,3.81264589795395,323.587827348423,321,47.7076752655551
-10.6642299384441,3.79460345548148,323.587857872355,321.5,47.702608152736
-3.93203609715614,3.80348454944983,323.586991669605,322,47.7007398443228
-17.4121048071302,3.78562391158266,323.588291297342,322.5,47.6924664762515
-29.0312292298883,3.77013463714776,323.592190248492,323,47.6786722768919
-13.9590879588202,3.78987676465997,323.593136626736,323.5,47.6720396110596
21.9534965477703,3.83734552092542,323.58981040995,324,47.6824708231045
-24.7069095100275,3.77585125992859,323.592349065145,324.5,47.6707313258671
-16.1310370652614,3.78702619516509,323.593632566263,325,47.6630666576096
-18.2786643242742,3.78408808159349,323.595236511188,325.5,47.6543815434616
-38.3325539889217,3.75748289096194,323.601491111702,326,47.6361678161854
-7.74225573098023,3.79767423381744,323.601502810164,326.5,47.632489080497
12.47168603348,3.8244794188348,323.598722416288,327,47.6384150067516
19.8910524752316,3.83444258776417,323.595238232924,327.5,47.6478662477288
4.41920490208699,3.81424033896109,323.593012717633,328,47.6499660345807
-14.8723112488033,3.78874642770129,323.593745195976,328.5,47.6428994503627
-19.9050823395945,3.78197895749392,323.595634158424,329,47.6334415430902
2.4092824579168,3.81143676874137,323.594023550953,329.5,47.6345863145456
17.054875051649,3.8308715190495,323.590830510234,330,47.6426899447658
22.6629205156978,3.83844126155264,323.587213392951,330.5,47.6534582398727
-38.6642107699115,3.757642544357,323.593042118321,331,47.6350869257537
-9.37010584159273,3.7960133893384,323.593292661373,331.5,47.6306347164802
-32.9912492785117,3.76471244512987,323.598028933858,332,47.6149589121224
-22.8327548637446,3.77786921780919,323.600731364654,332.5,47.6041099201619
17.4391430087932,3.83107415644645,323.597739890757,333,47.6123961354447
-26.937905718507,3.77252613443037,323.600802820682,333.5,47.5995965795296
-33.7189431012978,3.76336689727569,323.60594077551,334,47.5835750111815
-6.05390678603215,3.79975982580576,323.605619750966,334.5,47.5806984951219
-18.8807884347785,3.78275641678201,323.607231649487,335,47.571727281479
-14.9264927779352,3.78789611512361,323.608228701774,335.5,47.5646349528873
9.14294136357749,3.81976221238305,323.605806934234,336,47.5689792248747
13.0246146140022,3.8250431887172,323.602810681428,336.5,47.5751678753499
1.70904255097137,3.810241486903,323.600942820553,337,47.5759799275532
-12.9706460487645,3.79083422203304,323.601356062768,337.5,47.5698169202619
-0.502558128472567,3.80730052854285,323.600020628834,338,47.5695781295803
-25.5815764472386,3.77409905553896,323.602946398364,338.5,47.5574230340226
-1.97181911291811,3.80521330123206,323.601942429527,339,47.5564861234382
1.40454174956568,3.8097310618494,323.600255079386,339.5,47.5571534919726
-2.88800409018126,3.80410557278218,323.599098744868,340,47.5557812557556
-16.9868420606584,3.78542672161293,323.600293390689,340.5,47.5477099514364
-15.9351158502581,3.78671149981039,323.60144295567,341,47.540138375217
-28.9583210186689,3.76937230796145,323.605314976361,341.5,47.526378818221
9.43286208083924,3.82005638568394,323.603026326081,342,47.530860846145
-8.82754858769755,3.79599852080221,323.602683587878,342.5,47.5266664331523
-16.5012066458689,3.78579176501033,323.603856612686,343,47.5188258786809
7.92736200664396,3.81809793434323,323.601583434886,343.5,47.522592567685
-23.9424271995554,3.77597355757737,323.604085446499,344,47.5112163145016
13.5318463640314,3.82547359188158,323.601384098809,344.5,47.5176459763313
11.100581557367,3.82243847863869,323.598529140166,345,47.5229204217844
13.6588532494775,3.82595982191063,323.595494983268,345.5,47.529410430983
-15.6026123749246,3.78736486729264,323.596261950405,346,47.5219968439135
-14.859056862677,3.78823679679689,323.597186896574,346.5,47.514936557522
15.0863556974864,3.82780299789945,323.594296544719,347,47.5221048450393
-10.3906422545415,3.79425334364281,323.594150873256,347.5,47.5171677275098
-4.58139944813482,3.80189746807708,323.593357088619,348,47.5149908738591
2.63098509049353,3.81145554626996,323.591564972682,348.5,47.5162409874028
29.6996238381637,3.84716583216898,323.587841791521,349,47.530352774709
-5.9109401663224,3.80050512169769,323.586878000547,349.5,47.5275441892919
-0.867765742705799,3.80715337869361,323.585541161567,350,47.5271318700767
-4.56241990421904,3.80227490917186,323.584657898624,350.5,47.5249640345633
23.0583495807536,3.83872856750515,323.581258079112,351,47.5359202179375
15.3257492246707,3.82878847319567,323.578072611283,351.5,47.5432022533783
-29.0984221467697,3.77018943428256,323.581570389896,352,47.5293761272792
-28.3523205418933,3.77090359055405,323.585375942265,352.5,47.515904511635
-23.4760576301068,3.77710657748846,323.588128699854,353,47.5047498541259
6.29259280596644,3.81637899068169,323.586139967318,353.5,47.5077397819366
-26.7154161394738,3.77275891517879,323.589237081876,354,47.4950459420277
37.4315681094039,3.8571615350369,323.58574777203,354.5,47.5128315655284
3.52674175908529,3.81301060045556,323.583505608816,355,47.5145072981861
-28.6243033842469,3.77050216869494,323.587023203412,355.5,47.5009064497933
14.7912120745056,3.82772131175202,323.584342900296,356,47.5079344997085
20.51542266678,3.835422213722,323.580891483598,356.5,47.5176824104143
29.8920258207965,3.84790523948381,323.57709531822,357,47.5318856175941
-4.57856131731292,3.80277827825433,323.575947965064,357.5,47.5297101124823
-5.00345189126286,3.8021776038992,323.575168694811,358,47.5273327204563
-28.5218148161684,3.77102684913038,323.578719797079,358.5,47.5137805695447
-7.68723025657807,3.79834350835379,323.578592298002,359,47.5101279792309
-5.79295950973623,3.80081640165479,323.57796248942,359.5,47.5073754523666
-29.4923186283021,3.76942936818237,323.581778959512,360,47.4933621662079
-8.76100767798592,3.79662718441661,323.581837095747,360.5,47.4891993701532
-6.52163958036923,3.79956399347805,323.581329573858,361,47.4861006106824
-26.7407958351517,3.77276895221929,323.584556648874,361.5,47.4733947116017
-1.63642992302664,3.80583016661056,323.583552378554,362,47.4726171613155
-50.380667189486,3.74155514095249,323.592994819581,362.5,47.4486787685736
-18.6272479776485,3.78291913215577,323.595064661646,363,47.4398280247732
-6.6369715563282,3.79873062727332,323.594677500333,363.5,47.4366744652712
-18.1457504216238,3.78347223698354,323.59615253813,364,47.4280525052135
-2.82254879270258,3.8037066493841,323.595202067174,364.5,47.4267113701055
-16.0775298642701,3.78616051870925,323.596243736521,365,47.4190721258144
-32.3158008747934,3.76458048591445,323.600926236893,365.5,47.4037172610168
21.1102404407438,3.83509329494478,323.597817312219,366,47.413747799609
-0.637657301093523,3.80660464453031,323.596187335065,366.5,47.4134448165053
0.426665347906019,3.80806518366689,323.594620409127,367,47.413647546704
1.41291583690307,3.80942790233982,323.592923202064,367.5,47.4143188941891
5.8025291418723,3.81530242325236,323.590718843187,368,47.4170759680677
13.2920957798934,3.82529663889929,323.587787920083,368.5,47.4233917123182
-7.52551647327989,3.79789537471994,323.587207646202,369,47.4198159603687
-30.6927651680683,3.76718541466017,323.591342689782,369.5,47.4052322815904
-15.004675137882,3.78769125133727,323.592471805562,370,47.3981028046213
11.4696252771489,3.82269201477663,323.589885868919,370.5,47.4035526013351
-28.9682507017413,3.76928349220306,323.593450353318,371,47.3897883262465
-17.9539984535704,3.78363003100177,323.595116592324,371.5,47.3812574772077
31.2119043444006,3.84847237829106,323.591529925979,372,47.3960878251586
10.28030310948,3.82128678524848,323.588635137709,372.5,47.4009725150023
-24.9859651156774,3.77470253362512,323.591295544688,373,47.3891004243901
67.3673877470865,3.89509619880501,323.589497857847,373.5,47.421110063719
-41.4227488780095,3.75355513587789,323.595653454802,374,47.4014280291925
-12.4968241450216,3.79133198189017,323.596420695743,374.5,47.3954901585549
-13.6711496649123,3.78969308398177,323.597072760552,375,47.38899430671
-13.8974723818596,3.78930508668408,323.597782033503,375.5,47.382390917542
-34.7606106440994,3.76163090174811,323.602965184448,376,47.3658744004737
-12.5615884527825,3.7907160947218,323.603688656134,376.5,47.3599057570512
-2.18283174498857,3.8044329592061,323.602563820277,377,47.3588685837362
40.4707340142449,3.86052574783004,323.598808080747,377.5,47.3780982680462
-25.1527253757474,3.77446331038448,323.601219694796,378,47.3661469412345
-16.5327291747963,3.78566504556687,323.602522824231,378.5,47.3582914088218
-21.9422352267244,3.77838754470154,323.604802148457,379,47.3478655475978
-20.3142462601702,3.78038723513894,323.606820316553,379.5,47.3382132259364
-27.5624581232809,3.77065935484598,323.610382274088,380,47.325116913714
-51.680329846855,3.73877474894383,323.620575371176,380.5,47.3005609857774
-11.1824288031682,3.79176492931738,323.621279693591,381,47.295247650575
-23.4666751096024,3.77545111409562,323.623877766272,381.5,47.284097451174
15.8235570198565,3.82742598105537,323.620935013978,382,47.2916160201737
-6.87582614197949,3.79757351885038,323.620190716303,382.5,47.2883489688265
21.1545864686898,3.83466826310441,323.616755610243,383,47.2984005784504
33.6075367698907,3.85121050573153,323.612713669067,383.5,47.3143692120387
-3.75828187837243,3.80232554617223,323.611353713391,384,47.3125834630072
-33.9760638137619,3.76231954116214,323.616200073278,384.5,47.296439723657
22.9680437238679,3.83735665098629,323.612997545558,385,47.3073529981698
-3.30542375019099,3.802902755692,323.611659241815,385.5,47.3057824248462
17.4008171869498,3.83028576153004,323.608465871455,386,47.3140504296006
-12.5524623475126,3.79084193033518,323.608606016023,386.5,47.3080861224503
-2.53773680996862,3.80402973513494,323.607502192662,387,47.3068803158618
-40.2538467101728,3.7541756039634,323.613957034021,387.5,47.2877536856349
22.6970750698146,3.83704487036226,323.610849523328,388,47.2985382092909
-0.549561820440895,3.80660366820454,323.609149251214,388.5,47.2982770847877
-35.6255301117546,3.76021577407811,323.614369189068,389,47.2813496009129
2.93617473207966,3.81096711744663,323.612821138002,389.5,47.2827447254282
-14.1492984938308,3.78839030714842,323.613383106699,390,47.2760216809895
-38.1473166554089,3.75658561607764,323.619435324055,390.5,47.2578959693011
-25.5520759586683,3.77288767532456,323.622739051315,391,47.2457548909115
-23.1123834367962,3.77594514180298,323.625379808495,391.5,47.2347730333305
-24.6631946897083,3.77374733907978,323.628335886978,392,47.2230543072063
3.10963812753781,3.81045373783094,323.626620056599,392.5,47.2245318529184
6.45529009636551,3.81499291343614,323.624242244382,393,47.2275990864072
-5.85774177292477,3.79878780477886,323.623410998156,393.5,47.2248157782264
-5.51878471816166,3.79924266306679,323.622649471901,394,47.2221935256162
-1.21308520481745,3.8049630130939,323.621279270422,394.5,47.2216171277302
38.809185745332,3.85763418112632,323.617418641958,395,47.2400573267627
-1.00018371972366,3.80569145858528,323.615634825826,395.5,47.2395820890965
-2.91983803877482,3.80316519539793,323.614452129976,396,47.2381947269671
20.4856655049918,3.83409408715629,323.611068566393,396.5,47.2479284985464
-4.56549940734943,3.80120570517751,323.609924897737,397,47.245759199806
-17.6295979297232,3.78386886349594,323.611179172024,397.5,47.2373824897967
28.7684361346519,3.84501219532152,323.607637372977,398,47.2510518229194
-11.701903765369,3.79188976008899,323.607529577342,398.5,47.2454916589956
-2.85889323595638,3.80352157625709,323.606458071674,399,47.2441332548119
4.20411234485557,3.81287638850874,323.604431640895,399.5,47.2461308403552
1.6208400141165,3.80952200266813,323.602639209397,400,47.2469009830904
-25.6799725685329,3.77340272184824,323.605469705721,400.5,47.2346991345791
-38.610968875344,3.75613721042953,323.611729029605,401,47.2163531183661
-21.4032625624533,3.778515572679,323.614135998651,401.5,47.2061833502038
15.7011482469922,3.82752915469369,323.611225192625,402,47.2136437566296
-5.19684413923776,3.80007135585371,323.610222527879,402.5,47.2111744742051
-10.3514939807063,3.79323121766207,323.610215557545,403,47.2062559579925
-12.2310487656026,3.79068728775254,323.6105789918,403.5,47.2004443706252
7.84984354737408,3.81723990152573,323.608252613268,404,47.2041742267045
0.141070059113929,3.80715045688072,323.606602308308,404.5,47.2042412561956
0.365056025675493,3.80748834931963,323.604999854623,405,47.2044147127018
-29.8662516675131,3.76748495679524,323.608816474211,405.5,47.1902237521206
-12.1167080218271,3.79074066190731,323.609380620515,406,47.1844664938002
-8.15363590516615,3.79593874563306,323.609103766309,406.5,47.1805922906691
-15.3083117048282,3.78642484237778,323.610001122451,407,47.1733185406724
-9.4950842247274,3.79404827671889,323.609974976668,407.5,47.1688069478736
-17.215442313024,3.78377404072781,323.611247514427,408,47.1606270240595
8.07829126031704,3.81721519910907,323.60894821553,408.5,47.1644654271546
-14.8185594866727,3.78698507970647,323.609600179231,409,47.1574243831063
3.64813514705476,3.81139354847104,323.607752800831,409.5,47.1591577958775
-9.46459793152895,3.79408842218542,323.607531204714,410,47.1546606886523
4.78240248298809,3.81294130825063,323.605505685286,410.5,47.1569330489697
24.7897566606076,3.83940957813873,323.601867919031,411,47.1687119110615
-7.4930803247256,3.79702622131009,323.601144544263,411.5,47.16515157116
19.6949677240554,3.83293232396205,323.597892339977,412,47.1745096423948
-25.2779187023413,3.77364011275276,323.6004856672,412.5,47.1624988299275
16.2857209003781,3.82844702421617,323.597630351457,413,47.1702369962668
-38.4583267037715,3.75623930937326,323.603415535629,413.5,47.1519635080383
-10.3092437137139,3.7931083950402,323.603782481739,414,47.1470650670557
-52.0581519860471,3.73804399074938,323.613807038344,414.5,47.1223296167893
10.4375119242761,3.82013604017161,323.611681332679,415,47.1272890044597
-28.3100535244436,3.76894208680301,323.615083403355,415.5,47.1138374720046
-29.4823202041981,3.76717948269597,323.619177275292,416,47.0998289366009
-28.1128356221923,3.76877693114757,323.622985369784,416.5,47.0864711123053
2.39236665822054,3.80906730306144,323.621407973337,417,47.0876078462122
-25.6051997551118,3.77201510709256,323.624304855873,417.5,47.075441526031
-19.8995995800226,3.77940658644743,323.626298467451,418,47.0659862238937
7.44584485090468,3.81559930513928,323.624053287316,418.5,47.0695241198423
-8.36721595383086,3.79476039682898,323.623610951809,419,47.0655484340717
20.522497842719,3.83299470684175,323.620215337517,419.5,47.07529970655
-42.4819680293333,3.74989582702174,323.627139658574,420,47.0551143836501
-11.8760626196384,3.78999905399215,323.627814105703,420.5,47.0494714680819
-4.4872894987372,3.79977306401049,323.626964063056,421,47.0473393308087
-4.88318187420964,3.79927454815384,323.626095690966,421.5,47.045019085126
11.7023559086994,3.82127731575305,323.623289383004,422,47.0505794638859
-33.2163188091174,3.76191606640362,323.627851286057,422.5,47.034796717657
-19.774169235204,3.77943716469794,323.629888266275,423,47.0254010137948
-70.3284392330474,3.71319071911663,323.646498595212,423.5,46.9919844297517
27.4107334624563,3.84122564431917,323.643426634044,424,47.0050086499451
7.30164924916288,3.81503766202292,323.640700654886,424.5,47.0084780312999
6.26011584220074,3.81379147724159,323.638266811399,425,47.0114525276693
-31.9262669657101,3.76327415984993,323.642554923439,425.5,46.9962827500533
-16.8105217207457,3.78304673631781,323.643976395464,426,46.9882952244092
-30.7414534964154,3.76449852174446,323.648249659829,426.5,46.9736884113536
-8.60756478293233,3.79364512461647,323.648215617493,427,46.9695985237475
10.4670169501161,3.8189607221178,323.645494152574,427.5,46.974571930742
-1.08124762775313,3.80381734354711,323.643907584289,428,46.9740581755298
2.20615795995609,3.80823177770127,323.642010940959,428.5,46.9751064323045
-0.694864215021014,3.80446077696332,323.64045368309,429,46.9747762673144
4.7916538145048,3.81178348014892,323.638257289303,429.5,46.9770530234055
14.941120983419,3.82529849966131,323.63506506401,430,46.9841523025944
-1.4202591765297,3.80382008292214,323.633494547931,430.5,46.9834774659188
-28.1960129895601,3.76834483012481,323.636939740482,431,46.9700801198662
-4.42924871052796,3.79963264739458,323.636226396298,431.5,46.967975560695
-29.6418927301838,3.76621496052882,323.640063157287,432,46.9538912043462
20.0757293890257,3.83185369194571,323.636871593017,432.5,46.9634301946276
-39.2374376772783,3.75359570621921,323.642890001583,433,46.9447865115305
-17.4449467977386,3.78207466279645,323.644511796213,433.5,46.9364975385752
-4.02499118905346,3.79980142130999,323.643616838034,434,46.9345850625156
-9.77426358101848,3.79219650067433,323.643473407536,434.5,46.9299408175419
10.2037861936502,3.8186712168607,323.64080309774,435,46.9347891503446
-6.75789429118138,3.79633214323888,323.640037584869,435.5,46.9315781343603
-24.6159939079916,3.77262763142214,323.642760728078,436,46.919881835705
3.51702701680846,3.80978645739811,323.640956523993,436.5,46.9215529523993
-30.9928937411425,3.76411130890069,323.645048886724,437,46.906826667418
0.387861270714376,3.80550295689678,323.643700138732,437.5,46.9070109598449
-1.01719728202877,3.80370819900082,323.642202494052,438,46.9065276381783
-24.4731126540667,3.7726276383486,323.644845903931,438.5,46.8948992296039
-28.061652817886,3.76770083992228,323.6485623419,439,46.8815657248368
-29.3988652740241,3.76573072914996,323.652653539522,439.5,46.8675968430742
-30.9020579640594,3.76353809725363,323.657141743538,440,46.8529137187461
-26.4368311832269,3.76924022446036,323.660610450107,440.5,46.8403522485826
28.2609212885864,3.8415530714853,323.656912771258,441,46.8537804358376
-54.8999323068561,3.73205035567903,323.667640676929,441.5,46.8276947125954
28.8578641667025,3.84224906725804,323.66424628832,442,46.8414065374809
-50.6039819715387,3.73756754727035,323.673581650032,442.5,46.8173620366373
32.6420790954034,3.84715172103626,323.670028743152,443,46.8328719326527
-19.9314049104579,3.77799286944756,323.67138698728,443.5,46.8234015182009
-7.06822258891683,3.79495667411928,323.67092853177,444,46.8200430496105
15.1849277323287,3.82446528375769,323.667725739591,444.5,46.8272581736668
18.8743917807753,3.82952498237391,323.664072382682,445,46.8362263479372
-27.5127089851746,3.7682782036719,323.667150135812,445.5,46.8231536740363
0.541565860503956,3.80528678925197,323.665684235208,446,46.8234109992562
25.4518787706283,3.83824141204301,323.661840431907,446.5,46.8355044689147
34.2618376187811,3.85001579936407,323.657614843753,447,46.8517839937945
-35.2198996163572,3.75861944193588,323.662362537027,447.5,46.8350492454004
-28.3357350446787,3.76737880311398,323.66616557262,448,46.8215855103613
5.93708549857539,3.81260790282706,323.664067301561,448.5,46.8244065187428
-44.1482155613734,3.74644149313955,323.671549989324,449,46.8034294777087
-40.1707334447935,3.75127379682925,323.678524490739,449.5,46.7843423387808
-9.01976054039708,3.79221185953361,323.678603587628,450,46.7800565962073
13.9962744873146,3.82273942851786,323.675492983898,450.5,46.7867069312325
51.1404966447332,3.87134277871414,323.671621052245,451,46.8110063572224
-65.1519695649138,3.71926194395284,323.685448982491,451.5,46.7800493746663
-6.11326530294422,3.79623605794653,323.685345198181,452,46.7771446543853
15.0876702610354,3.82434007538805,323.682106279533,452.5,46.784313566518
20.4793199121551,3.83163345105505,323.678327908332,453,46.7940443229865
13.5788411128302,3.82276309421878,323.674996208532,453.5,46.8004963143886
16.8837981121592,3.82727253262721,323.671497208757,454,46.8085186573374
5.91212701876594,3.81295947895881,323.668935592901,454.5,46.8113278066879
-34.1385657436665,3.76000701512612,323.673612119896,455,46.7951068544853
-7.94001907847757,3.79438540720058,323.673395878389,455.5,46.7913341514688
-29.1848237616464,3.76620086293638,323.677054332818,456,46.7774669716103
12.3205636567991,3.82097971459811,323.674317418941,456.5,46.7833210920115
23.1994785273866,3.83546542572024,323.670463252026,457,46.7943443328572
-29.1288139022712,3.76648634976788,323.673786169611,457.5,46.7805037661041
17.4143143761265,3.82787386668344,323.670678223809,458,46.788778184053
-14.5967720258988,3.78569039727132,323.671052853698,458.5,46.7818425223992
-14.8964981296196,3.78518964647235,323.671800040441,459,46.7747644457758
-21.6003311714554,3.77620372590849,323.673862305037,459.5,46.7645010403907
15.7380233905098,3.825527129284,323.670781181546,460,46.7719789680546
5.59738819273967,3.81231591292853,323.668261332895,460.5,46.774638569135
-11.266223182635,3.79004666666493,323.668170070417,461,46.769285419002
3.52675157769653,3.80959656901753,323.666147064438,461.5,46.7709611563251
26.0367387619917,3.8393375145732,323.662299251241,462,46.7833325224258
-28.7350982239953,3.76719914360233,323.665494209174,462.5,46.7696790298237
-23.400710358235,3.7739989350826,323.66807670662,463,46.7585601735988
-0.616216475095818,3.80403662789712,323.666695685807,463.5,46.7582673781116
10.4638605541429,3.81874851440479,323.663854161109,464,46.7632392853434
14.321479306128,3.82397459966447,323.660599914581,464.5,46.7700441415591
-14.0194174701895,3.78660774953524,323.660906263481,465,46.763382810137
-34.3590977726227,3.75959910117651,323.665862349151,465.5,46.7470570720589
-38.8047027520231,3.75344825154004,323.672243574184,466,46.7286190031223
-16.162207189573,3.78306878601642,323.673533687582,466.5,46.7209395243686
12.131852546229,3.82051238618361,323.670676952494,467,46.7267039786155
-25.5423706583827,3.77073786589683,323.673331218007,467.5,46.7145675117029
9.10532960678399,3.81650706459769,323.670855692844,468,46.71889391245
0.186152756360913,3.80483238289849,323.669036654449,468.5,46.7189823630014
-50.4407745560712,3.73801427033349,323.678405858243,469,46.695015410222
8.71167898937335,3.81577667558168,323.676251684487,469.5,46.699154767732
22.3637060886943,3.83392834006806,323.672448306551,470,46.7097808909927
-8.84674869436868,3.79289941278239,323.671806693035,470.5,46.7055773550622
12.5710871464861,3.82123783989943,323.668848089808,471,46.7115505117926
-32.6748606343413,3.76146480163024,323.673128167612,471.5,46.6960250396168
6.8447318645827,3.81356722344107,323.670962532592,472,46.6992773165065
22.8448329510572,3.83477900180222,323.667186871744,472.5,46.7101320473747
12.4580907517148,3.82134197832533,323.663965568209,473,46.7160515138261
-22.3962576220866,3.77531164379981,323.665891593188,473.5,46.7054099236922
-25.6603938129056,3.77080361593596,323.668887265896,474,46.6932173780339
-7.21815668928397,3.79505360162494,323.668471666303,474.5,46.6897876681999
-14.0620958302216,3.78595468565174,323.66900315978,475,46.6831060581392
-9.56367490801206,3.79184449944931,323.668838329505,475.5,46.6785618744518
45.8242211332001,3.86457290892355,323.665069585491,476,46.7003352701564
-2.69406292775043,3.80139229105569,323.663333107577,476.5,46.6990551851549
26.1484758920508,3.83944002478355,323.659571446035,477,46.7114796431945
-8.94829119875889,3.79336191471836,323.658910765103,477.5,46.7072278593053
-11.8104290468416,3.78949805267125,323.659047631064,478,46.7016161295537
7.75422480045622,3.81533340400321,323.65660140962,478.5,46.7053005523499
5.76946591631095,3.81280519750754,323.65417369534,479,46.7080419162246
-11.538386303269,3.78994852630079,323.654127247314,479.5,46.7025594476837
-43.4210202485015,3.74777253442756,323.661435882555,480,46.6819279337728
-37.7462881699947,3.75482438804402,323.667620887751,480.5,46.6639927709183
9.63378961878094,3.81726848425725,323.665252217851,481,46.6685702696366
0.238689743345871,3.80497463838143,323.66342976184,481.5,46.6686836831569
-48.4234685869026,3.74073564721905,323.672142634438,482,46.6456752540586
-5.32245552279411,3.79725531752902,323.67171558349,482.5,46.6431462873385
4.17447781948978,3.80987391150614,323.669549551286,483,46.6451297920261
-34.9336654980491,3.75814771675436,323.674502762759,483.5,46.6285310478797
-25.3916622766079,3.77047796470322,323.677633837294,484,46.6164661901108
10.6558120896396,3.81813630025769,323.674997314117,484.5,46.621529303186
-31.9461253087378,3.76182078585556,323.679162078963,485,46.606350089871
17.2120373020265,3.82673448093319,323.676068543543,485.5,46.6145283957928
22.5126324129415,3.83392405540691,323.67218876718,486,46.6252252814519
-56.7803810251756,3.72957571860427,323.683330430813,486.5,46.5982460623022
-15.2041231810925,3.78377098494845,323.684646573484,487,46.5910218175213
-29.27264310731,3.76504928401178,323.688439224586,487.5,46.577112910268
-6.24336273767034,3.7954061969458,323.687902426443,488,46.5741463741425
-35.9678611735156,3.75602224534912,323.693277082671,488.5,46.5570562315365
-46.5125018303487,3.7418828840362,323.70197763577,489,46.5349557990028
24.0468195306851,3.83493459850673,323.698573351761,489.5,46.5463816542412
32.8011328238756,3.84668795975644,323.694205504706,490,46.5619671246948
-16.1355852298378,3.78238703109035,323.694715805573,490.5,46.5543002953752
-0.42617216136823,3.80314767300476,323.693172854703,491,46.5540977995143
-40.7111909592575,3.74984657359495,323.699704825447,491.5,46.5347538619974
-26.0437081460672,3.76886940112963,323.703040840748,492,46.5223791843912
-46.4270903750038,3.74182057011562,323.711577178532,492.5,46.5003193351424
-10.0938695687972,3.78952767445328,323.711851617517,493,46.4955232292648
-30.8565689424789,3.76196794796176,323.716010241489,493.5,46.4808617190622
43.0531742925217,3.859359046898,323.712101678096,494,46.5013184508304
-12.4096395451033,3.78675600591393,323.711840943142,494.5,46.4954220059878
28.3555608160734,3.84062189311305,323.707877877672,495,46.5088951612495
4.46136538590875,3.80942450714827,323.705279932414,495.5,46.5110149806709
-4.00980235827787,3.79827102986615,323.703992393595,496,46.5091097215899
-6.24144777703275,3.79531419427839,323.703122035207,496.5,46.5061440953587
3.26233591180719,3.80791220452591,323.700990533957,497,46.5076941954798
-64.1461537365983,3.71924909753134,323.714871639401,497.5,46.4772151266884
8.47067542767671,3.81435738087077,323.712822891433,498,46.4812399712664
23.0189266465255,3.83369828080575,323.708870565485,498.5,46.4921774228188
-60.2887030889973,3.72410358538653,323.721214654264,499,46.4635312231364
11.7703342423441,3.81864347840957,323.71878067735,499.5,46.4691239018268
7.37497778084161,3.81300251638864,323.715978161015,500,46.4726281252607
