curr_dens,Volts_tot,Temp_tot,t_tot,SOC_tot
2.29845335458781,3.9903173558471,323,0,80
2.29845335458781,3.99034337253302,322.999920957076,0.5,80.0010921109658
3.68904578746543,3.99229051117023,322.999794239402,1,80.002844962443
-48.7912054495265,3.92023859404827,323.0060900292,1.5,79.9796618030376
-3.73919038479172,3.98153779737678,323.00654512405,2,79.9778851253365
-5.46491062936275,3.97913587510178,323.006824793115,2.5,79.9752884710196
29.6132049407477,4.02756874510437,323.007289432824,3,79.9893591963545
21.7537320714852,4.01705247381163,323.007206916519,3.5,79.9996954902343
6.76368840335516,3.99656490662563,323.006932576676,4,80.0029092592932
-23.8199271506585,3.9544114234517,323.008856842907,4.5,79.9915912120536
3.294592809198,3.99156864862167,323.008848110888,5,79.9931566390515
-29.4211816659192,3.94649051591291,323.011580684359,5.5,79.9791771536469
-16.018208044214,3.96461416978619,323.012839062562,6,79.9715660961407
-37.6930890596601,3.93468990137403,323.017085268077,6.5,79.9536562108633
-25.5898855953338,3.95089352581276,323.019573237197,7,79.9414971672108
-23.6618583501333,3.95330815244003,323.021738115828,7.5,79.9302542264204
-23.3681707711652,3.95350179980345,323.023864241135,8,79.9191508313924
-2.18675565411722,3.98254788372426,323.024042710406,8.5,79.9181117936305
-36.6827609662807,3.9350560296692,323.028128730436,9,79.9006819661222
-37.7906730137378,3.93318425895468,323.032663326868,9.5,79.8827257137928
-26.6952409726998,3.9480470707387,323.035395191539,10,79.8700414601218
6.16356282780486,3.99322735907703,323.035251712824,10.5,79.8729700792905
5.17623728518196,3.9919916605995,323.034958458555,11,79.8754295703606
-10.7036277242265,3.97013208527513,323.035557954009,11.5,79.8703437376688
14.0202428983158,4.00426529951369,323.035258411596,12,79.8770054612933
-27.6681069657506,3.94688033726045,323.037787894472,12.5,79.8638589499842
26.9924913294968,4.02211101468097,323.037987500415,13,79.8766844422726
-52.7369209568253,3.91276545444879,323.045295668824,13.5,79.8516264746774
-33.0162622463315,3.93906680927045,323.049098313156,14,79.8359387853988
0.193379864570971,3.98456228002881,323.049165541679,14.5,79.8360306699133
16.0349883752818,4.00654100339387,323.048780441978,15,79.8436497006001
27.487933510213,4.02256384754462,323.048758066452,15.5,79.8567106024249
28.7231033318365,4.02457922918032,323.048809499079,16,79.8703583956495
-5.81566743648394,3.9771848792452,323.048890751821,16.5,79.8675950791054
-34.4901782550786,3.93766421515104,323.052520636254,17,79.8512070580873
9.68517072729958,3.99820745404345,323.052320618522,17.5,79.8558089705584
7.76059608692618,3.99567617817904,323.051912529011,18,79.8594964206737
7.84486173034458,3.99589377667708,323.051514841569,18.5,79.8632239096409
3.08644118223041,3.98941192133899,323.051229660452,19,79.8646904333159
7.88364900809378,3.99608722349865,323.050856546897,19.5,79.8684363520725
-66.0975544363295,3.8950121909694,323.061608864768,20,79.8370300745132
10.7446741473527,3.99944713768409,323.061608252023,20.5,79.8421354104282
-43.9667497141345,3.92430409021647,323.066991540755,21,79.8212445929588
25.3339464811998,4.0193165679382,323.067109147253,21.5,79.8332820270461
-30.4419032309904,3.94266221710677,323.069950857373,22,79.8188175454105
4.66640840001206,3.99078087379304,323.069767803319,22.5,79.8210347910963
-30.4343743744352,3.94246425776308,323.072701807576,23,79.8065738867997
-41.4793712041536,3.927061937821,323.07785727137,23.5,79.7868649481539
-14.7648574611927,3.9633278668174,323.079044786789,24,79.779849420643
-10.7280682336661,3.96880549196123,323.079670547321,24.5,79.7747519750341
-36.1314690576073,3.93380603339994,323.083733244057,25,79.7575840940812
-21.3402715520793,3.95377796982737,323.08566796121,25.5,79.7474442561209
4.16377273284968,3.98885518831449,323.085405953732,26,79.7494226742826
-16.1004353722746,3.96095775048088,323.086467346873,26.5,79.7417725464308
-14.7272215978188,3.96273735433354,323.08748817131,27,79.7347749016144
-37.0896716498875,3.93190404025782,323.091787050875,27.5,79.7171517303435
29.864981237899,4.02392051618708,323.091938048881,28,79.7313420872797
-0.934567046471042,3.98175119363559,323.091646218877,28.5,79.7308980274002
9.67095090914051,3.99645122129351,323.091124249693,29,79.7354931833194
0.291624737690098,3.9836255060033,323.090839756229,29.5,79.7356317489219
14.5176410338013,4.00332571091391,323.09030411627,30,79.7425298114554
17.9357767854192,4.00822627287914,323.08976509438,30.5,79.7510520024618
-19.7006834223675,3.95647301690033,323.091108577575,31,79.7416912154108
3.99481124304386,3.98898275189151,323.090819644325,31.5,79.7435893514579
-18.3457072120587,3.95821015697323,323.092068270364,32,79.7348723818569
-20.73541372812,3.95474496070742,323.093733488575,32.5,79.7250199423165
-23.6216963490635,3.95058219718186,323.095806432842,33,79.7137960845159
12.5119421823112,4.00025364957708,323.095372044543,33.5,79.7197411384946
-6.75254826803088,3.97380579573832,323.095490847836,34,79.7165326626751
-12.6751775566258,3.96559200241299,323.09620221211,34.5,79.7105100473476
-13.1584235093316,3.96482458856376,323.096996102448,35,79.7042578175261
11.8980222926516,3.99934093915148,323.0965004116,35.5,79.709911167241
4.2869094404217,3.98898630735974,323.096031011427,36,79.7119480938551
-3.04368241455042,3.97893113638574,323.095931298222,36.5,79.7105018870245
-18.8627218505884,3.95710127285538,323.097277866608,37,79.7015392577258
-29.8347426167573,3.94184687243048,323.100255603708,37.5,79.6873632686817
-38.3165032508144,3.92995102799245,323.10482992949,38,79.6691571679196
-30.0955599122284,3.94082887278212,323.108043012507,38.5,79.6548572514406
8.20582866156079,3.99340369394574,323.10765591015,39,79.6587562539793
-48.4752203907512,3.91565149896086,323.114205561154,39.5,79.6357232349922
14.9170591379493,4.0023719553245,323.113865757943,40,79.6428110811863
-30.2707273716282,3.94025479745507,323.116802921416,40.5,79.6284279338239
-16.4047499573503,3.95905278070829,323.118068179425,41,79.6206332107839
-66.5360265623554,3.89069730733358,323.129573494316,41.5,79.589018593031
15.9649579368473,4.00303476065754,323.129325735682,42,79.596604348729
-64.4360569889893,3.89311656140517,323.140098646292,42.5,79.5659875322994
9.6572107975769,3.99395949840976,323.139849852188,43,79.5705761595995
-21.350507490546,3.95132019581822,323.14151272828,43.5,79.5604314580293
-46.7389327572669,3.91641592267598,323.147966181263,44,79.5382234367566
-24.4028157710702,3.94653949859997,323.15043991005,44.5,79.5266284297723
-0.693782476566354,3.97910436406195,323.150282591235,45,79.5262987787707
-24.7133836573472,3.94604069231891,323.152489536899,45.5,79.5145562053398
-34.8522495766518,3.9319433917794,323.156550431492,46,79.4979961459987
-38.1322771085672,3.92716397097545,323.161347117923,46.5,79.4798775803565
-4.77910584372065,3.97276237095536,323.161553752606,47,79.4776067864385
15.1235399243638,4.0003372616362,323.160759907821,47.5,79.484792742055
-33.177993951747,3.93395680046308,323.164278597752,48,79.4690282058964
4.80128114138395,3.98603507992164,323.163864207257,48.5,79.4713095364154
-27.5372967481253,3.9415519057589,323.166466368371,49,79.4582251796298
-29.0687700906924,3.93922399868452,323.169522907921,49.5,79.4444131427162
-29.4457406899459,3.93847315267369,323.172673442402,50,79.4304219880822
9.79700407888238,3.99240351820886,323.172053694999,50.5,79.4350770382119
-10.4473448171694,3.96461552348206,323.172432116692,51,79.4301129784387
15.7509967541417,4.00078394973209,323.171630934981,51.5,79.4375970704012
-19.6372515315474,3.95215862527606,323.173007847984,52,79.4282664230366
-21.9774921329994,3.94878632195361,323.174893049639,52.5,79.4178238094805
-24.8465234346513,3.94467110993957,323.177223709052,53,79.4060179746349
25.2795914466919,4.0136555407717,323.176658456041,53.5,79.4180295819074
14.1930984883184,3.9987003474236,323.175695403099,54,79.4247734379298
-4.64708536634765,3.97288474719348,323.175513735233,54.5,79.4225653735906
-47.5865622197686,3.91399983041619,323.182013158671,55,79.3999546008637
-7.45700561962332,3.96853981975235,323.182429629002,55.5,79.3964114018717
36.4408861806069,4.02905305947041,323.182402571146,56,79.4137263024857
1.32481969314485,3.98111080274177,323.181749616479,56.5,79.4143557910553
14.056937398613,3.99873902980232,323.180881484333,57,79.4210349500854
-29.3903998995215,3.93906697246761,323.183610847284,57.5,79.4070700906485
-15.128489771957,3.95837438046288,323.184619459894,58,79.39988178311
-38.9710410917084,3.92556271150171,323.189298783105,58.5,79.3813646784496
24.3461761337407,4.0123594954565,323.188775365656,59,79.3929327730891
34.6394060632286,4.02681097175292,323.188501424304,59.5,79.4093916997557
5.28269023965126,3.98679311173228,323.187663777292,60,79.4119017719867
-5.81390133110213,3.97156464430616,323.18755463535,60.5,79.4091392946082
7.67753498680515,3.99014098539146,323.186806906033,61,79.4127872782109
4.05723780391158,3.98525507896458,323.186115811706,61.5,79.4147150762616
-19.5868277735878,3.95274215996489,323.187410751354,62,79.4054083877644
-21.3705319210047,3.95010214840438,323.18908203016,62.5,79.3952541715786
-28.5664522870549,3.94003097792829,323.191849623778,63,79.3816808111561
1.19160100718442,3.98073341915237,323.191481156856,63.5,79.3822470008176
-29.8067778249722,3.93813493177544,323.194338998121,64,79.3680842992547
-20.5702178667027,3.95053340894964,323.196011864619,64.5,79.3583103525893
-11.5777204757493,3.96275218410919,323.196574716346,65,79.3528091944017
-3.34846341291538,3.97404248427187,323.196377412852,65.5,79.3512181707664
-36.1415563500744,3.92899784913752,323.200429989344,66,79.3340454968327
5.46571685689063,3.98590713682144,323.199904245363,66.5,79.3366425342288
-32.8557704907742,3.93328541087975,323.203314004384,67,79.3210311026675
8.2634930120268,3.98960568067801,323.202664213225,67.5,79.3249575044437
12.3031162154027,3.99533341036985,323.201703894037,68,79.3308033346866
33.8627646290403,4.02517359437893,323.201363533354,68.5,79.3468932398871
-21.458790581814,3.94939543594991,323.202785157836,69,79.3366970875658
45.9758222712879,4.04191902604862,323.203762352521,69.5,79.3585425166075
33.6199841332517,4.02553340655594,323.203385414789,70,79.3745170645651
5.09774890475291,3.98666392269611,323.202523040299,70.5,79.376939261852
1.22625913877749,3.98138139261035,323.201925791707,71,79.3775219193377
6.10394187793988,3.98812071322232,323.201155558888,71.5,79.3804222095898
-0.308384341086981,3.97935437497791,323.200634149248,72,79.3802756806555
28.1980215402778,4.01859693537307,323.200126591165,72.5,79.3936739810717
-30.648064423816,3.93798794864401,323.20283103658,73,79.3791115418687
-30.1529709934994,3.9383239531026,323.205786847911,73.5,79.3647843464931
18.8297193031977,4.00540966355074,323.20508124799,74,79.3737312946192
-24.7834146639758,3.94560490382309,323.206942827681,74.5,79.3619554459294
14.8055842015356,3.99985714097625,323.206165379136,75,79.3689903247661
16.331089405203,4.00214154449136,323.205204417324,75.5,79.3767500479673
-47.5803230129505,3.91468506649723,323.211298277829,76,79.3541422398019
-15.5226738217788,3.9579604200156,323.212365125789,76.5,79.3467666355656
-47.0756371644726,3.91471482680464,323.218612719214,77,79.3243986290686
-23.9847246995569,3.94573936800567,323.220809504051,77.5,79.3130022782124
-12.080758223234,3.96191233585383,323.221371026485,78,79.3072621014521
40.0107923984464,4.03352741101814,323.221592812012,78.5,79.3262732443325
-28.4676795086625,3.93984194632831,323.223963858233,79,79.3127468158323
6.86273132412166,3.98818264266283,323.223270497539,79.5,79.3160076451719
-6.54825194786178,3.96981377807525,323.223123778834,80,79.3128962408249
-2.70065752692867,3.97508641372824,323.22276287053,80.5,79.3116130223971
-30.0131093848792,3.9375591699069,323.225564534969,81,79.2973522823168
6.64645179661991,3.98770671635518,323.224883618208,81.5,79.3005103463585
18.0746615677978,4.00357139613763,323.223887735532,82,79.3090985285209
13.6261248004409,3.99767388724078,323.222842356354,82.5,79.3155729867848
-19.6589542934491,3.95201472934084,323.224005760639,83,79.3062320273449
-18.0793793045261,3.95399435658043,323.225157118539,83.5,79.2976416035481
-30.4010930211866,3.93693811160554,323.228106953818,84,79.2831965128989
-37.6830176590661,3.9267035102393,323.23249873637,84.5,79.2652914130512
-34.8516034543442,3.93020524450901,323.236444564103,85,79.2487316607153
12.3861650137072,3.9948789354403,323.235634784305,85.5,79.2546169516256
0.349196557344685,3.9784837816666,323.234978021243,86,79.2547828724996
4.3477211509927,3.98405875554017,323.234180234456,86.5,79.2568486938206
-0.670670275711386,3.97723733429039,323.23361657885,87,79.2565300245898
-10.4887291643079,3.96374821998594,323.233840499939,87.5,79.2515463010286
-26.7295750962374,3.94136610733876,323.236171528169,88,79.2388457334861
-36.6947805719993,3.9274976509046,323.24037454424,88.5,79.2214101948577
-18.294062282004,3.95236066893468,323.241723041882,89,79.2127177643644
-22.5916983005041,3.94633012056413,323.243536039751,89.5,79.2019833105194
-26.2543428333849,3.94113208838797,323.245938195881,90,79.1895085497633
-12.055017202326,3.96044355550703,323.246505232036,90.5,79.1837806038587
8.55376408120007,3.98881272780611,323.245596641579,91,79.1878449280413
-15.6600046685905,3.95560260778612,323.246352108967,91.5,79.1804040710022
-27.5493990455155,3.93917016101491,323.248908495321,92,79.1673139638054
3.96618708526651,3.9823192818185,323.248259811476,92.5,79.1691984990732
12.4389368554334,3.99411397405674,323.247180273683,93,79.1751088645437
38.1804217559939,4.0296493934245,323.246985713772,93.5,79.1932503061329
10.6733467692604,3.99231845784267,323.245827956503,94,79.1983217508177
-5.69243460347415,3.96991290669842,323.245548204689,94.5,79.1956169884
-60.016736685871,3.89582420685942,323.255010390984,95,79.1671000136551
-34.6957523685324,3.92945066818526,323.259095262917,95.5,79.1506143140206
-46.1072085897799,3.91360420332693,323.26541001658,96,79.1287064567209
-40.6265948265226,3.92061177925552,323.270661912056,96.5,79.1094027150879
-29.2797888148175,3.93575172520247,323.273731135863,97,79.0954904125491
0.84837864487157,3.97699977950077,323.273214417711,97.5,79.0958935199776
13.0682400961066,3.99395725842179,323.272060049767,98,79.1021028991168
3.64663280118791,3.98118720886356,323.271144365778,98.5,79.1038355980477
-2.879656812514,3.972296348658,323.270661845422,99,79.1024673280429
26.8946448055089,4.01332093002905,323.26973013214,99.5,79.1152463285191
6.29733115352357,3.98531642616748,323.268652487941,100,79.1182385077574
-20.5275321138331,3.94850493803459,323.269955831947,100.5,79.1084848432433
-8.79140100343667,3.96445723818242,323.270078817175,101,79.1043076057888
-19.037865307543,3.95032084135659,323.271279823175,101.5,79.0952617570114
-32.3200397013973,3.93196683801858,323.274620823039,102,79.0799048781338
28.1440688771987,4.01481898301226,323.273894288104,102.5,79.0932775429221
6.885511159535,3.98593533525683,323.272778839702,103,79.0965491961089
-41.5100103709222,3.91966342849671,323.277723130446,103.5,79.0768256992517
-11.4402994086365,3.96041062320916,323.278248744277,104,79.0713898367352
9.31746831592978,3.9889455843571,323.277224256906,104.5,79.0758170352689
20.8426380203576,4.00495971920441,323.276053755011,105,79.0857204224716
14.23707960042,3.99613859980443,323.274815277017,105.5,79.0924851761357
-30.9998657246849,3.93415823845292,323.277656583287,106,79.0777555784138
4.54214791849974,3.98267827108833,323.276920599494,106.5,79.0799137816856
-26.0631615638382,3.94069705392168,323.279016206012,107,79.0675298607808
34.2558137947987,4.0233591080778,323.278609243686,107.5,79.0838065234385
18.7352197048097,4.00247314129451,323.277341845401,108,79.0927085700451
-47.868499022172,3.91144485228638,323.283534940064,108.5,79.0699638349418
8.66178545284932,3.98835909175674,323.282760652595,109,79.0740794855194
-1.20861379736498,3.97490643804413,323.282088336771,109.5,79.0735052122243
-5.24509271040827,3.96937541433001,323.281749450728,110,79.0710130044733
18.3565609868986,4.00183618399198,323.280624452005,110.5,79.0797351312495
-6.55749049624995,3.96778377911116,323.280296953079,111,79.0766193372027
2.06502590654736,3.9796067047073,323.279516269391,111.5,79.0776005350298
27.9617730582839,4.01524886131414,323.278650861037,112,79.090886581892
4.94028018979275,3.98393633599238,323.277599021907,112.5,79.0932339578605
-17.5124571103807,3.95313393135098,323.278427087942,113,79.084912907355
-19.130697103139,3.95073815013544,323.279591387624,113.5,79.0758229495155
-26.1930010402948,3.94088006568693,323.281780148616,114,79.0633773353351
-4.16960324463368,3.97087352849305,323.281504116838,114.5,79.0613961468035
10.4430366186974,3.99098778640252,323.280413603669,115,79.0663581595346
-1.28257875103626,3.97500046825177,323.279736970497,115.5,79.0657487417644
-12.3773522851353,3.95975966530559,323.280038591502,116,79.0598676382253
-16.2532566696512,3.95433512785309,323.280837312539,116.5,79.0521448972773
21.4970940373895,4.00612005934001,323.279827139954,117,79.0623592494998
-30.5467107069396,3.93489962608638,323.282507098957,117.5,79.047844968553
-18.287424639553,3.95138000485259,323.283673958169,118,79.039155691938
-26.5161984339421,3.93994830132992,323.285940955116,118.5,79.0265565103959
13.4668357830791,3.99468134118703,323.28491725072,119,79.0329552824239
-10.3150002905917,3.96214966202133,323.284948796765,119.5,79.0280541062017
29.3669605550781,4.01663865417145,323.284166401067,120,79.0420078284253
-56.4469980275466,3.89961481048247,323.292429984956,120.5,79.0151870163309
-32.8634756919953,3.9309553577858,323.296056181293,121,78.9995719236403
21.1149153439753,4.00482379246408,323.295068255789,121.5,79.0096046835145
-27.2277764887388,3.93866222631398,323.297235336692,122,78.9966673953952
-11.8102383871553,3.95956746227135,323.297633501313,122.5,78.9910557562356
-18.0897561449873,3.95087270282639,323.298666942747,123,78.9824604018793
6.66833406265818,3.98480145579699,323.297707735769,123.5,78.9856288632878
-27.2007625057328,3.93838729468751,323.299949799671,124,78.9727044108725
4.10575914725554,3.98116901180657,323.299150468088,124.5,78.9746552638575
-25.2906995267849,3.94086998895069,323.301109476344,125,78.9626383785766
-1.2081088910657,3.97374305843246,323.300592905893,125.5,78.962064345188
-5.64305805024671,3.96768798730815,323.300261286711,126,78.9593830440578
-35.2180638088549,3.9271372156917,323.303991803108,126.5,78.9426491679483
-0.210344644975962,3.97484422051301,323.303477339967,127,78.9425492226121
23.574197878505,4.00762455851772,323.302315815215,127.5,78.9537505114967
-7.81825611724983,3.96475211228567,323.302046951441,128,78.9500356641965
-10.6491250020991,3.96081937473539,323.302193294727,128.5,78.9449757284934
-29.5045073617402,3.93489573169587,323.304905404518,129,78.9309566508535
2.1768857911784,3.97813620469175,323.304205384223,129.5,78.9319909989463
-14.8676332937029,3.95477300678323,323.304763979423,130,78.9249266374604
-4.58661959536575,3.96880572577597,323.304416865995,130.5,78.9227473034548
-25.0013951169444,3.94077676781727,323.306384133739,131,78.9108678812718
-6.73261039487782,3.96564931740339,323.306282027084,131.5,78.9076688789402
-27.9361445063372,3.9365368364651,323.30874615643,132,78.894395009494
-17.0895375234977,3.95116321462177,323.309778170303,132.5,78.8862749093874
37.599255506118,4.02618144672873,323.309382889659,133,78.904140209617
-13.2935460865914,3.95674459420521,323.309606632831,133.5,78.8978237762527
1.87194832456515,3.97750542496668,323.308806203512,134,78.8987132331949
-33.706356836765,3.92876430693028,323.312192844417,134.5,78.8826976452151
-8.12648264663419,3.96350360942429,323.312261989393,135,78.8788363439649
6.49446183609084,3.98359952580023,323.311212993705,135.5,78.8819221899203
-21.4097446031575,3.94536625844462,323.312583238982,136,78.871749341814
-27.6972582571581,3.93657512358543,323.315087072663,136.5,78.8585889792579
25.939804685959,4.01003728731093,323.314098095398,137,78.8709142870964
11.2458511162089,3.99018859683499,323.312754493063,137.5,78.8762577574344
-17.5020339771933,3.95082813573117,323.313557684437,138,78.8679416594845
16.3969001019317,3.99728558217804,323.312372746533,138.5,78.8757326526628
5.35186160060964,3.98231710308161,323.311250335767,139,78.8782755916916
-31.7134320176155,3.93155473593025,323.314213655821,139.5,78.8632069426804
-25.376079388269,3.93989883936885,323.316378716286,140,78.8511494891266
-21.7419543477305,3.94465016403575,323.31797865532,140.5,78.8408187914367
40.6848399793781,4.03015169286383,323.317854111302,141,78.8601502082757
25.1246660911134,4.00935966082105,323.316563489388,141.5,78.8720882027079
-7.41422346036616,3.9649530353263,323.316203422258,142,78.8685653316747
16.8230174878562,3.99820933583595,323.314974163419,142.5,78.8765587946874
-25.4008722259287,3.94044168570257,323.316793286249,143,78.8644895608075
22.309948193384,4.00569533008881,323.31573641209,143.5,78.8750901409843
19.4327182893228,4.00201202162227,323.314407311116,144,78.8843236043028
-33.6509366775277,3.92944130855877,323.317563795929,144.5,78.8683343492322
0.110609091451799,3.97535079106629,323.31696109765,145,78.8683869051831
-8.36226075024815,3.96374013035501,323.31678769113,145.5,78.8644135738793
19.6928909135456,4.00223205419111,323.315588238265,146,78.8737706583169
9.65805973136057,3.98869032307527,323.314314561973,146.5,78.8783596889882
-30.3578862411044,3.93392824683641,323.316933152333,147,78.8639351280565
-39.8432506747816,3.92070056500052,323.321604255842,147.5,78.8450035926884
-30.9223052125806,3.9324399048774,323.324699128564,148,78.8303108478727
2.79129747245147,3.97841547248085,323.323921655935,148.5,78.8316371339043
6.00464635948237,3.98292517865661,323.322801098301,149,78.8344902438539
-15.0379132677188,3.95411944752719,323.323292887107,149.5,78.8273449737751
-6.00012024819784,3.96641760517807,323.323001469109,150,78.8244940144089
-19.1431794087941,3.94835731938488,323.324071437722,150.5,78.8153981255972
-14.2202218271403,3.95495347743561,323.324622886743,151,78.8086413819103
26.7182886166094,4.0110980853922,323.323576948598,151.5,78.8213365866778
-2.04174002363351,3.97193138804049,323.322781864665,152,78.8203664531467
11.2249517632097,3.99018229322416,323.321542992503,152.5,78.8256999931493
-5.21284749540343,3.96774274178753,323.321041032631,153,78.8232231067243
-20.7537107613705,3.94639065289284,323.322294793486,153.5,78.8133619733417
10.6269976839467,3.98930274266367,323.321173505077,154,78.8184113952413
-30.5072497034355,3.9330238810664,323.323853341721,154.5,78.803915864205
16.5590769838883,3.99731637084685,323.32272851773,155,78.8117839157891
-21.5238649869256,3.945235821035,323.323984703579,155.5,78.80155684334
36.135528142151,4.0241387298568,323.323538701385,156,78.8187266529685
-1.16845541620264,3.97340770308879,323.322648499387,156.5,78.8181714609431
-26.3241495425231,3.93892110764538,323.324665875785,157,78.8056635315032
-6.58838378533968,3.96571464830881,323.324476683148,157.5,78.8025330584987
9.31771071825579,3.98754397732705,323.323298815853,158,78.8069603722099
-0.184545207781545,3.97462057981267,323.322449377923,158.5,78.8068726854858
6.33550517879026,3.98360958345137,323.321336458461,159,78.8098830031265
-44.493246758032,3.91418448525504,323.326746669182,159.5,78.788742020391
-24.329192937209,3.94116703699034,323.328781388046,160,78.7771819953236
-46.6666596176219,3.91055303572443,323.334972622014,160.5,78.75500831466
-35.803446519732,3.92483483812046,323.339074223524,161,78.7379962937379
-14.5556386908465,3.95359249323874,323.339792439429,161.5,78.7310801766035
-50.511505963324,3.90450312158933,323.346965402051,162,78.7070796157696
-20.5987967736859,3.94476044077957,323.348606172574,162.5,78.697292089826
19.0908163296709,3.99920490639165,323.347309936983,163,78.7063630983011
-2.93984773748203,3.96920121086358,323.346576933488,163.5,78.7049662285559
-42.7108139934747,3.91482130070066,323.351833046698,164,78.6846721694111
2.86159139574526,3.97683465455255,323.351082131472,164.5,78.6860318556264
-32.0102510425417,3.92910012545923,323.35417549147,165,78.6708221729452
-0.739279166244637,3.97172595875125,323.353563470866,165.5,78.6704709041746
2.86870927770962,3.97676331613811,323.352535187587,166,78.6718339724542
9.5388420803398,3.98603789604763,323.351211772227,166.5,78.6763663568143
-0.266238837652685,3.97271948560084,323.350317550323,167,78.6762398533316
26.6053108700024,4.00966559974356,323.349083242462,167.5,78.6888813766808
16.8280176683433,3.99658686959695,323.34758331732,168,78.696877215531
5.43532177143736,3.98115170500524,323.346359613689,168.5,78.699459810691
-13.9227858340384,3.95465127192627,323.346672772218,169,78.6928443938268
-15.1327588419669,3.95286942126403,323.347238072421,169.5,78.6856540578381
-18.5909654221216,3.94800222220089,323.348249655347,170,78.6768205537075
-26.1521211275902,3.93749565823881,323.35039195344,170.5,78.6643943636328
6.56804484095635,3.98217219082351,323.349343431725,171,78.6675151725804
27.677666103121,4.01125411895613,323.348133131454,171.5,78.6806662259172
-12.6968355792201,3.95617716178188,323.348218076213,172,78.6746333197722
16.7893801793138,3.99656695847071,323.346905139727,172.5,78.6826108000052
-33.3825284665143,3.92800750041374,323.350040772839,173,78.6667490791958
5.56007446571267,3.98103996459849,323.349081748958,173.5,78.6693909506449
-20.9754377702868,3.94472258368461,323.350287794891,174,78.6594244635917
-15.489875282004,3.95205238691272,323.350946205998,174.5,78.6520644435938
38.2202661627828,4.02557290416112,323.350477564048,175,78.6702248172677
4.42508349912902,3.97973958581437,323.349213318049,175.5,78.6723273973371
39.2539597676789,4.02748103353642,323.34880389178,176,78.6909789309116
-2.16261350034495,3.97120517897785,323.347904098024,176.5,78.6899513643031
-24.4515351444431,3.94064577686304,323.349579693071,177,78.6783332082904
-24.2586344521931,3.94065542445666,323.351383503634,177.5,78.6668067091134
-16.1713593451352,3.95149035308166,323.352110854203,178,78.6591228817096
-37.7015783762355,3.9219606435265,323.356253352305,178.5,78.6412089627302
-29.1127274231105,3.93328786761117,323.358996994184,179,78.6273760394738
7.85494146362108,3.98374632063632,323.357897613817,179.5,78.63110831783
-10.9174015650416,3.95810530173017,323.35787312043,180,78.6259209104182
-11.9189441100486,3.95666910265841,323.358054776595,180.5,78.620257619694
-54.3642648140995,3.898830069322,323.366079752441,181,78.5944264190602
-14.0519111231734,3.95314171089883,323.366832950371,181.5,78.5877496482668
2.65076475137542,3.9760235125133,323.365853222725,182,78.5890091601237
8.59443167597491,3.98429466291109,323.364521451306,182.5,78.5930928075291
2.09885579251286,3.97552310355261,323.363450119512,183,78.5940900796391
18.7812907665918,3.99850383608719,323.362003734135,183.5,78.603014016928
-13.574782154861,3.95432769694751,323.362197291894,184,78.5965639541412
-9.13640487388976,3.96030988718463,323.362095671177,184.5,78.5922227879694
21.0398193799015,4.00168411299225,323.360742736355,185,78.6022198659684
-4.52357909096637,3.96686122787373,323.360059755836,185.5,78.6000704856818
4.09662131672258,3.97868399856501,323.358958686671,186,78.6020169968232
-0.512483093954513,3.97243215033811,323.358068522455,186.5,78.6017734902906
-3.45670171807487,3.96841601087671,323.357405194623,187,78.6001310371844
5.65607979452004,3.98092471759927,323.35623741468,187.5,78.6028185256012
8.37462865743568,3.98474848915655,323.354932815929,188,78.6067977335207
-25.3957333602438,3.93856556471584,323.356722644682,188.5,78.5947309413748
29.7478845925468,4.01390224951102,323.355787785268,189,78.6088656597964
-24.8161112921536,3.93947038319819,323.357386894269,189.5,78.5970742752916
-4.29698900247057,3.96733487219396,323.356927236662,190,78.5950325593699
-5.62976647897802,3.96549483965448,323.356452834635,190.5,78.5923575737348
-0.000722344868252733,3.97319799307192,323.355584544895,191,78.5923572305124
5.2023515762436,3.98037708514264,323.354421479237,191.5,78.5948291297976
-16.3208191012806,3.95093403749222,323.35498071353,192,78.5870742865351
-10.1865088376086,3.95919751848506,323.35499230626,192.5,78.5822341630745
40.5464714526718,4.0285949349837,323.354719700327,193,78.6014998340566
-12.4552372490896,3.95648924655799,323.354687366421,193.5,78.595581723448
3.32708379294081,3.97802581151317,323.353677689873,194,78.5971625885489
-24.4522686044915,3.94001333814874,323.355327344595,194.5,78.5855440840324
-38.8735209050884,3.9201303305921,323.359713862014,195,78.5670733161248
-52.2244225312427,3.90168945150009,323.367308051858,195.5,78.542258862347
47.6571576055657,4.03756941013939,323.367905375762,196,78.5649031784977
-10.8109615132212,3.95814832896226,323.367678483631,196.5,78.5597663461162
0.113320750244654,3.97306490965107,323.366803805073,197,78.5598201905128
8.48325586682952,3.98459847351199,323.365490574425,197.5,78.5638510126912
-9.1719691510802,3.96049336878925,323.365238964213,198,78.5594929481398
12.7535641991459,3.990520256525,323.363887933506,198.5,78.5655528089096
-17.1477506415257,3.94967082827425,323.364484329621,199,78.5574050488183
-8.83552710752166,3.96090791302401,323.364343306052,199.5,78.553206844829
-24.1677673248886,3.93985349172568,323.36602964974,200,78.5417235212013
-17.8809602953568,3.94823210030745,323.366952243767,200.5,78.5332273762705
-15.8812769731211,3.95082907890467,323.367593439686,201,78.5256813816136
-6.91575016401451,3.96301088618808,323.367286029002,201.5,78.5223953603525
27.5937606993928,4.01032430604343,323.366085116044,202,78.5355065460056
-28.1896408023498,3.93422011536046,323.368232567774,202.5,78.5221122277001
-30.0945650522337,3.93134799674812,323.371024249958,203,78.5078127839292
-6.82613517326284,3.96292581661264,323.37079884412,203.5,78.5045693432643
28.2682956131878,4.01104437139875,323.369604750029,204,78.5180010344324
-24.567680272187,3.93897126461752,323.371178747729,204.5,78.5063276920191
10.6935270093445,3.98709711757589,323.369933192821,205,78.5114087253525
-11.0717274629485,3.9573842570677,323.369860726128,205.5,78.506147989933
3.78988726410234,3.97770224580852,323.368781581924,206,78.5079487562753
-8.16795263660047,3.96137174326692,323.368460538852,206.5,78.504067750544
0.474842652255829,3.9731850600586,323.367547223245,207,78.5042933722066
20.4047770780703,4.00056526546283,323.366132955005,207.5,78.5139887096199
-10.0705681758687,3.95901496124338,323.365911059945,208,78.5092036754078
7.97058283969474,3.9836876159678,323.364671539559,208.5,78.5129909008068
-27.3682270403361,3.93538557649318,323.366745105422,209,78.4999868775557
-19.7800009890191,3.94548209045936,323.367923995477,209.5,78.4905884027334
-21.673527765896,3.94271975853732,323.369328752515,210,78.4802902179593
-9.70150029895178,3.958936657982,323.369312637836,210.5,78.4756805464861
41.8008051224835,4.02938494278348,323.369052424287,211,78.4955422145777
-41.9242546509027,3.91543300167373,323.373726353465,211.5,78.4756218893968
-35.6552728448013,3.92349799604016,323.377626251037,212,78.4586802732514
-18.6074634075936,3.94642638338823,323.378733489206,212.5,78.4498389300967
6.72669118583165,3.98105606577335,323.377549160031,213,78.453035119914
0.0888359977232707,3.97207620479275,323.376565050354,213.5,78.4530773303713
-13.474983656318,3.95351909428293,323.376805508947,214,78.4466746868784
-33.0047097820369,3.92673277214824,323.380036784788,214.5,78.4309924867574
15.33573491426,3.99266976506349,323.378741200122,215,78.4382792669023
-37.2154566870718,3.9209394918101,323.382626668948,215.5,78.4205963288242
4.52309089812122,3.97771341900143,323.38165436264,216,78.4227454771457
-39.1320296074356,3.91810023120243,323.386004152249,216.5,78.4041518787322
-21.3882646285293,3.94191832615923,323.387546016958,217,78.3939892368438
32.101758543193,4.01509930324347,323.386512494422,217.5,78.409242399348
14.449229960561,3.99134532541364,323.384875633478,218,78.4161079563346
21.5586088567952,4.00127968188572,323.383344892,218.5,78.4263515373464
41.2419563629873,4.02837161942195,323.382881281928,219,78.4459476682421
0.0424298584352645,3.97250258059346,323.381748017753,219.5,78.4459678288051
-20.933480896291,3.94377796437165,323.382850189313,220,78.4360212775761
-11.0929540879386,3.9570340132297,323.382907743085,220.5,78.430750456318
-39.644955611114,3.91799101208494,323.387333339446,221,78.4119131409231
-5.7619347315494,3.96386411679149,323.387036071504,221.5,78.4091753554937
-26.0779621461059,3.93603903455149,323.388993983914,222,78.3967844020866
-6.88172360198676,3.96209075370148,323.38870302666,222.5,78.3935145485591
14.6631566532159,3.99163875165669,323.387229639313,223,78.4004817528933
-10.482620895822,3.95734905457081,323.387046589177,223.5,78.3955009316782
-27.4115421903638,3.93411908133637,323.389245641793,224,78.3824763272174
-37.439052749861,3.92021491746698,323.393414612368,224.5,78.364687147387
-13.2345984464212,3.95291428980378,323.393863445672,225,78.3583987230158
-24.8351449167192,3.93696412809639,323.395723397878,225.5,78.3465982946773
20.7991859272501,3.99934666915494,323.394322813697,226,78.3564810356018
-42.9300311448399,3.91245700447192,323.399398185289,226.5,78.336082815346
-8.23024625892773,3.95940518039259,323.399359724786,227,78.3321722107769
6.0133587131935,3.97894602399418,323.398087125255,227.5,78.3350294604046
-15.4768486094043,3.94958996851693,323.398520479909,228,78.327675630035
-4.65532863809478,3.96432609176054,323.397965556182,228.5,78.3254636489022
-18.9791470624209,3.94470177525728,323.398910281059,229,78.3164457001209
-20.2217896186725,3.94285695650226,323.400122198304,229.5,78.306837309267
-40.6808760140439,3.91482121607013,323.404999738004,230,78.2875077759076
-16.996660278177,3.94675181777815,323.405960269007,230.5,78.2794318064587
39.8961070412776,4.02458148325897,323.405308133466,231,78.298388456549
-32.0445222712498,3.92661993170344,323.408129477322,231.5,78.2831624898807
-0.815498773818329,3.96907635440842,323.407376103213,232,78.2827750053352
-8.95131444625681,3.957969094786,323.407115633362,232.5,78.2785217849487
-4.08950653228626,3.96460678575598,323.406461138037,233,78.2765786543998
-2.55295522374884,3.96673367282666,323.405658332703,233.5,78.2753656167764
-20.7008855930869,3.94189042439125,323.406824767273,234,78.2655295832921
-26.8691665591851,3.9332940788824,323.40906438753,234.5,78.2527626888141
-11.8926190080296,3.95356364824438,323.409286428696,235,78.2471119064719
-12.4612719411199,3.95272955689231,323.409476762378,235.5,78.2411909284772
5.06498801254264,3.97672151518169,323.408247336652,236,78.243597559414
-7.31529878696775,3.95985158123251,323.407803534381,236.5,78.2401216924763
-27.6727083284566,3.93196831424392,323.41010109904,237,78.2269729948279
-11.306879198675,3.95412466071264,323.410267109454,237.5,78.2216005269738
-21.1155008415737,3.94063902683328,323.411580637466,238,78.2115674889002
22.0257318769403,3.99964522989931,323.410094062628,238.5,78.2220330235886
30.2870953842162,4.01122506190178,323.408658420611,239,78.2364239482183
9.8712749925551,3.98365562358826,323.407048077237,239.5,78.2411142882002
12.0278701581999,3.98674924292092,323.405474212366,240,78.2468293351767
-24.1064991005918,3.93741010037582,323.407018083072,240.5,78.2353751231685
-4.14628052740755,3.96450157701917,323.40644792983,241,78.2334050164347
-7.34547548811577,3.96011290866022,323.406034970779,241.5,78.2299148110262
11.5883396967239,3.98604162097566,323.40455575457,242,78.2354210149405
3.05292607827766,3.97450243886586,323.403308531247,242.5,78.2368716139014
-3.88589951868103,3.9650542122237,323.402560880886,243,78.2350252273007
-9.59598739179969,3.95721931258023,323.402360789077,243.5,78.2304656903246
-15.4325199255559,3.94915862772564,323.402843262423,244,78.2231329227456
16.6567765492077,3.99301620047991,323.401355745544,244.5,78.2310473963144
-27.7066340341438,3.93249139118686,323.403457645126,245,78.2178825788544
-11.8743075756386,3.95386512719707,323.40365193542,245.5,78.2122404971961
-12.5536150447213,3.95285530564779,323.403824146397,246,78.2062756423413
12.1863628197303,3.98669315954902,323.402364781979,246.5,78.2120659971649
0.327118880128387,3.97061034217313,323.401279122651,247,78.2122214278224
-16.1830900840112,3.94803035302351,323.401801249489,247.5,78.2045320265536
-13.6238636488913,3.95139896001186,323.402120150744,248,78.1980586426767
-17.7251760641945,3.94568544979177,323.402934642345,248.5,78.1896365186813
-11.2583303271157,3.95440018710766,323.403011772188,249,78.1842871188416
-5.05841684934477,3.96283478251889,323.402455392873,249.5,78.1818836101954
-4.74598827849037,3.96326498346323,323.401837328155,250,78.1796285521008
21.3203868883453,3.99899171759435,323.400303014577,250.5,78.1897589418556
1.58918517106605,3.97223075453973,323.399106533648,251,78.1905140437804
-23.489666972594,3.9379458531569,323.40062781106,251.5,78.1793529197871
30.0008572416582,4.01095313903143,323.399474280713,252,78.193607838257
-3.73927543664878,3.96512751352534,323.39860564069,252.5,78.1918311201433
18.9961721668375,3.99626241491705,323.397081267952,253,78.2008571584094
-24.479902249403,3.93697526683239,323.398634264861,253.5,78.1892255237563
-12.3007125346401,3.95337816303078,323.398843662608,254,78.1833808356232
23.1991434305992,4.00190801793682,323.397416981652,254.5,78.1944039172475
-2.01683575609296,3.96765772232347,323.396445816647,255,78.1934456169884
14.949406496578,3.99090544647445,323.394928736626,255.5,78.200548833042
-16.3141333378682,3.9482698877827,323.395367273658,256,78.1927971665224
-5.5455690576455,3.9628560077839,323.394868832351,256.5,78.1901621873234
-5.72814561982509,3.96257630497032,323.394325320991,257,78.1874404568029
6.07391582826204,3.97872156918748,323.393046480219,257.5,78.1903264801664
-2.53051760799909,3.96702490142753,323.392194708807,258,78.1891241037844
-8.17402358227822,3.95929357248713,323.391854501254,258.5,78.1852402134409
-35.1367008970239,3.92243383266881,323.395393048916,259,78.1685449969492
-8.25213954060014,3.95878637555124,323.395277645091,259.5,78.1646239897791
-2.83486103416924,3.96617292668212,323.394528790842,260,78.163277004505
14.2259085997973,3.98957212386955,323.39301432103,260.5,78.170036450264
-63.8844725155664,3.88359009841828,323.403429230331,261,78.1396817194021
8.85798395280905,3.98177497874969,323.402435451124,261.5,78.1438905937698
2.57276039384272,3.97331485880523,323.401229460358,262,78.1451130418273
8.13847430638731,3.98102290013928,323.399806456926,262.5,78.1489800409191
-21.9340923937613,3.93996990149284,323.401051924882,263,78.1385580487651
-10.5830466047393,3.9553003847975,323.401068996659,263.5,78.1335295102371
12.2472090440536,3.98652902668045,323.399604570006,264,78.1393487761668
-11.6714527186403,3.95392780651856,323.399540866585,264.5,78.1338030810691
-41.7486342432055,3.91285970009126,323.404493607463,265,78.1139662019903
7.12758989893361,3.97921328310108,323.403378021758,265.5,78.1173528789801
25.0337863181123,4.00385363517177,323.40185868775,266,78.1292476918544
-56.1840094169253,3.89349307082957,323.410085111645,266.5,78.102551838896
-44.0355099497026,3.90924019406637,323.415930533799,267,78.0816283499752
-38.5926586934172,3.91618799273467,323.420550909695,267.5,78.0632910338519
-13.3656415987757,3.95027039895513,323.42102331706,268,78.0569403442782
-12.0336569732402,3.95204397634602,323.421164702304,268.5,78.0512225476944
-28.9489177180957,3.92887166213449,323.423734146309,269,78.0374674586801
-4.79625952932725,3.96169777735824,323.423255810876,269.5,78.035188514182
27.9347306420403,4.00657311344512,323.421761906648,270,78.04846171183
-16.4123741963649,3.9461958298308,323.422193337161,270.5,78.0406633661301
-8.61380857805661,3.95675833501387,323.421965941519,271,78.0365705117824
30.7232009635866,4.01058599335592,323.420634271171,271.5,78.0511686521403
35.9737076670455,4.01809740048982,323.419470197469,272,78.0682615727099
-25.1283412548497,3.93497265806925,323.421044599534,272.5,78.0563218320222
16.8425115130504,3.99217116795405,323.419560414503,273,78.0643245576281
-24.8194391281439,3.93536632258095,323.421163087735,273.5,78.0525315919009
-9.77777385485086,3.95568862147602,323.421075231731,274,78.0478856790193
15.7055118581613,3.99053977532083,323.419498107075,274.5,78.0553481588165
20.081959557914,3.99672923300687,323.417813654508,275,78.064890109365
0.311496427887251,3.96990700050465,323.416648534448,275.5,78.0650381170085
17.2111518982216,3.99306950088438,323.415045709,276,78.0732160022305
4.08072029416941,3.9753008252014,323.413690117369,276.5,78.0751549579951
-23.7457717760322,3.93729985310587,323.415153196834,277,78.0638721457093
35.1400327123157,4.01754834537999,323.414280027281,277.5,78.0805689453143
-22.0282694786791,3.93981553503002,323.415345408117,278,78.0701022048834
-41.0790561304015,3.91369920353288,323.42011373317,278.5,78.0505834760937
-15.8195681475468,3.94765234736262,323.420809653354,279,78.0430668024082
-18.1518880734187,3.94434221411751,323.421635538254,279.5,78.034441926043
-18.5800032087599,3.94361292110635,323.422541865346,280,78.025613630612
-22.8111311959014,3.93768835897255,323.424061822068,280.5,78.0147749131453
-43.4363632396306,3.90946834709836,323.42950085959,281,77.9941361090064
-49.3695786503094,3.90104367527948,323.436560759268,281.5,77.9706781353598
-23.9422511527053,3.93509377527258,323.438560887444,282,77.9593019658251
4.82892611876424,3.97435455247297,323.437341664581,282.5,77.9615964318654
4.74503994278183,3.97438157305511,323.435955864615,283,77.963851039358
11.1647457421259,3.98330672696492,323.434320788092,283.5,77.9691559724473
1.05325144557469,3.96963109630896,323.433117818357,284,77.9696564252632
24.5862780166835,4.00190810962758,323.431498440336,284.5,77.9813386044017
-3.51729378696648,3.96374641876517,323.430561217073,285,77.9796673609514
11.4268155442397,3.98421744731672,323.428989182522,285.5,77.9850968166047
-0.60498890985659,3.96789573309099,323.427896310427,286,77.9848093558992
18.3269602079556,3.9938382806087,323.426249335089,286.5,77.9935174178543
6.91476944592966,3.97844587276659,323.424733212676,287,77.9968029731268
8.92974193274146,3.98129968234705,323.423202914794,287.5,78.0010459433253
-14.5884769972573,3.9492244369377,323.423409041971,288,77.9941142230575
4.37864769830051,3.9750505320545,323.422176736996,288.5,77.9961947391389
-17.9053183206714,3.94463063453613,323.422822653688,289,77.9876870204833
5.64233325927985,3.97669380583956,323.4215532974,289.5,77.9903679772288
-27.9984045026902,3.93079599944845,323.423697380609,290,77.9770645249222
-22.5197027876723,3.93798902621992,323.425205679292,290.5,77.9663642797719
-33.5251385467983,3.92280336989906,323.428550418883,291,77.9504347977299
-13.4811158380537,3.94983549297092,323.428932838769,291.5,77.9440292405285
-2.93750206495261,3.96419726888685,323.428154612051,292,77.9426334853304
15.0236157570835,3.98883170806953,323.426513697387,292.5,77.9497719619418
-41.2368552211521,3.91221877856549,323.431202742458,293,77.9301782548555
5.65651459617958,3.97582976879972,323.430073197162,293.5,77.9328659498684
-5.66843500110022,3.96043450941105,323.429408023944,294,77.9301725908706
-10.017231574637,3.95447263963511,323.429219768513,294.5,77.9254128995645
-9.42642127849753,3.95522772641083,323.428998610003,295,77.9209339319901
-25.9512719250759,3.93259726670519,323.430958363097,295.5,77.9086031754887
0.865588578423822,3.96906132511482,323.429987400667,296,77.9090144602235
-2.30296398468681,3.96479123835893,323.42907684406,296.5,77.9079202060302
36.3601987115813,4.01765098157485,323.428020758272,297,77.9251967679633
-38.8508986546891,3.91541099593046,323.43208867427,297.5,77.9067367490264
-2.24048602099308,3.96496375181982,323.431416272495,298,77.9056721812607
7.73978708972328,3.97866303306745,323.429943657621,298.5,77.9093497439733
-21.019707096107,3.93943298513975,323.431027499018,299,77.8993622223335
-57.8324298462633,3.88943566169906,323.440033664883,299.5,77.8718831217954
-34.0276027465365,3.92094481525743,323.443831945349,300,77.8557148937021
-43.0031695257562,3.90848212076397,323.449360073406,300.5,77.8352819217174
6.09893863245194,3.97516046558604,323.448186493241,301,77.8381798346757
24.102584117896,3.99995560988999,323.446438125648,301.5,77.8496321864784
-46.8013311309489,3.90350682238689,323.452435044877,302,77.8273945165951
-32.1572956405271,3.92288458108104,323.455806279709,302.5,77.8121149656185
-28.174401073035,3.92804024683558,323.458369015653,303,77.7987278884761
15.2601412977501,3.98730036083809,323.456764644962,303.5,77.805978750286
-15.8526966070798,3.94492198126145,323.457150760148,304,77.7984463356006
-5.36707344808206,3.95918793140933,323.456557550055,304.5,77.7958961686568
12.2009451873241,3.9832816091312,323.45488148371,305,77.8016934522977
-3.22283416908648,3.96234741495704,323.453942094038,305.5,77.8001621214443
-43.4510006530244,3.9075322082097,323.459312492291,306,77.7795163623331
6.695318703488,3.97556402161503,323.458082845797,306.5,77.7826976455037
5.03953782088572,3.97344118019499,323.456614881394,307,77.7850921837725
-2.07816026420559,3.96380665635607,323.455614684162,307.5,77.7841047451505
-46.8163322238005,3.90289984234055,323.461758618645,308,77.7618599474925
-15.3389995877855,3.94524006912772,323.462471974883,308.5,77.7545716161368
-15.165039270936,3.9453933146634,323.462938651086,309,77.7473659420903
-3.64837247052119,3.96108315831553,323.462183038196,309.5,77.7456324165548
-25.043529509706,3.93185440528919,323.464008881073,310,77.7337329741994
-1.03685593466753,3.96450760229452,323.463108602424,310.5,77.7332403117167
-25.3282419005931,3.93134054865461,323.464970739657,311,77.7212055881629
-40.3959233963883,3.91065382999111,323.469899516477,311.5,77.7020114501458
0.8967987959639,3.96668082903015,323.468969101601,312,77.702437564427
19.3294689251913,3.99202475927167,323.467113297433,312.5,77.7116219687717
48.8947725463501,4.03246654447771,323.466800049783,313,77.7348543381216
1.12760258063932,3.96795910340535,323.465378050911,313.5,77.7353901189069
23.996167360758,3.99927243099462,323.463630615423,314,77.7467919067479
-5.59357552415307,3.95909411594352,323.462801180961,314.5,77.7441341172584
2.38964576914254,3.96998669228966,323.461527444721,315,77.7452695583338
-9.31781785979524,3.95402167005543,323.461155000479,315.5,77.7408421937143
-28.8902226622786,3.927243837266,323.463555432164,316,77.7271149936776
-15.3059606160516,3.94549358968049,323.464074032173,316.5,77.7198423608016
8.46216864836483,3.97791272425315,323.462557177851,317,77.7238631633803
-23.9316759579682,3.93375501961893,323.464062527353,317.5,77.7124920186534
7.77777635351146,3.97691270111342,323.462628059561,318,77.7161876319788
-39.3704611201309,3.91270967649776,323.466988801374,318.5,77.6974807427433
-21.9024767120907,3.93607239517717,323.468519598393,319,77.6870737727923
-33.3181407359097,3.92035626568465,323.471901310462,319.5,77.6712426458371
-14.8562798685153,3.94524214025264,323.472437287762,320,77.6641836789354
11.4647788812771,3.98120950127919,323.470787410572,320.5,77.6696311728824
-22.2689894193696,3.93524341796023,323.472064094424,321,77.6590500542823
-37.8396956916031,3.9138843888757,323.476377078747,321.5,77.6410705088092
-47.0040574816544,3.90114733450593,323.482932413512,322,77.6187365134251
-14.8209190301903,3.94448767026885,323.483600475901,322.5,77.6116943482389
3.12392927261889,3.9690164202012,323.48231073248,323,77.613178684394
13.9848384385372,3.98401547948528,323.480460462373,323.5,77.6198235855763
10.7552929473537,3.97981920389092,323.478654321773,324,77.624933967018
-49.6737818028288,3.89765691462617,323.485477515505,324.5,77.6013314511304
-0.771936477642071,3.96374538782397,323.484698472465,325,77.6009646652261
24.4791674542921,3.99836010379086,323.482843920911,325.5,77.6125959507411
-7.78956280940309,3.95454289173431,323.482211256371,326,77.6088947370767
-29.0386502197616,3.92550137718874,323.484694805888,326.5,77.595097011631
-0.980578630773746,3.96358636587273,323.483765969348,327,77.5946310893301
2.43088677046208,3.96831669637893,323.48242334704,327.5,77.5957861260826
34.7767586302479,4.01255702972338,323.480964960537,328,77.6123103158725
9.55014442200617,3.97856671315938,323.479126348527,328.5,77.6168480705445
-13.1691009922456,3.94762559800089,323.479121432369,329,77.610590767313
7.3203200909728,3.97554690374059,323.477598023337,329.5,77.6140690201252
-15.596382108838,3.94432225720402,323.4779036953,330,77.6066583933689
30.2672179888444,4.00685109003626,323.476382430076,330.5,77.6210398732468
-6.3476011982018,3.95720153207972,323.47556878975,331,77.618023808178
-16.6128453484176,3.94313350645568,323.476066400463,331.5,77.6101302085357
6.89528886389363,3.97513282298376,323.474590148617,332,77.6134065076024
37.1003065205476,4.01640539131453,323.473359534126,332.5,77.631034732036
-14.9631277452186,3.94578954328892,323.473429455289,333,77.623924996326
35.5417194230734,4.01456227527741,323.472251793953,333.5,77.6408126575209
-38.6708181725151,3.91383015733967,323.476197126153,334,77.6224382038921
-13.8875989629487,3.94711356572848,323.476550986823,334.5,77.6158395060827
-28.6702157209825,3.92685152556129,323.478903826847,335,77.602216842426
-9.35756868064946,3.95292276736596,323.478698556771,335.5,77.5977705901892
-38.7714152899415,3.91282723124152,323.482998659102,336,77.5793483378026
-50.3954938372613,3.89677233535672,323.490256974426,336.5,77.5554029001736
-5.03981355152141,3.95795182445714,323.489816433874,337,77.5530082308912
-12.890664148578,3.94724319111005,323.489876566786,337.5,77.5468832270295
-24.174448377685,3.93177565462924,323.491564706877,338,77.535396728897
-41.4501771014436,3.90812687628844,323.496666144346,338.5,77.51570166184
-56.2581356577963,3.88781793095518,323.505666245584,339,77.4889705877708
8.36940397179256,3.97524611908347,323.50435108137,339.5,77.4929473131789
0.919667691768703,3.96523897491459,323.503020619524,340,77.4933842936245
-21.1323852546436,3.9351716800043,323.504174676649,340.5,77.4833432329158
-13.4852395306533,3.94547695838122,323.504418566067,341,77.4769357163402
-18.1782299083882,3.93900454166049,323.505235344211,341.5,77.4682983236423
19.1834342014686,3.99001967623912,323.503367473939,342,77.4774133395337
-13.4074979844188,3.94571262808674,323.503356650228,342.5,77.4710427618828
-0.242764349067478,3.96365230864257,323.502225155193,343,77.4709274123121
3.19386352411643,3.96842381047815,323.50078411293,343.5,77.4724449777528
-36.9168763306431,3.91379433009734,323.504713528625,344,77.454903910242
-16.7570785377343,3.94089456660352,323.50548306321,344.5,77.4469417781461
3.25899241610941,3.96818140098053,323.504132448373,345,77.448490289604
-10.6415476478984,3.94926863943183,323.503876645855,345.5,77.4434339542836
-2.56372969011281,3.96027815917892,323.502910583726,346,77.4422157971684
-25.8711802891254,3.92847733593435,323.504822574324,346.5,77.4299230962376
-6.48408545780795,3.95474600330507,323.504314555632,347,77.4268421806221
-13.8032102771907,3.94474149026594,323.504495469417,347.5,77.4202835801282
-18.9335383424504,3.93765734136033,323.505413196188,348,77.411287302347
-15.4181614964759,3.94233007247594,323.505888756487,348.5,77.403961357181
-45.1272258990702,3.90186306977491,323.511847722869,349,77.382519139021
-34.0970395489836,3.91637238588478,323.515661886047,349.5,77.3663179180053
-55.137412535955,3.88769412481172,323.524447973263,350,77.340119355944
-16.1632935592293,3.94005319312103,323.525368055824,350.5,77.3324393610013
2.81177329719456,3.96599121748937,323.524022025908,351,77.3337753761286
4.5727972037373,3.96854358884547,323.522445377369,351.5,77.3359481424197
-22.4482522872669,3.93172011514624,323.523822965339,352,77.3252818470013
12.6082710637545,3.9795345299078,323.52202972832,352.5,77.3312726716838
-8.36339265379554,3.95105012492958,323.521477291673,353,77.3272988025556
-10.1039942823107,3.9486572587014,323.521230553864,353.5,77.3224978859166
-28.7919728731192,3.92311879148472,323.523752781704,354,77.3088173693039
-30.6661173551048,3.92033299133249,323.526774586577,354.5,77.2942463522438
-10.1385738009031,3.94810848198477,323.526700395747,355,77.2894290051337
-19.8268077788038,3.93485179004942,323.527770287276,355.5,77.2800082900479
-4.37305895687966,3.95586964220254,323.52701525249,356,77.2779304294591
29.8998427526228,4.00274997733994,323.525108022993,356.5,77.2921373508569
24.6094394854879,3.99592978545945,323.522954030724,357,77.3038305351759
5.10118521453533,3.96960432884417,323.521235539571,357.5,77.3062543652267
10.1293954305306,3.97657896693995,323.519378313295,358,77.3110673512307
-26.9813992366667,3.92605213371261,323.521374442748,358.5,77.2982471293543
-8.44263273062083,3.95109324875344,323.521037005344,359,77.2942356092742
8.13885692651566,3.97373707500202,323.519333285521,359.5,77.298102790168
6.15718874826027,3.97116956180766,323.517639010978,360,77.3010283806904
-42.6810680137475,3.90476488850809,323.522799895567,360.5,77.2807484553589
3.53096209002349,3.96729013914475,323.52157561699,361,77.2824261933085
-45.289930245066,3.9009297907726,323.527405829708,361.5,77.260906666118
-27.1020501317709,3.92512786230795,323.529859876492,362,77.248029116924
-8.40271743907291,3.95044202960072,323.529536444088,362.5,77.2440365626094
-34.5636439927445,3.9147745918172,323.533149830577,363,77.2276136343188
-6.96357385088774,3.95212048465838,323.532734306649,363.5,77.2243048896151
-22.0959590924166,3.93146283187802,323.534105934586,364,77.2138059864392
-2.44692311016497,3.95817024330563,323.533169846593,364.5,77.2126433300139
-9.6821734500135,3.94833478311673,323.532828674818,365,77.2080428417002
2.54148715419479,3.96503791698329,323.531423989766,365.5,77.2092504302662
-12.5039339565332,3.94456547751735,323.531379088887,366,77.203309181399
-26.6341438979673,3.9252277158164,323.533524996775,366.5,77.1906539580258
17.8493532321889,3.98580129410382,323.531616367981,367,77.1991350848487
4.74573863638055,3.96815915935525,323.529924890325,367.5,77.2013900243258
4.39044405978956,3.96778712445897,323.528321024682,368,77.2034761454528
-1.52287661170586,3.95980651360676,323.527136159983,368.5,77.2027525500647
-38.5343754394098,3.90942847314353,323.531473143469,369,77.1844429272512
-13.1280261511,3.94362549932853,323.531772641734,369.5,77.1782051407458
-34.3013924910536,3.91472242251303,323.535355632064,370,77.1619068213536
-31.4487202371732,3.9182922613372,323.538560514251,370.5,77.1469639502433
-32.7552607993109,3.91626067495851,323.542026054464,371,77.1314002758992
17.7927959907886,3.985049676978,323.540126604624,371.5,77.1398545295279
-27.7869619269542,3.92305917870861,323.542324846254,372,77.1266515442397
-20.544824358577,3.93270572427788,323.543605558772,372.5,77.1168896633091
-10.2745490327112,3.94660514113119,323.543450094824,373,77.1120077075171
10.9075320092229,3.97556368431145,323.541577083129,373.5,77.1171904254057
-18.2885056272961,3.93584855682999,323.542263111534,374,77.108500635159
8.40682638840408,3.97222473994759,323.540551897483,374.5,77.1124951418423
-6.20965864309123,3.95240253114029,323.539763448501,375,77.1095446202299
14.568043502629,3.9808078893911,323.537765761141,375.5,77.1164666315152
24.0145124024703,3.99390021493702,323.535618866605,376,77.1278771360095
-16.9717490635771,3.93824947464673,323.536006190733,376.5,77.1198130031335
-6.16054379621828,3.95287153717871,323.535347196529,377,77.1168858184588
15.164815980296,3.98199311243262,323.533358272159,377.5,77.1240913864087
-37.2957610760164,3.91070047867034,323.537314453378,378,77.1063702916703
-40.5170219345039,3.90597500016224,323.542355218773,378.5,77.0871186136378
45.272634767117,4.02237305748582,323.54155997196,379,77.1086299228755
-0.777080939656258,3.96027361261857,323.540112592181,379.5,77.1082606925781
8.30292770114374,3.97271660029497,323.538305310705,380,77.1122058317616
-17.2090045007916,3.93801548311028,323.538773601296,380.5,77.1040289668763
-8.60437283933842,3.94961548632557,323.538348325922,381,77.0999405959234
-14.1333634648719,3.94202807889546,323.53851856239,381.5,77.0932251230196
12.3524513333996,3.97810706802535,323.536639444382,382,77.0990943948622
-14.6846622892486,3.94137097465287,323.536759529991,382.5,77.0921169721171
22.8044304317367,3.99243022206245,323.534778760113,383,77.1029525057133
-14.3810853718073,3.94197570630438,323.534800675898,383.5,77.0961193276533
-2.89046595868071,3.95754701659055,323.533809219435,384,77.0947459216787
-19.1032524290277,3.93543951692144,323.534608496976,384.5,77.0856690041862
-22.1681703985043,3.93110594151005,323.535982529309,385,77.0751357897813
17.7773058227407,3.9854472455935,323.534050692128,385.5,77.0835826832509
-7.33848961556944,3.95140346239248,323.533301191508,386,77.0800957971823
-2.80908710453539,3.9575592709246,323.532263769601,386.5,77.0787610584005
-2.50200331544618,3.95799866272222,323.531175842428,387,77.0775722305951
14.7672735714203,3.9815966105467,323.529192944944,387.5,77.0845889061217
-8.10642265903014,3.95057288397199,323.528534568182,388,77.080737136382
4.61760107047417,3.96789904674677,323.52698294529,388.5,77.0829311912471
20.7232946408687,3.98995003916669,323.52493319501,389,77.0927778723986
19.2246630638547,3.98815868157847,323.522829034451,389.5,77.1019124781993
20.0106991468526,3.98945142023314,323.520750774512,390,77.111420569337
3.451409580295,3.96710636979777,323.519142501656,390.5,77.113060507882
34.9656779177035,4.01001614299042,323.517614775288,391,77.1296744627415
1.86220591186505,3.96536594735326,323.516052764226,391.5,77.1305592905728
-7.26774345012955,3.95293272004301,323.515357002576,392,77.127106019571
7.57602314359869,3.97310824137481,323.513692485491,392.5,77.1307057697837
8.31141700228833,3.97420311844937,323.511923907049,393,77.1346549426617
-17.2360238464834,3.93947119538569,323.512333352797,393.5,77.1264652395243
-33.4860175733368,3.91723140397808,323.515536506733,394,77.1105543458274
-4.9507597546459,3.9557093895633,323.514865107322,394.5,77.1082019904898
-25.1269612951034,3.92820983031271,323.516550380314,395,77.0962629054906
-17.1012527512061,3.93889723894191,323.517189694567,395.5,77.0881372388893
-57.0127889623785,3.88485321491907,323.526028358763,396,77.0610475910218
-47.4585352892646,3.89705990118762,323.532785345598,396.5,77.0384976503385
-26.4861132290506,3.92498727448715,323.535117514857,397,77.0259127637927
8.63769163040227,3.97274055115596,323.533463442683,397.5,77.0300169661815
-0.420619584516432,3.96054584790176,323.532146012515,398,77.0298171086296
-37.0077816627557,3.91079543658721,323.536113981653,398.5,77.0122328474166
-25.7123738481125,3.92578483477101,323.53822264631,399,77.0000156034253
-6.84026813584175,3.95133266801411,323.53769021151,399.5,76.9967654474779
-2.7576318759227,3.9569264967392,323.536647492675,400,76.9954551576671
-55.2693718982024,3.88576643581093,323.545099754678,400.5,76.9691938950657
-18.8923102646429,3.93442831368112,323.546314323368,401,76.9602172068211
-21.0454789859575,3.93139025132543,323.54757365774,401.5,76.9502174396582
9.638459987404,3.97318112934957,323.545803910579,402,76.9547971575039
-2.26000460937134,3.95711561527476,323.544616609187,402.5,76.9537233154737
-8.59139463315782,3.94852145011903,323.544105384984,403,76.9496411111202
-13.2839673222405,3.94209876539274,323.54418115222,403.5,76.9433292291094
-6.30116928495268,3.95156843991716,323.543500391102,404,76.9403352261814
-34.4926569794494,3.91318564938908,323.547043871706,404.5,76.9239460273966
-7.51901343151428,3.94962043403812,323.546643632306,405,76.9203733653697
-31.6336023813394,3.9167686203289,323.549658110217,405.5,76.9053426474398
-14.0255287520679,3.94048475221882,323.55001079247,406,76.8986784122399
-18.8105506654727,3.93389857978528,323.550905122032,406.5,76.8897405720992
-20.5903437665622,3.93136079920378,323.552104858493,407,76.879957062605
-17.589060786995,3.93532449610123,323.55287596807,407.5,76.8715996138341
29.767978983825,3.99986009734565,323.550922080148,408,76.8857438801132
-5.67740791184598,3.95190964709378,323.549949030623,408.5,76.8830462576336
17.1456422032644,3.98307913656274,323.54786149456,409,76.8911930158996
-16.1352030093942,3.93789652958052,323.548151312834,409.5,76.8835263681921
-12.292004992316,3.94302129504329,323.548140854077,410,76.877685817451
6.34098972957039,3.96839924949116,323.546468945451,410.5,76.880698741078
-13.4580465167821,3.94149777629856,323.546466906674,411,76.8743041452732
-6.40763274823232,3.95103565028365,323.545787425112,411.5,76.871259556191
-28.1892560886863,3.92135148158878,323.548114277012,412,76.8578654206824
-17.5444382509869,3.9355949296671,323.548896586369,412.5,76.8495291743261
-12.8888407981025,3.94183162308412,323.548989083879,413,76.84340503683
-4.35625187655809,3.95342252131121,323.548116908415,413.5,76.8413351621317
-30.657288491873,3.91761359860299,323.550919714487,414,76.8267683401092
-20.2332082242295,3.93152949609389,323.552139194898,414.5,76.8171545237007
20.5834390446408,3.98711255718525,323.550088713071,415,76.8269347524137
7.43181216816591,3.96946954136733,323.548180136832,415.5,76.8304659807279
-41.2492860525019,3.90335806355713,323.553082660954,416,76.8108663671275
46.0878526765285,4.02171337804647,323.55229303869,416.5,76.8327650274579
-1.15725509497473,3.95806914576858,323.550841915064,417,76.8322151572693
39.3143962995962,4.01314053577778,323.549347742259,417.5,76.8508954072844
26.0522196008571,3.99562297233779,323.547142765234,418,76.8632741291115
-32.001392584585,3.91690033458405,323.549868681236,418.5,76.8480686555299
4.20586689904729,3.96585890630722,323.548440594187,419,76.8500670747503
34.1816163295537,4.00669963554129,323.546672945232,419.5,76.8663084824548
-36.0309772416284,3.91161340332405,323.550138592728,420,76.8491883502255
-13.5303971103869,3.94178452884088,323.550356234435,420.5,76.8427593770092
-25.1317324660841,3.92589472272422,323.552107411027,421,76.8308180249863
-2.30474147039716,3.95677097034683,323.551092542519,421.5,76.82972292622
-45.3698014145761,3.89833486683901,323.556899654067,422,76.8081654482136
-39.6535024934289,3.90558452273664,323.561766830376,422.5,76.7893240717645
22.1917694235275,3.98944107062816,323.559840953699,423,76.7998684992548
0.139300341636041,3.95968509709058,323.558351751515,423.5,76.799934687864
-2.01783656645048,3.95680461951294,323.557144191685,424,76.7989759120694
0.701023779705579,3.96055201343902,323.555737120649,424.5,76.7993090037789
27.6573810140339,3.99732442733025,323.553679833768,425,76.8124504186481
-22.3344621759525,3.92956797776428,323.554746980717,425.5,76.8018381906433
-17.1606718170348,3.93640126024306,323.55534551228,426,76.7936842910508
0.321151201343396,3.96010614749614,323.554060360021,426.5,76.7938368861634
-40.2927823934533,3.90495664836941,323.558678798841,427,76.7746917556321
-17.7861495437505,3.93509121388328,323.559528768804,427.5,76.7662406600652
-11.5665354905692,3.9434493193151,323.559408257629,428,76.7607448164276
-11.3142023210753,3.94374283009512,323.559218652734,428.5,76.7553688689891
2.87514502171541,3.96305954587945,323.55771485625,429,76.7567349952149
-26.653608524602,3.92291368251258,323.559672727879,429.5,76.7440705232171
11.301433587963,3.97443761928758,323.557837267162,430,76.7494404035873
-3.06465608644955,3.95502324855463,323.556664355831,430.5,76.7479842311086
-4.9406329353644,3.95249015468789,323.555740062822,431,76.7456366875329
-12.6621563696732,3.94196367103212,323.555665285506,431.5,76.7396202592273
-19.7498678314139,3.932230522082,323.556604640396,432,76.7302361021861
-33.078197343252,3.9139772743456,323.559911232445,432.5,76.7145189844231
-4.92861309833871,3.95200277889446,323.559198732404,433,76.7121771520774
6.16137233900441,3.96716733040453,323.557457823667,433.5,76.7151047304345
-11.2805811676456,3.94350159089449,323.5571659691,434,76.7097447580996
19.0226039098765,3.98477517142712,323.555067921018,434.5,76.7187833554182
-19.3143405958069,3.93277059607567,323.55576027581,435,76.7096061393049
-2.84500634288264,3.95506661555427,323.554752494231,435.5,76.7082543334836
-28.5939884859089,3.92003222498176,323.557088572833,436,76.6946678892259
-44.5975996863351,3.89814395097227,323.562985009275,436.5,76.6734773231578
-52.4497576186421,3.88717223780829,323.57107039851,437,76.6485558013294
-21.2385360016637,3.92887984067998,323.572623085672,437.5,76.6384643030538
-15.5872015937554,3.93646189093342,323.573094981548,438,76.6310580384226
18.5280342337036,3.98296518496408,323.570952779195,438.5,76.6398616407758
-29.30343995619,3.91804014820257,323.573369958987,439,76.6259381003883
1.45491534762391,3.95972974367015,323.5720705489,439.5,76.6266294039566
8.80344557613099,3.96986205798959,323.570125094016,440,76.6308123643943
-30.0807731200307,3.91703836001368,323.572714857503,440.5,76.6165194738652
1.92684572773202,3.96039772479794,323.571383822399,441,76.6174350153289
-17.0733936230941,3.93457420453146,323.571876279711,441.5,76.6093225860026
-0.160317240520392,3.95754054328244,323.570614204585,442,76.6092464112062
3.57224934947002,3.96270932473093,323.568976436161,442.5,76.6109437668124
-9.16600169951636,3.94543339706019,323.568450465257,443,76.6065885376979
-4.2933220922077,3.95204871154347,323.567497962382,443.5,76.6045485641099
-29.013363083905,3.91840861600454,323.569957317674,444,76.5907628538562
-16.7220811818403,3.93487310059154,323.57060903423,444.5,76.5828173507669
-11.8673716454252,3.94138908473111,323.570539879617,445,76.5771785647184
-3.18683347767587,3.95318679070329,323.569509034632,445.5,76.575664339607
28.5366116338694,3.99644290543087,323.567378031371,446,76.589223521232
4.44170787691942,3.96400978846061,323.565552216853,446.5,76.5913340003807
6.02707287128611,3.9662686113066,323.56374985813,447,76.5941977662958
0.734535740426498,3.95916176763373,323.562284967228,447.5,76.5945467812259
-59.8814841689342,3.87722985576087,323.571975669039,448,76.5660940717648
-6.01604816669297,3.94941628545041,323.571573593935,448.5,76.5632355442422
-30.8713536560275,3.91560271769984,323.574397535762,449,76.5485670090775
-8.82490539245751,3.94534050303098,323.574062253741,449.5,76.544373852
-50.7272142229738,3.88855037088634,323.58143863343,450,76.5202707973064
-30.8609644554476,3.91486351004695,323.584666782886,450.5,76.5056071985741
22.0481821335141,3.98675124776208,323.582558421967,451,76.5160834005103
-10.8064471264509,3.94227158644427,323.582128476506,451.5,76.5109487131414
-9.44317597023539,3.94409566473963,323.581716289988,452,76.506461784569
-33.5493345259479,3.91128682650581,323.585122411833,452.5,76.4905208057986
-23.3682555918166,3.92481919559365,323.586849370345,453,76.479417370468
24.7183969325713,3.99021699541079,323.584691671218,453.5,76.4911623259585
7.93046735899892,3.96769937137022,323.58264030413,454,76.4949304904719
-8.60416778361275,3.94529563815748,323.582008135055,454.5,76.4908422169513
-16.9855153358758,3.93384451362568,323.58253171064,455,76.4827715430259
11.5540715520359,3.97264798534487,323.580550106002,455.5,76.4882614644185
-29.2738886549051,3.91722585545626,323.582959481739,456,76.4743519653429
-26.6302341114752,3.92055356119962,323.585173782059,456.5,76.4616985997062
-10.5651877797685,3.94220870339978,323.58499974792,457,76.4566785468055
30.2112903172932,3.99771627178118,323.582884114714,457.5,76.4710334526295
28.2370477623417,3.99541637191179,323.5805555042,458,76.4844502963696
15.9522487348112,3.97907073956938,323.578233641813,458.5,76.4920300132855
-19.6985628837826,3.93071980239364,323.578957277598,459,76.4826702338092
12.3135848762167,3.9741507369047,323.57698609613,459.5,76.4885210382402
-22.2117730749809,3.92730552840916,323.578116096696,460,76.4779671060074
-8.8123802916004,3.94534004288699,323.577670869358,460.5,76.4737799002362
-43.3611869876172,3.89845053558633,323.583102860551,461,76.4531768161214
-14.5340230750023,3.93709155628566,323.583531516279,461.5,76.446270969655
17.8114609480047,3.98109671317643,323.581367493055,462,76.4547340919451
-2.2005930772932,3.95408460662386,323.580041325564,462.5,76.4536884793264
4.75877798326538,3.96360498679796,323.57830871599,463,76.455949614454
1.83242988557535,3.95971958013922,323.576733638649,463.5,76.4568202941953
-4.7032275961903,3.95087932077309,323.575717739885,464,76.4545855538548
11.648535169821,3.97315799209366,323.57368212106,464.5,76.4601203596705
-11.8972041308824,3.94124795456279,323.573385042163,465,76.4544673987055
19.0010668570279,3.9832422208166,323.571245024957,465.5,76.4634957626854
-18.9443528152526,3.93182448409756,323.57183962592,466,76.4544943464035
4.23440842928222,3.96322294328092,323.570259949348,466.5,76.4565063271426
-24.4742056754861,3.92423633826364,323.571796552529,467,76.4448773992187
-29.3221789687439,3.91743762050818,323.574383963016,467.5,76.4309449549825
-29.6427960196092,3.91673729037971,323.577095539074,468,76.4168601694354
-6.3631978074686,3.94814809498807,323.576464434429,468.5,76.4138366936319
5.7661937502814,3.96469282470029,323.574704621428,469,76.4165765027357
-28.727454691677,3.91786772001735,323.577021340515,469.5,76.4029266419608
5.18052112890117,3.96378167675166,323.575443411503,470,76.4053881685008
-0.0411714730959112,3.9567870686589,323.574015385411,470.5,76.4053686058601
11.0042786424298,3.97189901647447,323.571975106851,471,76.4105972929474
25.6966595542378,3.99203466427465,323.569734144535,471.5,76.4228070702862
-35.091407964089,3.9097186108721,323.573113234117,472,76.4061333747484
5.28332919725914,3.96425804809854,323.571581813247,472.5,76.4086437505803
-2.24047085276767,3.95411399529288,323.570331713959,473,76.4075791900218
-18.6706928115663,3.93176720576338,323.571015777542,473.5,76.3987078033924
8.92223546681648,3.96919792765772,323.569184529811,474,76.4029472068909
-39.8072613016473,3.90314300726197,323.573672446411,474.5,76.3840327718869
-18.4736706657921,3.93165185600433,323.574612818799,475,76.3752550004032
-50.407111003088,3.88836806091846,323.581900278993,475.5,76.3513040428736
-9.98266503445286,3.94261326242948,323.581841309317,476,76.3465607758718
1.33381624309077,3.95802967844032,323.580389858868,476.5,76.3471945391555
-25.4340740209803,3.921673126256,323.582179992948,477,76.3351095294304
16.3396890924209,3.97837869629381,323.580108751422,477.5,76.3428733387763
-16.0699075108321,3.93446732482819,323.580354516903,478,76.3352377162492
0.811921463792954,3.95736691905127,323.578979242808,478.5,76.3356235010345
-1.06265713159213,3.9548882535397,323.577651150922,479,76.3351185791035
-32.2739338341563,3.91249685925449,323.580687445265,479.5,76.3197836074458
-25.7629818097545,3.9210307336994,323.582762753351,480,76.3075423170626
-32.5046312452446,3.91168663869312,323.586065475138,480.5,76.2920977294443
10.2169211261511,3.96958164653857,323.584229941692,481,76.2969523033151
-39.9744044391778,3.90153245880623,323.588879056793,481.5,76.2779584501871
-46.9350243814797,3.8917953030528,323.595577827195,482,76.2556572559062
9.50812766433303,3.9680660639029,323.59386679751,482.5,76.2601750463001
-62.1657946457903,3.87124748502455,323.604466375436,483,76.2306369458668
-43.2490199440664,3.89594574270122,323.610556964915,483.5,76.2100871579646
3.37459882024514,3.95899556519454,323.609162208065,484,76.2116905998483
-10.5936418587879,3.94009016205218,323.608800790408,484.5,76.2066570269814
2.91841162975084,3.95852196446545,323.607192137917,485,76.2080437113521
-35.2570236887272,3.90669920251101,323.610929918609,485.5,76.1912913234412
15.7967870067872,3.97592719550648,323.608843976049,486,76.1987971726592
11.0824768750044,3.96976564059289,323.606610595759,486.5,76.2040630156658
0.805432163196123,3.95595272994584,323.605029293734,487,76.2044457170575
-2.10738781312841,3.95206104763488,323.603749449595,487.5,76.2034443909547
58.5558806831741,4.03413168248028,323.603770090347,488,76.2312672394269
-50.1940970245147,3.88768870753941,323.610561260884,488.5,76.2074174955683
8.44934865014717,3.96667645356605,323.608884703727,489,76.2114322067201
1.17572466717978,3.95691816662683,323.607267691283,489.5,76.2119908527327
19.6303838997225,3.98209769188787,323.604919194022,490,76.2213182369394
4.16691874095884,3.96131582920132,323.603045358899,490.5,76.223298149928
-39.7690630201298,3.90175861389059,323.607537046394,491,76.2044018648516
-12.8412005736255,3.93785627235252,323.60766082665,491.5,76.1983003636259
20.4532471444736,3.9831064285187,323.605381246284,492,76.2080187316092
-31.0416337103916,3.91336019230871,323.608002490488,492.5,76.1932692878133
-37.3421215111341,3.90455309484354,323.612258240084,493,76.1755261648971
-7.99579421068576,3.94404573471215,323.611799944866,493.5,76.1717269603058
-11.6208062710761,3.93910232273459,323.611558665125,494,76.1662053298865
12.4422933314037,3.97183545937135,323.609418567532,494.5,76.1721172901878
-47.4377726558661,3.89079025310854,323.615757404655,495,76.1495772148775
-38.3827070092623,3.90250428229222,323.620443801676,495.5,76.131339657375
40.3908580801266,4.00916007060401,323.618826096842,496,76.1505313886052
-47.2535338399104,3.89079350471438,323.625000360688,496.5,76.1280788544368
-24.6117079530978,3.92090716885721,323.626971419662,497,76.1163845922546
21.7268068081894,3.98381683686304,323.624677721428,497.5,76.1267080925855
9.74077855450106,3.96782531222963,323.622432703379,498,76.1313364271364
-36.3019168953621,3.90541714526735,323.626196007998,498.5,76.1140875578299
-19.7634711270855,3.92749249343872,323.62726793897,499,76.1046969371777
5.08573827974042,3.96120462945621,323.625507535758,499.5,76.1071134276117
22.9376303544931,3.98561345487695,323.62304784756,500,76.1180122512007
