curr_dens,Volts_tot,Temp_tot,t_tot,SOC_tot
-21.1432270494625,3.62979215793925,286,0,17
-21.1432270494625,3.62946945461353,286.005424301683,0.5,16.9899537878084
-5.87987823475408,3.66098728797571,286.006896680292,1,16.9871599614796
28.8560667537856,3.73162483201211,286.003453387564,1.5,17.0008709323236
30.761076439615,3.73574348334536,285.999708725861,2,17.0154870692279
-30.1703005846801,3.61117961841853,286.00788659191,2.5,17.0011516396907
32.4733490989303,3.73908006674288,286.004620113466,3,17.0165813635855
28.7750381989082,3.73223267372112,286.000966117104,3.5,17.0302538336816
-9.2233388765906,3.65520505042256,286.002762734139,4,17.025871360786
9.81074474451955,3.69434630905329,286.001194057409,4.5,17.0305329397981
-31.6329299420095,3.60854776349714,286.010044872756,5,17.015502541378
-12.7025595564392,3.64746868627437,286.013312418412,5.5,17.0094669154832
21.3770866800727,3.71726783959481,286.010426204114,6,17.0196242461652
9.19338579396585,3.69287506726639,286.008644944921,6.5,17.0239924868424
29.3402018724901,3.73345761550254,286.005130228299,7,17.037933494668
0.247998675958808,3.67498126936302,286.004833223769,7.5,17.0380513313311
-47.4547831325846,3.57608286438963,286.020255769265,8,17.0155031734864
13.9254491667585,3.70234008703139,286.018522458788,8.5,17.0221198558342
24.1751523329295,3.72313333421308,286.015191316644,9,17.0336066884512
1.61823003241031,3.67764180365358,286.014641057991,9.5,17.0343755910526
6.70284542792144,3.68810692937736,286.013401742564,10,17.0375604505492
5.70667504649827,3.68613882067901,286.012282464661,10.5,17.0402719793187
-14.3505541517579,3.64466793801536,286.015569835128,11,17.0334533081793
0.232547461023721,3.67471888163718,286.015627301061,11.5,17.0335638031919
-28.9833786178296,3.61399418204922,286.02359129343,12,17.0197923400683
3.30033068057519,3.6806449513066,286.023215514434,12.5,17.021360493418
-48.5747591366894,3.573140967719,286.039191141571,13,16.9982801785587
-21.2449313395516,3.62901075836495,286.045155158916,13.5,16.9881856415358
-44.8655658286626,3.57969133463536,286.059815924205,14,16.9668677512556
-36.5292480293257,3.59626091484346,286.07128759501,14.5,16.9495108654763
11.6723781744817,3.69594010209234,286.069512289592,15,16.9550570003046
2.60143046190633,3.67750128116906,286.068721292738,15.5,16.9562930709555
-18.7299160528524,3.63316232010751,286.073282300257,16,16.947393544381
27.2229296648196,3.72729215362644,286.069779296979,16.5,16.9603285295302
-47.8087170304901,3.57297046385806,286.085271057054,17,16.9376121998624
-11.7666149155744,3.64723647217629,286.088392084897,17.5,16.9320212884115
-14.9538828962395,3.64044906266934,286.091956171041,18,16.924915945395
7.24640459992865,3.68641648798781,286.090538769925,18.5,16.9283590772341
9.42053496100333,3.69101535016564,286.088565896595,19,16.9328352479225
-27.6844063762606,3.61399128612493,286.095985283342,19.5,16.9196809919424
-8.98508201763034,3.65269044111541,286.098094776505,20,16.9154117268819
-11.3914116675854,3.64757423169437,286.100618606942,20.5,16.9099990933938
-0.303592133442466,3.67055394044358,286.100536720096,21,16.9098548414788
3.50943621178158,3.67848337139766,286.099596940871,21.5,16.9115223513993
6.49202107771927,3.68471565243354,286.098098545776,22,16.9146070376275
-21.3030310628787,3.62696211835883,286.103368973995,22.5,16.9044848944995
1.67673704241804,3.67462044167563,286.102988845034,23,16.9052815967284
0.210220770225909,3.67163421386146,286.102661315181,23.5,16.9053814832056
-29.7257549977682,3.6091638917328,286.110893518221,24,16.8912572796691
-33.9736362701351,3.59988074379416,286.121100777167,24.5,16.8751146937672
-8.51839111703565,3.65266082612044,286.123132059715,25,16.8710671770616
29.4028967526769,3.73010209309366,286.119187444461,25.5,16.8850379743829
-17.3355198535384,3.63460869565158,286.123007039512,26,16.8768009956807
-3.76706829078152,3.66274746409784,286.123679328065,26.5,16.8750110717821
-24.8681499641819,3.61859209022779,286.130215257387,27,16.863194961083
6.25758144496194,3.68321035541835,286.128962503628,27.5,16.8661682532326
-22.6852229422092,3.6229629717326,286.134662057973,28,16.8553893611194
-8.10637138806088,3.65320017919641,286.136413496613,28.5,16.8515376157412
2.86471673357914,3.67597431740529,286.135573873352,29,16.8528987869619
18.2253521348867,3.70753291136271,286.13235271888,29.5,16.8615585698033
29.2903286979845,3.72992093658593,286.128186966228,30,16.8754758803715
-5.8616272589132,3.6586238327333,286.128890650453,30.5,16.8726907260007
-31.9497908442356,3.60400800818367,286.137942204849,31,16.8575097710051
-30.9311972154008,3.60566246689786,286.146940411804,31.5,16.8428128011509
-22.5229752256777,3.62282248490181,286.152967579933,32,16.8321110011005
13.1613987553305,3.69680539707961,286.150558990313,32.5,16.8383646446113
-22.740061216239,3.62231901339176,286.156175300363,33,16.8275596960718
10.9185025766553,3.69216080970121,286.154077884989,33.5,16.8327476266296
-23.4746343732874,3.62068362296941,286.159950577583,34,16.8215936453814
23.3984786297541,3.71737260467975,286.156431104284,34.5,16.8327114411997
-16.7716884031468,3.63481332655617,286.160051195933,35,16.8247423672208
-26.9130225747649,3.61333566729712,286.167380012508,35.5,16.8119546345407
-22.9567096588462,3.62125908962116,286.173476375022,36,16.8010467454132
-2.04134474110981,3.66479240557478,286.173713123613,36.5,16.8000767997007
-9.88009365122197,3.64842146463166,286.175614583307,37,16.7953822695298
-16.6738363158065,3.63406993952889,286.179511726486,37.5,16.7874596900066
12.2962767081551,3.69419010772229,286.177071095391,38,16.7933022704551
-3.76727153824948,3.66114226036931,286.177322960492,38.5,16.7915122499833
-5.72452189880869,3.65703631886467,286.178180818901,39,16.7887922412753
21.5825921422304,3.71319645654795,286.174564850566,39.5,16.799047217954
-20.6729027441904,3.62600047624665,286.179376176609,40,16.7892244805309
6.66546407374486,3.68282804450473,286.177864411527,40.5,16.7923915782631
6.4261961513328,3.6824550421805,286.176121734575,41,16.7954449877531
-15.0170879510912,3.63784513141006,286.179327033146,41.5,16.7883096128312
-4.73161235895227,3.65919732198273,286.180054599218,42,16.7860613854601
-39.461442861658,3.58641600620718,286.192121503539,42.5,16.7673112662163
-43.231977427557,3.57797235926164,286.206296734469,43,16.7467695760721
-6.75683781813902,3.65382941854066,286.207826947141,43.5,16.7435590620712
8.22532521574021,3.68498293966451,286.205818339811,44,16.7474673284049
24.1780940974934,3.71760738896113,286.201742121717,44.5,16.7589555588024
-32.8224864747138,3.59965029987088,286.21082916899,45,16.7433599421537
-4.6764300627093,3.65827308095989,286.211690758768,45.5,16.7411379346711
-10.0921646471402,3.64690023334306,286.213590121774,46,16.7363426388877
-57.3584056337507,3.54805295945936,286.234230868103,46.5,16.7090887711304
-17.5285729541026,3.63036459447144,286.238927797449,47,16.7007600631758
-29.7635919551564,3.60441350882983,286.247318261118,47.5,16.686617881395
9.35084741254154,3.68605372679323,286.245268565562,48,16.6910609400189
-19.0889157116067,3.62672612714781,286.249637125051,48.5,16.681990834623
-6.8800494006168,3.65220982614692,286.250808389939,49,16.678721776593
-29.4599990635997,3.60461765216521,286.258942659639,49.5,16.6647238470875
-2.83424738946669,3.66030488320526,286.259247639371,50,16.6633771533869
-22.1585527680591,3.61964428630577,286.264731805333,50.5,16.6528485088027
0.150382883423827,3.66632893348458,286.264271946318,51,16.6529199632856
2.255960144521,3.67079134487579,286.263134072212,51.5,16.6539918835868
6.04548395632331,3.67876318763249,286.261254592787,52,16.6568643975358
-11.1202210724921,3.64297013410391,286.263240620844,52.5,16.6515806203598
-38.2988824247526,3.58562659844834,286.27492294642,53,16.6333828921398
-24.4966366524774,3.6141214185892,286.281608817241,53.5,16.6217433061288
21.044824179715,3.70882601044893,286.277846513969,54,16.6317427621603
-30.6459185747369,3.60125343936645,286.286121013741,54.5,16.6171813425582
11.8702318501275,3.69007591985836,286.283571380359,55,16.6228214876341
-6.34589138372833,3.65233862581153,286.284209690015,55.5,16.6198062349843
49.2221748732974,3.76403252215925,286.279503394819,56,16.6431941696715
-39.1135430243614,3.58412634213648,286.290890480153,56.5,16.6246093551647
-11.550765940147,3.64157763987527,286.2934219905,57,16.6191210044348
-35.3702132764017,3.59124380043291,286.30381887606,57.5,16.6023148344492
29.9532827830937,3.72650143319127,286.299448166561,58,16.6165471478974
-64.7555972554809,3.5302112767577,286.32369431848,58.5,16.5857785017914
7.91648266131156,3.68136843861864,286.322143146412,59,16.5895400214706
11.1639415804926,3.68825169753155,286.319190465025,59.5,16.5948445724622
15.8203211502413,3.69801276414174,286.315571710255,60,16.6023616039373
-38.2127381575651,3.58508006491021,286.326806499232,60.5,16.5842048071978
-13.9260607336753,3.63573054405797,286.329939853947,61,16.5775878342638
-22.3649190229851,3.61774889852503,286.335451270221,61.5,16.5669611346769
9.79434493818884,3.68501482361033,286.332985582003,62,16.5716149213149
-12.1697364593447,3.63922271592026,286.335069369035,62.5,16.5658324665127
20.6802368276247,3.7073762751475,286.331059300683,63,16.5756586887283
-28.0928622879804,3.60583043201587,286.338225863664,63.5,16.5623103547699
-22.1034192701248,3.61809057413708,286.343787117157,64,16.5518079068877
-31.2839114370725,3.59841280383065,286.352633676734,64.5,16.53694334474
-32.2016362214073,3.59604476836413,286.361978617458,65,16.5216427253199
15.8811365330142,3.69661226241784,286.358654772344,65.5,16.5291886532466
-4.07555389476055,3.65538934187738,286.358527285301,66,16.5272521522986
-5.71705187732846,3.65193306574894,286.358982478887,66.5,16.5245356929741
-31.3393315182423,3.59773560646291,286.367651144618,67,16.5096447979542
14.2894649240547,3.69323225561758,286.364517067823,67.5,16.5164344425243
-1.69988638187264,3.66023387029328,286.363831173912,68,16.5156267408781
-16.7151071035033,3.62857338458202,286.367313353975,68.5,16.5076845515248
-7.71054995869409,3.64741799358902,286.368389633353,69,16.5040208808458
-13.8126348122581,3.63446332071663,286.37105726124,69.5,16.4974578022806
-39.4444111797288,3.58011160904665,286.383161388562,70,16.4787157756468
-23.7249576462875,3.61277122410466,286.389424127921,70.5,16.4674428532025
-33.5091332441747,3.59175290692314,286.399204477184,71,16.451520976086
-27.9245337917846,3.60312964410046,286.406941619524,71.5,16.4382526234751
-23.7224245430598,3.61170207902814,286.413078306929,72,16.4269809046357
-12.9515077028527,3.63431732370977,286.415663296787,72.5,16.4208269909366
-44.1089199053583,3.56814852124778,286.429988721322,73,16.399868621248
19.650527348404,3.7018832220331,286.426119783387,73.5,16.4092055766218
26.124893859766,3.71533832510864,286.420963260483,74,16.4216188296501
-8.92539321714422,3.64304724275745,286.421858184039,74.5,16.4173779257453
-9.01286034848023,3.64279305457531,286.423094517831,75,16.4130954618006
-17.4932129760455,3.62472675319381,286.426828811046,75.5,16.4047835551527
19.3187753776792,3.70166767944328,286.422700295202,76,16.4139628784543
-15.6565230156418,3.62879360143944,286.425571850241,76.5,16.4065236757238
-34.8426533248869,3.587888703411,286.435711011739,77,16.3899681760453
8.30457640993455,3.67869709075744,286.433360203429,77.5,16.3939140986133
-14.4908380391279,3.6308263443507,286.435966126262,78,16.3870287715327
-23.6015731444728,3.61130151139312,286.441787980175,78.5,16.3758144752803
-13.6949562691483,3.6320761364456,286.444494275015,79,16.3693073117185
-36.6148039927726,3.58322740324103,286.455390277205,79.5,16.3519097739914
-32.6120113026924,3.59120083314985,286.464939609071,80,16.3364141646989
25.6040949047684,3.71305706533182,286.460211649861,80.5,16.3485799599101
28.5320580209388,3.71934319813848,286.454729579938,81,16.3621369778843
-4.3242159155199,3.65190830933904,286.454333336009,81.5,16.3600823250847
-42.1263191146661,3.57168225024736,286.467447860263,82,16.3400659888987
-24.0848027503173,3.60932937561133,286.473746760985,82.5,16.3286220859195
-16.5864435643569,3.62500324104382,286.477294245124,83,16.3207410310946
11.4840882229913,3.68407224907743,286.474072326536,83.5,16.3261976998825
-55.1781462311031,3.54334519026258,286.493467078424,84,16.2999797831907
-45.5898549571565,3.56262499932825,286.508973036784,84.5,16.2783177466618
-29.171229109842,3.59682806786729,286.517266168797,85,16.2644570263072
-0.140193292623279,3.65835004424962,286.516355466633,85.5,16.2643904134121
4.94897589262668,3.66916936348683,286.514028206554,86,16.266741921147
-0.220101660385087,3.65843287893013,286.512750004536,86.5,16.2666373397613
-11.0993277878966,3.63541143568447,286.514313569407,87,16.2613634900372
-5.87291854460003,3.64644399395785,286.514561961554,87.5,16.2585729706077
-20.0111469974535,3.616293230212,286.518959968303,88,16.2490646666736
5.81162919974869,3.67090302198397,286.516662452941,88.5,16.2518260644481
-27.5171541938074,3.60020556718147,286.52361715218,89,16.2387512784047
2.10671862621237,3.66294335097593,286.522151176496,89.5,16.239752286543
-27.9568400326496,3.59902288389692,286.529307785013,90,16.2264685836098
-15.7002653029402,3.62485441873257,286.532543732139,90.5,16.2190085967152
-1.49665736672991,3.65495210394358,286.531728441865,91,16.2182974594111
8.30277438463185,3.67564710805003,286.528731199523,91.5,16.2222425257461
-38.6824991991399,3.57590856460005,286.540212296911,92,16.2038625218732
23.4180580695024,3.70655708372953,286.53551590494,92.5,16.2149896208695
7.97443020503641,3.67506843380602,286.532347445686,93,16.2187786743456
-9.14645865649512,3.63905118877152,286.533210574032,93.5,16.2144327311151
-11.9251637670714,3.6330494633502,286.535031992682,94,16.2087664851186
-11.3258332627569,3.63420948900454,286.53671058638,94.5,16.2033850112339
-19.3879820133876,3.61687876807687,286.540891431778,95,16.1941728043736
-7.96789458619609,3.64103693469332,286.541714927584,95.5,16.1903868562993
-7.84506977364159,3.6412484850038,286.542375639425,96,16.1866592684803
11.190477112274,3.68136690947626,286.538916905248,96.5,16.1919764278397
9.39245958058705,3.67783163607242,286.535589382075,97,16.1964392585007
-0.419622431195597,3.65738632203987,286.534237144676,97.5,16.1962398747465
-15.1215369131664,3.62615224626134,286.536905595774,98,16.1890548708615
10.7006922652559,3.68062100676864,286.533624127436,98.5,16.1941393087688
-6.64644234808086,3.6442586142433,286.533774193383,99,16.1909812492166
-16.7282615338409,3.6227071102958,286.537005555928,99.5,16.1830328095308
25.0461251746475,3.71006596745542,286.531939023869,100,16.1949334852173
16.5714494459567,3.69313964456267,286.527446102027,100.5,16.2028074155813
-5.70085541810501,3.64672381283517,286.527298333059,101,16.2000986520103
-1.67596674793052,3.65520411155131,286.526384869846,101.5,16.1993023157871
-3.66833675432514,3.65099483101199,286.525903935265,102,16.1975593042147
-26.0565332024638,3.60325816239812,286.53227045679,102.5,16.1851785327782
-19.703915625442,3.61645845297982,286.536679085484,103,16.1758162099447
-10.0087641140516,3.63690766983832,286.538042854091,103.5,16.1710605419556
-24.3888324618568,3.60608547586341,286.543902496916,104,16.1594721791459
13.4842716520899,3.68604887859891,286.540266183871,104.5,16.1658792358336
-27.0564773423269,3.60033310727949,286.546862961852,105,16.1530233405673
-24.7158128383967,3.60496135759331,286.553043667253,105.5,16.1412796129102
-29.0241781158254,3.59541379245484,286.560829886029,106,16.12748876389
-24.5906033321561,3.60451061346851,286.567017299976,106.5,16.1158045295763
-11.9339545805833,3.63131867842113,286.568980479157,107,16.1101341066214
-19.0958231182526,3.61587200398351,286.57304574029,107.5,16.1010607191687
22.4860671169722,3.70332867753893,286.56809530702,108,16.1117449823175
-12.2362016822415,3.63077702396195,286.569646478647,108.5,16.10593094654
-27.8506957977373,3.59719550793335,286.576819738916,109,16.0926976780794
19.9252409418627,3.6980319261418,286.572250111403,109.5,16.1021651637193
35.9147696894367,3.73053739718317,286.566049652237,110,16.1192300798869
-11.7597176374111,3.63229706877338,286.567326013831,110.5,16.1136424456803
-34.8521976889994,3.58275652068844,286.577218945368,111,16.0970824109937
-22.485675175806,3.60870459549633,286.582656292726,111.5,16.0863983340758
-13.4266486925173,3.6278315738207,286.5849809443,112,16.0800186569588
-3.23087922397074,3.64946895787875,286.584409292786,112.5,16.0784835034946
-22.2089845936388,3.60887972657349,286.589385044119,113,16.0679308962098
-2.78591898532569,3.65016811844089,286.588798543107,113.5,16.0666071657683
3.62654431676666,3.66378957569453,286.586556730798,114,16.0683303196485
-25.0180568001812,3.60272091555822,286.592462573157,114.5,16.0564429806605
-34.1464464115345,3.58281287344144,286.602288025948,115,16.0402182839556
-19.9889220775429,3.61271499112845,286.606871930178,115.5,16.0307205402005
-18.6280155082838,3.61540665759864,286.61082204586,116,16.0218694317076
-12.5695467882172,3.62821444364131,286.612832173649,116.5,16.015897006879
-8.00319209709141,3.6378954768809,286.613455750465,117,16.0120942871793
-38.0624688877911,3.57329333887394,286.624813711815,117.5,15.9940088909392
-22.191016204829,3.60685465582706,286.630228548674,118,15.9834648213409
9.8676212510229,3.675088571144,286.626901015081,118.5,15.9881534252462
-49.3944299710794,3.54852472910838,286.643444620289,119,15.9646836434853
23.3331372067341,3.70260818199858,286.638539749373,119.5,15.9757703923021
4.85769989173358,3.66454299582941,286.635690485855,120,15.9780785302113
-9.04780000817158,3.63504329399325,286.636364010893,120.5,15.9737794646743
-4.14084480191595,3.64548321886447,286.635867427227,121,15.9718119407275
-23.9088615357131,3.60302039746473,286.641422052823,121.5,15.9604516362818
-10.6665209806023,3.6312174247845,286.642867362263,122,15.955383434873
30.2684189671135,3.71679477260959,286.636918843534,122.5,15.9697654853962
-5.88401986196134,3.64191783244349,286.636499849962,123,15.9669696911717
-7.28222334552939,3.63889296902246,286.636773217703,123.5,15.9635095400422
-24.3101676580301,3.60223839069859,286.642473015581,124,15.9519585548432
-9.03212467914159,3.63478418123481,286.643436052895,124.5,15.9476669374447
-1.58561409765255,3.65064751828578,286.642289025111,125,15.9469135323168
1.6424328436385,3.65755896228178,286.640324758305,125.5,15.9476939348929
-14.1655451129254,3.62381687480434,286.64250888113,126,15.9409631708671
-15.7604562866848,3.62022715811711,286.645362964448,126.5,15.9334745842043
40.4157170470855,3.73678176371607,286.639075905003,127,15.9526781271819
-46.9087106061023,3.55391563512054,286.653933753918,127.5,15.9303894359012
17.5733312239226,3.69078605502203,286.649672037903,128,15.9387394107644
21.0378972105257,3.69822173043553,286.644302243396,128.5,15.9487355754438
9.49565293091585,3.6745865206825,286.640581679211,129,15.9532474384635
-36.3312767491512,3.57678109668673,286.650791867527,129.5,15.9359846188117
-22.2316216941415,3.60652850020424,286.656033101268,130,15.9254212555001
-17.6333444699613,3.61613483655365,286.659539109589,130.5,15.9170427653208
1.67826640582566,3.657306155473,286.657691345589,131,15.9178401942273
-32.1536412164882,3.58474371521697,286.666290479339,131.5,15.9025623796516
4.26625730400981,3.66247416414869,286.664051622506,132,15.9045894933954
-35.357376627873,3.57753197379722,286.673975845483,132.5,15.8877894227481
0.131500918611687,3.65336048789286,286.672666295104,133,15.8878519054585
-8.74576402159762,3.63443141882521,286.67321208336,133.5,15.8836963524328
8.21690019104602,3.67051167668719,286.669908552362,134,15.8876006156128
3.86944063121077,3.66149896421774,286.667299819943,134.5,15.889439181767
19.7774241040559,3.69490055154644,286.662135792903,135,15.8988364321815
18.2275817016637,3.69201891249146,286.657056304012,135.5,15.9074972744023
-17.7042983480252,3.61609595241866,286.660122580588,136,15.8990850704614
2.84414940213128,3.65985632440041,286.658013256355,136.5,15.9004364691071
-26.8183074565817,3.59632010819709,286.664440804072,137,15.8876937403506
-48.9728186073608,3.54840318380274,286.680969143252,137.5,15.8644242873858
5.76998354596817,3.66513971313352,286.678612254954,138,15.8671658972124
-8.42840450087692,3.63499305452199,286.678988631334,138.5,15.8631611376809
-9.51953690459917,3.63258200461486,286.679813210846,139,15.8586379261822
19.9049432126934,3.69469624568551,286.674721246061,139.5,15.8680957673485
-2.39067500685201,3.64813814568378,286.673400885335,140,15.8669598372304
-1.9493740103283,3.64909273243304,286.672179049149,140.5,15.8660335914448
14.9019555028128,3.68468560696409,286.667712363729,141,15.8731142611411
10.2170669656798,3.67514216283105,286.663851194932,141.5,15.8779689043076
-4.24060217545065,3.6446717019428,286.663082069938,142,15.8759539806076
-28.0048696494758,3.59354349690828,286.670006572248,142.5,15.8626474563841
-23.7238532728764,3.60235604948357,286.675628908637,143,15.8513750586833
17.7239934372072,3.69031130995759,286.670990784894,143.5,15.859796620753
-49.573411751042,3.54687769954432,286.687295814036,144,15.8362417957328
-8.97764617226382,3.63342036468311,286.688462614373,144.5,15.831976063817
-29.2626861100412,3.58959190205678,286.695979599925,145,15.8180718876348
35.452735332659,3.72555261038234,286.689801492738,145.5,15.834917268006
3.72035396100041,3.66071655059285,286.686950458402,146,15.8366849955735
-8.40403085398155,3.63491680276113,286.687295454895,146.5,15.8326918171894
-9.99978583027428,3.63140618055003,286.68821369816,147,15.8279404152352
-42.1556325737033,3.56202651055732,286.70122795483,147.5,15.8079101507483
1.81425053262766,3.6560269317292,286.699551934405,148,15.8087721925632
-45.7309862231058,3.55379524513349,286.714179921168,148.5,15.7870430974609
-40.1452250271887,3.56506147881554,286.726822065221,149,15.767968078867
-7.2542921455631,3.63554908972968,286.727337584436,149.5,15.7645211992576
-36.5799476688186,3.57211534290507,286.737926582278,150,15.7471402235258
11.2331318955987,3.6744918272065,286.734237181635,150.5,15.7524776503214
11.1838818303871,3.67462811838748,286.730040892892,151,15.7577916759302
4.34445232686805,3.66038989628409,286.72715247598,151.5,15.7598559440682
-30.8780436039009,3.58462554139035,286.735142982624,152,15.7451842301723
0.475721862471062,3.65187931581418,286.733547244719,152.5,15.745410269592
-7.42026710496125,3.63500844557588,286.73359226705,153,15.741884526919
33.2709590698913,3.72002444662021,286.727132725903,153.5,15.757693235488
-0.147432052361747,3.65113681151903,286.725054821246,154,15.7576231830935
9.81462259620218,3.67232680859757,286.721235894817,154.5,15.7622866046683
-10.9422584759633,3.6281976455055,286.722174580459,155,15.7570873864861
-12.1159000003306,3.62554293098118,286.723671221531,155.5,15.7513305120974
11.8278897660007,3.67650464798414,286.719634890053,156,15.7569505383162
-38.3483827283386,3.56898492607082,286.730654392482,156.5,15.7387292900085
-32.4910964806963,3.58102103432461,286.739773991385,157,15.7232911334386
-28.7966183832383,3.58853705812433,286.747349653071,157.5,15.70960840951
-14.4232088833688,3.61928702809032,286.749775512238,158,15.7027552164478
12.3436181770654,3.67642943509158,286.745595602517,158.5,15.7086202912129
10.0505187432687,3.67184443000378,286.741556077508,159,15.7133957989296
-42.0008377242107,3.55998416753477,286.754304441723,159.5,15.693439085273
-13.9554795761832,3.62004973832221,286.75673747534,160,15.686808133965
-6.97019472257459,3.63500642655367,286.756768770346,160.5,15.6834962433517
-12.977443368688,3.62199036429473,286.758467094191,161,15.6773300063113
0.313848479732579,3.65050860943974,286.756639540329,161.5,15.6774791315331
-1.36202383366495,3.64698981387153,286.755070517588,162,15.6768319654023
-20.2835946719959,3.60614969138742,286.75909687688,162.5,15.6671942078544
-12.1566648921296,3.62351399845033,286.760690464582,163,15.6614179640122
-55.1314960018655,3.53046117375484,286.78036153911,163.5,15.6352222131942
38.0233229243097,3.72766394197098,286.774070476475,164,15.6532890092152
-29.3282004892503,3.5860390701473,286.781112969306,164.5,15.6393537038512
-35.4216618899854,3.57239908993578,286.791385280389,165,15.6225230880378
-15.4753113520606,3.61523000860207,286.794182416903,165.5,15.6151699880966
-26.7943001330732,3.59045287606776,286.800768898573,166,15.6024386664288
-8.9892483910411,3.62881791041194,286.801463192752,166.5,15.5981674217144
-17.3882406386615,3.61052592909481,286.804568857702,167,15.5899053927117
27.5229823528564,3.70580493833792,286.798326347045,167.5,15.6029829480071
22.0343260513223,3.69499126328756,286.792262207924,168,15.6134525662206
-43.4859133261199,3.55467911685358,286.80559446446,168.5,15.5927902183398
5.35432724602436,3.65976236839112,286.802925429905,169,15.595334328921
-21.7530240990948,3.60134105145704,286.807341498779,169.5,15.5849983714346
-12.6431338550447,3.62087086830092,286.809018583033,170,15.5789909816838
-5.82581122418374,3.63552285670385,286.8086194444,170.5,15.5762228453152
25.7328709092127,3.7021983104981,286.802425228986,171,15.5884498284927
-12.9250554593714,3.62060273719809,286.803698507039,171.5,15.5823084835869
37.4890294609589,3.72617534158376,286.796872138211,172,15.6001214098701
-19.6909534061914,3.60643370506348,286.800237586802,172.5,15.5907652460399
2.9906240556309,3.65515945350652,286.797768850105,173,15.5921862421716
0.874891872463049,3.65072486542398,286.795535710532,173.5,15.59260194737
-6.30314714317811,3.63534406259639,286.795111030263,174,15.589607004662
2.80437802956177,3.65486835109251,286.792546331324,174.5,15.5909395059252
0.886144671576764,3.65085170267391,286.790322866197,175,15.5913605578953
-28.3993220082673,3.58752256916275,286.79721573581,175.5,15.5778666094868
-33.0171563664201,3.57706959740887,286.806348422428,176,15.5621784953667
58.9715718462273,3.767249211077,286.800141964064,176.5,15.5901988596495
-28.9889678934988,3.58642009111752,286.806764543731,177,15.5764247407795
-48.3444169404609,3.54409004637641,286.822903870922,177.5,15.5534538731004
-5.09569833702801,3.63711380199976,286.822706613863,178,15.5510326501414
17.2084590214738,3.68456349556975,286.817478972663,178.5,15.559209255842
1.04398152569376,3.6506348465889,286.815027452643,179,15.559705304052
-27.3991142981209,3.58910000119711,286.821494161599,179.5,15.5466866047088
-15.6754717937929,3.61420322058724,286.824122125744,180,15.5392383984593
-10.5641455722914,3.62511746995194,286.825030411472,180.5,15.5342188407639
36.7856525560502,3.72427578169581,286.818133648801,181,15.5516975572493
-30.2791259270961,3.58283292419855,286.825410899112,181.5,15.5373104193102
14.5253248518486,3.67891047470514,286.820862384908,182,15.5442121328127
-0.39367770736547,3.64746771599787,286.818754823463,182.5,15.5440250767037
-15.254689686216,3.61538566545138,286.820915452179,183,15.536776805229
-27.3600775795418,3.58886770545779,286.82753428751,183.5,15.5237766541972
-12.3439502806554,3.62113879987526,286.829101601101,184,15.517911421633
-9.40546218112656,3.62738422006935,286.82961999822,184.5,15.5134424127816
-33.7987830246158,3.57423045613148,286.838830326331,185,15.4973829084643
-3.53133474545347,3.63956031080305,286.838000555596,185.5,15.4957049934474
-24.6966713758922,3.59357140605596,286.843515297853,186,15.4839703608632
-14.7802975821172,3.61485828931655,286.845820240153,186.5,15.4769474969732
-3.89368449811624,3.63833949235787,286.844843761817,187,15.4750974113366
-22.9076582034854,3.59699394695806,286.849705587308,187.5,15.4642128290263
-20.3810098164247,3.60221047953242,286.853882222297,188,15.4545287846363
-1.98202540814926,3.64197826388681,286.852474105347,188.5,15.4535870245269
-22.0056530316296,3.59846540643427,286.856993814546,189,15.4431310303093
11.749204019407,3.67116267895984,286.852695875582,189.5,15.4487136689663
37.2907129921897,3.7239294847607,286.845433694491,190,15.4664323651057
4.85232391280027,3.65733621684027,286.841933090729,190.5,15.4687379486165
-17.1297470646062,3.6099185873591,286.844629907582,191,15.4605987429316
-3.83360022770287,3.63857165399596,286.843644557979,191.5,15.4587772063584
-35.2393106836062,3.57021325532468,286.853388092067,192,15.4420332347885
20.1088730127994,3.68900185938645,286.848024899615,192.5,15.4515879732751
16.9679307674703,3.68278864959826,286.842530248847,193,15.4596502918863
11.2013497424486,3.67094305194365,286.837986489653,193.5,15.46497261738
-22.3077192728877,3.59885483513237,286.842397968914,194,15.4543730962756
-3.26102276914033,3.63992444801986,286.841323969431,194.5,15.4528236200947
-51.8198023984531,3.53442449642744,286.858958110298,195,15.4282014217234
-12.5091846699431,3.61911317631524,286.860868699823,195.5,15.4222576779777
-18.9968933723001,3.6048370815475,286.864392069238,196,15.4132312970306
-29.8251938643875,3.58094252599771,286.872070773475,196.5,15.3990598450798
-28.346755560837,3.58374801380986,286.879309221619,197,15.3855908736384
-12.6403648308608,3.61770972838952,286.880946215839,197.5,15.3795847995905
-36.8990538118846,3.56453818515962,286.891619732438,198,15.3620522004562
-3.02805081718325,3.63803068235895,286.890617819949,198.5,15.3606134209849
-10.0087147219981,3.62289029133436,286.891148835435,199,15.3558577764645
2.67072806913683,3.65032549505426,286.888434297117,199.5,15.3571267738992
2.91517762594443,3.65097225290267,286.885536430144,200,15.3585119216318
-0.754954826251566,3.64317333280419,286.88349639429,200.5,15.3581532045655
-48.0502231197934,3.54002655584477,286.899316435151,201,15.3353221231896
-40.5702046187313,3.55552888889145,286.912150964995,201.5,15.3160451753848
-18.5782387962718,3.60313071085574,286.915898836446,202,15.3072177183151
-6.75320622600007,3.62881573364812,286.915633052436,202.5,15.3040089298667
0.17190539742279,3.64385751960306,286.91341816931,203,15.3040906107801
-13.4880043744179,3.61418222439447,286.914954792485,203.5,15.2976817804881
11.3838297575096,3.66790475397074,286.910460014915,204,15.3030908114288
4.08185549024211,3.65252302826721,286.907170376369,204.5,15.3050303065822
31.8613588152084,3.71084874739535,286.90004431746,205,15.3201692430663
-6.72764593483433,3.62980805781436,286.899264261184,205.5,15.3169725995997
-18.2435527765963,3.60460336900318,286.90239837713,206,15.3083041687166
-35.4911193892544,3.56656911751623,286.912430207189,206.5,15.2914405501466
-2.32904529492544,3.63861600322402,286.91116634739,207,15.290333903409
8.19871171582483,3.66134332104448,286.907154765188,207.5,15.2942295243283
-12.6090026461008,3.61644980178204,286.908300116532,208,15.2882383520341
-37.3439041296122,3.56208994473598,286.919105394608,208.5,15.270494382106
-21.927099507599,3.59534757369224,286.923949325063,209,15.2600757126246
-30.5287609620825,3.57616601205591,286.931969683066,209.5,15.2455699605057
-20.9819339308068,3.59673021457099,286.936398078993,210,15.2356003867994
-11.693011746827,3.61688952602555,286.937579490569,210.5,15.2300444479215
-6.95567844468308,3.6271705333383,286.937242334403,211,15.2267394547231
-10.7442428363406,3.61885993076233,286.937963381596,211.5,15.2216343237457
16.5111612186899,3.67759731549555,286.932526846211,212,15.2294796081361
-7.44975319661097,3.6263388569206,286.932037686669,212.5,15.2259398551356
25.9008353505346,3.69746026311911,286.925423745955,213,15.2382466466799
-0.802412733789998,3.64124620377693,286.923098148527,213.5,15.2378653799711
28.900896024196,3.70408142233086,286.916204596153,214,15.2515976514597
-23.669924501657,3.5918200155958,286.920904966566,214.5,15.2403508780344
1.46059292254809,3.64637701819053,286.918535672612,215,15.2410448793045
-20.4680686033138,3.59859107474237,286.922327144764,215.5,15.2313194688996
1.20145317412978,3.64563957158943,286.919978912404,216,15.2318903398218
2.62070389272048,3.64878329441039,286.917074776813,216.5,15.2331355682506
-40.7036924949232,3.55410815591346,286.92920297176,217,15.2137951936318
-22.705783818894,3.59297044633954,286.934336042574,217.5,15.2030065320104
-24.8516418920971,3.58794594477985,286.940055870277,218,15.1911982651279
0.963874946799036,3.64416399164463,286.937789341587,218.5,15.1916562506672
13.4918238308503,3.6711444332468,286.932715797056,219,15.1980668957754
-17.095321018366,3.60507920279679,286.935229627667,219.5,15.1899440476391
8.32415887074982,3.66019887923312,286.931288943022,220,15.1938992748206
1.41302019852648,3.64550156475258,286.928568173538,220.5,15.1945706718932
-61.9447268147726,3.50701480991597,286.951912499631,221,15.165137611922
-2.82366839983465,3.63549495805644,286.951076960254,221.5,15.1637959448322
-14.6584879424227,3.60961699425878,286.952936527025,222,15.1568309588377
21.4129326878226,3.68722720555034,286.946830334792,222.5,15.1670053217637
-74.4149767361066,3.47930902948148,286.977703230757,223,15.131647017907
-10.4702050615851,3.61796102854155,286.979189716884,223.5,15.1266720960802
-12.5594738962966,3.61329714108214,286.980430543861,224,15.12070445739
-10.5537625076118,3.61759825093203,286.981067675743,224.5,15.1156898332116
7.57568201986497,3.65700232686653,286.977085024771,225,15.1192894213392
-18.404617621282,3.6004483273975,286.980066219133,225.5,15.1105444604354
8.63479955266375,3.65927526573696,286.975963521967,226,15.1146472886524
-9.98516340722373,3.61899031097484,286.976194189049,226.5,15.109902834548
-47.4407225352046,3.53641134993474,286.991840993439,227,15.0873613576014
-28.5875857538606,3.57716492664669,286.999364802332,227.5,15.0737779556043
4.30046290924519,3.64908264013897,286.996249926637,228,15.0758213221541
-9.86937245344357,3.61828637009607,286.996475164068,228.5,15.0711318861644
-30.614411618062,3.57239972662209,287.004341113054,229,15.0565854371045
-17.2919043445068,3.60143905890812,287.007372492163,229.5,15.0483691823277
-2.5303133754475,3.6337495235668,287.005754367254,230,15.0471669029868
-27.2948212173542,3.5791743200901,287.01218761632,230.5,15.0341977585398
5.39214467114578,3.65072003870341,287.008787193634,231,15.0367598380846
-23.5213272635495,3.58735937684747,287.013654025513,231.5,15.0255836706923
21.6153519576563,3.68522288244083,287.00742082526,232,15.0358542132095
-21.7568172539812,3.59143360948663,287.011450600036,232.5,15.0255164534041
7.2452217586628,3.6547880974864,287.007586678213,233,15.0289590232159
-27.5406210310334,3.57856108009766,287.013974358214,233.5,15.015873086896
-20.5674047658195,3.59361661628737,287.018095323038,234,15.0061004768765
-37.3055284553978,3.55628111527929,287.029035963476,234.5,14.9883747411642
-4.26891298896304,3.62883883919792,287.028097492299,235,14.9863463655707
1.89876918155198,3.64236355520497,287.025184879561,235.5,14.9872485664531
-5.89563574674092,3.62541829004738,287.024227376342,236,14.9844472529366
-12.483254162474,3.61088861606723,287.025324588484,236.5,14.9785158300812
-0.412378981309415,3.63732391351064,287.02306424854,237,14.978319888055
-0.227583894774563,3.63780522044289,287.020630167382,237.5,14.9782117514828
1.63525102610389,3.64194556330259,287.017745179577,238,14.9789887416157
-0.913304456059299,3.63648409461171,287.015467031554,238.5,14.9785547846639
26.2001623090258,3.69444228564586,287.008479469036,239,14.9910038015238
-25.966532836509,3.58178645713897,287.014022680284,239.5,14.9786657937946
3.50418497528935,3.64630088173532,287.011002715831,240,14.9803308085881
-23.9827344238643,3.58593597653127,287.015994602486,240.5,14.9689354034121
-33.9303008603933,3.56355092403228,287.025396673724,241,14.9528134083462
-2.53511531539783,3.63248903671303,287.023934691769,241.5,14.9516088473618
-11.1423087358841,3.61358787820431,287.024560769217,242,14.9463145752243
-10.673249233603,3.6145244371003,287.02513530136,242.5,14.9412431768837
0.614058269367368,3.63923807946887,287.022594900857,243,14.9415349468986
7.5846541589615,3.65446744522027,287.018384603822,243.5,14.9451387981415
-16.7579997091686,3.60126791073662,287.020730904527,244,14.9371762283506
0.617897930051461,3.63933167296931,287.018263713599,244.5,14.9374698227818
-13.0130005109857,3.60943884775097,287.019443001044,245,14.931286690752
13.2698065435704,3.66663671219633,287.014321403963,245.5,14.9375918442636
12.4761830802854,3.6651989238011,287.009093957519,246,14.9435199072917
-22.5946345624898,3.58865074345188,287.013461919794,246.5,14.9327840582808
-2.18764815187444,3.6333831907298,287.011773488036,247,14.9317445964482
-3.93456683577573,3.62958409319411,287.010317391022,247.5,14.9298750855537
-6.21518928114782,3.62457576116862,287.009505676528,248,14.9269219360566
15.9473936981958,3.67256369389414,287.003906869398,248.5,14.9344993461
-22.038820448346,3.58989858849866,287.00803775415,249,14.924027592372
-18.6707327572433,3.59705068996249,287.011365808631,249.5,14.9151561867624
-33.9500448319742,3.56290971667086,287.020704672158,250,14.8990248103411
25.1954302508997,3.69141134196691,287.014172248304,250.5,14.91099642839
-0.347890204043003,3.63721007738475,287.011540142555,251,14.9108311282303
-9.54447069971826,3.61706460471981,287.011647616058,251.5,14.9062960694296
-0.70951033296365,3.63638666013223,287.009435393005,252,14.9059589453312
-5.99815686977493,3.62483729542383,287.008527400734,252.5,14.9031089188649
-0.245429486547456,3.63741823549085,287.006168596915,253,14.9029923029532
-6.04348321644208,3.62476067280397,287.005273734251,253.5,14.9001207396565
4.25460265493787,3.64724340085419,287.001874551831,254,14.9021423156894
-7.20834570974312,3.62228813765236,287.001268398804,254.5,14.8987172675461
45.5780943433664,3.73311957708376,286.993470395317,255,14.9203737160149
-25.2423888559703,3.58318232001177,286.998541352217,255.5,14.9083797855673
-35.4710902603913,3.56013114205101,287.008544123949,256,14.8915256838453
-35.0154423703886,3.5605616549826,287.018526032642,256.5,14.8748880833875
-41.4483105277593,3.54575132498834,287.031518549869,257,14.8551939032337
-13.6576374848979,3.60679924041039,287.033409623333,257.5,14.8487044717062
-11.2388507901405,3.61202087015045,287.034174204249,258,14.8433643275757
-15.8536432116738,3.60169052483566,287.036409561275,258.5,14.8358314631108
7.10482637254893,3.6520051331299,287.032436985292,259,14.8392073240026
-1.36642936999245,3.63371587688085,287.030183802342,259.5,14.8385580645795
7.7058163862357,3.65354064009443,287.025945313772,260,14.8422194860997
23.9841653705257,3.68837327278564,287.019081401765,260.5,14.8536155711906
33.1901624923031,3.70776336645104,287.011331119746,261,14.8693858892358
-27.2723748069322,3.57774176904263,287.017268559532,261.5,14.856427410209
-31.9253510441727,3.56698630074658,287.025755757788,262,14.8412580677935
2.69035178324668,3.64300653762485,287.022959974551,262.5,14.8425363894433
-36.9518774577757,3.55544575481797,287.033345913683,263,14.824978691134
-7.05020836468157,3.62122473673295,287.033123571277,263.5,14.821628782009
-6.78150889154287,3.62177744453797,287.032461617646,264,14.8184065455384
15.0672822090379,3.66925119642878,287.026934641049,264.5,14.8255657702806
-9.25170022894957,3.61659799053487,287.026773640696,265,14.821169821478
-14.2813358282873,3.60537670172889,287.02842701642,265.5,14.8143840394507
1.17887213640518,3.63928206653852,287.025766589399,266,14.8149441809845
5.58102521338965,3.64895400235951,287.021952354696,266.5,14.8175960071891
-7.34108670696336,3.62079805629266,287.021327907236,267,14.8141078871116
-16.9045781885017,3.59956862532771,287.023841847304,267.5,14.8060756705018
-30.8658020448534,3.56830812805662,287.031804319771,268,14.7914097731872
-3.72127961015541,3.62808205903589,287.030587237534,268.5,14.7896416057972
-22.21339898008,3.58710954393613,287.034980946838,269,14.779086901015
-45.2556160760831,3.53555161732869,287.049716731625,269.5,14.7575836782147
6.50899377503306,3.64958355631028,287.046214001262,270,14.7606764290263
-23.5257722962364,3.58339541995453,287.051013258222,270.5,14.7494981495751
-11.5658969942608,3.60970969539089,287.051976139287,271,14.7440026093192
2.16910881666568,3.63992058421473,287.049011183985,271.5,14.7450332621797
-16.2339325414452,3.59934898737486,287.05121123412,272,14.7373197030984
5.25359491793565,3.64659738813893,287.047598653587,272.5,14.7398159506764
-14.2109529787034,3.60383356439689,287.049085974326,273,14.7330636110863
1.90196895687163,3.63928551524209,287.046217004173,273.5,14.7339673323432
3.17492762368346,3.64217322384211,287.042884342115,274,14.7354759003837
-11.5712104843668,3.60977872587654,287.043541484498,274.5,14.729977835421
-53.0782140106944,3.5172895184946,287.062255092935,275,14.7047577023043
-17.9012682232113,3.59475749646277,287.065736521629,275.5,14.6962519080541
-12.5616589857532,3.60645432489349,287.066942026639,276,14.6902832311177
-21.6776259781956,3.58599444496803,287.071260926553,276.5,14.6799830990765
-26.8772226061856,3.57408450898516,287.077724183496,277,14.6672123767648
11.5277984478343,3.65874328899758,287.072907753967,277.5,14.6726898144822
-12.2519622969826,3.60670503070104,287.073689670653,278,14.6668682900427
17.8662959775827,3.67250258480169,287.067649982901,278.5,14.6753574672174
-14.4093856783809,3.60216995704984,287.069064646915,279,14.6685108422563
7.50122544368693,3.65037251331928,287.06490929842,279.5,14.6720750523141
-14.0938479919976,3.60291692423844,287.066311892017,280,14.6653783552019
10.4560462270947,3.656823197353,287.061574600539,280.5,14.6703465494533
6.51889809455289,3.64850372566886,287.057387266432,281,14.6734440063061
-15.1906594431636,3.60074358342479,287.059156781716,281.5,14.6662261588252
-25.4380559550558,3.57767123312149,287.064900687554,282,14.6541392570827
9.05767993380329,3.65369382680558,287.060571876549,282.5,14.65844301707
27.0309555110622,3.69214414377523,287.05324644954,283,14.6712867856286
-18.0982624515255,3.59447826348616,287.055817778131,283.5,14.6626873894976
1.16888723591852,3.63693851912895,287.053144085524,284,14.6632427867022
-11.7720718258935,3.60840696903582,287.053853305766,284.5,14.6576492823984
12.5267366636286,3.66159904537729,287.048747782889,285,14.6636013659804
7.4827260797158,3.65093310041484,287.044373772997,285.5,14.6671567860585
-29.3208397769349,3.5695948775454,287.051398622692,286,14.6532249781398
15.1496677135423,3.66724992957587,287.046064909358,286.5,14.6604233483851
41.8228146228949,3.72276708527823,287.037916212446,287,14.6802954742989
-7.64681314332986,3.61849992399956,287.037038567098,287.5,14.6766620881915
17.4745807685157,3.6730728907166,287.031161002721,288,14.6849651417391
-3.61376834691985,3.62763475056572,287.029365592522,288.5,14.6832480583658
-30.4288889681412,3.5680493006422,287.036903771843,289,14.668789760462
-26.6590058274231,3.57596170780573,287.043255244167,289.5,14.6561227239338
-13.5250587622651,3.60483539336119,287.044838251512,290,14.6496962872356
6.08310615944037,3.64790706556854,287.04102239598,290.5,14.6525866773883
11.850601965157,3.66054797579774,287.035891807469,291,14.658217495317
9.02429937433973,3.65467187119604,287.03125024554,291.5,14.6625053945191
-18.6434215830753,3.59389756783773,287.034158007832,292,14.6536469658241
-6.5790002714243,3.62043151614021,287.03354437733,292.5,14.6505209513997
-37.4598563833059,3.55160408092352,287.044250276858,293,14.6327218867151
-34.7852899532087,3.55694787136857,287.054175465126,293.5,14.6161936432639
-32.1794366390662,3.56221593768309,287.062956829574,294,14.6009035719836
1.61322342365525,3.63698888978369,287.060342980925,294.5,14.601670095693
-8.69133040613412,3.614316069161,287.060109599215,295,14.5975404068199
-27.4567647910925,3.57234065380072,287.0665939057,295.5,14.5844943148236
-8.70062035704033,3.61385985105147,287.066694041467,296,14.5803602118269
-31.0888008964293,3.56373725068041,287.07471108441,296.5,14.5655883565251
-43.0311463021422,3.53653180308785,287.088545906952,297,14.5451420913647
14.0724009219477,3.66278790989738,287.083453708048,297.5,14.5518285978936
-5.13085015848285,3.62102908647574,287.082048238785,298,14.5493906725336
23.4537954275654,3.68307709486548,287.075154869578,298.5,14.5605347521489
2.71517825067197,3.63880888854929,287.071662051196,299,14.561824870104
-3.90452292328945,3.62431924066055,287.070025211715,299.5,14.5599696345856
11.0086647286837,3.65700266254994,287.065060817978,300,14.5652004057234
16.8989641992284,3.66989598655714,287.058977874018,300.5,14.5732299548441
41.0816474662001,3.72030067663952,287.050788219107,301,14.592749914908
-79.3934884682707,3.4581144670602,287.084864738986,301.5,14.5550260693513
15.4922150852024,3.66669037465422,287.080116459176,302,14.5623872011076
-2.23821515582865,3.62836215904599,287.077881004344,302.5,14.5613237123443
41.8856982113171,3.72172343039102,287.069777159711,303,14.5812257174186
-6.92645324453873,3.6187470861598,287.068615602035,303.5,14.5779346105848
-9.54120199406715,3.61287428049686,287.068638872202,304,14.5734011049108
9.89345982513095,3.65544930681019,287.063952546619,304.5,14.5781019860242
-24.5777977815472,3.57945661887524,287.068961108531,305,14.5664238362726
-8.53302888418915,3.61485287845183,287.068900048781,305.5,14.5623693644265
19.4176103679464,3.67566256111283,287.062646421613,306,14.5715956492104
-4.35445229100925,3.62438805675841,287.060957420917,306.5,14.5695266295858
13.5631641219987,3.66346498873211,287.055583014384,307,14.5759711720599
5.40634858595647,3.64605003583261,287.051607034897,307.5,14.5785400006
-3.72711500564713,3.62613142074603,287.049892998492,308,14.5767690605197
-23.2536842434405,3.58270270150294,287.054538513146,308.5,14.5657200638079
0.87949631133284,3.63592552864981,287.051973287853,309,14.5661379568072
-38.3465497109777,3.54870979693451,287.062930262342,309.5,14.5479175794584
-1.47716488846053,3.63024789854299,287.061129899235,310,14.5472157040126
0.554871145826535,3.63475674301623,287.058389454083,310.5,14.5474793512437
4.81978986316181,3.64416753247925,287.054652801774,311,14.5497694761888
18.2078587358242,3.67318274289239,287.04847840819,311.5,14.5584209470351
37.1104815361384,3.71276795000153,287.040503069713,312,14.5760540061311
7.49515795058545,3.65104989262387,287.035957576973,312.5,14.5796153332173
-3.97906094400733,3.62607199092453,287.034312319402,313,14.5777246809307
23.2472387491606,3.68481674125782,287.027683234555,313.5,14.5887706150635
-4.05419114239935,3.62626715980334,287.02593562587,314,14.5868442646353
-54.3321313333934,3.51454353720155,287.044868436704,314.5,14.5610283322366
-33.7720656576428,3.55923327251335,287.054446657095,315,14.5449815226862
15.2215095171981,3.66690382792205,287.049152881445,315.5,14.5522140285912
-9.28193685223925,3.61362946552085,287.048913286322,316,14.5478037128457
13.5338640726021,3.66346839067817,287.043624906109,316.5,14.5542343333904
-25.9311358829904,3.57670778299059,287.04912796306,317,14.5419131445369
-5.584042924797,3.62161442628476,287.048268604864,317.5,14.5392598844655
-1.25261886449145,3.63113769982556,287.046035517072,318,14.5386647021464
-48.5269463818697,3.52590739969986,287.062000725648,318.5,14.5156071055354
-2.11675692682812,3.62854844333537,287.060507706682,319,14.5146013276948
-16.0498863238512,3.59762937890913,287.062593286997,319.5,14.5069752182422
-44.1346625364339,3.53462900790746,287.076584667497,320,14.4860046169329
-8.99563435134973,3.61249460505668,287.076941300712,320.5,14.4817303379271
-27.2342000622284,3.57163104257967,287.083277322883,321,14.4687899976445
-33.5341172953956,3.55710197831509,287.092514689502,321.5,14.4528562493467
-26.2270192712616,3.57299210647851,287.098781702087,322,14.4403944713913
-31.1916597481548,3.56146965258282,287.107029045641,322.5,14.4255737426678
-27.5077782068159,3.56929546540954,287.113811377783,323,14.4125034116281
-45.6781090050895,3.5280738656802,287.128951134952,323.5,14.3907994411555
-0.947229096075138,3.62777356799913,287.127036521484,324,14.3903493648984
-20.9266668811197,3.58314294613816,287.130884104709,324.5,14.3804060513513
-6.33203130994701,3.61564884155083,287.13010779211,325,14.3773973843207
2.62209715822793,3.63553486581547,287.126795005283,325.5,14.3786432747601
-8.47758835498312,3.61099867297679,287.126381842102,326,14.3746151455021
-6.48438898455776,3.61540591531104,287.12549509031,326.5,14.3715340856658
-11.4134881862714,3.60436365865135,287.126084205127,327,14.3661109625116
-33.444134213804,3.55466176921316,287.135138397806,327.5,14.3502199697086
-8.95290051045632,3.60931462313997,287.135288691958,328,14.3459659957032
14.2863628145637,3.66054813712483,287.129597404425,328.5,14.3527541663048
16.3595912442397,3.66531877387289,287.123355539602,329,14.3605274321655
-21.6760614913135,3.5813816622169,287.12725090155,329.5,14.3502280434908
-26.0022333853061,3.5713312873303,287.133245373746,330,14.3378730726326
-4.88799870439515,3.61841039152813,287.132093505759,330.5,14.3355505382313
-0.651955855198926,3.62784297872674,287.129559044423,331,14.3352407611644
-12.9647141587671,3.60040947192,287.130567801419,331.5,14.3290805724128
-26.1904239269385,3.57047822153905,287.136544655237,332,14.3166361827488
26.7494233879336,3.68681572320583,287.12933599171,332.5,14.3293461812144
-38.5468740902905,3.54282741569717,287.140293143117,333,14.3110306196624
-35.4816127305955,3.54909977793059,287.150592242382,333.5,14.2941715181847
-31.6180176522542,3.55726712757771,287.159160047827,334,14.2791482053447
-29.3895044330066,3.56183562106857,287.166737938867,334.5,14.2651837713891
-1.76230113407163,3.62368160970302,287.164735455947,335,14.2643464133502
-4.40699057984574,3.61785173151383,287.163129042647,335.5,14.262252430138
-43.6070986902529,3.529383406283,287.176967829518,336,14.2415325009864
23.7116932907035,3.67877376836028,287.170184530801,336.5,14.2527991208672
4.74852166632957,3.63811100238874,287.165997698437,337,14.255055382702
5.35323461562204,3.63960484286653,287.161850041628,337.5,14.2575989741195
-41.4807995406917,3.53445770619607,287.174442700399,338,14.2378893567991
14.9990141544901,3.66029417955248,287.168923962078,338.5,14.2450161439498
24.2448019806659,3.68040471474022,287.161464917114,339,14.2565360706228
38.2065027160637,3.7098079301181,287.152870213312,339.5,14.2746899045899
14.8531797248842,3.66136278559241,287.146649540132,340,14.2817473984572
8.69555138121907,3.64824952382097,287.14174947345,340.5,14.2858790929282
-7.70360720364323,3.61213605695851,287.140946742145,341,14.2822187211019
-28.4433742087056,3.56541340456249,287.147639974945,341.5,14.2687038412741
-13.9929503498446,3.59753335149424,287.149223235748,342,14.2620550857141
-32.4147343310565,3.55580818563361,287.157721389463,342.5,14.2466532126479
-48.8640555047523,3.51819442185434,287.174454631779,343,14.2234354385118
25.0712868732382,3.68197755912501,287.16761746493,343.5,14.2353480697888
-19.7002037036314,3.58378206684047,287.170629241863,344,14.2259875106763
-20.060449856381,3.58270293618223,287.174232548761,344.5,14.2164557804705
-17.7773166097929,3.58759521163625,287.177021280811,345,14.2080088818754
-10.2185857962429,3.60441833538188,287.177255545128,345.5,14.203153517036
-0.193714891484492,3.62677242816127,287.174555556009,346,14.2030614733334
-50.7732760508925,3.51277843571758,287.19197110003,346.5,14.1789365323451
13.2947027943253,3.65583903498586,287.186833621809,347,14.1852535153195
-5.21464956010198,3.61520588827086,287.185230948147,347.5,14.1827757726427
14.3903073416359,3.65850587527364,287.179344417238,348,14.189613332525
-16.8948235386505,3.58924053248123,287.181431942086,348.5,14.1815857508408
-11.3672894083059,3.60149758988209,287.181998907854,349,14.1761845790531
-43.1749238449256,3.5294077074814,287.195573378353,349.5,14.1556699979398
-28.484586652966,3.56196918242086,287.202842071517,350,14.1421355360038
0.665199600535463,3.62735430243973,287.200101373883,350.5,14.1424516058413
-17.9029930464472,3.58568205113105,287.202699591869,351,14.1339449920406
19.1264297726309,3.66773518193207,287.196139349067,351.5,14.1430329222565
-34.0655764834815,3.54924045079114,287.205081980905,352,14.126846650928
40.7222091102656,3.71279907878613,287.196775322206,352.5,14.1461958237234
-6.25648966946214,3.61246795211619,287.195216647734,353,14.1432230503314
3.35512438419305,3.63387557965784,287.191554354679,353.5,14.1448172389296
62.6465887463683,3.75632621511347,287.183432339694,354,14.1745837888586
-20.545112374129,3.58153191915187,287.186389712402,354.5,14.1648217710773
-13.1038281179863,3.59800394391986,287.187482704576,355,14.1585954822762
-10.3399360938866,3.60405422366087,287.187616577343,355.5,14.1536824577978
7.1366026097625,3.64285630158708,287.18316986245,356,14.1570734171806
11.2376803582141,3.65200468550946,287.177744088787,356.5,14.1624130051799
-36.1443822727262,3.54609047890521,287.187538853226,357,14.1452389885079
-28.4006092107019,3.56300226006202,287.194539891171,357.5,14.1317444284848
-16.210386992392,3.59015783554771,287.19680835429,358,14.1240420570799
-42.6983722382189,3.52995415474086,287.210133708745,358.5,14.1037539096397
-7.24147651518597,3.60953629598413,287.209714083045,359,14.1003131193818
-17.6041227786823,3.58610615492369,287.212233124651,359.5,14.0919485139
-28.604785464774,3.56091980438487,287.219153880526,360,14.0783569394538
-25.9656475276369,3.56649166746297,287.225140428275,360.5,14.0660193523795
19.9601568013858,3.66862150245341,287.218487853837,361,14.075503428303
1.41657709806642,3.62838909295726,287.214989659992,361.5,14.0761765154377
-10.1423700527782,3.60256831108865,287.214901380815,362,14.0713573645371
20.8804780911368,3.67099029508148,287.207979308124,362.5,14.0812787314635
-35.6839371691922,3.54502011330162,287.217554259938,363,14.0643234954536
5.86916480409006,3.63819192271773,287.213620239686,363.5,14.0671122312919
5.24878354623682,3.63698736702581,287.209353720773,364,14.0696061927449
-5.05936417432372,3.61415977233369,287.207709294794,364.5,14.0672022339769
-27.9012404876926,3.56246925632004,287.214143157924,365,14.0539449491881
-3.10147982903388,3.61814759089937,287.21232868663,365.5,14.0524712798945
-19.7853622985102,3.58050443945616,287.215577532288,366,14.0430702576441
-32.3955280319653,3.55156709359349,287.224146254455,366.5,14.0276775104581
-25.6917133530658,3.56631444980099,287.230063074618,367,14.0154700833086
18.6993865952674,3.66523246573693,287.223577931849,367.5,14.0243551038
-40.1440588272334,3.53351022836653,287.23534085853,368,14.0052806393265
-23.5464556460332,3.57063752044829,287.240508105561,368.5,13.994092532174
-43.270705857139,3.52536313093614,287.254356947246,369,13.973532440202
-11.6032028370939,3.59683160883637,287.255282059418,369.5,13.968019174061
-56.4395771260886,3.49458944472953,287.27620238136,370,13.9412018880106
18.969194397601,3.66397901718158,287.2699583289,370.5,13.9502151077796
-26.9081056256186,3.56143177738539,287.275820661726,371,13.9374297113897
-37.0100851933985,3.53794670078703,287.286697392999,371.5,13.9198443556532
-19.3252737017232,3.57783608392364,287.290223899508,372,13.9106619446705
-10.8188410245633,3.59702052080582,287.290542207895,372.5,13.9055213683363
-35.9670131145902,3.53943195455304,287.300759754505,373,13.8884316286857
47.9278289318571,3.72320578633051,287.291886980781,373.5,13.9112045544177
-17.827580968101,3.58145105091594,287.293936381537,374,13.9027337726941
-19.9469586537584,3.57639059331893,287.297374138229,374.5,13.8932559678754
-41.7193940168352,3.52629638672607,287.310417518965,375,13.873432982301
-19.8909144642993,3.57562430068354,287.314178191202,375.5,13.8639818068997
-44.8253892234897,3.51821681242867,287.328879954499,376,13.8426830065483
-8.13507371185205,3.60157288373031,287.328633953605,376.5,13.8388176232503
6.95925600886506,3.63557848341039,287.323873772914,377,13.8421243163297
-1.18455816410283,3.61754328092448,287.320965851866,377.5,13.8415614730777
-37.4677301607477,3.53469811016414,287.331733663635,378,13.8237586671649
-38.7204888917129,3.53121042507967,287.34360187122,378.5,13.8053606124754
8.08512084304762,3.6373802605154,287.338942184342,379,13.8092022606492
19.9577444589389,3.66370473786389,287.331564145502,379.5,13.8186851903473
-6.5949116890154,3.60502676535549,287.330049046024,380,13.8155516156069
-35.0782188717699,3.53977224105354,287.339711475194,380.5,13.7988841868712
11.8695479775979,3.64595006256036,287.334222409105,381,13.8045240070047
-17.4708096619263,3.57999961064039,287.33638495357,381.5,13.7962227452999
-20.1584101597757,3.57362632152154,287.339866946541,382,13.7866444692195
5.9209937324724,3.63261401509372,287.33544508546,382.5,13.7894578315923
-58.5192128453653,3.48558658370408,287.357424704839,383,13.7616524058569
-44.3661928182643,3.51690637745663,287.372455049996,383.5,13.7405717928482
0.968847031848275,3.62021467004387,287.369514275161,384,13.7410321408755
-2.75083173681616,3.61193429283432,287.36701346805,384.5,13.7397250821533
-7.01225137747047,3.60231151605033,287.365798873557,385,13.7363932083048
4.81701489236343,3.6290654923702,287.361424072179,385.5,13.7386820147214
3.37627808127616,3.62601227984765,287.357277877447,386,13.7402862545067
8.38699794985068,3.63736900515388,287.352004764063,386.5,13.7442713397
-20.5370135513192,3.57193580253465,287.355303279484,387,13.7345131700774
2.45976996370329,3.6240838304184,287.351670031418,387.5,13.73568193069
-5.34421851603966,3.60656776699329,287.349897862276,388,13.7331426232756
-14.1090509084715,3.58656116349754,287.351004782466,388.5,13.726438702492
-41.8000914346064,3.52269704294048,287.363991882982,389,13.7065773735096
8.29897778184647,3.63655966762443,287.359267234939,389.5,13.7105206358874
-17.5012423065987,3.57823429358907,287.361440407139,390,13.7022049141001
-2.5034642209167,3.61230067712403,287.359068262105,390.5,13.701015392145
5.58076469300291,3.63057865734411,287.354474076305,391,13.7036670945633
-35.5881108713474,3.53662791393786,287.364210599265,391.5,13.6867573904544
-33.030194739804,3.54193834066103,287.373294844591,392,13.6710630811463
-5.73455670126249,3.60422662114733,287.372043901838,392.5,13.6683383043982
-9.23127947544645,3.5962488992485,287.371535641189,393,13.6639520585241
18.1759071945228,3.6576818236713,287.364519146632,393.5,13.6725883475836
9.70878220906011,3.63939217479827,287.358811582879,394,13.6772014790591
5.12139661406616,3.62938902185603,287.35419895061,394.5,13.6796349125639
-43.7595558473246,3.51761741620147,287.367916904003,395,13.6588425433374
-39.9184509346366,3.52568406048522,287.380369147175,395.5,13.6398752765379
-37.650781216129,3.53023792487404,287.391706892964,396,13.621985493848
9.66185069381535,3.63801518027691,287.386567496776,396.5,13.6265763257966
25.7840777839477,3.67354169684895,287.378250293076,397,13.6388276399397
1.92019681259369,3.62142766592408,287.374229103736,397.5,13.6397400221689
-32.600908934995,3.54238598738383,287.382590482975,398,13.6242496881706
4.36285913222657,3.62659303270284,287.378582861197,398.5,13.6263227023089
-34.9399320306849,3.53664476496492,287.388012589348,399,13.6097209806172
-34.138184378024,3.53791943704999,287.397578521428,399.5,13.5935002096206
-0.628446661611462,3.61452168806812,287.394840280357,400,13.5932016029558
-18.0234517809839,3.57475354542902,287.397264917962,400.5,13.5846377531426
0.134709011441243,3.61614524694176,287.394114022546,401,13.5847017601795
6.11204180234962,3.62973584361448,287.389286927117,401.5,13.5876058991137
-3.88262686904087,3.60731499729764,287.386984586264,402,13.5857610675137
5.49912665432056,3.62857473008895,287.382354303308,402.5,13.5883739795876
-24.0814902962204,3.56110251689,287.387035219051,403,13.5769316505221
5.16211044400341,3.62768190935209,287.382717766105,403.5,13.5793844292184
32.475206741502,3.68742189632411,287.373808600702,404,13.5948150357728
15.6418416715249,3.65175158477362,287.366848836566,404.5,13.6022472626572
-37.9632472503875,3.52999076496529,287.377496147591,405,13.584209011615
-15.8179480272299,3.58044583937431,287.379531990437,405.5,13.5766931077303
-15.6592755638442,3.58061167713651,287.381234027893,406,13.5692525971255
2.00013317111259,3.62075077567599,287.377587200438,406.5,13.5702029611452
-3.06062533125351,3.60939406315729,287.375097380611,407,13.5687487038814
8.97934388807072,3.63655986876398,287.369712307424,407.5,13.5730152424675
-15.7480297662984,3.58061396437148,287.371177114624,408,13.5655325602704
-26.1864474148369,3.55632570470462,287.376930968324,408.5,13.5530900600476
-37.9039042182463,3.52881293445991,287.388110569963,409,13.5350800058692
7.70248773740651,3.63286692600138,287.383393686298,409.5,13.5387398457807
-26.2133017472279,3.55549376108962,287.388930519288,410,13.5262845857119
-14.5736782846308,3.58200524095227,287.390398441185,410.5,13.5193598970578
-5.6121077837036,3.60242920355341,287.388822965336,411,13.5166933019583
-24.4983317082764,3.55889772249175,287.393808690922,411.5,13.505052910541
-0.557608412346696,3.61363022688947,287.39092212371,412,13.5047879626966
-9.27195262240804,3.5937979426273,287.390319324922,412.5,13.5003823909616
-30.6948993885328,3.54419645372776,287.397993511742,413,13.4857976981077
8.42774348224533,3.63352110166209,287.392999802222,413.5,13.4898021435559
-36.097063227464,3.53145306629345,287.40297019659,414,13.4726506105459
-20.1525487893715,3.56786542713351,287.406634742862,414.5,13.4630751194978
-23.9025952316348,3.55890132915017,287.411582650925,415,13.4517177924888
-6.75277211830435,3.59823415335391,287.410456650261,415.5,13.4485092103067
-37.2547170825522,3.52750856402257,287.421207120216,416,13.4308076176372
-13.6165607124412,3.58184678456694,287.422507751316,416.5,13.4243377037533
-35.5841770388321,3.53063495732547,287.432573064994,417,13.4074298688065
-34.7195749109815,3.5320717594387,287.442545142499,417.5,13.3909328498821
8.61175498763254,3.63159495876845,287.437471122565,418,13.3950247284655
-20.3096863005024,3.56543552059148,287.440685927924,418.5,13.3853745734706
-2.74715564151353,3.60581435871919,287.438294368994,419,13.3840692614464
30.6316194062782,3.67995889942654,287.429379697327,419.5,13.3986238867932
-12.1107530945187,3.58496852580843,287.429381138018,420,13.3928694579587
2.59670865639051,3.6185926870641,287.425453631352,420.5,13.394103285042
6.72773666942198,3.62807455583701,287.420385094167,421,13.3972999716212
-12.1020919717029,3.58523086115433,287.420590398793,421.5,13.3915496581225
0.233731953000641,3.61343551819032,287.417286475286,422,13.3916607159468
-35.0088009919058,3.53197443658765,287.426819093522,422.5,13.3750262711426
24.1358325985024,3.66628177895684,287.419082504959,423,13.3864944209732
-27.6370478246565,3.54914393238425,287.425061161328,423.5,13.3733626674264
-21.9463919217539,3.56195527590647,287.429268639,424,13.3629348311472
9.62182581665542,3.63410494677647,287.4238292407,424.5,13.3675066452605
-9.10236784532407,3.59170099339246,287.423017461488,425,13.3631816517954
7.49012141829808,3.62949459843016,287.417903926089,425.5,13.3667405857714
-14.1379256889859,3.58021787129976,287.418794716256,426,13.3600229451251
-21.5034437863212,3.56295170517199,287.422654395644,426.5,13.3498055758171
-47.0422540504279,3.50313938626949,287.438547935941,427,13.3274534313192
1.29060088282637,3.61453406215748,287.435400532428,427.5,13.3280666608084
-12.271636849752,3.58346158360972,287.435720037912,428,13.3222357879978
-11.0547437877153,3.58616250193791,287.435779157545,428.5,13.316983122378
-2.39120976504654,3.60603665124082,287.433160626763,429,13.3158469381693
-42.1950584965517,3.51354749747113,287.44631094341,429.5,13.2957979404405
-18.8082520702039,3.56744348158465,287.449535332551,430,13.2868611924782
7.75900117958371,3.62837198414425,287.444417658217,430.5,13.2905478847728
2.70067117138058,3.61713090407134,287.440225020408,431,13.2918311096837
-33.2966178606078,3.53379675124394,287.448974647518,431.5,13.2760102093307
-32.7973948793787,3.53441364284185,287.457960814171,432,13.2604265149628
-37.1427004642332,3.52370474921289,287.469039452878,432.5,13.2427781470311
-60.7553051416159,3.46785273151974,287.493358874569,433,13.21391024121
-12.6279956056117,3.57948163473851,287.494633198388,433.5,13.2079100444041
0.238148986484614,3.60919657160422,287.491228985751,434,13.2080232009835
4.37565386405764,3.61879510869303,287.486608616846,434.5,13.2101022945435
-6.73442846588588,3.59343748997673,287.485047380995,435,13.2069024283547
-35.1171901461281,3.52703842556939,287.494824392657,435.5,13.1902164824035
-1.14458285025328,3.60584478595765,287.492075820995,436,13.1896726334368
-33.1744493857348,3.53114465885558,287.500885377958,436.5,13.17390978148
-32.3774722303815,3.53248615409972,287.509745677888,437,13.1585256135149
-36.3459999229568,3.52263082146927,287.520514681664,437.5,13.1412557981415
-31.6193538156101,3.53318180514052,287.529118898839,438,13.1262318504229
-29.2347546698075,3.5383288043369,287.536585353808,438.5,13.1123409458748
-26.9400948289933,3.54332256453366,287.543011839912,439,13.099540349803
-18.70681311136,3.56237475495695,287.546010721981,439.5,13.0906518005998
-18.7706764092408,3.5620236206097,287.548924095709,440,13.0817329067267
-25.3241861713126,3.54635077881179,287.554515364022,440.5,13.0697001102543
-22.9595651293156,3.55160103480773,287.55919885886,441,13.0587908643489
18.4607506535517,3.64709211603672,287.551739062506,441.5,13.0675624968839
3.1233273891412,3.61279474820584,287.547140911808,442,13.0690465470538
-5.39529203616678,3.5932624569956,287.545097639912,442.5,13.0664829720374
-27.881767046227,3.54044683543783,287.55156612134,443,13.0532349400616
-25.7343042127175,3.54510665328142,287.557394536351,443.5,13.0410072758493
-39.236836713868,3.51277230104389,287.5695524583,444,13.0223638783002
21.1084380411971,3.65242166126386,287.561847326785,444.5,13.0323935604816
3.34240221039858,3.61276312824018,287.557141390763,445,13.0339817041342
-5.28286036743307,3.59297158420419,287.555032764107,445.5,13.031471551067
-18.9535075682844,3.56093504530916,287.557768348143,446,13.0224657849008
-29.4117894259899,3.53597710984906,287.565063322398,446.5,13.0084907622225
-1.67470358052032,3.60075718608268,287.562265295355,447,13.0076950261937
40.3830655045247,3.6940200516741,287.552155753465,447.5,13.0268830547788
-29.0477397986642,3.53745942054757,287.558629222173,448,13.0130810104163
-22.5039328259223,3.5524580183308,287.56303225761,448.5,13.0023882583692
-14.0934099223784,3.5719681692899,287.56413071515,449,12.995691769406
-39.7460378309868,3.51117141564446,287.576298825009,449.5,12.9768064247568
1.94334877911229,3.60863530081569,287.572614462134,450,12.9777298076515
-13.7801641722963,3.57210580868501,287.57331788017,450.5,12.9711821575229
37.3778106202901,3.687218025003,287.563487511679,451,12.9889422381327
-13.7915970626462,3.57277428049404,287.563848001447,451.5,12.9823891556619
-1.77861145567856,3.60067551294626,287.560845131847,452,12.9815440477676
-30.46370631342,3.53334235178569,287.568318320381,452.5,12.9670692063893
-14.9659930089,3.56946678674254,287.569811014622,453,12.9599581092482
-29.8562361630839,3.5341025564575,287.577197067324,453.5,12.9457719075376
6.72864885531861,3.61935304969852,287.572161441525,454,12.9489690275422
16.0674625513309,3.64072797886296,287.564763044062,454.5,12.9566034883459
-16.7253626072221,3.56537863683831,287.566363625549,455,12.9486564260861
2.03105447177506,3.60896693270071,287.562347699453,455.5,12.9496214823734
-20.147378115174,3.5572418162303,287.565400090194,456,12.9400484481731
-6.76599441283921,3.58841882355821,287.563968859839,456.5,12.9368335834128
12.4335417818129,3.63258948908841,287.557429194358,457,12.9427413854121
-3.08588278290914,3.59729635598847,287.554531710188,457.5,12.9412751270607
-17.6360475389594,3.56325605939116,287.556663272473,458,12.9328953525172
-19.8297172273819,3.55784464405776,287.559816856765,458.5,12.9234732550058
-11.0081064127664,3.57834703634457,287.559777605953,459,12.918242749152
-12.6536390920801,3.57438289689156,287.560202598469,459.5,12.912230367834
-16.2120421913136,3.56587359435379,287.56193236556,460,12.9045272099607
-5.25378071027841,3.59140167741113,287.55999596575,460.5,12.9020308741033
5.66727038362941,3.61669203105482,287.554948000326,461,12.9047236797326
-12.5602616683904,3.57449956480777,287.55516156101,461.5,12.8987556667322
-12.2831399317327,3.57501800741566,287.555479759042,462,12.8929193282279
-33.3449024731812,3.52506648619326,287.564434710934,462.5,12.8770754854233
-51.0691213462215,3.48242630369419,287.582994454776,463,12.852809973433
-20.3971530526968,3.55434968908956,287.586896148758,463.5,12.8431182585783
-18.7043347347381,3.55810175158033,287.589701198389,464,12.8342308869765
0.127557230480463,3.60215555688175,287.586201505153,464.5,12.834291495842
28.7202585539776,3.66674046273159,287.576945903228,465,12.8479379373694
24.4713225998107,3.65799993466806,287.568017006128,465.5,12.8595654953988
-10.7190336001379,3.5780991056745,287.567391765434,466,12.8544723425994
-23.6858240788254,3.54736966293487,287.571998725167,466.5,12.8432180144842
7.13244750855779,3.61914247170182,287.566788058951,467,12.8466069995691
6.81300508993342,3.61862276900431,287.561318918955,467.5,12.84984420147
5.54024668010148,3.61590571324559,287.556166287163,468,12.8524766517394
5.74402691941542,3.616549161897,287.550987322663,468.5,12.8552059282652
-35.4566347353561,3.51999793876109,287.560663287945,469,12.8383586950913
1.78928499370283,3.60709047097782,287.556952559149,469.5,12.8392088745211
-10.4259843891684,3.57873438845603,287.556451697506,470,12.8342549641632
-25.7244199733648,3.54249315937774,287.561915835997,470.5,12.822031996451
-36.3553941227154,3.51682934607532,287.57246527458,471,12.8047577174201
11.6821213407663,3.62891272812747,287.566418145638,471.5,12.8103084817175
-28.6600830805616,3.53485134291523,287.57294784666,472,12.7966906325886
-29.641563558027,3.53204961516347,287.580402352228,472.5,12.7826064326461
0.853969527105681,3.60353523494383,287.576840025774,473,12.7830121965843
18.6337891564399,3.64420283749559,287.569030097551,473.5,12.7918660484283
-7.53089081177574,3.58452368776774,287.567412825263,474,12.7882877428598
3.09074865708246,3.60921621137283,287.563003573826,474.5,12.7897563132331
-30.5348233665202,3.53020815898221,287.570442757381,475,12.7752476805605
27.922717951126,3.66477438839086,287.561710094998,475.5,12.788515170374
-6.20729390485715,3.58787813184759,287.559597025637,476,12.7855657723678
1.67862625649599,3.60620534273092,287.555549019826,476.5,12.7863633722576
-47.2224425387673,3.49083339809551,287.571357004839,477,12.7639256111324
10.5108665382625,3.62587023027496,287.565710159328,477.5,12.768919853275
6.07720684782248,3.61599674844544,287.560377943742,478,12.7718074403677
-33.8446229800863,3.52230401642856,287.569295574895,478.5,12.7557261551785
-7.06974026342902,3.58513876657781,287.568114193551,479,12.7523669654645
-18.2022013422037,3.55884778677921,287.570496083957,479.5,12.7437181827309
-5.90348517373043,3.58760639609075,287.568750772546,480,12.7409131395562
-13.9766173164089,3.56859234846661,287.56956055132,480.5,12.7342721446431
-13.0721274619557,3.57056724679535,287.570145456068,481,12.7280609184206
-28.1839643384378,3.53454549876202,287.576741096506,481.5,12.7146692972891
-22.6655730791236,3.54723322964848,287.581187690375,482,12.7038997418156
-52.6507958756493,3.47537606532024,287.600563889106,482.5,12.6788826965847
22.5306609375395,3.65094577584798,287.592736218709,483,12.6895881485039
0.128129570413712,3.60038674212329,287.588778223193,483.5,12.6896490293169
23.9442666011085,3.65463184589533,287.580124539846,484,12.7010261564927
-29.6466104482546,3.53065394100891,287.586956213269,484.5,12.6869395585184
22.1465039141958,3.65072769496227,287.57891704998,485,12.6974624780852
9.37924832854704,3.6224051798584,287.572694338357,485.5,12.7019190314148
-4.20340547659685,3.59121464017279,287.57010501563,486,12.6999217817402
-11.6957307867935,3.57361619016202,287.570061322166,486.5,12.6943645509095
-22.5159011831181,3.54784612045841,287.574173865021,487,12.683666112093
6.30401691263726,3.61517324326805,287.56912507979,487.5,12.6866614680723
-24.5186206763485,3.54295873624343,287.573877646647,488,12.6750114363442
-41.3452334202033,3.50244157409706,287.586916583336,488.5,12.6553662333164
7.3745274786009,3.61687345772257,287.58184353657,489,12.658870242789
1.16516457774344,3.60274084033676,287.57774846822,489.5,12.6594238711712
3.88062906766581,3.60914948247283,287.573015318572,490,12.6612677535152
-0.550639493700323,3.59901805175235,287.569434174518,490.5,12.661006116955
-12.8527705411594,3.57020365851561,287.569764937666,491,12.654899118255
-14.4331169250596,3.5663122206885,287.570800442872,491.5,12.6480412173832
11.0690665395583,3.62558721667768,287.564595470927,492,12.6533006884639
-18.7099660462307,3.55629633247664,287.566969841658,492.5,12.6444106411424
10.9391370929017,3.62532414513461,287.560852433553,493,12.6496083761982
8.95757709792694,3.62106207180854,287.554861574051,493.5,12.6538645722859
14.2173812358973,3.63325594590727,287.547828463927,494,12.6606199662648
-8.123760454353,3.58195048644306,287.546437315871,494.5,12.6567599584653
-0.920526682134514,3.59872620843838,287.543125567201,495,12.6563225698701
27.365314737493,3.66277536659687,287.534229769367,495.5,12.6693252093394
-11.4802792314222,3.5746150933351,287.533836130629,496,12.6638703503954
-42.0827798688077,3.50181913493617,287.546963577659,496.5,12.6438747018983
15.623685884327,3.6364680295313,287.540288713667,497,12.6512983020536
-1.17774393807974,3.59827623418813,287.536818527833,497.5,12.6507386965837
-16.4749906653149,3.56238489439759,287.538464056716,498,12.6429105986452
51.0496913314247,3.71257995090184,287.528487790592,498.5,12.6671668784568
-24.8421312435907,3.54340348773003,287.532940435954,499,12.6553631305625
0.054908497417852,3.60157263474155,287.529569054851,499.5,12.6553892203554
-2.66527318340498,3.59531049716965,287.52667419467,500,12.6541228148116
