curr_dens,Volts_tot,Temp_tot,t_tot,SOC_tot
-15.0374701322655,3.86023978882883,276,0,64
-15.0374701322655,3.86002052871273,276.001870458759,0.5,63.9928549404772
-25.242989590887,3.84034784021887,276.005809167309,1,63.9808607245901
-15.3575003961142,3.85886818044299,276.007939714687,1.5,63.9735636025684
-3.85314635713184,3.88075688671383,276.008401979856,2,63.9717327786446
-23.3836489451157,3.84333115690662,276.011910046592,2.5,63.9606220291565
24.4051419402364,3.93460518618409,276.011420234531,3,63.9722181414209
-12.8354845567197,3.86355607255814,276.012829363589,3.5,63.9661193561627
-0.0592144311812586,3.88793211315749,276.012884216328,4,63.9660912204038
-45.0028387344076,3.80259196817533,276.022102273441,4.5,63.9447081048513
-16.904508105482,3.85502487411995,276.024706753108,5,63.9366759215415
-20.1399404246215,3.8486558883588,276.027690791179,5.5,63.9271064213626
-19.2766164919731,3.85007401829413,276.030542711639,6,63.9179471298712
-35.3953710437741,3.81928925030208,276.03721668388,6.5,63.9011290061631
14.8021822242731,3.91484069681232,276.036577560449,7,63.9081622685491
-50.3486509765416,3.79129400108187,276.047725249613,7.5,63.8842390883227
-32.7300563878898,3.82349410338765,276.054045050242,8,63.868687389864
9.84256291363758,3.90458846792388,276.053485057339,8.5,63.873364087291
-12.9868373363602,3.86094004630979,276.055022363039,9,63.8671933867033
28.5893728240921,3.94046779238244,276.054382286751,9.5,63.8807776378275
-6.92219251145079,3.87292876557704,276.054898999596,10,63.8774885554827
41.3473216072383,3.96487481996832,276.055393224121,10.5,63.8971347507134
28.5142343804723,3.94131799842073,276.054652412545,11,63.9106832997782
-4.35392357587549,3.87882792060727,276.054817810616,11.5,63.9086145313727
-18.3651598302323,3.85192791538154,276.057231537295,12,63.8998883188529
21.4336009307154,3.92797303770414,276.056464740364,12.5,63.9100725023021
12.5142103267468,3.91123706943642,276.055515940625,13,63.9160186339905
-21.7117023372277,3.8458093151497,276.058457721506,13.5,63.9057023105546
20.4748635510295,3.926345811001,276.057708830281,14,63.9154309495815
7.98802752776103,3.90274210025599,276.056922669973,14.5,63.9192264638305
-12.856147896241,3.86284607808951,276.058292059142,15,63.9131178603789
11.6103875710605,3.90963162842031,276.057542352869,15.5,63.9186345403489
-14.7384756161153,3.8592413246057,276.059195926783,16,63.9116315481816
-6.73003048493328,3.87439447063428,276.059853429499,16.5,63.9084337716951
-45.2540604359421,3.80136343022885,276.069132694803,17,63.8869312880578
43.0424627938652,3.9684736169045,276.070138010165,17.5,63.9073829302534
-9.76095903335677,3.86853056182034,276.070896477705,18,63.9027450069405
23.2731280347491,3.93170390388347,276.070110627944,18.5,63.9138032423769
1.78423172885585,3.89090115632748,276.069667155722,19,63.9146510207461
-10.8724206263682,3.86663585241026,276.070737351468,19.5,63.9094849860442
-37.1284594314141,3.81664451781401,276.077522197989,20,63.8918433847445
35.9599856661811,3.95542261273635,276.077682949928,20.5,63.9089297853003
-20.3549256439757,3.84839544171413,276.080202838925,21,63.8992581348145
-18.6653393864416,3.85134352839401,276.08272242745,21.5,63.890389291867
-3.19061626741322,3.8807517442952,276.082948376927,22,63.8888732693616
20.4835361867693,3.92610349255176,276.081995114334,22.5,63.8986060291946
-16.0249458263327,3.85644154661621,276.0837774254,23,63.8909917702287
-21.2783025035305,3.84620977284589,276.086775487784,23.5,63.8808813768848
-8.42956073762928,3.8705103228751,276.087656192643,24,63.876876067967
-6.01610552800246,3.87505815747461,276.088131587886,24.5,63.8740175131892
48.6119461863946,3.97870938037532,276.089620809865,25,63.897115497489
3.54872341054313,3.89406326149075,276.088927808359,25.5,63.8988016747366
7.46900707145253,3.90163335072303,276.088163400051,26,63.9023505762229
3.38731022859392,3.89390370978715,276.087622742503,26.5,63.9039600579371
4.19633969735074,3.8955025224786,276.087050248537,27,63.9059539503041
3.61810157487412,3.89444954376691,276.086514117674,27.5,63.9076730926122
14.4239362259146,3.9152115083763,276.085556239934,28,63.9145266312714
-20.1577480350092,3.84914682686727,276.088058256063,28.5,63.9049486697999
13.3818609948303,3.91313028914088,276.087249392815,29,63.9113070660256
34.274599564888,3.95302504395466,276.087055535065,29.5,63.927592654749
0.637496859807282,3.88933543457319,276.086630693541,30,63.9278955616189
-13.3010681004591,3.86259664113402,276.087989759244,30.5,63.9215755541668
-28.9156589767806,3.83268613409642,276.09252380412,31,63.9078362680559
-11.0052814558334,3.86639754759805,276.093771747804,31.5,63.9026071044815
20.1029305220179,3.92587576352147,276.092867851153,32,63.9121590193914
-7.28934984149294,3.87367012766132,276.093294355723,32.5,63.9086954821047
14.4323219340293,3.91523324035977,276.092373413636,33,63.9155530052362
-18.263427563787,3.85277628627961,276.094507213385,33.5,63.9068751308407
15.2748578054578,3.91679465996587,276.093642806729,34,63.9141329852047
-7.26227435709999,3.87379000650764,276.094082292879,34.5,63.9106823128445
21.1967949391512,3.92821280763486,276.093205609774,35,63.9207539778388
-21.1258718176614,3.84748027462392,276.0958346372,35.5,63.910716011992
22.9213574055137,3.93149094779698,276.095090457595,36,63.9216071034832
15.0523279573228,3.91679461379846,276.094040531217,36.5,63.9287592227072
-18.9273958114096,3.85188751035267,276.096257549581,37,63.919765863552
-33.3358192681011,3.82431372652907,276.10192137078,37.5,63.9039263366356
1.04272837339724,3.88941332202373,276.101799170281,38,63.9044217894098
8.55615554497483,3.90386128451071,276.100958723809,38.5,63.9084872498974
-14.7119935597525,3.85937203817972,276.102499849327,39,63.901496840689
-14.6419813891663,3.85931200374433,276.104184147327,39.5,63.8945396977894
14.1619425523999,3.91434992139191,276.10326127744,40,63.9012687500572
-11.2004920835883,3.86592656536693,276.104228950525,40.5,63.8959468320804
12.1043906858505,3.91048109057223,276.103330721759,41,63.9016982378141
12.7086013464058,3.91181566452356,276.102303097991,41.5,63.9077367344677
18.4224049146714,3.92291386507099,276.101260245812,42,63.9164901470106
6.26965237081112,3.89990186752221,276.100468809104,42.5,63.9194691746651
1.37052810983194,3.8905769716706,276.100054446973,43,63.9201203816059
-33.8346690029973,3.82347707192521,276.105673023146,43.5,63.9040438260526
-49.2961950601453,3.79422160978229,276.11632617109,44,63.8806207206461
-2.18088233831614,3.88264598971539,276.116628716395,44.5,63.8795844735924
4.96698998327733,3.89637382248454,276.115949978244,45,63.8819445407292
27.709240361851,3.9398839258165,276.115133721027,45.5,63.8951105965868
-1.45305300207348,3.88454849784743,276.114833075082,46,63.8944201779128
-10.122452025353,3.86790914732677,276.115696311696,46.5,63.8896104910704
-9.18257807893898,3.86958065215921,276.116489890235,47,63.8852473856829
15.5791093114347,3.91694063906515,276.115481709117,47.5,63.8926498052631
11.1982431391991,3.90878687203318,276.114440739417,48,63.8979706546531
-2.47424016054349,3.88272194841136,276.114307848338,48.5,63.8967950185212
-4.71003529805846,3.87840027248537,276.114487131868,49,63.8945570434985
-8.05231442706773,3.87193187160319,276.115088242951,49.5,63.8907309833054
15.4478653592536,3.91688139676413,276.114090786233,50,63.8980710422729
1.2233029116697,3.88984363619827,276.113604950498,50.5,63.8986522951061
-20.4985478738242,3.84828074672579,276.1161857692,51,63.8889124024644
20.0496493029558,3.92562481080911,276.115285411869,51.5,63.8984390007833
-42.1853217034665,3.80743622941735,276.123190509116,52,63.8783946294954
-6.88194296618548,3.87374624649259,276.123932799067,52.5,63.875124671737
-7.98238513954255,3.87156976723698,276.124538468856,53,63.8713318384708
-9.08265301907345,3.86937775432594,276.125300800309,53.5,63.8670162125127
13.9807637653521,3.91350075586783,276.124270087528,54,63.8736591776126
17.4198075539983,3.92028542009391,276.123109165583,54.5,63.8819362056469
23.7557600398,3.93260273215306,276.122087841174,55,63.89322376386
-30.8201604326701,3.82870786039703,276.126800272098,55.5,63.8785795531743
-48.7488070115394,3.79483317481973,276.137223713943,56,63.8554165394026
-26.9655062333187,3.83489894228684,276.141677107842,56.5,63.8426038690926
-0.844864445099001,3.88447646514316,276.141588293944,57,63.8422024314375
6.2282027761006,3.89808338757786,276.140750482512,57.5,63.8451617643016
-19.2349987316299,3.84943053035599,276.143096006539,58,63.8360222475045
-12.4863655207396,3.86209144691868,276.144434752224,58.5,63.8300893462861
-1.39667775754866,3.88322304435417,276.144280412526,59,63.8294257143304
-1.60151692358658,3.88285386691583,276.144073485901,59.5,63.8286647529689
-3.60678315161806,3.87902335951593,276.144080441115,60,63.8269509886138
-19.3188092824798,3.84894171194805,276.146510905686,60.5,63.8177716492023
-18.2359656637173,3.85077723450204,276.148864024394,61,63.8091068233387
26.0493275345846,3.93528038656874,276.147906765774,61.5,63.8214841709995
15.7373104175673,3.91604886966233,276.146596530661,62,63.828961759894
-1.0658411157163,3.88409699265008,276.146230200688,62.5,63.8284553250917
-5.35295607136447,3.87587799565539,276.146415627296,63,63.8259118660247
-15.6266867418233,3.85615760550115,276.148141039444,63.5,63.8184868400108
-6.73558466158735,3.87298606357425,276.148601526818,64,63.8152864244552
2.63855331202415,3.89090732708869,276.148028349825,64.5,63.8165401340422
5.19506719726539,3.8958769666794,276.14721673692,65,63.819008572152
-0.512445818060415,3.88502554915651,276.146848287083,65.5,63.8187650833311
7.6155799639703,3.90062807824069,276.145918813558,66,63.8223836289817
-24.8113128588065,3.83872809748633,276.149367802048,66.5,63.8105945244543
-12.1468158385984,3.86254486721461,276.150668662869,67,63.8048229603936
-21.0108753604561,3.84548937524758,276.153483518839,67.5,63.7948396351562
11.7933132838822,3.90805140996533,276.152479661731,68,63.8004432323467
-4.7407315092819,3.87655239909443,276.152520041961,68.5,63.7981906720079
8.11962460775568,3.90118235880374,276.151566742322,69,63.8020487146584
-13.7722554548091,3.85936175025767,276.152897510417,69.5,63.7955048223598
2.03334181551072,3.8894911456396,276.152408463219,70,63.7964709654792
12.2420936456229,3.90911068111291,276.151255664405,70.5,63.8022878008254
10.6479261379228,3.90625066927796,276.150115598694,71,63.8073471668877
13.3813176969278,3.91164040821302,276.148918214332,71.5,63.8137053049653
-16.8659350469631,3.85390284245821,276.150718559773,72,63.8056914496586
25.0080589272412,3.93376187332492,276.14978179511,72.5,63.8175740381535
-39.9565806384767,3.81042816506137,276.157001905256,73,63.798588654011
-27.3148271472491,3.83362916114755,276.161389140405,73.5,63.785610003739
-5.74727341745642,3.87442400416778,276.161794924822,74,63.7828791846383
-9.89210301564575,3.86644330747739,276.162600957259,74.5,63.7781789482135
-39.444135251291,3.81033233238158,276.17004043841,75,63.7594370526873
-49.9103276210943,3.79040909342504,276.181258700883,75.5,63.7357221419662
-43.6940452855125,3.80124450005989,276.19061315082,76,63.7149609001074
-14.2342426116336,3.85637778032512,276.192517416262,76.5,63.7081974944396
33.0326693337533,3.9465197109585,276.191647593192,77,63.7238929795519
-16.309037793807,3.8528599071404,276.193318331501,77.5,63.716143734182
-6.81094569015,3.87087361031106,276.193748264984,78,63.7129075108057
6.47078947183801,3.89631777709901,276.192779733261,78.5,63.7159821088285
-16.1203282745783,3.85317814255544,276.194524318739,79,63.7083225288568
-25.4661620904749,3.83521662144905,276.198376885907,79.5,63.6962222724736
-55.6376523345672,3.77869393737651,276.211704896707,80,63.669786021286
1.19837167018421,3.88521084145582,276.211565218564,80.5,63.6703554280305
-27.9652537864004,3.8295906626234,276.215981728721,81,63.6570677272991
-6.45790950240211,3.87033052361459,276.216464702151,81.5,63.6539992491986
-22.1603634862629,3.84030931903332,276.219580296803,82,63.643469744251
-18.1315613039635,3.84776671629553,276.221984666507,82.5,63.6348545261578
35.1919941041466,3.94933778066297,276.221145310872,83,63.6515760152374
-26.6910315481123,3.83191878562175,276.225001749047,83.5,63.6388937616762
9.98245819310813,3.90174519508157,276.223885103135,84,63.6436369303971
-10.7416440977966,3.8622286611274,276.224670570505,84.5,63.6385330342113
-4.47600302523956,3.87415217689284,276.224697995313,85,63.6364062597101
-27.7687508235168,3.82970870707693,276.229021510145,85.5,63.6232119274346
-33.9326192808287,3.81775131262165,276.235202414876,86,63.6070888307703
-22.3093039264729,3.83934778079739,276.238569105943,86.5,63.5964885567172
-1.93039719448732,3.87812082144504,276.238387234203,87,63.5955713277727
-8.59192597449745,3.86540975033867,276.23893168442,87.5,63.5914888709522
40.5712804576981,3.95887818046906,276.238460865978,88,63.6107663299423
-31.5195194100252,3.82238771816085,276.243466195854,88.5,63.5957898185786
-16.5377030395962,3.85043533365343,276.245537073276,89,63.5879319228322
-6.86054658464467,3.86879656918945,276.245893553448,89.5,63.5846721315724
2.002286320135,3.88577162713529,276.245142886011,90,63.5856235186617
-7.57072489867203,3.86751545429543,276.245460087295,90.5,63.582026285912
-37.3543756047778,3.81092006277213,276.252412506367,91,63.5642773404586
29.1920032683495,3.93720924770106,276.251243862074,91.5,63.5781479316623
-11.3528087078801,3.86027267714255,276.25197841229,92,63.5727536403849
-18.126729997212,3.84723336873917,276.254161552513,92.5,63.5641407178889
-47.301906766141,3.79217519274795,276.264412897511,93,63.5416651993066
-7.70655320974761,3.86638688646872,276.265160627232,93.5,63.5380034276844
10.2029101885312,3.90069973703506,276.263769846753,94,63.542851344253
24.5153673748092,3.92817756728769,276.262084950333,94.5,63.5544998301736
-9.25745783133631,3.86403786661939,276.262478969617,95,63.550101145644
-10.0671744490493,3.8624139936637,276.263188611751,95.5,63.5453177239625
13.4841096610518,3.90743048756304,276.261687118079,96,63.5517247036801
-33.7304329273694,3.81763489757802,276.267365297766,96.5,63.5356976759369
-30.7485921649282,3.82282010365502,276.272652879936,97,63.5210874709403
0.769718664284243,3.88257908071031,276.272143937418,97.5,63.5214532030497
11.1706625429902,3.90258187843221,276.270631714269,98,63.5267609475093
10.839731591948,3.90216578428512,276.269087476097,98.5,63.5319114500043
16.2126264985788,3.9126206189246,276.267388407353,99,63.5396148855114
-13.2871909539443,3.85645052550156,276.268424862659,99.5,63.5333014717907
-34.2723198601176,3.81651084059544,276.27440002161,100,63.51701696627
-50.5063503220531,3.78590081884741,276.285883211549,100.5,63.493018855141
-31.7898140269261,3.82008784324631,276.291699499118,101,63.4779139131897
1.50919442558557,3.88324809516761,276.29109821614,101.5,63.478631007482
13.2191266544437,3.90577228864505,276.289434736556,102,63.4849120804255
-2.7016374759347,3.87555411700556,276.288956023838,102.5,63.4836283963745
-29.0630088170644,3.82532100153905,276.293535945332,103,63.4698190969322
-4.7301114009316,3.87136850332295,276.293608137886,103.5,63.4675715827419
13.5301618191685,3.90633989027494,276.291965943968,104,63.4740004441595
-14.6094912425719,3.85274152466206,276.293260775347,104.5,63.4670587389651
-2.13813192749272,3.87647259007103,276.292876668225,105,63.466042804785
-7.80873997849775,3.86564854602459,276.293149845061,105.5,63.4623324790817
-12.6855184384564,3.85627622704199,276.294238124918,106,63.4563049502804
-36.1348482461326,3.81171234311865,276.300844827872,106.5,63.4391354637047
7.9813344995794,3.89531934353116,276.299705974828,107,63.4429277977589
-22.2824696539683,3.83763472501468,276.302604296761,107.5,63.4323402740203
-42.8672951652633,3.79866278194576,276.311449260679,108,63.4119718627885
-16.0514829135907,3.8487489881498,276.313519412616,108.5,63.4043449947157
-26.2848411789823,3.82915074992711,276.317615853117,109,63.3918557426593
1.92985741009319,3.88280200494173,276.316870952613,109.5,63.392772715125
-33.7154598042991,3.81498653146591,276.322801748963,110,63.3767528018668
-8.61895442306878,3.86233771370701,276.32348063235,110.5,63.372657502469
0.138829464198828,3.87911255065768,276.322772322473,111,63.3727234673405
-6.72568559751354,3.86605450214694,276.322874192925,111.5,63.3695277553289
28.2413470330792,3.93275883395949,276.321131509874,112,63.3829466418691
3.64143249759774,3.88638792190247,276.319853120487,112.5,63.3846768698739
13.9017011190837,3.90611170633575,276.318070343962,113,63.3912822683279
-10.3545672835946,3.85995390099511,276.318577615354,113.5,63.3863622918343
12.3898617884112,3.90338390105145,276.316944965262,114,63.3922493392685
-5.59799815875408,3.86919370054299,276.31675342856,114.5,63.3895894483625
-15.981886739148,3.84931879254734,276.318351471088,115,63.3819956489379
1.51487694878625,3.8826188677313,276.31751603446,115.5,63.3827154432832
7.25677260904074,3.89368364726623,276.316089218743,116,63.3861635014857
-10.4782470156766,3.85989501960834,276.316639186013,116.5,63.3811847585214
-1.99361051973802,3.87603487637746,276.31613642498,117,63.3802374937419
-27.0158495504955,3.82835331849175,276.320109134731,117.5,63.3674009027861
1.48237430386654,3.88239815731558,276.319362498273,118,63.3681052534875
-26.9167478746487,3.82830094811818,276.323313601545,118.5,63.3553157507298
-4.82072273819211,3.87010262264619,276.323298309276,119,63.3530251825289
27.3827076829764,3.9314925054321,276.321560354616,119.5,63.3660360862627
30.0739804034062,3.93698503401178,276.319847758786,120,63.3803257492301
8.34995416270979,3.89618982221991,276.318224368052,120.5,63.3842932330542
7.66527720587238,3.89501968801146,276.316740380269,121,63.3879353923678
-8.48922241792694,3.86425236079507,276.31693456007,121.5,63.3839017351804
-34.7816208378312,3.81429531873205,276.322890620095,122,63.3673752351108
21.3336411086285,3.92064773839013,276.321296928876,122.5,63.3775119226134
14.5020088286999,3.90799407347213,276.319438361399,123,63.3844025574989
-27.0485474990919,3.8289822534468,276.323188640685,123.5,63.3715504301006
-15.0937790586792,3.85132954042187,276.32472121521,124,63.3643786153704
-26.6826565848648,3.82915037808252,276.328646631496,124.5,63.351700341176
-1.06180494995626,3.87766771279678,276.328132389081,125,63.3511958241593
-34.8680701282817,3.81345479718143,276.334154719169,125.5,63.3346282476773
32.5704751259933,3.94121198227015,276.332866146958,126,63.35010412104
25.84253609138,3.92904139810225,276.330941631929,126.5,63.3623832116696
-0.446001571395077,3.87936504364575,276.330011900961,127,63.3621712938572
-12.3282727030271,3.85667316792873,276.33082423678,127.5,63.3563135104999
12.7566978051397,3.90446990953337,276.329174693329,128,63.3623748602037
-31.3722579180978,3.82062844688835,276.334019259467,128.5,63.3474683201927
-29.4108830710612,3.823908071198,276.338734835393,129,63.3334937281693
21.2018767557686,3.91998830361355,276.33703374808,129.5,63.3435678077906
-9.43816890026753,3.86185427384372,276.337273351265,130,63.3390832583295
-13.9604746513273,3.8531315348656,276.338440228716,130.5,63.3324499336097
-7.34398896162143,3.86562115885353,276.338588290405,131,63.3289604345248
21.5579202370348,3.92071790495703,276.33673904068,131.5,63.3392036883386
0.852250291677255,3.88158686027125,276.335681339497,132,63.3396086353815
-36.1640740896927,3.81133265752269,276.341938617526,132.5,63.3224252621354
23.3494571618872,3.92403310816783,276.340317724273,133,63.333519765385
-24.7124811241716,3.83280143977201,276.343465363849,133.5,63.3217776207931
12.0591877331947,3.90264818735166,276.341890063614,134,63.327507548327
22.6590111971091,3.92299536442399,276.339960507062,134.5,63.3382739859197
10.6160656367724,3.9004410734111,276.338194515688,135,63.3433182134531
4.37074157149302,3.88868157022534,276.336873913465,135.5,63.3453949729354
-31.5616968385933,3.8203966842236,276.341747021572,136,63.3303984209509
4.53398911521659,3.8886630319435,276.340690924743,136.5,63.3325527475643
7.67885080857495,3.89476735610254,276.339160326331,137,63.3362013563803
2.04551299569672,3.88413764384223,276.338045846435,137.5,63.3371732826405
26.4958548738409,3.93069385193419,276.33632444432,138,63.3497627979325
3.8698669423557,3.88805462496689,276.334981301997,138.5,63.3516015666486
-23.3428517273509,3.83623367490978,276.337822828042,139,63.3405102019737
-27.8240952335061,3.82744834862003,276.341948693972,139.5,63.3272895727811
-22.2979759301298,3.83754083905237,276.344871903677,140,63.3166946812296
-39.0618651437127,3.80573050929461,276.352194987824,140.5,63.2981344214871
-48.819297353351,3.78715073401747,276.363011259764,141,63.2749379142032
-9.29934757742561,3.86093115799872,276.363775477411,141.5,63.2705193257452
-13.5153402424645,3.8528377096363,276.364891395162,142,63.2640975068053
-10.1314473222974,3.85919307823067,276.365457283718,142.5,63.2592835458442
-1.36362923808494,3.87590060504666,276.364777092617,143,63.2586356169048
-20.2383770676341,3.83992208241729,276.367142030223,143.5,63.2490193445184
-35.5118793216744,3.81086556666401,276.373553715724,144,63.2321458618588
-6.65327311368942,3.86521935214695,276.373784334346,144.5,63.2289845566657
21.2203731108779,3.91840940578179,276.371757235721,145,63.2390674248371
-2.3082162826921,3.87390183104263,276.370983559902,145.5,63.2379706750124
17.375468032252,3.9115004823247,276.368994563547,146,63.2462266351065
-18.3846279187605,3.84354145654032,276.370804576096,146.5,63.2374911723172
-24.8682451288619,3.83102828242861,276.374297500068,147,63.2256750164006
4.82189101943514,3.88738280087447,276.373087356328,147.5,63.2279661397108
-16.6706030601516,3.84645095708697,276.374652118853,148,63.2200450964702
-15.3025595213256,3.84888800942413,276.376115696919,148.5,63.2127740796256
-20.2686417800731,3.83928980140397,276.378584468646,149,63.2031434269498
-17.5767677217424,3.84420052837365,276.380548611882,149.5,63.1947918192335
12.6331338392392,3.90175055411918,276.378764182755,150,63.200794457473
23.672703540272,3.92295090507524,276.376650157927,150.5,63.2120425513594
0.522391040469239,3.87924562068196,276.375525899875,151,63.2122907656565
9.82327633887619,3.89706336893037,276.373785338125,151.5,63.2169582990602
-20.4209344150429,3.83951761679196,276.376029026536,152,63.2072552844824
36.0795873168683,3.9466231173177,276.374756072685,152.5,63.224398513807
24.2882199909948,3.92500064467019,276.372667999531,153,63.2359390705637
-22.8342500122517,3.8356188875177,276.375281204606,153.5,63.2250893681828
3.04774668956623,3.88466072788074,276.374189621851,154,63.2265375061552
-24.6236148268803,3.83200437872621,276.37735571976,154.5,63.2148375864175
3.08430240774598,3.88450072987218,276.376272633335,155,63.216303093853
-15.4765528925742,3.84914510193974,276.377546009559,155.5,63.2089494039934
7.16474786816161,3.89220530531094,276.376069244527,156,63.2123537366061
-4.12470923522874,3.87077649124178,276.375546014522,156.5,63.2103938794798
-16.9685403252275,3.84625451442407,276.377149908608,157,63.202331271237
-0.211391924802857,3.87804452947777,276.376332749336,157.5,63.2022308282853
9.03497862362567,3.89574472254153,276.374640187327,158,63.2065238017367
-25.5639785167893,3.82996595682379,276.378012103424,158.5,63.1943770678422
30.5748673253594,3.93640278096791,276.376428216159,159,63.2089047274166
-27.881735589325,3.82574835793661,276.380227872983,159.5,63.1956567103876
2.20941539317912,3.88267359544629,276.379244127692,160,63.1967065149329
16.7735980201262,3.91050607437807,276.377242046813,160.5,63.204676496267
29.5887606018972,3.93498342985684,276.375417217795,161,63.2187356068653
-11.2566228834906,3.85772314681777,276.375776172849,161.5,63.213387018318
0.508525606375947,3.88004309760453,276.374830267948,162,63.2136286444489
-28.4178867321809,3.82504966694496,276.378879989205,162.5,63.200125875005
-4.60041335745151,3.86994739832697,276.378655241115,163,63.1979399868883
16.5104481929436,3.91018800616729,276.376708379247,163.5,63.2057849324842
-27.5165452651509,3.82661613367682,276.380453371543,164,63.1927104357734
-7.30951540996905,3.86465747314279,276.380589357519,164.5,63.1892373168094
-13.1937083965913,3.85337211536531,276.381507186149,165,63.1829683213606
-14.4332546064111,3.85087053300402,276.382696831177,165.5,63.1761103550694
-10.5567141295482,3.85810902975903,276.383239199874,166,63.1710943284268
13.2696544728249,3.90349919144528,276.381388597656,166.5,63.1773994096819
-35.5062238293834,3.81102651839196,276.387353932343,167,63.1605286142315
-3.84775047828759,3.87061164869208,276.387105288966,167.5,63.1587003541615
-12.9309057992446,3.85327436483714,276.387978163808,168,63.1525562294646
-20.6704191196596,3.83842330281805,276.390436018842,168.5,63.1427346721366
14.2753704123517,3.90486179737206,276.388591052696,169,63.1495176196942
-18.3753171578431,3.84281874964968,276.390376320553,169.5,63.1407865809164
-44.6064881463047,3.79333710478364,276.399518224214,170,63.1195917914932
5.28079304156071,3.88722167275579,276.398387134181,170.5,63.1221009622699
-50.4725870149748,3.78211204716907,276.409494882094,171,63.0981188937888
-62.8378595857755,3.75897687183135,276.426215074216,171.5,63.0682614614494
-12.4902227217927,3.85199886806248,276.427669919014,172,63.0623267274805
-34.4910168595488,3.81023708457116,276.433868395452,172.5,63.0459383079992
-34.8962252417443,3.80909616837882,276.440429777928,173,63.0293573536044
-2.92430353229688,3.86951553984846,276.440074763527,173.5,63.0279678696941
-15.5460802309917,3.84547112733679,276.44153443415,174,63.0205811438938
-26.8220530011409,3.82393775563085,276.44566213741,174.5,63.0078366354404
-6.01662995261209,3.86332702960802,276.445651644527,175,63.0049778314819
-13.6006979743852,3.84886412914833,276.44674681756,175.5,62.998515454784
17.733001221494,3.90863613743116,276.444539000208,176,63.0069412969058
-18.2361545236976,3.84031291670788,276.446357151537,176.5,62.9982763813054
-15.6056460987596,3.84516235575203,276.447888447764,177,62.9908613527609
-11.6579193187961,3.85257854746806,276.448662352319,177.5,62.9853220880632
-34.8840034016483,3.80848253961466,276.454945757267,178,62.9687469408804
-6.77070894115114,3.86147657361,276.455094957431,178.5,62.9655298360103
-31.8914205898048,3.81373054655499,276.460510824482,179,62.9503766156628
-0.183713866989518,3.87376752575528,276.459724417295,179.5,62.9502893239506
28.8781134708265,3.92911953390995,276.457415054225,180,62.9640107703005
0.750874921030961,3.87615942837363,276.456083431446,180.5,62.9643675487983
9.46658396532712,3.89289194434072,276.45412628809,181,62.9688655996882
-12.5879014822399,3.85096489770622,276.454813396912,181.5,62.9628844536199
-31.1843884494491,3.81558673435471,276.459916467214,182,62.9480671798567
-9.34899416056293,3.85668788924616,276.460379534821,182.5,62.9436250018063
12.2130533104901,3.89783716210007,276.45831279376,183,62.9494280386264
-19.3462288705719,3.83784951640633,276.460328481655,183.5,62.9402356707875
19.3422861040565,3.91143717511451,276.458101098058,184,62.9494261652194
-6.45560601268969,3.86258603108686,276.457716246186,184.5,62.9463587816229
-40.909900299964,3.79740124529407,276.465654121694,185,62.926920427289
-28.7617259048264,3.8196398002369,276.47039961153,185.5,62.9132542825344
-40.805782534194,3.79673943143031,276.478668324077,186,62.8938653997955
11.5356461608058,3.89567348492086,276.476855986367,186.5,62.8993465663567
-20.9425550968213,3.83393597357191,276.479273657877,187,62.889395703518
10.0206176393998,3.89285389156902,276.477372181144,187.5,62.8941570037141
-33.2868407272106,3.81065880375346,276.482959734921,188,62.8783407489696
-14.9937232056837,3.84492574663257,276.484464782014,188.5,62.8712164758152
-26.0947988989116,3.82372242696715,276.488334101601,189,62.8588175224188
-27.9220138808198,3.8199994431164,276.492807537307,189.5,62.8455503671446
5.13556986870784,3.88276280467217,276.491334698206,190,62.8479905350766
6.78938676689819,3.88610051821856,276.48946177327,190.5,62.8512165147226
34.6320204452862,3.93893633089393,276.487288278377,191,62.8676719321101
1.86550976745728,3.87743682031227,276.485730949211,191.5,62.8685583297695
11.60268874205,3.89609562055408,276.483556572432,192,62.8740713516381
-29.854840790355,3.81740627905167,276.488031992122,192.5,62.8598858129393
-39.9942001578536,3.79804659209423,276.495897684076,193,62.8408825538682
-9.63698660018398,3.8549428623354,276.496435174264,193.5,62.836303536103
-15.9041941273477,3.8429489372952,276.497866876049,194,62.8287466523518
0.0637457876442031,3.87331327386228,276.496790101319,194.5,62.8287769411865
8.38698872156711,3.88929442162639,276.494797887338,195,62.832762021995
-1.61934447871783,3.87038280766815,276.493747526476,195.5,62.831992589864
-45.6525338483825,3.7872549337149,276.503284597036,196,62.8103007714367
-5.50046213786572,3.86246137769454,276.50321515598,196.5,62.8076872248073
11.7601796259083,3.89543411858137,276.501020659705,197,62.8132750785279
-7.09860525135619,3.85967910618667,276.500706680908,197.5,62.8099021736041
33.8263261928803,3.93729145135459,276.498565775404,198,62.8259747650681
-6.70566408917342,3.86094814815343,276.498056352243,198.5,62.8227885662836
25.5470680800297,3.92223791647304,276.495659202525,199,62.8349272651778
7.64640689265221,3.88869570917143,276.493594443663,199.5,62.838560458255
40.7377467425842,3.95112952974513,276.492082376585,200,62.8579170137622
-6.13686235489727,3.86313659219617,276.491429239389,200.5,62.8550010813332
2.58115500594037,3.8796972341272,276.489970657991,201,62.8562275180937
-9.95106064365017,3.85585744952875,276.490073726897,201.5,62.85149926793
-22.7083101843597,3.83151055428825,276.492767409077,202,62.8407094059051
-28.6248959201456,3.82005559352248,276.497053404085,202.5,62.8271082759686
17.9794250434821,3.9083232285456,276.494839517321,203,62.835651206461
3.21308828770606,3.88053654115599,276.493174079418,203.5,62.8371779065553
-37.7225292305837,3.80305832189734,276.499816263395,204,62.8192540327697
0.56898850306858,3.87510576912041,276.498816086583,204.5,62.8195243878684
20.5122883882726,3.91309078857532,276.496355336082,205,62.8292708093206
5.0948570067125,3.88413154317163,276.494505583411,205.5,62.8316916325212
-22.6900761764119,3.83134410767548,276.497091844239,206,62.8209104343919
-29.6864108777078,3.81786026272355,276.501660392754,206.5,62.8068049252288
-22.8365194153912,3.83042103751495,276.504628384525,207,62.7959541445401
0.797037268304122,3.87517464447113,276.503469046599,207.5,62.7963328570944
-9.62829279390115,3.85536112843069,276.503568341715,208,62.7917579701945
-9.10652667018039,3.856286993169,276.503655973274,208.5,62.7874310006622
-20.583765572467,3.83438857338667,276.505952833334,209,62.7776506167994
0.834415073839546,3.8749822323823,276.504771189616,209.5,62.7780470894319
-7.76810843862084,3.85864536364021,276.504578731691,210,62.7743560698198
-1.50899493101389,3.87054980591304,276.503572324525,210.5,62.7736390703174
-9.6485469976014,3.8550621805358,276.503694617254,211,62.7690545596251
-17.7480522038002,3.83957097625707,276.505391592231,211.5,62.7606215660234
18.5315176397158,3.90849075260896,276.503033984455,212,62.7694268235182
-16.1295190968673,3.84279605363027,276.504203228341,212.5,62.7617628765239
-6.04024387597343,3.86185229154393,276.503866274814,213,62.758892852401
-27.8737595920725,3.82035894827352,276.50789927911,213.5,62.74564862517
30.696916894178,3.93121495061965,276.50575067659,214,62.7602342766425
14.7458935876618,3.90160328721265,276.503245919798,214.5,62.7672407934618
-25.7787805812849,3.82475482869388,276.506530572348,215,62.7549919962865
-7.50979618860315,3.8591369714542,276.506475426346,215.5,62.751423713836
-43.8000107592319,3.79068089191426,276.51525881195,216,62.7306121224431
-13.1274708440227,3.84783421603368,276.516365119676,216.5,62.724374599792
-17.6224424609792,3.83917941501786,276.518086913395,217,62.7160012897063
-16.9282763583213,3.84033344957356,276.519708991725,217.5,62.7079578129023
-44.2045431468433,3.78891297777792,276.528886200669,218,62.686954007795
-24.3440402858446,3.82556681662311,276.532513357125,218.5,62.6753869280044
-25.7771314193007,3.82261717638988,276.536328046005,219,62.663138914429
-26.3098477840999,3.82135381557847,276.540315319768,219.5,62.6506377804749
3.04458279229461,3.87704009573519,276.538917256844,220,62.6520844151203
-28.1043171422925,3.81787278581033,276.543120872812,220.5,62.6387306383836
-18.0224381530094,3.83669258828186,276.545152828505,221,62.6301672701962
-22.7355199064332,3.82759833914831,276.548187310568,221.5,62.6193644794618
-7.4097224752432,3.85659648034872,276.548162847798,222,62.6158437470734
-4.63086916202092,3.86192066905415,276.547573532912,222.5,62.6136433878698
-23.5836504550676,3.8258517509317,276.550686700977,223,62.6024376075899
-30.3637976253266,3.81280692319832,276.555774172643,223.5,62.5880102378618
14.5535327102194,3.8980446399345,276.553475424433,224,62.5949253543387
-21.4929630739814,3.82961018059055,276.555949559864,224.5,62.584712964945
-6.41291228751012,3.85815477841903,276.555726689807,225,62.5816658672879
-0.63328005320249,3.86921794852953,276.554557620659,225.5,62.5813649640352
15.6513028537446,3.90034237772797,276.551984482737,226,62.5888016864039
33.0287293008257,3.93336088700683,276.549437783778,226.5,62.6044952994081
-4.54557208314402,3.86267455363484,276.548531137166,227,62.6023354691432
7.23032808105061,3.88513298335495,276.546516201878,227.5,62.6057709622184
3.48611888907661,3.87815356799628,276.544766873997,228,62.6074273929044
31.0777790780923,3.93045848130976,276.542298933697,228.5,62.6221940111851
-1.33182101502297,3.86953943877333,276.540964500027,229,62.6215611959348
-5.87840616703985,3.86088597243017,276.540405618791,229.5,62.6187680690595
-5.06245333491807,3.86240095112659,276.539765557914,230,62.6163626424757
-26.575347969667,3.82151745273758,276.543384977442,230.5,62.6037353560097
1.36646761000538,3.874322334702,276.54210452009,231,62.6043846336025
-27.9433200432493,3.81869204215453,276.546065148612,231.5,62.5911073546973
-0.53559520996744,3.87044778282406,276.545018601985,232,62.5908528664342
-11.8260350831498,3.8489772872964,276.545454383597,232.5,62.5852337214686
1.18916533054854,3.87369955903674,276.544075289192,233,62.5857987538174
13.0956706437357,3.89644622129303,276.541654451925,233.5,62.5920211665916
9.08821083747674,3.88906094822828,276.539412702205,234,62.5963394333491
7.27686165391459,3.88578263636767,276.537332382545,234.5,62.5997970368688
-5.79191142023217,3.86101569323772,276.53671236646,235,62.5970450080046
-58.0244659349119,3.76333779193003,276.550745923154,235.5,62.5694746614476
10.5203194270554,3.89131258231214,276.548963987356,236,62.5744733951338
10.9150603883873,3.89227608849313,276.546593461014,236.5,62.5796596901346
-0.0285980342629308,3.87164089391716,276.545189501903,237,62.5796461017679
-43.2527617231183,3.79007012659618,276.553707396183,237.5,62.5590945359579
-11.5060804741303,3.84926653381164,276.554445048802,238,62.5536274175438
-19.8771771146082,3.83326632105513,276.556585538872,238.5,62.5441827694493
-12.111667490116,3.84782898272724,276.557229028519,239,62.5384279061394
48.1433579667548,3.96124680704046,276.556186518805,239.5,62.5613032405725
28.8379258094557,3.92618717619634,276.55345968552,240,62.57500559174
-1.56783954135682,3.86901140925019,276.552122619777,240.5,62.5742606321992
-16.484138302118,3.84062554901036,276.553346332795,241,62.5664281877577
24.7187580679964,3.91869271210051,276.550844564835,241.5,62.5781733148418
-31.9694250827097,3.811591089993,276.555604262106,242,62.5629830306305
-21.4880523758131,3.83091495332577,276.558169245695,242.5,62.5527729745569
-21.777077901545,3.830116811669,276.560738296205,243,62.5424255878973
1.07359524234148,3.87335354670107,276.559405597073,243.5,62.5429357070758
-39.9436909083615,3.79585263669706,276.566837470161,244,62.5239564474934
-29.3328255985134,3.81518247334649,276.571554424602,244.5,62.5100189445071
-7.19083685265658,3.85686328064515,276.571420495827,245,62.5066022157037
-26.0843567850612,3.82096027290989,276.575016280252,245.5,62.4942082238816
0.817245202602047,3.87185406041001,276.573747640669,246,62.4945965382434
27.8854667382961,3.92324395858491,276.57103050363,246.5,62.5078463281293
-13.167210660557,3.8457564893924,276.57149109213,247,62.5015899230896
-44.7481628249091,3.78627408114901,276.580689997333,247.5,62.4803278168902
-10.440358704175,3.85027159620535,276.581240850434,248,62.4753670765711
10.4701654682246,3.89007515654276,276.578939327286,248.5,62.4803419795852
30.6413146275458,3.92835306122856,276.576254618065,249,62.49490121162
-33.0279659341325,3.80821792474214,276.581378676206,249.5,62.4792079613297
-13.4705034229278,3.84476864255025,276.582317493444,250,62.4728074466213
-2.29900392441715,3.86594384778742,276.581294806108,250.5,62.471715074052
-28.9849758970231,3.81531463167985,276.585556888114,251,62.4579428519807
1.72964149879023,3.87334150104185,276.584175226826,251.5,62.4587646917818
-8.53496821712001,3.85387162864473,276.583971977365,252,62.4547092984609
-12.5792551044674,3.84612360715368,276.584551118443,252.5,62.4487322607222
39.8246094068297,3.94507192407821,276.582536338271,253,62.4676549386849
-11.6116451336964,3.84849547895702,276.582626158253,253.5,62.4621376611835
8.81816368903312,3.88729590480492,276.580445552546,254,62.4663276149381
-5.93904371596426,3.8593612374036,276.57975388158,254.5,62.4635056761089
14.9314541812109,3.89903572519688,276.577204109369,255,62.4706003621132
19.934301621656,3.90874095298765,276.574427567391,255.5,62.4800721529385
8.71153679246001,3.88777989336506,276.57210001693,256,62.4842114428835
17.1336338539894,3.90389131701698,276.569448412017,256.5,62.4923524953779
-36.3890658435014,3.80278339984543,276.575459739968,257,62.4750622172163
-24.7277676124283,3.82416071609886,276.578783031935,257.5,62.4633128092438
-0.0984367423717103,3.87065282811301,276.577557318065,258,62.4632660369891
-9.96581737758122,3.85190994921519,276.57755503274,258.5,62.4585307751578
3.02532186477751,3.87656749684925,276.575872763257,259,62.4599682579664
-31.0480744690259,3.81202347662725,276.580546678176,259.5,62.4452157538417
-26.579519879547,3.82003453874005,276.584360589264,260,62.4325864850912
-15.2224591108599,3.841232203409,276.585576678875,260.5,62.4253535279864
-17.7979217126331,3.83620279705152,276.587234544891,261,62.416896838869
-16.913160093148,3.83771041685633,276.588737961199,261.5,62.408860544564
-2.25499728246148,3.86547151086283,276.587732527237,262,62.4077890817671
-8.09726860946101,3.85438221831599,276.587476278654,262.5,62.4039416615775
-22.6665649335588,3.8266591474329,276.590186968868,263,62.393171634824
44.7158605623697,3.95360662264647,276.588671963535,263.5,62.4144183925914
-6.59912502590124,3.85765872212004,276.587910215668,264,62.4112828158824
-18.9869509413231,3.83406178914316,276.58969320881,264.5,62.4022611590851
-13.676802503579,3.84393519389822,276.590515328885,265,62.3957626212918
8.95269981100597,3.88690622900086,276.588317541341,265.5,62.4000164999347
-52.3100824731241,3.77177814591684,276.600057583006,266,62.3751613448037
-33.8786840376863,3.80515071670056,276.606216895784,266.5,62.3590638754903
-20.5146587513097,3.82995217235914,276.608700348746,267,62.3493163277592
19.5737310226877,3.9060253420347,276.605987409059,267.5,62.3586167933303
-8.0496842904382,3.85384610124964,276.605566895473,268,62.3547919828476
20.698538882518,3.90845971748036,276.602768903996,268.5,62.3646269012914
-21.708600699024,3.82821994626802,276.605009373054,269,62.3543120516
12.5751018365894,3.89320193334784,276.602602541831,269.5,62.3602871159119
-1.7393017919615,3.86620222666336,276.601278415339,270,62.3594606860189
-3.72656730739619,3.86244982182241,276.600307689833,270.5,62.3576900061777
-1.71631667723303,3.86628759541736,276.599084123317,271,62.3568744976705
-16.2230949806723,3.8387082909647,276.600255141734,271.5,62.3491660880602
-9.78965767265072,3.8507763657622,276.600342208493,272,62.3445145285782
-18.9212527765551,3.83334896644394,276.602166789531,272.5,62.3355240882883
-40.9580773304099,3.79175428727851,276.610167501875,273,62.3160628426204
-23.5095073380714,3.82395491283706,276.613418940703,273.5,62.3048922914701
-2.61734273637091,3.86346268447152,276.612495680113,274,62.303648660096
-12.1370587243322,3.84537422291095,276.612944358058,274.5,62.2978817321318
-11.9650233250736,3.84562195027334,276.613432859599,275,62.2921965468514
-36.8009823344856,3.79863017495091,276.620142964986,275.5,62.2747105464161
-42.1928302951455,3.78814854196552,276.628937856478,276,62.254662607418
16.2789628864053,3.89844560581995,276.626458486724,276.5,62.2623975626845
-29.4024202342035,3.81192794183056,276.630831790528,277,62.2484269917811
-31.6636672003576,3.80734971783196,276.636242385335,277.5,62.2333819885413
0.211614609435252,3.86757845466373,276.635013671944,278,62.2334825373017
-38.0320130084861,3.7952113965374,276.642136512547,278.5,62.215411612184
7.91795271307705,3.88197521049071,276.640130560932,279,62.2191738303587
-7.15280790123554,3.85345110564473,276.639643772411,279.5,62.2157751710258
-23.5648281473325,3.82223526608842,276.642657009757,280,62.2045783341724
-32.9910210638416,3.80422793203755,276.648428497757,280.5,62.1889026382509
-33.7001258487644,3.80253045553958,276.654565484844,281,62.1728900109274
-45.020741050679,3.78106355966325,276.664543080488,281.5,62.1514983890827
9.05105432165206,3.88298291392612,276.662481928108,282,62.1557990009079
-39.1086511096737,3.7918197004703,276.670027106466,282.5,62.1372165107963
-10.5139845228276,3.84547632961779,276.670570003167,283,62.1322207871421
14.3169152301203,3.89283608456793,276.667791290445,283.5,62.1390234747354
0.112275010440502,3.86609511811641,276.666169434604,284,62.1390768222484
9.9221721080752,3.88490358630958,276.663615831935,284.5,62.1437913460136
38.5977612270959,3.93901691542082,276.660940484922,285,62.1621310866077
3.40724536547255,3.87334034729307,276.658791297852,285.5,62.1637500405096
-15.4720426361593,3.83748552964076,276.659753297865,286,62.1563984937
3.18889478122084,3.87289301176515,276.657933729622,286.5,62.1579136982406
10.1644497657335,3.886280326018,276.655356561076,287,62.162743340325
-37.6603531828811,3.7958662205881,276.662053130184,287.5,62.1448490095116
-40.5039458285095,3.7900857940757,276.670176691056,288,62.1256035445956
7.7909416230169,3.8810660981449,276.668122215123,288.5,62.1293054134037
15.4508062137982,3.89580782869981,276.665171619837,289,62.1366468697194
-16.5519889246705,3.835199343227,276.666284300579,289.5,62.1287821860293
1.97674494323942,3.8703366237762,276.664595654501,290,62.1297214371239
-2.69687093627819,3.86153492551768,276.663365471772,290.5,62.1284400178961
-26.9996227829973,3.81541473555581,276.667080754807,291,62.1156111370949
-0.167535273722541,3.86609838255658,276.665746147827,291.5,62.1155315326473
-18.0052603838697,3.83221479284865,276.667287495092,292,62.1069763264832
-12.5834445219822,3.84235167357957,276.667862956626,292.5,62.1009972981413
10.5288536354783,3.88628793245954,276.665341415398,293,62.1060000868598
3.49318275014173,3.87312873981079,276.663296706841,293.5,62.107659873942
-19.7570340707937,3.82899705673937,276.665177269221,294,62.0982723118594
-36.2577481422222,3.79771905194864,276.6717285388,294.5,62.0810444293524
-16.7194348106885,3.83412540741905,276.673338748717,295,62.0731001836874
15.3644541607768,3.89506327362118,276.670542907182,295.5,62.080400609793
17.0435554855506,3.89853150493935,276.667481952439,296,62.0884988615171
36.2429134115881,3.93479682615892,276.664697513711,296.5,62.1057196952963
-12.0090876230305,3.84415058615599,276.664744055529,297,62.1000135728484
-27.4500012303633,3.81479000543053,276.668553144438,297.5,62.0869706945605
-15.5423690761445,3.83698546125456,276.669741099065,298,62.0795857321168
-14.6667836830262,3.83850294068138,276.670661431484,298.5,62.0726168043981
-26.609047109982,3.81575488180917,276.674363764463,299,62.059973505773
12.4402320760336,3.88967799363692,276.671812351455,299.5,62.065884486668
-16.6046649306302,3.8346611469073,276.672935203558,300,62.0579947739542
-12.121544576514,3.84302512342249,276.673377718749,300.5,62.052235217543
-17.4884848903903,3.83273457527158,276.674881976193,301,62.0439255574468
-30.9309193993659,3.80717150784878,276.679838635524,301.5,62.029228719597
-24.5726269715456,3.81879748267521,276.683243285593,302,62.0175530267577
-1.71614322448188,3.86202422539602,276.682088347332,302.5,62.0167376006667
8.27228880934732,3.88112590687359,276.679631385567,303,62.0206681817693
-24.226529958972,3.81950744525846,276.682587351149,303.5,62.0091569370542
-51.3997319444258,3.76863231040798,276.694584384725,304,61.9847343353152
-3.54601387569643,3.85795420078682,276.693970558519,304.5,61.9830494455041
-30.3960198689521,3.80703799105493,276.698774556157,305,61.968606765365
-32.5300293071028,3.8026969990452,276.704482977785,305.5,61.9531501098481
-2.82136792324231,3.85876424620843,276.703569157758,306,61.9518095358307
4.24974262085052,3.87233763659777,276.701480607586,306.5,61.9538288026166
5.14297798880797,3.87420701384637,276.699242973206,307,61.9562724905197
17.4759262565591,3.89778535262698,276.696126882709,307.5,61.9645761833764
13.7991952738457,3.8911426943691,276.693132523441,308,61.97113287614
-21.355476856025,3.82454423376697,276.695299041822,308.5,61.9609858133739
-8.81997399088557,3.8481379997591,276.695167733438,309,61.9567949994538
-15.5861998030982,3.83522136463841,276.696234793311,309.5,61.9493892108238
7.20583747069223,3.87849762182886,276.693938239046,310,61.9528130671765
10.1444528982878,3.88425983596068,276.691243249154,310.5,61.9576332077418
-3.75975970742169,3.85800872708262,276.690058880574,311,61.9558467565193
1.68663084850586,3.86839832654224,276.68825047752,311.5,61.9566481597939
-24.8034578451843,3.81815001832388,276.691323497625,312,61.9448627875792
-25.7379711193225,3.81609913544413,276.694893042077,312.5,61.9326333810349
2.05758224757561,3.86865100761694,276.69322335798,313,61.9336110420047
18.1256499262803,3.89925651631424,276.690131963017,313.5,61.9422234513046
-22.8185406192423,3.82179275074015,276.692605516731,314,61.9313812132475
13.6261049078126,3.89081674917874,276.689904940115,314.5,61.9378556620594
-33.2308082491053,3.80221327609539,276.695210958529,315,61.9220660311678
-0.745188383616676,3.86336941374082,276.693950096818,315.5,61.9217119546303
26.8792082564407,3.91572476944274,276.690788452686,316,61.9344836204245
8.88245969977866,3.88218430921329,276.688100445309,316.5,61.9387041244525
-2.37682111075591,3.86094323024159,276.686709594031,317,61.9375747770182
-4.56573284491488,3.85679330410101,276.685704316332,317.5,61.9354053673599
-63.2208619889785,3.74758666241635,276.702096314794,318,61.9053659512863
-2.76443539470746,3.85939645168846,276.701430555279,318.5,61.9040524287809
-23.1526587500607,3.82070323927834,276.704152842188,319,61.8930514343699
-19.2699288241927,3.82781206938729,276.706138143199,319.5,61.8838953205263
3.12127139629189,3.87025152542334,276.704266823869,320,61.8853783937904
-8.74861963066725,3.84777332251997,276.703918088006,320.5,61.881221483921
31.4317617187763,3.92376907822258,276.700869451803,321,61.896156297185
-43.7182424661696,3.78246079911994,276.709412333496,321.5,61.8753835580269
23.0672062016172,3.90807865878508,276.706546499641,322,61.8863439496278
-21.9377850666327,3.82307386166316,276.708744937867,322.5,61.875920202899
26.0074696186657,3.91374650135628,276.705691695198,323,61.8882776617555
-0.442611550180919,3.86411396027607,276.703921378888,323.5,61.8880673547129
-9.86486948017659,3.84623157935852,276.703725557785,324,61.8833800583126
8.84781107170946,3.88174337777666,276.701219131676,324.5,61.8875840990321
-60.3379758662653,3.75241499632747,276.716235626589,325,61.8589144873713
-31.0967951770559,3.80536321711632,276.721635353072,325.5,61.844138833584
2.04244393565137,3.86788550815319,276.719960813357,326,61.8451093015792
-6.24912294910343,3.85221636938279,276.719167769377,326.5,61.8421400284872
-5.94425591758969,3.85279626581886,276.71838124348,327,61.8393156130784
-9.36440960371726,3.84628533352346,276.718165637608,327.5,61.8348661103744
-35.0688854754734,3.79765938821775,276.72422581261,328,61.8182031164054
-4.80770475159161,3.85451435635029,276.723529004446,328.5,61.8159187337057
-16.8915372414112,3.83154983649329,276.72481384225,329,61.8078927135067
11.6420099920403,3.88570094536485,276.722101489902,329.5,61.8134244188818
-9.74132973871501,3.84526172601563,276.721835664454,330,61.8087958224356
35.8507468579787,3.93131676276679,276.718931654746,330.5,61.825830318131
-41.6120940003312,3.78579591588706,276.726699185789,331,61.8060583161994
-25.1413181990638,3.81605814365557,276.730229134235,331.5,61.7941124095119
-4.61315198963255,3.85476748158773,276.72938470251,332,61.7919204686293
-20.1363289772072,3.82528037621645,276.731370934689,332.5,61.782352684431
-16.7832045127258,3.83144470859517,276.732745344181,333,61.7743781385684
-8.30520911572509,3.8474310147462,276.732441241771,333.5,61.7704319153699
19.5005886275114,3.90022795161709,276.729255140773,334,61.7796976273048
-8.88914461387091,3.84666042079939,276.728770614831,334.5,61.7754739469374
-43.0514119258118,3.78229486009921,276.737424929768,335,61.7550180525584
-28.528239120918,3.80885484575538,276.741961210988,335.5,61.741462849136
-13.4001102221541,3.83720677382812,276.742741275745,336,61.735095781783
-0.0699336620713105,3.86252672477622,276.741152211806,336.5,61.7350625527775
-9.05465364326536,3.84550762548635,276.740849263169,337,61.7307602307332
24.6918850702318,3.9094956933352,276.737553407045,337.5,61.7424925891025
19.2306299358546,3.89963106670006,276.734183494617,338,61.7516300300646
0.504624611782415,3.86445031066152,276.732276176985,338.5,61.7518698026365
12.3438089342414,3.88700097045878,276.729378843129,339,61.7577349680398
15.2283411196282,3.89267793536636,276.726267908416,339.5,61.7649707199833
-16.5589535552937,3.8325661694858,276.727213746373,340,61.7571027270464
-14.1520583983283,3.83694698491038,276.727909571101,340.5,61.750378371238
-41.8105422103356,3.78484121661257,276.736079372092,341,61.7305120765656
-4.24868859156607,3.85512757669696,276.735317791318,341.5,61.7284933106021
5.12649074788916,3.87299200658698,276.733036742328,342,61.7309291645865
20.6965829158472,3.90260050502291,276.729756546893,342.5,61.740763153652
-8.52226801352255,3.84751830442899,276.729159664797,343,61.7367137948376
-17.2615238875703,3.83085644985552,276.730439831914,343.5,61.7285119753462
-22.7041144457464,3.82037193216519,276.733067856976,344,61.717724106928
14.9147725032799,3.89156110497232,276.730191084264,344.5,61.7248108666269
-5.31694293119488,3.8534096114669,276.729117940934,345,61.7222845192168
31.4969211183631,3.92293295675772,276.72601815275,345.5,61.7372502929937
23.2743128898738,3.90802994567643,276.722653550445,346,61.7483090914146
-13.2653484332697,3.83914545270273,276.7228584156,346.5,61.7420060561757
-39.5406162437617,3.78959839874213,276.73012097889,347,61.72321831767
32.8395757866232,3.92560470105854,276.727361259582,347.5,61.7388220543117
-15.4651193621619,3.83483185799564,276.727961465092,348,61.7314737970983
-35.5025547906069,3.79693856709937,276.733992202128,348.5,61.714604744993
-23.2782613017278,3.81942160996709,276.736902329664,349,61.7035440704829
17.7623272948729,3.89703366041568,276.733900895993,349.5,61.7119838468994
2.53015055718808,3.86848159039561,276.731750092396,350,61.7131860488771
-23.7220386039653,3.81874968342801,276.734407413903,350.5,61.7019145134168
16.4646166603941,3.89471341710702,276.731474162103,351,61.709737682143
4.66623760521501,3.87264637577297,276.729107534255,351.5,61.7119548466756
4.54044544527929,3.87251877968908,276.726826116047,352,61.7141122410166
0.331930792943389,3.86462953745832,276.725015953619,352.5,61.7142699580563
3.23962913878255,3.8702015127155,276.72290530347,353,61.7158092690457
-65.0143841668789,3.74320593736425,276.739854848699,353.5,61.6849176602426
12.6708955382679,3.88733618392038,276.737524770828,354,61.6909382409675
-1.72120366361994,3.86026206443076,276.735919034033,354.5,61.690120410407
-20.1287629275206,3.82534993980588,276.737754512683,355,61.68055622122
-5.27440155455769,3.85332789914079,276.736901670623,355.5,61.6780500873608
-34.8315053266867,3.79747667168594,276.742726127869,356,61.6614998846578
-24.9741985827255,3.81554478585024,276.746105728112,356.5,61.6496333849181
-6.49664260737292,3.85032808170933,276.745517745579,357,61.6465465027684
-2.97964419752291,3.85702178974756,276.744230640533,357.5,61.6451307237204
17.7177776179188,3.89632819645146,276.74104875505,358,61.6535493323414
-30.8119146310297,3.80468303642792,276.745537574626,358.5,61.6389090396515
47.7691507564774,3.95206137356902,276.743743411357,359,61.6616065693895
-24.7908399557689,3.81640569458737,276.746403844765,359.5,61.6498271925696
28.6341126922619,3.91718184957428,276.743332236159,360,61.6634327018588
-29.3612951422982,3.80797885526159,276.74724572505,360.5,61.6494816715582
0.755344800085053,3.86465441421367,276.74561021045,361,61.6498405739207
-17.6548633042334,3.82975478705323,276.746850653125,361.5,61.6414518590593
-7.71118666775566,3.84844161667595,276.746341268291,362,61.6377878858478
-10.5524889460401,3.84299938573733,276.746250147219,362.5,61.6327738668027
0.558959115876061,3.86404612404358,276.744490538337,363,61.6330394564343
-33.1512161678821,3.80032932727934,276.749737817902,363.5,61.6172876437497
-6.05394644099784,3.85115047143919,276.749122268611,364,61.614411108848
-32.5673302176911,3.80100125329317,276.754310168027,364.5,61.5989367297896
-12.8839479015385,3.8377829826401,276.754927838907,365,61.5928149171551
-1.2884397041915,3.85975458330151,276.753437973619,365.5,61.5922027145508
-7.84318177583059,3.84734939575564,276.752858762177,366,61.5884760238146
24.3080928483754,3.90823134566515,276.749552891628,366.5,61.600026023167
-2.24160036787387,3.85838913195662,276.747938054715,367,61.598960925919
47.798127557437,3.9520675169909,276.745998363339,367.5,61.6216722239947
29.554900215309,3.91912431742087,276.742641599044,368,61.6357152458178
-1.33687465604976,3.8612708824596,276.740861360056,368.5,61.635080029328
-23.378280418997,3.81950275634149,276.743332293579,369,61.6239718306971
-12.1276045923504,3.8404845320944,276.743605017549,369.5,61.6182093948671
-12.8969165882297,3.83889866056095,276.743941484481,370,61.6120814201564
20.2853100417013,3.9016558730746,276.740800990631,370.5,61.6217199927629
-33.1373230376518,3.80095562608042,276.745787519463,371,61.6059747814042
38.2745346226337,3.935079724999,276.74326156287,371.5,61.624160940757
-24.8390087801961,3.81668879043426,276.745882842865,372,61.6123586765023
4.40081954354281,3.87179488075991,276.743792170955,372.5,61.6144497275442
14.6796378465776,3.89135775011588,276.740734485934,373,61.6214247629235
-20.3587494421523,3.82517008137386,276.742404209469,373.5,61.6117512955586
29.4755239960618,3.91911134260657,276.73938971833,374,61.6257566017416
-14.4876126558512,3.83647761975472,276.739730525128,374.5,61.618872807203
-2.28385590248769,3.85946322538308,276.738343072484,375,61.617787632222
8.23959472459307,3.87943448269282,276.73575190323,375.5,61.6217026787181
-19.1640522312807,3.82760344815308,276.737189620127,376,61.612596872177
32.9059447690847,3.92566785684951,276.734323028315,376.5,61.6282321440653
10.8497426245697,3.88476582054035,276.731385648286,377,61.6333874033063
27.3744378946663,3.91599637787214,276.728232389928,377.5,61.6463943776472
-12.6738901915449,3.84070280653354,276.728210199068,378,61.6403723740118
-15.6074387762427,3.83497726404903,276.729009116261,378.5,61.6329564936759
0.114767361167978,3.86460097534711,276.727339812257,379,61.6330110254302
17.1883958938695,3.89693794391473,276.724287787022,379.5,61.6411780981282
11.0078294651079,3.88552093436895,276.721443261782,380,61.6464084723902
-3.04047401150257,3.85905116907367,276.719999407684,380.5,61.6449637900334
-8.3656307120649,3.84891444793938,276.719432399034,381,61.6409888574911
-12.9557352387192,3.84011205890182,276.719709598994,381.5,61.6348329350767
-8.9819366384203,3.84748939347427,276.719335482471,382,61.6305651645443
22.2178658703008,3.90643049907609,276.71626983439,382.5,61.6411219917711
-6.74576341250943,3.85196719401611,276.715312055388,383,61.6379167397782
8.80009066198084,3.88137920330922,276.712776393972,383.5,61.6420981061272
-36.980962779427,3.79511419397787,276.718853948357,384,61.6245265879166
-36.0867897087914,3.79626301161817,276.725130355365,384.5,61.6073799363728
-21.6276233350072,3.82289991173786,276.727558682796,385,61.5971035631061
26.6469334136483,3.91396944797982,276.724518639023,385.5,61.6097648634224
34.1974734856047,3.92841953076458,276.721509109325,386,61.6260138056604
4.31131604928139,3.87275968167048,276.719118103479,386.5,61.6280623290838
0.904619525357436,3.866371378625,276.71723351408,387,61.6284921593875
15.4510464851254,3.89393537953622,276.714274410296,387.5,61.6358337298681
-12.074638852398,3.84200388051918,276.714229184392,388,61.6300964607292
-22.3263876423078,3.8224712117823,276.716501434011,388.5,61.6194880693421
-12.426670664881,3.84090025128889,276.716819901648,389,61.6135835321566
14.3177503441693,3.89146931895989,276.713979225554,389.5,61.6203866165547
9.81553304564272,3.88318449721912,276.71124157384,390,61.6250504707298
18.3691049256839,3.89948261928771,276.708156933907,390.5,61.6337785577631
-32.0295609416416,3.80451185732404,276.712697958624,391,61.6185596999762
7.86331684321405,3.87949173882519,276.710439849453,391.5,61.622295957897
-19.4090051642832,3.82792771271931,276.711931459577,392,61.6130737618788
-26.6052173230315,3.8141266459935,276.715364969852,392.5,61.6004322829785
-12.7832150880363,3.83989394093989,276.715821899555,393,61.5943583335778
-44.0670519456584,3.78114834838713,276.72454214838,393.5,61.5734198574659
-20.7785209304367,3.8240710833413,276.726909102167,394,61.5635469355223
-37.5032211583841,3.79248087265707,276.733666519716,394.5,61.5457272660487
-45.9607517795699,3.77636939016058,276.743538221213,395,61.5238889977568
-19.3414248454395,3.8255659330441,276.745706168582,395.5,61.5146989125522
12.2639418683971,3.88543580774457,276.742927298655,396,61.5205261290895
-58.0909675583493,3.75381666680118,276.757110434944,396.5,61.4929241842614
14.2555450082282,3.88876723147089,276.754567189339,397,61.4996977117709
-17.3039657108899,3.8291289591803,276.75572286138,397.5,61.4914757260314
-16.197608772143,3.83107917782339,276.756875033324,398,61.4837794262026
-14.2050455532981,3.8347326243456,276.757609867903,398.5,61.4770298935278
1.12231188372747,3.86378575932624,276.755815984247,399,61.4775631604366
-31.9560732332105,3.80123839351508,276.760808228753,399.5,61.4623792203616
-14.3646737611276,3.83408965643577,276.761734404828,400,61.4555538402846
-18.6841530832608,3.82579770437399,276.763440230277,400.5,61.4466760580021
11.8669205825667,3.88370544302868,276.760634594879,401,61.4523146297279
-35.241670271437,3.79475001838185,276.766557483483,401.5,61.4355695369989
24.9852362487601,3.90829551181498,276.763415127184,402,61.4474412812896
-13.2188272760316,3.83633609656195,276.763638294792,402.5,61.4411603505959
8.17557327653561,3.87690529558252,276.761071629894,403,61.4450449772771
-12.0059583644049,3.83873542921742,276.761143894028,403.5,61.4393403416976
-27.5070041855102,3.80931696986501,276.764948374791,404,61.4262703784344
-38.9441679681491,3.78760778777517,276.772382334447,404.5,61.4077660425485
20.5888559379575,3.89974799086135,276.76931937714,405,61.4175488451004
-16.0564972726826,3.83059482542097,276.770152019784,405.5,61.4099195944531
16.8479743546333,3.89293285858042,276.767027659574,406,61.4179249157301
-7.08992585493063,3.84781470719506,276.766165263691,406.5,61.4145561348248
-12.7404767323935,3.83705005068956,276.766478908911,407,61.4085024925697
18.0065444696136,3.89529710038823,276.76330018892,407.5,61.4170583088676
-14.9680862223634,3.83305051276542,276.763872468968,408,61.4099462171353
-15.8248141548364,3.83128078539729,276.764865240068,408.5,61.4024270508075
-25.2507620642023,3.81330548473607,276.768097514818,409,61.3904291418268
17.6869272220476,3.89446520466033,276.765024502314,409.5,61.3988330918707
-14.0364907697191,3.83458426945536,276.765423504807,410,61.392163648064
-31.6060286196357,3.80129699830788,276.770381580631,410.5,61.3771460318173
11.0533445633742,3.88177388795272,276.767730767085,411,61.3823980325952
-10.641123451778,3.84078574464624,276.767527037189,411.5,61.3773418988317
-22.4138307691013,3.81839639678044,276.770007280603,412,61.3666919588104
3.14797336305094,3.86670755075936,276.768012236954,412.5,61.368187719524
-11.7187068497624,3.8385626152421,276.76806916333,413,61.3626195716084
-50.535283460041,3.76585450541972,276.77945764573,413.5,61.3386077128881
-18.4523784122694,3.82506574058291,276.781480181315,414,61.3298400584267
-12.2972945732646,3.83660319708869,276.781872825579,414.5,61.3239969943392
-21.5345969523973,3.81901128538199,276.784247814616,415,61.3137648225928
-29.9460104937658,3.80294354950583,276.788964359485,415.5,61.2995359645756
9.13452314215969,3.87682233422053,276.786421242379,416,61.3038762366419
-5.83506398937431,3.8485792863711,276.785431700139,416.5,61.3011037038184
-19.1357424845397,3.82331605824164,276.787168930009,417,61.292011348664
18.7442195317013,3.89508460465228,276.783937342411,417.5,61.3009176715419
-15.8282589719819,3.82979201963762,276.784739287228,418,61.2933968684079
-18.0109895503422,3.82551409756308,276.78627743915,418.5,61.2848389400283
-2.11428620360145,3.8555836510999,276.784911456301,419,61.2838343361527
-26.9557634276418,3.80851234981581,276.788567693774,419.5,61.2710262951405
-18.1203875726883,3.82492556466502,276.790268001936,420,61.2624163862499
-28.464199678583,3.80522120748173,276.794533388162,420.5,61.2488916111923
-10.694757520268,3.83859297219879,276.794728006483,421,61.2438099931812
9.86402051893543,3.87768240795538,276.791940944957,421.5,61.2484968861973
-11.9489494724258,3.83642040045665,276.792034100349,422,61.242819338414
-38.4104976224976,3.78645564367093,276.799261243148,422.5,61.2245685761913
-3.96102183183695,3.85112425340295,276.798384476753,423,61.2226864951956
-5.49038870081824,3.84826991921778,276.797434073078,423.5,61.2200777349636
-47.4390998162799,3.76939029053122,276.807837372754,424,61.1975370290525
-29.5384745718112,3.80210830125906,276.812813183619,424.5,61.1835018118801
22.1081339788165,3.89983986731272,276.809481960264,425,61.1940064999579
-14.892737977199,3.82999859583324,276.810116076782,425.5,61.1869302099723
-7.41971846729049,3.84412111567675,276.809564043297,426,61.1834047279845
-18.6734193518005,3.82272325104823,276.811237695466,426.5,61.1745320458385
-6.63615814873759,3.8454682286697,276.810588911179,427,61.1713788728275
1.81066523407727,3.86157793281224,276.808582574225,427.5,61.1722392110865
-17.8778317567751,3.82423638401749,276.809985959326,428,61.163744552682
-26.2377863911876,3.80826032919829,276.813652010673,428.5,61.1512776587255
0.720541431742941,3.85923001298004,276.81195765863,429,61.1516200242546
26.1341656579108,3.90741198238522,276.808357039119,429.5,61.1640376827812
-32.3381876201388,3.79715105911823,276.81335579196,430,61.1486721809132
-19.3501710318757,3.82126162768345,276.815384961939,430.5,61.1394779399548
5.74962312160647,3.8688482565937,276.813012950887,431,61.1422098755182
-3.08309829691158,3.85221751604608,276.811573543914,431.5,61.1407449402164
-43.5623207844526,3.77594665359911,276.820482626418,432,61.1200462873034
-2.21954278863057,3.85340364818631,276.819361036362,432.5,61.1189916707223
-23.2370801954865,3.81353141362685,276.822101230705,433,61.1079505634301
-16.4537581855223,3.82616821623974,276.82341605807,433.5,61.1001325541123
-51.6479773106786,3.76025295267514,276.835649959762,434,61.0755919984953
-3.8185133325595,3.84950371276663,276.834893382136,434.5,61.073777630466
-37.7688008795859,3.785316709899,276.842032192243,435,61.0558317706892
1.10051452158491,3.85856917143624,276.840390941381,435.5,61.0563546805732
-4.59675099895809,3.84785617850369,276.839237820012,436,61.0541705326274
21.9592132371007,3.89830532779885,276.835630778822,436.5,61.0646044609593
-21.5719138163198,3.81605968708814,276.837766538557,437,61.0543545580911
10.5819777935289,3.87701623769942,276.834912670433,437.5,61.0593825887731
-32.4214995984075,3.79566933832899,276.840088721515,438,61.0439775011876
-35.3479063512022,3.78980895450071,276.846612226664,438.5,61.0271819303459
9.79257238498566,3.87505252862323,276.843945145412,439,61.0318348747545
-19.2460490978961,3.82004171615664,276.845614268457,439.5,61.0226901073718
-38.6199044744708,3.78341404479595,276.853099518218,440,61.0043398454056
34.2315657479886,3.92064592625779,276.849795992825,440.5,61.0206049865948
-24.1428707399206,3.81080179121482,276.85250287778,441,61.0091334925886
-28.0578376439522,3.80316316318084,276.85672111766,441.5,60.9958018006029
13.1982983774857,3.88126651947901,276.853683546949,442,61.0020729769828
-23.3006071704449,3.81217365009038,276.856296499825,442.5,60.9910016848248
-37.2549964470337,3.78571135830127,276.863338735735,443,60.9732999594151
40.9884979529534,3.9328522127532,276.860343313585,443.5,60.9927756594531
-10.7754004222279,3.83602527213518,276.859952303906,444,60.9876557239372
-5.04469190347579,3.84687563987874,276.858856073976,444.5,60.9852587367042
-16.6443936680188,3.82483453106622,276.859951248165,445,60.977350146866
-43.3906168852392,3.77447421526793,276.86895732199,445.5,60.9567330791245
-56.6559050753849,3.74962018996449,276.883584677914,446,60.9298130047685
23.4828248546844,3.89970763945694,276.880304127312,446.5,60.940970877727
-11.5627907574171,3.83364288411163,276.880173590366,447,60.9354768134006
3.02507531908203,3.86138763366414,276.877920690565,447.5,60.9369141790629
25.6471521787958,3.90428736694251,276.87410780624,448,60.9491004329539
-54.5720152422433,3.75388588397056,276.886997029127,448.5,60.9231705196268
-22.3502625683243,3.81305244000498,276.889986975157,449,60.9125507840597
-9.67822992158873,3.83693529137455,276.889817176927,449.5,60.907952169515
-4.71591497414384,3.84637800651185,276.888647749556,450,60.9057114007621
6.78745632360103,3.86832632782005,276.88589099763,450.5,60.9089364631572
-22.9340904462476,3.81201306815088,276.888397258931,451,60.898039321557
-13.7099834009624,3.82929088091297,276.889014707793,451.5,60.8915250178479
-39.2400571509316,3.78108546077117,276.896605424349,452,60.8728800901069
-26.4990506320478,3.80450835405023,276.900584103321,452.5,60.8602890563493
18.0618230493241,3.88893721751101,276.897131711087,453,60.8688711382848
0.379047154421835,3.85575264554076,276.894982040718,453.5,60.8690512426811
-0.971974762822057,3.85329189589911,276.893130103638,454,60.8685894085113
-54.9999515245482,3.75204573561646,276.906504538049,454.5,60.8424561611006
-27.8688811434175,3.80160271278156,276.911050685715,455,60.8292142518663
-50.8953628203902,3.75847933927431,276.92326760783,455.5,60.8050313013041
9.37657951017699,3.8716068522804,276.92066113503,456,60.8094865865437
-19.6946740589699,3.81650864672953,276.9224370661,456.5,60.800128654844
-9.16345906456561,3.83641434541144,276.922146941459,457,60.7957746338634
-8.8018922586428,3.83711357425017,276.921687451462,457.5,60.7915924114849
-42.039231170523,3.77438641268064,276.930333542717,458,60.771617455168
3.80771041136099,3.86071449258437,276.928221664585,458.5,60.7734266901854
-80.4713258802547,3.70504229914845,276.954047595546,459,60.7351907097817
4.05182519010113,3.86038707154794,276.9523864175,459.5,60.7371159360269
-10.5621913253122,3.83272085032873,276.952187459321,460,60.7320973068927
3.12255947067306,3.85884304556593,276.949819041875,460.5,60.7335809921858
8.93737615482415,3.87009139087313,276.94667459706,461,60.7378275897878
-59.9398474727257,3.74105727460191,276.962313281648,461.5,60.7093471489812
-22.9934504220275,3.80879621194919,276.96565111581,462,60.6984218024664
-37.0313867811998,3.78216521786399,276.972835787886,462.5,60.6808263252726
8.62535777351442,3.86853781444117,276.970056110041,463,60.6849246672247
-54.8399038690752,3.7492166858463,276.98369837052,463.5,60.6588674665171
12.6279251677183,3.87580847309787,276.980723804829,464,60.6648676298544
-40.5105354908809,3.77531920782063,276.988771991846,464.5,60.6456190338579
-27.4275741519274,3.79942346864981,276.993149380701,465,60.6325868118046
-39.2673725755351,3.77693129655846,277.001229309256,465.5,60.6139289051295
6.22686741668535,3.86297222792128,276.998702916231,466,60.6168876034971
-31.2438163915307,3.79187482673397,277.00378035235,466.5,60.6020420925251
-14.4675859771699,3.82342672230509,277.004712461693,467,60.5951678136704
-10.6525023938971,3.83067888839945,277.004646955158,467.5,60.5901062731984
-26.7244482345096,3.80010702861602,277.008506583504,468,60.5774081416861
-18.3324761184631,3.81582171403365,277.010296292404,468.5,60.5686974588441
29.0449917167598,3.90571432552566,277.006175900325,469,60.5824981974546
-30.1379275495147,3.79397131741606,277.0106430369,469.5,60.568178149977
3.92888402081071,3.85851259481578,277.008234874336,470,60.5700449606799
-24.0734835569831,3.80535058497942,277.011117726876,470.5,60.5586064360195
10.6684486042323,3.87133140377664,277.007900675349,471,60.5636755533393
8.59871670863462,3.86767533006341,277.004605062108,471.5,60.5677612367796
5.68795750523616,3.86237629892746,277.001634850314,472,60.5704638719025
5.66819313962766,3.86252541057318,276.998684933925,472.5,60.5731571159797
-37.9457511677952,3.78007715956361,277.005609641409,473,60.5551271782077
-19.5135587261621,3.81433073373675,277.007618986599,473.5,60.5458553035256
-10.7199373890684,3.83091197596227,277.007480966782,474,60.5407617212906
-6.02211032893049,3.8398469478205,277.00637010406,474.5,60.5379003133293
-12.5262863063719,3.8274908223855,277.006473654623,475,60.5319484437348
-24.800455156077,3.8041262787184,277.009612269317,475.5,60.5201644982489
-16.3991124696769,3.81983401848849,277.010766812703,476,60.5123724538633
-37.7434341085728,3.77944786207911,277.017972699342,476.5,60.4944386471171
-12.7785467731521,3.82622066362543,277.01849687209,477,60.488366915868
-43.1238653618946,3.76896573467407,277.027652029331,477.5,60.4678765952119
55.3646717485656,3.953181815155,277.025418389014,478,60.4941831395726
-27.4498956413169,3.79885527439939,277.02882651466,478.5,60.4811403114554
-21.7615380368083,3.809323882786,277.031267674717,479,60.4708003085683
-35.0988962766959,3.78398617551943,277.037610004132,479.5,60.454123054956
27.2746731014186,3.90181057279068,277.033599743023,480,60.4670826260183
0.349259310130767,3.85140777770367,277.03114340202,480.5,60.4672485767093
16.672588324866,3.88248980264219,277.027212459002,481,60.4751705632492
20.8928812148615,3.89074950931949,277.023002590717,481.5,60.4850978235244
-49.4978366450531,3.75849406217426,277.033861491646,482,60.4615789080439
-10.7527084400026,3.83049582777491,277.033938288701,482.5,60.4564697546318
-12.5253209114758,3.82708619555532,277.033989709017,483,60.450518343745
-9.10630962291258,3.83353175152242,277.033370561246,483.5,60.4461914773428
20.3449316426815,3.88938961980659,277.029327034132,484,60.4558583791751
19.6475746951164,3.88844122290287,277.025142399304,484.5,60.4651939315946
-1.28929811217717,3.8491511222607,277.022918977378,485,60.4645813211174
15.4790868885407,3.88098722803006,277.019104983393,485.5,60.4719362150061
0.931527955007349,3.85371771667357,277.016593202,486,60.4723788308602
-16.6953677875088,3.82031702728804,277.017340378788,486.5,60.4644460206502
-24.8413760041371,3.80474475354492,277.020269885259,487,60.4526426316082
-28.9977740886818,3.79663759109205,277.024486028764,487.5,60.4388643284713
-65.7526263842385,3.7288755761856,277.042850584231,488,60.4076219436042
-9.04276154736245,3.83326745234797,277.042827149161,488.5,60.4033252720938
-9.48094975017923,3.83244366301707,277.042259935337,489,60.3988203952958
-21.216560732866,3.81013614835082,277.0443297158,489.5,60.3887393385773
7.34966651293704,3.86429572927317,277.041317177872,490,60.3922315353529
6.54170493139124,3.86297846954494,277.038160948359,490.5,60.3953398288826
-19.7947629730594,3.81310524215975,277.039683872068,491,60.3859343398981
-9.31822469914254,3.8328321758739,277.039143228636,491.5,60.3815067819687
-13.9571949593147,3.82398798406198,277.039461354589,492,60.3748750155958
-15.118584667994,3.8216937694862,277.040082231732,492.5,60.3676914144711
-7.99843453646687,3.83513865662802,277.039262456844,493,60.3638909553281
7.3993642146677,3.8644291578134,277.036132964832,493.5,60.367406765985
-14.6549029271597,3.82269608479593,277.03645794099,494,60.3604434834119
-0.52021848759177,3.84948264690018,277.034380112461,494.5,60.3601963014042
-19.3626441369463,3.81375623679788,277.035851989707,495,60.3509961338453
-13.2127306656558,3.82525610507892,277.036100465646,495.5,60.3447180999583
-33.7335075022467,3.78640684055899,277.041751537218,496,60.3286896113296
4.05857967794921,3.85768479578142,277.039250734001,496.5,60.3306180469722
-7.19127933341872,3.83644811063951,277.038129177729,497,60.3272011079239
-14.6684008847246,3.82223178791572,277.038594246874,497.5,60.3202314117912
-8.24622380775622,3.83435113211439,277.037820896004,498,60.3163132154838
-40.2190141579843,3.77402348494737,277.045611640396,498.5,60.297203135957
-3.16800542812339,3.84356492601634,277.044226854829,499,60.2956978570003
-0.923133752556327,3.84792115550217,277.042131953102,499.5,60.2952592296546
-17.3241613439162,3.81681347526304,277.043167171307,500,60.2870276479525
